1 1 1 1 1 5 97 81 11 12 13 121 122 123 124 125 126 94 95 96 127 131 128 132 129 133 130 134 135
2 1 1 1 81 97 98 80 126 125 124 136 137 138 139 140 141 91 92 93 142 146 143 147 144 148 145 149 150
3 1 1 1 80 98 99 79 141 140 139 151 152 153 154 155 156 88 89 90 157 161 158 162 159 163 160 164 165
4 1 1 1 79 99 100 78 156 155 154 166 167 168 169 170 171 85 86 87 172 176 173 177 174 178 175 179 180
5 1 1 1 78 100 56 4 171 170 169 181 182 183 75 76 77 82 83 84 184 188 185 189 186 190 187 191 192
6 1 1 1 5 6 101 97 14 15 16 193 194 195 196 197 198 123 122 121 199 203 200 204 201 205 202 206 207
7 1 1 1 97 101 102 98 198 197 196 208 209 210 211 212 213 138 137 136 214 218 215 219 216 220 217 221 222
8 1 1 1 98 102 103 99 213 212 211 223 224 225 226 227 228 153 152 151 229 233 230 234 231 235 232 236 237
9 1 1 1 99 103 104 100 228 227 226 238 239 240 241 242 243 168 167 166 244 248 245 249 246 250 247 251 252
10 1 1 1 100 104 55 56 243 242 241 253 254 255 72 73 74 183 182 181 256 260 257 261 258 262 259 263 264
11 1 1 1 6 7 105 101 17 18 19 265 266 267 268 269 270 195 194 193 271 275 272 276 273 277 274 278 279
12 1 1 1 101 105 106 102 270 269 268 280 281 282 283 284 285 210 209 208 286 290 287 291 288 292 289 293 294
13 1 1 1 102 106 107 103 285 284 283 295 296 297 298 299 300 225 224 223 301 305 302 306 303 307 304 308 309
14 1 1 1 103 107 108 104 300 299 298 310 311 312 313 314 315 240 239 238 316 320 317 321 318 322 319 323 324
15 1 1 1 104 108 54 55 315 314 313 325 326 327 69 70 71 255 254 253 328 332 329 333 330 334 331 335 336
16 1 1 1 7 8 109 105 20 21 22 337 338 339 340 341 342 267 266 265 343 347 344 348 345 349 346 350 351
17 1 1 1 105 109 110 106 342 341 340 352 353 354 355 356 357 282 281 280 358 362 359 363 360 364 361 365 366
18 1 1 1 106 110 111 107 357 356 355 367 368 369 370 371 372 297 296 295 373 377 374 378 375 379 376 380 381
19 1 1 1 107 111 112 108 372 371 370 382 383 384 385 386 387 312 311 310 388 392 389 393 390 394 391 395 396
20 1 1 1 108 112 53 54 387 386 385 397 398 399 66 67 68 327 326 325 400 404 401 405 402 406 403 407 408
21 1 1 1 8 9 113 109 23 24 25 409 410 411 412 413 414 339 338 337 415 419 416 420 417 421 418 422 423
22 1 1 1 109 113 114 110 414 413 412 424 425 426 427 428 429 354 353 352 430 434 431 435 432 436 433 437 438
23 1 1 1 110 114 115 111 429 428 427 439 440 441 442 443 444 369 368 367 445 449 446 450 447 451 448 452 453
24 1 1 1 111 115 116 112 444 443 442 454 455 456 457 458 459 384 383 382 460 464 461 465 462 466 463 467 468
25 1 1 1 112 116 52 53 459 458 457 469 470 471 63 64 65 399 398 397 472 476 473 477 474 478 475 479 480
26 1 1 1 9 10 117 113 26 27 28 481 482 483 484 485 486 411 410 409 487 491 488 492 489 493 490 494 495
27 1 1 1 113 117 118 114 486 485 484 496 497 498 499 500 501 426 425 424 502 506 503 507 504 508 505 509 510
28 1 1 1 114 118 119 115 501 500 499 511 512 513 514 515 516 441 440 439 517 521 518 522 519 523 520 524 525
29 1 1 1 115 119 120 116 516 515 514 526 527 528 529 530 531 456 455 454 532 536 533 537 534 538 535 539 540
30 1 1 1 116 120 51 52 531 530 529 541 542 543 60 61 62 471 470 469 544 548 545 549 546 550 547 551 552
31 1 1 1 10 2 32 117 29 30 31 36 37 38 553 554 555 483 482 481 556 560 557 561 558 562 559 563 564
32 1 1 1 117 32 33 118 555 554 553 39 40 41 565 566 567 498 497 496 568 572 569 573 570 574 571 575 576
33 1 1 1 118 33 34 119 567 566 565 42 43 44 577 578 579 513 512 511 580 584 581 585 582 586 583 587 588
34 1 1 1 119 34 35 120 579 578 577 45 46 47 589 590 591 528 527 526 592 596 593 597 594 598 595 599 600
35 1 1 1 120 35 3 51 591 590 589 48 49 50 57 58 59 543 542 541 601 605 602 606 603 607 604 608 609
