1 1 1 1 1 5 25 24
2 1 1 1 24 25 26 23
3 1 1 1 23 26 27 22
4 1 1 1 22 27 28 21
5 1 1 1 21 28 20 4
6 1 1 1 5 6 29 25
7 1 1 1 25 29 30 26
8 1 1 1 26 30 31 27
9 1 1 1 27 31 32 28
10 1 1 1 28 32 19 20
11 1 1 1 6 7 33 29
12 1 1 1 29 33 34 30
13 1 1 1 30 34 35 31
14 1 1 1 31 35 36 32
15 1 1 1 32 36 18 19
16 1 1 1 7 8 37 33
17 1 1 1 33 37 38 34
18 1 1 1 34 38 39 35
19 1 1 1 35 39 40 36
20 1 1 1 36 40 17 18
21 1 1 1 8 9 41 37
22 1 1 1 37 41 42 38
23 1 1 1 38 42 43 39
24 1 1 1 39 43 44 40
25 1 1 1 40 44 16 17
26 1 1 1 9 10 45 41
27 1 1 1 41 45 46 42
28 1 1 1 42 46 47 43
29 1 1 1 43 47 48 44
30 1 1 1 44 48 15 16
31 1 1 1 10 2 11 45
32 1 1 1 45 11 12 46
33 1 1 1 46 12 13 47
34 1 1 1 47 13 14 48
35 1 1 1 48 14 3 15
