1 1 1 1 1 5 121 100 11 12 13 14 145 146 147 148 149 150 151 152 117 118 119 120 153 157 158 154 159 160 155 161 162 156 163 164 165 166 167 168
2 1 1 1 100 121 122 99 152 151 150 149 169 170 171 172 173 174 175 176 113 114 115 116 177 181 182 178 183 184 179 185 186 180 187 188 189 190 191 192
3 1 1 1 99 122 123 98 176 175 174 173 193 194 195 196 197 198 199 200 109 110 111 112 201 205 206 202 207 208 203 209 210 204 211 212 213 214 215 216
4 1 1 1 98 123 124 97 200 199 198 197 217 218 219 220 221 222 223 224 105 106 107 108 225 229 230 226 231 232 227 233 234 228 235 236 237 238 239 240
5 1 1 1 97 124 68 4 224 223 222 221 241 242 243 244 93 94 95 96 101 102 103 104 245 249 250 246 251 252 247 253 254 248 255 256 257 258 259 260
6 1 1 1 5 6 125 121 15 16 17 18 261 262 263 264 265 266 267 268 148 147 146 145 269 273 274 270 275 276 271 277 278 272 279 280 281 282 283 284
7 1 1 1 121 125 126 122 268 267 266 265 285 286 287 288 289 290 291 292 172 171 170 169 293 297 298 294 299 300 295 301 302 296 303 304 305 306 307 308
8 1 1 1 122 126 127 123 292 291 290 289 309 310 311 312 313 314 315 316 196 195 194 193 317 321 322 318 323 324 319 325 326 320 327 328 329 330 331 332
9 1 1 1 123 127 128 124 316 315 314 313 333 334 335 336 337 338 339 340 220 219 218 217 341 345 346 342 347 348 343 349 350 344 351 352 353 354 355 356
10 1 1 1 124 128 67 68 340 339 338 337 357 358 359 360 89 90 91 92 244 243 242 241 361 365 366 362 367 368 363 369 370 364 371 372 373 374 375 376
11 1 1 1 6 7 129 125 19 20 21 22 377 378 379 380 381 382 383 384 264 263 262 261 385 389 390 386 391 392 387 393 394 388 395 396 397 398 399 400
12 1 1 1 125 129 130 126 384 383 382 381 401 402 403 404 405 406 407 408 288 287 286 285 409 413 414 410 415 416 411 417 418 412 419 420 421 422 423 424
13 1 1 1 126 130 131 127 408 407 406 405 425 426 427 428 429 430 431 432 312 311 310 309 433 437 438 434 439 440 435 441 442 436 443 444 445 446 447 448
14 1 1 1 127 131 132 128 432 431 430 429 449 450 451 452 453 454 455 456 336 335 334 333 457 461 462 458 463 464 459 465 466 460 467 468 469 470 471 472
15 1 1 1 128 132 66 67 456 455 454 453 473 474 475 476 85 86 87 88 360 359 358 357 477 481 482 478 483 484 479 485 486 480 487 488 489 490 491 492
16 1 1 1 7 8 133 129 23 24 25 26 493 494 495 496 497 498 499 500 380 379 378 377 501 505 506 502 507 508 503 509 510 504 511 512 513 514 515 516
17 1 1 1 129 133 134 130 500 499 498 497 517 518 519 520 521 522 523 524 404 403 402 401 525 529 530 526 531 532 527 533 534 528 535 536 537 538 539 540
18 1 1 1 130 134 135 131 524 523 522 521 541 542 543 544 545 546 547 548 428 427 426 425 549 553 554 550 555 556 551 557 558 552 559 560 561 562 563 564
19 1 1 1 131 135 136 132 548 547 546 545 565 566 567 568 569 570 571 572 452 451 450 449 573 577 578 574 579 580 575 581 582 576 583 584 585 586 587 588
20 1 1 1 132 136 65 66 572 571 570 569 589 590 591 592 81 82 83 84 476 475 474 473 593 597 598 594 599 600 595 601 602 596 603 604 605 606 607 608
21 1 1 1 8 9 137 133 27 28 29 30 609 610 611 612 613 614 615 616 496 495 494 493 617 621 622 618 623 624 619 625 626 620 627 628 629 630 631 632
22 1 1 1 133 137 138 134 616 615 614 613 633 634 635 636 637 638 639 640 520 519 518 517 641 645 646 642 647 648 643 649 650 644 651 652 653 654 655 656
23 1 1 1 134 138 139 135 640 639 638 637 657 658 659 660 661 662 663 664 544 543 542 541 665 669 670 666 671 672 667 673 674 668 675 676 677 678 679 680
24 1 1 1 135 139 140 136 664 663 662 661 681 682 683 684 685 686 687 688 568 567 566 565 689 693 694 690 695 696 691 697 698 692 699 700 701 702 703 704
25 1 1 1 136 140 64 65 688 687 686 685 705 706 707 708 77 78 79 80 592 591 590 589 709 713 714 710 715 716 711 717 718 712 719 720 721 722 723 724
26 1 1 1 9 10 141 137 31 32 33 34 725 726 727 728 729 730 731 732 612 611 610 609 733 737 738 734 739 740 735 741 742 736 743 744 745 746 747 748
27 1 1 1 137 141 142 138 732 731 730 729 749 750 751 752 753 754 755 756 636 635 634 633 757 761 762 758 763 764 759 765 766 760 767 768 769 770 771 772
28 1 1 1 138 142 143 139 756 755 754 753 773 774 775 776 777 778 779 780 660 659 658 657 781 785 786 782 787 788 783 789 790 784 791 792 793 794 795 796
29 1 1 1 139 143 144 140 780 779 778 777 797 798 799 800 801 802 803 804 684 683 682 681 805 809 810 806 811 812 807 813 814 808 815 816 817 818 819 820
30 1 1 1 140 144 63 64 804 803 802 801 821 822 823 824 73 74 75 76 708 707 706 705 825 829 830 826 831 832 827 833 834 828 835 836 837 838 839 840
31 1 1 1 10 2 39 141 35 36 37 38 43 44 45 46 841 842 843 844 728 727 726 725 845 849 850 846 851 852 847 853 854 848 855 856 857 858 859 860
32 1 1 1 141 39 40 142 844 843 842 841 47 48 49 50 861 862 863 864 752 751 750 749 865 869 870 866 871 872 867 873 874 868 875 876 877 878 879 880
33 1 1 1 142 40 41 143 864 863 862 861 51 52 53 54 881 882 883 884 776 775 774 773 885 889 890 886 891 892 887 893 894 888 895 896 897 898 899 900
34 1 1 1 143 41 42 144 884 883 882 881 55 56 57 58 901 902 903 904 800 799 798 797 905 909 910 906 911 912 907 913 914 908 915 916 917 918 919 920
35 1 1 1 144 42 3 63 904 903 902 901 59 60 61 62 69 70 71 72 824 823 822 821 921 925 926 922 927 928 923 929 930 924 931 932 933 934 935 936
