1 0 0 0
2 5 0 0
3 5 1 0
4 0 1 0
5 0.714285714285714 0 0
6 1.42857142857143 0 0
7 2.14285714285714 0 0
8 2.85714285714286 0 0
9 3.57142857142857 0 0
10 4.28571428571429 0 0
11 5 0.2 0
12 5 0.4 0
13 5 0.6 0
14 5 0.8 0
15 4.28571428571429 1 0
16 3.57142857142857 1 0
17 2.85714285714286 1 0
18 2.14285714285714 1 0
19 1.42857142857143 1 0
20 0.714285714285714 1 0
21 0 0.8 0
22 0 0.6 0
23 0 0.4 0
24 0 0.2 0
25 0.714285714285714 0.2 0
26 0.714285714285714 0.4 0
27 0.714285714285714 0.6 0
28 0.714285714285714 0.8 0
29 1.42857142857143 0.2 0
30 1.42857142857143 0.4 0
31 1.42857142857143 0.6 0
32 1.42857142857143 0.8 0
33 2.14285714285714 0.2 0
34 2.14285714285714 0.4 0
35 2.14285714285714 0.6 0
36 2.14285714285714 0.8 0
37 2.85714285714286 0.2 0
38 2.85714285714286 0.4 0
39 2.85714285714286 0.6 0
40 2.85714285714286 0.8 0
41 3.57142857142857 0.2 0
42 3.57142857142857 0.4 0
43 3.57142857142857 0.6 0
44 3.57142857142857 0.8 0
45 4.28571428571429 0.2 0
46 4.28571428571429 0.4 0
47 4.28571428571429 0.6 0
48 4.28571428571429 0.8 0
