0 0
5 0
5 1
0 1
0.125 0
0.25 0
0.375 0
0.5 0
0.625 0
0.75 0
0.875 0
1 0
1.125 0
1.25 0
1.375 0
1.5 0
1.625 0
1.75 0
1.875 0
2 0
2.125 0
2.25 0
2.375 0
2.5 0
2.625 0
2.75 0
2.875 0
3 0
3.125 0
3.25 0
3.375 0
3.5 0
3.625 0
3.75 0
3.875 0
4 0
4.125 0
4.25 0
4.375 0
4.5 0
4.625 0
4.75 0
4.875 0
5 0.25
5 0.5
5 0.75
4.875 1
4.75 1
4.625 1
4.5 1
4.375 1
4.25 1
4.125 1
4 1
3.875 1
3.75 1
3.625 1
3.5 1
3.375 1
3.25 1
3.125 1
3 1
2.875 1
2.75 1
2.625 1
2.5 1
2.375 1
2.25 1
2.125 1
2 1
1.875 1
1.75 1
1.625 1
1.5 1
1.375 1
1.25 1
1.125 1
1 1
0.875 1
0.75 1
0.625 1
0.5 1
0.375 1
0.25 1
0.125 1
0 0.75
0 0.5
0 0.25
0.125 0.25
0.125 0.5
0.125 0.75
0.25 0.25
0.25 0.5
0.25 0.75
0.375 0.25
0.375 0.5
0.375 0.75
0.5 0.25
0.5 0.5
0.5 0.75
0.625 0.25
0.625 0.5
0.625 0.75
0.75 0.25
0.75 0.5
0.75 0.75
0.875 0.25
0.875 0.5
0.875 0.75
1 0.25
1 0.5
1 0.75
1.125 0.25
1.125 0.5
1.125 0.75
1.25 0.25
1.25 0.5
1.25 0.75
1.375 0.25
1.375 0.5
1.375 0.75
1.5 0.25
1.5 0.5
1.5 0.75
1.625 0.25
1.625 0.5
1.625 0.75
1.75 0.25
1.75 0.5
1.75 0.75
1.875 0.25
1.875 0.5
1.875 0.75
2 0.25
2 0.5
2 0.75
2.125 0.25
2.125 0.5
2.125 0.75
2.25 0.25
2.25 0.5
2.25 0.75
2.375 0.25
2.375 0.5
2.375 0.75
2.5 0.25
2.5 0.5
2.5 0.75
2.625 0.25
2.625 0.5
2.625 0.75
2.75 0.25
2.75 0.5
2.75 0.75
2.875 0.25
2.875 0.5
2.875 0.75
3 0.25
3 0.5
3 0.75
3.125 0.25
3.125 0.5
3.125 0.75
3.25 0.25
3.25 0.5
3.25 0.75
3.375 0.25
3.375 0.5
3.375 0.75
3.5 0.25
3.5 0.5
3.5 0.75
3.625 0.25
3.625 0.5
3.625 0.75
3.75 0.25
3.75 0.5
3.75 0.75
3.875 0.25
3.875 0.5
3.875 0.75
4 0.25
4 0.5
4 0.75
4.125 0.25
4.125 0.5
4.125 0.75
4.25 0.25
4.25 0.5
4.25 0.75
4.375 0.25
4.375 0.5
4.375 0.75
4.5 0.25
4.5 0.5
4.5 0.75
4.625 0.25
4.625 0.5
4.625 0.75
4.75 0.25
4.75 0.5
4.75 0.75
4.875 0.25
4.875 0.5
4.875 0.75
