1 1 1 1 1 5 472 344 84 906 907 352 908
2 1 1 1 5 6 470 472 85 909 910 906 911
3 1 1 1 472 470 353 471 910 912 913 914 915
4 1 1 1 344 472 471 343 907 914 916 351 917
5 1 1 1 343 471 475 342 916 918 919 350 920
6 1 1 1 471 353 473 475 913 921 922 918 923
7 1 1 1 475 473 354 474 922 924 925 926 927
8 1 1 1 342 475 474 341 919 926 928 349 929
9 1 1 1 341 474 478 340 928 930 931 348 932
10 1 1 1 474 354 476 478 925 933 934 930 935
11 1 1 1 478 476 355 477 934 936 937 938 939
12 1 1 1 340 478 477 339 931 938 940 347 941
13 1 1 1 339 477 480 338 940 942 943 346 944
14 1 1 1 477 355 479 480 937 945 946 942 947
15 1 1 1 480 479 256 257 946 948 336 949 950
16 1 1 1 338 480 257 4 943 949 337 345 951
17 1 1 1 6 7 483 470 86 952 953 909 954
18 1 1 1 7 8 481 483 87 955 956 952 957
19 1 1 1 483 481 356 482 956 958 959 960 961
20 1 1 1 470 483 482 353 953 960 962 912 963
21 1 1 1 353 482 486 473 962 964 965 921 966
22 1 1 1 482 356 484 486 959 967 968 964 969
23 1 1 1 486 484 357 485 968 970 971 972 973
24 1 1 1 473 486 485 354 965 972 974 924 975
25 1 1 1 354 485 489 476 974 976 977 933 978
26 1 1 1 485 357 487 489 971 979 980 976 981
27 1 1 1 489 487 358 488 980 982 983 984 985
28 1 1 1 476 489 488 355 977 984 986 936 987
29 1 1 1 355 488 491 479 986 988 989 945 990
30 1 1 1 488 358 490 491 983 991 992 988 993
31 1 1 1 491 490 254 255 992 994 334 995 996
32 1 1 1 479 491 255 256 989 995 335 948 997
33 1 1 1 8 9 494 481 88 998 999 955 1000
34 1 1 1 9 10 492 494 89 1001 1002 998 1003
35 1 1 1 494 492 359 493 1002 1004 1005 1006 1007
36 1 1 1 481 494 493 356 999 1006 1008 958 1009
37 1 1 1 356 493 497 484 1008 1010 1011 967 1012
38 1 1 1 493 359 495 497 1005 1013 1014 1010 1015
39 1 1 1 497 495 360 496 1014 1016 1017 1018 1019
40 1 1 1 484 497 496 357 1011 1018 1020 970 1021
41 1 1 1 357 496 500 487 1020 1022 1023 979 1024
42 1 1 1 496 360 498 500 1017 1025 1026 1022 1027
43 1 1 1 500 498 361 499 1026 1028 1029 1030 1031
44 1 1 1 487 500 499 358 1023 1030 1032 982 1033
45 1 1 1 358 499 502 490 1032 1034 1035 991 1036
46 1 1 1 499 361 501 502 1029 1037 1038 1034 1039
47 1 1 1 502 501 252 253 1038 1040 332 1041 1042
48 1 1 1 490 502 253 254 1035 1041 333 994 1043
49 1 1 1 10 11 505 492 90 1044 1045 1001 1046
50 1 1 1 11 12 503 505 91 1047 1048 1044 1049
51 1 1 1 505 503 362 504 1048 1050 1051 1052 1053
52 1 1 1 492 505 504 359 1045 1052 1054 1004 1055
53 1 1 1 359 504 508 495 1054 1056 1057 1013 1058
54 1 1 1 504 362 506 508 1051 1059 1060 1056 1061
55 1 1 1 508 506 363 507 1060 1062 1063 1064 1065
56 1 1 1 495 508 507 360 1057 1064 1066 1016 1067
57 1 1 1 360 507 511 498 1066 1068 1069 1025 1070
58 1 1 1 507 363 509 511 1063 1071 1072 1068 1073
59 1 1 1 511 509 364 510 1072 1074 1075 1076 1077
60 1 1 1 498 511 510 361 1069 1076 1078 1028 1079
61 1 1 1 361 510 513 501 1078 1080 1081 1037 1082
62 1 1 1 510 364 512 513 1075 1083 1084 1080 1085
63 1 1 1 513 512 250 251 1084 1086 330 1087 1088
64 1 1 1 501 513 251 252 1081 1087 331 1040 1089
65 1 1 1 12 13 516 503 92 1090 1091 1047 1092
66 1 1 1 13 14 514 516 93 1093 1094 1090 1095
67 1 1 1 516 514 365 515 1094 1096 1097 1098 1099
68 1 1 1 503 516 515 362 1091 1098 1100 1050 1101
69 1 1 1 362 515 519 506 1100 1102 1103 1059 1104
70 1 1 1 515 365 517 519 1097 1105 1106 1102 1107
71 1 1 1 519 517 366 518 1106 1108 1109 1110 1111
72 1 1 1 506 519 518 363 1103 1110 1112 1062 1113
73 1 1 1 363 518 522 509 1112 1114 1115 1071 1116
74 1 1 1 518 366 520 522 1109 1117 1118 1114 1119
75 1 1 1 522 520 367 521 1118 1120 1121 1122 1123
76 1 1 1 509 522 521 364 1115 1122 1124 1074 1125
77 1 1 1 364 521 524 512 1124 1126 1127 1083 1128
78 1 1 1 521 367 523 524 1121 1129 1130 1126 1131
79 1 1 1 524 523 248 249 1130 1132 328 1133 1134
80 1 1 1 512 524 249 250 1127 1133 329 1086 1135
81 1 1 1 14 15 527 514 94 1136 1137 1093 1138
82 1 1 1 15 16 525 527 95 1139 1140 1136 1141
83 1 1 1 527 525 368 526 1140 1142 1143 1144 1145
84 1 1 1 514 527 526 365 1137 1144 1146 1096 1147
85 1 1 1 365 526 530 517 1146 1148 1149 1105 1150
86 1 1 1 526 368 528 530 1143 1151 1152 1148 1153
87 1 1 1 530 528 369 529 1152 1154 1155 1156 1157
88 1 1 1 517 530 529 366 1149 1156 1158 1108 1159
89 1 1 1 366 529 533 520 1158 1160 1161 1117 1162
90 1 1 1 529 369 531 533 1155 1163 1164 1160 1165
91 1 1 1 533 531 370 532 1164 1166 1167 1168 1169
92 1 1 1 520 533 532 367 1161 1168 1170 1120 1171
93 1 1 1 367 532 535 523 1170 1172 1173 1129 1174
94 1 1 1 532 370 534 535 1167 1175 1176 1172 1177
95 1 1 1 535 534 246 247 1176 1178 326 1179 1180
96 1 1 1 523 535 247 248 1173 1179 327 1132 1181
97 1 1 1 16 17 538 525 96 1182 1183 1139 1184
98 1 1 1 17 18 536 538 97 1185 1186 1182 1187
99 1 1 1 538 536 371 537 1186 1188 1189 1190 1191
100 1 1 1 525 538 537 368 1183 1190 1192 1142 1193
101 1 1 1 368 537 541 528 1192 1194 1195 1151 1196
102 1 1 1 537 371 539 541 1189 1197 1198 1194 1199
103 1 1 1 541 539 372 540 1198 1200 1201 1202 1203
104 1 1 1 528 541 540 369 1195 1202 1204 1154 1205
105 1 1 1 369 540 544 531 1204 1206 1207 1163 1208
106 1 1 1 540 372 542 544 1201 1209 1210 1206 1211
107 1 1 1 544 542 373 543 1210 1212 1213 1214 1215
108 1 1 1 531 544 543 370 1207 1214 1216 1166 1217
109 1 1 1 370 543 546 534 1216 1218 1219 1175 1220
110 1 1 1 543 373 545 546 1213 1221 1222 1218 1223
111 1 1 1 546 545 244 245 1222 1224 324 1225 1226
112 1 1 1 534 546 245 246 1219 1225 325 1178 1227
113 1 1 1 18 19 549 536 98 1228 1229 1185 1230
114 1 1 1 19 20 547 549 99 1231 1232 1228 1233
115 1 1 1 549 547 374 548 1232 1234 1235 1236 1237
116 1 1 1 536 549 548 371 1229 1236 1238 1188 1239
117 1 1 1 371 548 552 539 1238 1240 1241 1197 1242
118 1 1 1 548 374 550 552 1235 1243 1244 1240 1245
119 1 1 1 552 550 375 551 1244 1246 1247 1248 1249
120 1 1 1 539 552 551 372 1241 1248 1250 1200 1251
121 1 1 1 372 551 555 542 1250 1252 1253 1209 1254
122 1 1 1 551 375 553 555 1247 1255 1256 1252 1257
123 1 1 1 555 553 376 554 1256 1258 1259 1260 1261
124 1 1 1 542 555 554 373 1253 1260 1262 1212 1263
125 1 1 1 373 554 557 545 1262 1264 1265 1221 1266
126 1 1 1 554 376 556 557 1259 1267 1268 1264 1269
127 1 1 1 557 556 242 243 1268 1270 322 1271 1272
128 1 1 1 545 557 243 244 1265 1271 323 1224 1273
129 1 1 1 20 21 560 547 100 1274 1275 1231 1276
130 1 1 1 21 22 558 560 101 1277 1278 1274 1279
131 1 1 1 560 558 377 559 1278 1280 1281 1282 1283
132 1 1 1 547 560 559 374 1275 1282 1284 1234 1285
133 1 1 1 374 559 563 550 1284 1286 1287 1243 1288
134 1 1 1 559 377 561 563 1281 1289 1290 1286 1291
135 1 1 1 563 561 378 562 1290 1292 1293 1294 1295
136 1 1 1 550 563 562 375 1287 1294 1296 1246 1297
137 1 1 1 375 562 566 553 1296 1298 1299 1255 1300
138 1 1 1 562 378 564 566 1293 1301 1302 1298 1303
139 1 1 1 566 564 379 565 1302 1304 1305 1306 1307
140 1 1 1 553 566 565 376 1299 1306 1308 1258 1309
141 1 1 1 376 565 568 556 1308 1310 1311 1267 1312
142 1 1 1 565 379 567 568 1305 1313 1314 1310 1315
143 1 1 1 568 567 240 241 1314 1316 320 1317 1318
144 1 1 1 556 568 241 242 1311 1317 321 1270 1319
145 1 1 1 22 23 571 558 102 1320 1321 1277 1322
146 1 1 1 23 24 569 571 103 1323 1324 1320 1325
147 1 1 1 571 569 380 570 1324 1326 1327 1328 1329
148 1 1 1 558 571 570 377 1321 1328 1330 1280 1331
149 1 1 1 377 570 574 561 1330 1332 1333 1289 1334
150 1 1 1 570 380 572 574 1327 1335 1336 1332 1337
151 1 1 1 574 572 381 573 1336 1338 1339 1340 1341
152 1 1 1 561 574 573 378 1333 1340 1342 1292 1343
153 1 1 1 378 573 577 564 1342 1344 1345 1301 1346
154 1 1 1 573 381 575 577 1339 1347 1348 1344 1349
155 1 1 1 577 575 382 576 1348 1350 1351 1352 1353
156 1 1 1 564 577 576 379 1345 1352 1354 1304 1355
157 1 1 1 379 576 579 567 1354 1356 1357 1313 1358
158 1 1 1 576 382 578 579 1351 1359 1360 1356 1361
159 1 1 1 579 578 238 239 1360 1362 318 1363 1364
160 1 1 1 567 579 239 240 1357 1363 319 1316 1365
161 1 1 1 24 25 582 569 104 1366 1367 1323 1368
162 1 1 1 25 26 580 582 105 1369 1370 1366 1371
163 1 1 1 582 580 383 581 1370 1372 1373 1374 1375
164 1 1 1 569 582 581 380 1367 1374 1376 1326 1377
165 1 1 1 380 581 585 572 1376 1378 1379 1335 1380
166 1 1 1 581 383 583 585 1373 1381 1382 1378 1383
167 1 1 1 585 583 384 584 1382 1384 1385 1386 1387
168 1 1 1 572 585 584 381 1379 1386 1388 1338 1389
169 1 1 1 381 584 588 575 1388 1390 1391 1347 1392
170 1 1 1 584 384 586 588 1385 1393 1394 1390 1395
171 1 1 1 588 586 385 587 1394 1396 1397 1398 1399
172 1 1 1 575 588 587 382 1391 1398 1400 1350 1401
173 1 1 1 382 587 590 578 1400 1402 1403 1359 1404
174 1 1 1 587 385 589 590 1397 1405 1406 1402 1407
175 1 1 1 590 589 236 237 1406 1408 316 1409 1410
176 1 1 1 578 590 237 238 1403 1409 317 1362 1411
177 1 1 1 26 27 593 580 106 1412 1413 1369 1414
178 1 1 1 27 28 591 593 107 1415 1416 1412 1417
179 1 1 1 593 591 386 592 1416 1418 1419 1420 1421
180 1 1 1 580 593 592 383 1413 1420 1422 1372 1423
181 1 1 1 383 592 596 583 1422 1424 1425 1381 1426
182 1 1 1 592 386 594 596 1419 1427 1428 1424 1429
183 1 1 1 596 594 387 595 1428 1430 1431 1432 1433
184 1 1 1 583 596 595 384 1425 1432 1434 1384 1435
185 1 1 1 384 595 599 586 1434 1436 1437 1393 1438
186 1 1 1 595 387 597 599 1431 1439 1440 1436 1441
187 1 1 1 599 597 388 598 1440 1442 1443 1444 1445
188 1 1 1 586 599 598 385 1437 1444 1446 1396 1447
189 1 1 1 385 598 601 589 1446 1448 1449 1405 1450
190 1 1 1 598 388 600 601 1443 1451 1452 1448 1453
191 1 1 1 601 600 234 235 1452 1454 314 1455 1456
192 1 1 1 589 601 235 236 1449 1455 315 1408 1457
193 1 1 1 28 29 604 591 108 1458 1459 1415 1460
194 1 1 1 29 30 602 604 109 1461 1462 1458 1463
195 1 1 1 604 602 389 603 1462 1464 1465 1466 1467
196 1 1 1 591 604 603 386 1459 1466 1468 1418 1469
197 1 1 1 386 603 607 594 1468 1470 1471 1427 1472
198 1 1 1 603 389 605 607 1465 1473 1474 1470 1475
199 1 1 1 607 605 390 606 1474 1476 1477 1478 1479
200 1 1 1 594 607 606 387 1471 1478 1480 1430 1481
201 1 1 1 387 606 610 597 1480 1482 1483 1439 1484
202 1 1 1 606 390 608 610 1477 1485 1486 1482 1487
203 1 1 1 610 608 391 609 1486 1488 1489 1490 1491
204 1 1 1 597 610 609 388 1483 1490 1492 1442 1493
205 1 1 1 388 609 612 600 1492 1494 1495 1451 1496
206 1 1 1 609 391 611 612 1489 1497 1498 1494 1499
207 1 1 1 612 611 232 233 1498 1500 312 1501 1502
208 1 1 1 600 612 233 234 1495 1501 313 1454 1503
209 1 1 1 30 31 615 602 110 1504 1505 1461 1506
210 1 1 1 31 32 613 615 111 1507 1508 1504 1509
211 1 1 1 615 613 392 614 1508 1510 1511 1512 1513
212 1 1 1 602 615 614 389 1505 1512 1514 1464 1515
213 1 1 1 389 614 618 605 1514 1516 1517 1473 1518
214 1 1 1 614 392 616 618 1511 1519 1520 1516 1521
215 1 1 1 618 616 393 617 1520 1522 1523 1524 1525
216 1 1 1 605 618 617 390 1517 1524 1526 1476 1527
217 1 1 1 390 617 621 608 1526 1528 1529 1485 1530
218 1 1 1 617 393 619 621 1523 1531 1532 1528 1533
219 1 1 1 621 619 394 620 1532 1534 1535 1536 1537
220 1 1 1 608 621 620 391 1529 1536 1538 1488 1539
221 1 1 1 391 620 623 611 1538 1540 1541 1497 1542
222 1 1 1 620 394 622 623 1535 1543 1544 1540 1545
223 1 1 1 623 622 230 231 1544 1546 310 1547 1548
224 1 1 1 611 623 231 232 1541 1547 311 1500 1549
225 1 1 1 32 33 626 613 112 1550 1551 1507 1552
226 1 1 1 33 34 624 626 113 1553 1554 1550 1555
227 1 1 1 626 624 395 625 1554 1556 1557 1558 1559
228 1 1 1 613 626 625 392 1551 1558 1560 1510 1561
229 1 1 1 392 625 629 616 1560 1562 1563 1519 1564
230 1 1 1 625 395 627 629 1557 1565 1566 1562 1567
231 1 1 1 629 627 396 628 1566 1568 1569 1570 1571
232 1 1 1 616 629 628 393 1563 1570 1572 1522 1573
233 1 1 1 393 628 632 619 1572 1574 1575 1531 1576
234 1 1 1 628 396 630 632 1569 1577 1578 1574 1579
235 1 1 1 632 630 397 631 1578 1580 1581 1582 1583
236 1 1 1 619 632 631 394 1575 1582 1584 1534 1585
237 1 1 1 394 631 634 622 1584 1586 1587 1543 1588
238 1 1 1 631 397 633 634 1581 1589 1590 1586 1591
239 1 1 1 634 633 228 229 1590 1592 308 1593 1594
240 1 1 1 622 634 229 230 1587 1593 309 1546 1595
241 1 1 1 34 35 637 624 114 1596 1597 1553 1598
242 1 1 1 35 36 635 637 115 1599 1600 1596 1601
243 1 1 1 637 635 398 636 1600 1602 1603 1604 1605
244 1 1 1 624 637 636 395 1597 1604 1606 1556 1607
245 1 1 1 395 636 640 627 1606 1608 1609 1565 1610
246 1 1 1 636 398 638 640 1603 1611 1612 1608 1613
247 1 1 1 640 638 399 639 1612 1614 1615 1616 1617
248 1 1 1 627 640 639 396 1609 1616 1618 1568 1619
249 1 1 1 396 639 643 630 1618 1620 1621 1577 1622
250 1 1 1 639 399 641 643 1615 1623 1624 1620 1625
251 1 1 1 643 641 400 642 1624 1626 1627 1628 1629
252 1 1 1 630 643 642 397 1621 1628 1630 1580 1631
253 1 1 1 397 642 645 633 1630 1632 1633 1589 1634
254 1 1 1 642 400 644 645 1627 1635 1636 1632 1637
255 1 1 1 645 644 226 227 1636 1638 306 1639 1640
256 1 1 1 633 645 227 228 1633 1639 307 1592 1641
257 1 1 1 36 37 648 635 116 1642 1643 1599 1644
258 1 1 1 37 38 646 648 117 1645 1646 1642 1647
259 1 1 1 648 646 401 647 1646 1648 1649 1650 1651
260 1 1 1 635 648 647 398 1643 1650 1652 1602 1653
261 1 1 1 398 647 651 638 1652 1654 1655 1611 1656
262 1 1 1 647 401 649 651 1649 1657 1658 1654 1659
263 1 1 1 651 649 402 650 1658 1660 1661 1662 1663
264 1 1 1 638 651 650 399 1655 1662 1664 1614 1665
265 1 1 1 399 650 654 641 1664 1666 1667 1623 1668
266 1 1 1 650 402 652 654 1661 1669 1670 1666 1671
267 1 1 1 654 652 403 653 1670 1672 1673 1674 1675
268 1 1 1 641 654 653 400 1667 1674 1676 1626 1677
269 1 1 1 400 653 656 644 1676 1678 1679 1635 1680
270 1 1 1 653 403 655 656 1673 1681 1682 1678 1683
271 1 1 1 656 655 224 225 1682 1684 304 1685 1686
272 1 1 1 644 656 225 226 1679 1685 305 1638 1687
273 1 1 1 38 39 659 646 118 1688 1689 1645 1690
274 1 1 1 39 40 657 659 119 1691 1692 1688 1693
275 1 1 1 659 657 404 658 1692 1694 1695 1696 1697
276 1 1 1 646 659 658 401 1689 1696 1698 1648 1699
277 1 1 1 401 658 662 649 1698 1700 1701 1657 1702
278 1 1 1 658 404 660 662 1695 1703 1704 1700 1705
279 1 1 1 662 660 405 661 1704 1706 1707 1708 1709
280 1 1 1 649 662 661 402 1701 1708 1710 1660 1711
281 1 1 1 402 661 665 652 1710 1712 1713 1669 1714
282 1 1 1 661 405 663 665 1707 1715 1716 1712 1717
283 1 1 1 665 663 406 664 1716 1718 1719 1720 1721
284 1 1 1 652 665 664 403 1713 1720 1722 1672 1723
285 1 1 1 403 664 667 655 1722 1724 1725 1681 1726
286 1 1 1 664 406 666 667 1719 1727 1728 1724 1729
287 1 1 1 667 666 222 223 1728 1730 302 1731 1732
288 1 1 1 655 667 223 224 1725 1731 303 1684 1733
289 1 1 1 40 41 670 657 120 1734 1735 1691 1736
290 1 1 1 41 42 668 670 121 1737 1738 1734 1739
291 1 1 1 670 668 407 669 1738 1740 1741 1742 1743
292 1 1 1 657 670 669 404 1735 1742 1744 1694 1745
293 1 1 1 404 669 673 660 1744 1746 1747 1703 1748
294 1 1 1 669 407 671 673 1741 1749 1750 1746 1751
295 1 1 1 673 671 408 672 1750 1752 1753 1754 1755
296 1 1 1 660 673 672 405 1747 1754 1756 1706 1757
297 1 1 1 405 672 676 663 1756 1758 1759 1715 1760
298 1 1 1 672 408 674 676 1753 1761 1762 1758 1763
299 1 1 1 676 674 409 675 1762 1764 1765 1766 1767
300 1 1 1 663 676 675 406 1759 1766 1768 1718 1769
301 1 1 1 406 675 678 666 1768 1770 1771 1727 1772
302 1 1 1 675 409 677 678 1765 1773 1774 1770 1775
303 1 1 1 678 677 220 221 1774 1776 300 1777 1778
304 1 1 1 666 678 221 222 1771 1777 301 1730 1779
305 1 1 1 42 43 681 668 122 1780 1781 1737 1782
306 1 1 1 43 44 679 681 123 1783 1784 1780 1785
307 1 1 1 681 679 410 680 1784 1786 1787 1788 1789
308 1 1 1 668 681 680 407 1781 1788 1790 1740 1791
309 1 1 1 407 680 684 671 1790 1792 1793 1749 1794
310 1 1 1 680 410 682 684 1787 1795 1796 1792 1797
311 1 1 1 684 682 411 683 1796 1798 1799 1800 1801
312 1 1 1 671 684 683 408 1793 1800 1802 1752 1803
313 1 1 1 408 683 687 674 1802 1804 1805 1761 1806
314 1 1 1 683 411 685 687 1799 1807 1808 1804 1809
315 1 1 1 687 685 412 686 1808 1810 1811 1812 1813
316 1 1 1 674 687 686 409 1805 1812 1814 1764 1815
317 1 1 1 409 686 689 677 1814 1816 1817 1773 1818
318 1 1 1 686 412 688 689 1811 1819 1820 1816 1821
319 1 1 1 689 688 218 219 1820 1822 298 1823 1824
320 1 1 1 677 689 219 220 1817 1823 299 1776 1825
321 1 1 1 44 45 692 679 124 1826 1827 1783 1828
322 1 1 1 45 46 690 692 125 1829 1830 1826 1831
323 1 1 1 692 690 413 691 1830 1832 1833 1834 1835
324 1 1 1 679 692 691 410 1827 1834 1836 1786 1837
325 1 1 1 410 691 695 682 1836 1838 1839 1795 1840
326 1 1 1 691 413 693 695 1833 1841 1842 1838 1843
327 1 1 1 695 693 414 694 1842 1844 1845 1846 1847
328 1 1 1 682 695 694 411 1839 1846 1848 1798 1849
329 1 1 1 411 694 698 685 1848 1850 1851 1807 1852
330 1 1 1 694 414 696 698 1845 1853 1854 1850 1855
331 1 1 1 698 696 415 697 1854 1856 1857 1858 1859
332 1 1 1 685 698 697 412 1851 1858 1860 1810 1861
333 1 1 1 412 697 700 688 1860 1862 1863 1819 1864
334 1 1 1 697 415 699 700 1857 1865 1866 1862 1867
335 1 1 1 700 699 216 217 1866 1868 296 1869 1870
336 1 1 1 688 700 217 218 1863 1869 297 1822 1871
337 1 1 1 46 47 703 690 126 1872 1873 1829 1874
338 1 1 1 47 48 701 703 127 1875 1876 1872 1877
339 1 1 1 703 701 416 702 1876 1878 1879 1880 1881
340 1 1 1 690 703 702 413 1873 1880 1882 1832 1883
341 1 1 1 413 702 706 693 1882 1884 1885 1841 1886
342 1 1 1 702 416 704 706 1879 1887 1888 1884 1889
343 1 1 1 706 704 417 705 1888 1890 1891 1892 1893
344 1 1 1 693 706 705 414 1885 1892 1894 1844 1895
345 1 1 1 414 705 709 696 1894 1896 1897 1853 1898
346 1 1 1 705 417 707 709 1891 1899 1900 1896 1901
347 1 1 1 709 707 418 708 1900 1902 1903 1904 1905
348 1 1 1 696 709 708 415 1897 1904 1906 1856 1907
349 1 1 1 415 708 711 699 1906 1908 1909 1865 1910
350 1 1 1 708 418 710 711 1903 1911 1912 1908 1913
351 1 1 1 711 710 214 215 1912 1914 294 1915 1916
352 1 1 1 699 711 215 216 1909 1915 295 1868 1917
353 1 1 1 48 49 714 701 128 1918 1919 1875 1920
354 1 1 1 49 50 712 714 129 1921 1922 1918 1923
355 1 1 1 714 712 419 713 1922 1924 1925 1926 1927
356 1 1 1 701 714 713 416 1919 1926 1928 1878 1929
357 1 1 1 416 713 717 704 1928 1930 1931 1887 1932
358 1 1 1 713 419 715 717 1925 1933 1934 1930 1935
359 1 1 1 717 715 420 716 1934 1936 1937 1938 1939
360 1 1 1 704 717 716 417 1931 1938 1940 1890 1941
361 1 1 1 417 716 720 707 1940 1942 1943 1899 1944
362 1 1 1 716 420 718 720 1937 1945 1946 1942 1947
363 1 1 1 720 718 421 719 1946 1948 1949 1950 1951
364 1 1 1 707 720 719 418 1943 1950 1952 1902 1953
365 1 1 1 418 719 722 710 1952 1954 1955 1911 1956
366 1 1 1 719 421 721 722 1949 1957 1958 1954 1959
367 1 1 1 722 721 212 213 1958 1960 292 1961 1962
368 1 1 1 710 722 213 214 1955 1961 293 1914 1963
369 1 1 1 50 51 725 712 130 1964 1965 1921 1966
370 1 1 1 51 52 723 725 131 1967 1968 1964 1969
371 1 1 1 725 723 422 724 1968 1970 1971 1972 1973
372 1 1 1 712 725 724 419 1965 1972 1974 1924 1975
373 1 1 1 419 724 728 715 1974 1976 1977 1933 1978
374 1 1 1 724 422 726 728 1971 1979 1980 1976 1981
375 1 1 1 728 726 423 727 1980 1982 1983 1984 1985
376 1 1 1 715 728 727 420 1977 1984 1986 1936 1987
377 1 1 1 420 727 731 718 1986 1988 1989 1945 1990
378 1 1 1 727 423 729 731 1983 1991 1992 1988 1993
379 1 1 1 731 729 424 730 1992 1994 1995 1996 1997
380 1 1 1 718 731 730 421 1989 1996 1998 1948 1999
381 1 1 1 421 730 733 721 1998 2000 2001 1957 2002
382 1 1 1 730 424 732 733 1995 2003 2004 2000 2005
383 1 1 1 733 732 210 211 2004 2006 290 2007 2008
384 1 1 1 721 733 211 212 2001 2007 291 1960 2009
385 1 1 1 52 53 736 723 132 2010 2011 1967 2012
386 1 1 1 53 54 734 736 133 2013 2014 2010 2015
387 1 1 1 736 734 425 735 2014 2016 2017 2018 2019
388 1 1 1 723 736 735 422 2011 2018 2020 1970 2021
389 1 1 1 422 735 739 726 2020 2022 2023 1979 2024
390 1 1 1 735 425 737 739 2017 2025 2026 2022 2027
391 1 1 1 739 737 426 738 2026 2028 2029 2030 2031
392 1 1 1 726 739 738 423 2023 2030 2032 1982 2033
393 1 1 1 423 738 742 729 2032 2034 2035 1991 2036
394 1 1 1 738 426 740 742 2029 2037 2038 2034 2039
395 1 1 1 742 740 427 741 2038 2040 2041 2042 2043
396 1 1 1 729 742 741 424 2035 2042 2044 1994 2045
397 1 1 1 424 741 744 732 2044 2046 2047 2003 2048
398 1 1 1 741 427 743 744 2041 2049 2050 2046 2051
399 1 1 1 744 743 208 209 2050 2052 288 2053 2054
400 1 1 1 732 744 209 210 2047 2053 289 2006 2055
401 1 1 1 54 55 747 734 134 2056 2057 2013 2058
402 1 1 1 55 56 745 747 135 2059 2060 2056 2061
403 1 1 1 747 745 428 746 2060 2062 2063 2064 2065
404 1 1 1 734 747 746 425 2057 2064 2066 2016 2067
405 1 1 1 425 746 750 737 2066 2068 2069 2025 2070
406 1 1 1 746 428 748 750 2063 2071 2072 2068 2073
407 1 1 1 750 748 429 749 2072 2074 2075 2076 2077
408 1 1 1 737 750 749 426 2069 2076 2078 2028 2079
409 1 1 1 426 749 753 740 2078 2080 2081 2037 2082
410 1 1 1 749 429 751 753 2075 2083 2084 2080 2085
411 1 1 1 753 751 430 752 2084 2086 2087 2088 2089
412 1 1 1 740 753 752 427 2081 2088 2090 2040 2091
413 1 1 1 427 752 755 743 2090 2092 2093 2049 2094
414 1 1 1 752 430 754 755 2087 2095 2096 2092 2097
415 1 1 1 755 754 206 207 2096 2098 286 2099 2100
416 1 1 1 743 755 207 208 2093 2099 287 2052 2101
417 1 1 1 56 57 758 745 136 2102 2103 2059 2104
418 1 1 1 57 58 756 758 137 2105 2106 2102 2107
419 1 1 1 758 756 431 757 2106 2108 2109 2110 2111
420 1 1 1 745 758 757 428 2103 2110 2112 2062 2113
421 1 1 1 428 757 761 748 2112 2114 2115 2071 2116
422 1 1 1 757 431 759 761 2109 2117 2118 2114 2119
423 1 1 1 761 759 432 760 2118 2120 2121 2122 2123
424 1 1 1 748 761 760 429 2115 2122 2124 2074 2125
425 1 1 1 429 760 764 751 2124 2126 2127 2083 2128
426 1 1 1 760 432 762 764 2121 2129 2130 2126 2131
427 1 1 1 764 762 433 763 2130 2132 2133 2134 2135
428 1 1 1 751 764 763 430 2127 2134 2136 2086 2137
429 1 1 1 430 763 766 754 2136 2138 2139 2095 2140
430 1 1 1 763 433 765 766 2133 2141 2142 2138 2143
431 1 1 1 766 765 204 205 2142 2144 284 2145 2146
432 1 1 1 754 766 205 206 2139 2145 285 2098 2147
433 1 1 1 58 59 769 756 138 2148 2149 2105 2150
434 1 1 1 59 60 767 769 139 2151 2152 2148 2153
435 1 1 1 769 767 434 768 2152 2154 2155 2156 2157
436 1 1 1 756 769 768 431 2149 2156 2158 2108 2159
437 1 1 1 431 768 772 759 2158 2160 2161 2117 2162
438 1 1 1 768 434 770 772 2155 2163 2164 2160 2165
439 1 1 1 772 770 435 771 2164 2166 2167 2168 2169
440 1 1 1 759 772 771 432 2161 2168 2170 2120 2171
441 1 1 1 432 771 775 762 2170 2172 2173 2129 2174
442 1 1 1 771 435 773 775 2167 2175 2176 2172 2177
443 1 1 1 775 773 436 774 2176 2178 2179 2180 2181
444 1 1 1 762 775 774 433 2173 2180 2182 2132 2183
445 1 1 1 433 774 777 765 2182 2184 2185 2141 2186
446 1 1 1 774 436 776 777 2179 2187 2188 2184 2189
447 1 1 1 777 776 202 203 2188 2190 282 2191 2192
448 1 1 1 765 777 203 204 2185 2191 283 2144 2193
449 1 1 1 60 61 780 767 140 2194 2195 2151 2196
450 1 1 1 61 62 778 780 141 2197 2198 2194 2199
451 1 1 1 780 778 437 779 2198 2200 2201 2202 2203
452 1 1 1 767 780 779 434 2195 2202 2204 2154 2205
453 1 1 1 434 779 783 770 2204 2206 2207 2163 2208
454 1 1 1 779 437 781 783 2201 2209 2210 2206 2211
455 1 1 1 783 781 438 782 2210 2212 2213 2214 2215
456 1 1 1 770 783 782 435 2207 2214 2216 2166 2217
457 1 1 1 435 782 786 773 2216 2218 2219 2175 2220
458 1 1 1 782 438 784 786 2213 2221 2222 2218 2223
459 1 1 1 786 784 439 785 2222 2224 2225 2226 2227
460 1 1 1 773 786 785 436 2219 2226 2228 2178 2229
461 1 1 1 436 785 788 776 2228 2230 2231 2187 2232
462 1 1 1 785 439 787 788 2225 2233 2234 2230 2235
463 1 1 1 788 787 200 201 2234 2236 280 2237 2238
464 1 1 1 776 788 201 202 2231 2237 281 2190 2239
465 1 1 1 62 63 791 778 142 2240 2241 2197 2242
466 1 1 1 63 64 789 791 143 2243 2244 2240 2245
467 1 1 1 791 789 440 790 2244 2246 2247 2248 2249
468 1 1 1 778 791 790 437 2241 2248 2250 2200 2251
469 1 1 1 437 790 794 781 2250 2252 2253 2209 2254
470 1 1 1 790 440 792 794 2247 2255 2256 2252 2257
471 1 1 1 794 792 441 793 2256 2258 2259 2260 2261
472 1 1 1 781 794 793 438 2253 2260 2262 2212 2263
473 1 1 1 438 793 797 784 2262 2264 2265 2221 2266
474 1 1 1 793 441 795 797 2259 2267 2268 2264 2269
475 1 1 1 797 795 442 796 2268 2270 2271 2272 2273
476 1 1 1 784 797 796 439 2265 2272 2274 2224 2275
477 1 1 1 439 796 799 787 2274 2276 2277 2233 2278
478 1 1 1 796 442 798 799 2271 2279 2280 2276 2281
479 1 1 1 799 798 198 199 2280 2282 278 2283 2284
480 1 1 1 787 799 199 200 2277 2283 279 2236 2285
481 1 1 1 64 65 802 789 144 2286 2287 2243 2288
482 1 1 1 65 66 800 802 145 2289 2290 2286 2291
483 1 1 1 802 800 443 801 2290 2292 2293 2294 2295
484 1 1 1 789 802 801 440 2287 2294 2296 2246 2297
485 1 1 1 440 801 805 792 2296 2298 2299 2255 2300
486 1 1 1 801 443 803 805 2293 2301 2302 2298 2303
487 1 1 1 805 803 444 804 2302 2304 2305 2306 2307
488 1 1 1 792 805 804 441 2299 2306 2308 2258 2309
489 1 1 1 441 804 808 795 2308 2310 2311 2267 2312
490 1 1 1 804 444 806 808 2305 2313 2314 2310 2315
491 1 1 1 808 806 445 807 2314 2316 2317 2318 2319
492 1 1 1 795 808 807 442 2311 2318 2320 2270 2321
493 1 1 1 442 807 810 798 2320 2322 2323 2279 2324
494 1 1 1 807 445 809 810 2317 2325 2326 2322 2327
495 1 1 1 810 809 196 197 2326 2328 276 2329 2330
496 1 1 1 798 810 197 198 2323 2329 277 2282 2331
497 1 1 1 66 67 813 800 146 2332 2333 2289 2334
498 1 1 1 67 68 811 813 147 2335 2336 2332 2337
499 1 1 1 813 811 446 812 2336 2338 2339 2340 2341
500 1 1 1 800 813 812 443 2333 2340 2342 2292 2343
501 1 1 1 443 812 816 803 2342 2344 2345 2301 2346
502 1 1 1 812 446 814 816 2339 2347 2348 2344 2349
503 1 1 1 816 814 447 815 2348 2350 2351 2352 2353
504 1 1 1 803 816 815 444 2345 2352 2354 2304 2355
505 1 1 1 444 815 819 806 2354 2356 2357 2313 2358
506 1 1 1 815 447 817 819 2351 2359 2360 2356 2361
507 1 1 1 819 817 448 818 2360 2362 2363 2364 2365
508 1 1 1 806 819 818 445 2357 2364 2366 2316 2367
509 1 1 1 445 818 821 809 2366 2368 2369 2325 2370
510 1 1 1 818 448 820 821 2363 2371 2372 2368 2373
511 1 1 1 821 820 194 195 2372 2374 274 2375 2376
512 1 1 1 809 821 195 196 2369 2375 275 2328 2377
513 1 1 1 68 69 824 811 148 2378 2379 2335 2380
514 1 1 1 69 70 822 824 149 2381 2382 2378 2383
515 1 1 1 824 822 449 823 2382 2384 2385 2386 2387
516 1 1 1 811 824 823 446 2379 2386 2388 2338 2389
517 1 1 1 446 823 827 814 2388 2390 2391 2347 2392
518 1 1 1 823 449 825 827 2385 2393 2394 2390 2395
519 1 1 1 827 825 450 826 2394 2396 2397 2398 2399
520 1 1 1 814 827 826 447 2391 2398 2400 2350 2401
521 1 1 1 447 826 830 817 2400 2402 2403 2359 2404
522 1 1 1 826 450 828 830 2397 2405 2406 2402 2407
523 1 1 1 830 828 451 829 2406 2408 2409 2410 2411
524 1 1 1 817 830 829 448 2403 2410 2412 2362 2413
525 1 1 1 448 829 832 820 2412 2414 2415 2371 2416
526 1 1 1 829 451 831 832 2409 2417 2418 2414 2419
527 1 1 1 832 831 192 193 2418 2420 272 2421 2422
528 1 1 1 820 832 193 194 2415 2421 273 2374 2423
529 1 1 1 70 71 835 822 150 2424 2425 2381 2426
530 1 1 1 71 72 833 835 151 2427 2428 2424 2429
531 1 1 1 835 833 452 834 2428 2430 2431 2432 2433
532 1 1 1 822 835 834 449 2425 2432 2434 2384 2435
533 1 1 1 449 834 838 825 2434 2436 2437 2393 2438
534 1 1 1 834 452 836 838 2431 2439 2440 2436 2441
535 1 1 1 838 836 453 837 2440 2442 2443 2444 2445
536 1 1 1 825 838 837 450 2437 2444 2446 2396 2447
537 1 1 1 450 837 841 828 2446 2448 2449 2405 2450
538 1 1 1 837 453 839 841 2443 2451 2452 2448 2453
539 1 1 1 841 839 454 840 2452 2454 2455 2456 2457
540 1 1 1 828 841 840 451 2449 2456 2458 2408 2459
541 1 1 1 451 840 843 831 2458 2460 2461 2417 2462
542 1 1 1 840 454 842 843 2455 2463 2464 2460 2465
543 1 1 1 843 842 190 191 2464 2466 270 2467 2468
544 1 1 1 831 843 191 192 2461 2467 271 2420 2469
545 1 1 1 72 73 846 833 152 2470 2471 2427 2472
546 1 1 1 73 74 844 846 153 2473 2474 2470 2475
547 1 1 1 846 844 455 845 2474 2476 2477 2478 2479
548 1 1 1 833 846 845 452 2471 2478 2480 2430 2481
549 1 1 1 452 845 849 836 2480 2482 2483 2439 2484
550 1 1 1 845 455 847 849 2477 2485 2486 2482 2487
551 1 1 1 849 847 456 848 2486 2488 2489 2490 2491
552 1 1 1 836 849 848 453 2483 2490 2492 2442 2493
553 1 1 1 453 848 852 839 2492 2494 2495 2451 2496
554 1 1 1 848 456 850 852 2489 2497 2498 2494 2499
555 1 1 1 852 850 457 851 2498 2500 2501 2502 2503
556 1 1 1 839 852 851 454 2495 2502 2504 2454 2505
557 1 1 1 454 851 854 842 2504 2506 2507 2463 2508
558 1 1 1 851 457 853 854 2501 2509 2510 2506 2511
559 1 1 1 854 853 188 189 2510 2512 268 2513 2514
560 1 1 1 842 854 189 190 2507 2513 269 2466 2515
561 1 1 1 74 75 857 844 154 2516 2517 2473 2518
562 1 1 1 75 76 855 857 155 2519 2520 2516 2521
563 1 1 1 857 855 458 856 2520 2522 2523 2524 2525
564 1 1 1 844 857 856 455 2517 2524 2526 2476 2527
565 1 1 1 455 856 860 847 2526 2528 2529 2485 2530
566 1 1 1 856 458 858 860 2523 2531 2532 2528 2533
567 1 1 1 860 858 459 859 2532 2534 2535 2536 2537
568 1 1 1 847 860 859 456 2529 2536 2538 2488 2539
569 1 1 1 456 859 863 850 2538 2540 2541 2497 2542
570 1 1 1 859 459 861 863 2535 2543 2544 2540 2545
571 1 1 1 863 861 460 862 2544 2546 2547 2548 2549
572 1 1 1 850 863 862 457 2541 2548 2550 2500 2551
573 1 1 1 457 862 865 853 2550 2552 2553 2509 2554
574 1 1 1 862 460 864 865 2547 2555 2556 2552 2557
575 1 1 1 865 864 186 187 2556 2558 266 2559 2560
576 1 1 1 853 865 187 188 2553 2559 267 2512 2561
577 1 1 1 76 77 868 855 156 2562 2563 2519 2564
578 1 1 1 77 78 866 868 157 2565 2566 2562 2567
579 1 1 1 868 866 461 867 2566 2568 2569 2570 2571
580 1 1 1 855 868 867 458 2563 2570 2572 2522 2573
581 1 1 1 458 867 871 858 2572 2574 2575 2531 2576
582 1 1 1 867 461 869 871 2569 2577 2578 2574 2579
583 1 1 1 871 869 462 870 2578 2580 2581 2582 2583
584 1 1 1 858 871 870 459 2575 2582 2584 2534 2585
585 1 1 1 459 870 874 861 2584 2586 2587 2543 2588
586 1 1 1 870 462 872 874 2581 2589 2590 2586 2591
587 1 1 1 874 872 463 873 2590 2592 2593 2594 2595
588 1 1 1 861 874 873 460 2587 2594 2596 2546 2597
589 1 1 1 460 873 876 864 2596 2598 2599 2555 2600
590 1 1 1 873 463 875 876 2593 2601 2602 2598 2603
591 1 1 1 876 875 184 185 2602 2604 264 2605 2606
592 1 1 1 864 876 185 186 2599 2605 265 2558 2607
593 1 1 1 78 79 879 866 158 2608 2609 2565 2610
594 1 1 1 79 80 877 879 159 2611 2612 2608 2613
595 1 1 1 879 877 464 878 2612 2614 2615 2616 2617
596 1 1 1 866 879 878 461 2609 2616 2618 2568 2619
597 1 1 1 461 878 882 869 2618 2620 2621 2577 2622
598 1 1 1 878 464 880 882 2615 2623 2624 2620 2625
599 1 1 1 882 880 465 881 2624 2626 2627 2628 2629
600 1 1 1 869 882 881 462 2621 2628 2630 2580 2631
601 1 1 1 462 881 885 872 2630 2632 2633 2589 2634
602 1 1 1 881 465 883 885 2627 2635 2636 2632 2637
603 1 1 1 885 883 466 884 2636 2638 2639 2640 2641
604 1 1 1 872 885 884 463 2633 2640 2642 2592 2643
605 1 1 1 463 884 887 875 2642 2644 2645 2601 2646
606 1 1 1 884 466 886 887 2639 2647 2648 2644 2649
607 1 1 1 887 886 182 183 2648 2650 262 2651 2652
608 1 1 1 875 887 183 184 2645 2651 263 2604 2653
609 1 1 1 80 81 890 877 160 2654 2655 2611 2656
610 1 1 1 81 82 888 890 161 2657 2658 2654 2659
611 1 1 1 890 888 467 889 2658 2660 2661 2662 2663
612 1 1 1 877 890 889 464 2655 2662 2664 2614 2665
613 1 1 1 464 889 893 880 2664 2666 2667 2623 2668
614 1 1 1 889 467 891 893 2661 2669 2670 2666 2671
615 1 1 1 893 891 468 892 2670 2672 2673 2674 2675
616 1 1 1 880 893 892 465 2667 2674 2676 2626 2677
617 1 1 1 465 892 896 883 2676 2678 2679 2635 2680
618 1 1 1 892 468 894 896 2673 2681 2682 2678 2683
619 1 1 1 896 894 469 895 2682 2684 2685 2686 2687
620 1 1 1 883 896 895 466 2679 2686 2688 2638 2689
621 1 1 1 466 895 898 886 2688 2690 2691 2647 2692
622 1 1 1 895 469 897 898 2685 2693 2694 2690 2695
623 1 1 1 898 897 180 181 2694 2696 260 2697 2698
624 1 1 1 886 898 181 182 2691 2697 261 2650 2699
625 1 1 1 82 83 900 888 162 2700 2701 2657 2702
626 1 1 1 83 2 164 900 163 171 2703 2700 2704
627 1 1 1 900 164 165 899 2703 172 2705 2706 2707
628 1 1 1 888 900 899 467 2701 2706 2708 2660 2709
629 1 1 1 467 899 902 891 2708 2710 2711 2669 2712
630 1 1 1 899 165 166 902 2705 173 2713 2710 2714
631 1 1 1 902 166 167 901 2713 174 2715 2716 2717
632 1 1 1 891 902 901 468 2711 2716 2718 2672 2719
633 1 1 1 468 901 904 894 2718 2720 2721 2681 2722
634 1 1 1 901 167 168 904 2715 175 2723 2720 2724
635 1 1 1 904 168 169 903 2723 176 2725 2726 2727
636 1 1 1 894 904 903 469 2721 2726 2728 2684 2729
637 1 1 1 469 903 905 897 2728 2730 2731 2693 2732
638 1 1 1 903 169 170 905 2725 177 2733 2730 2734
639 1 1 1 905 170 3 179 2733 178 258 2735 2736
640 1 1 1 897 905 179 180 2731 2735 259 2696 2737
