1 0 0 0
2 2.5 0 0
3 2.5 0.25 0
4 0 0.25 0
5 0.03125 0 0
6 0.0625 0 0
7 0.09375 0 0
8 0.125 0 0
9 0.15625 0 0
10 0.1875 0 0
11 0.21875 0 0
12 0.25 0 0
13 0.28125 0 0
14 0.3125 0 0
15 0.34375 0 0
16 0.375 0 0
17 0.40625 0 0
18 0.4375 0 0
19 0.46875 0 0
20 0.5 0 0
21 0.53125 0 0
22 0.5625 0 0
23 0.59375 0 0
24 0.625 0 0
25 0.65625 0 0
26 0.6875 0 0
27 0.71875 0 0
28 0.75 0 0
29 0.78125 0 0
30 0.8125 0 0
31 0.84375 0 0
32 0.875 0 0
33 0.90625 0 0
34 0.9375 0 0
35 0.96875 0 0
36 1 0 0
37 1.03125 0 0
38 1.0625 0 0
39 1.09375 0 0
40 1.125 0 0
41 1.15625 0 0
42 1.1875 0 0
43 1.21875 0 0
44 1.25 0 0
45 1.28125 0 0
46 1.3125 0 0
47 1.34375 0 0
48 1.375 0 0
49 1.40625 0 0
50 1.4375 0 0
51 1.46875 0 0
52 1.5 0 0
53 1.53125 0 0
54 1.5625 0 0
55 1.59375 0 0
56 1.625 0 0
57 1.65625 0 0
58 1.6875 0 0
59 1.71875 0 0
60 1.75 0 0
61 1.78125 0 0
62 1.8125 0 0
63 1.84375 0 0
64 1.875 0 0
65 1.90625 0 0
66 1.9375 0 0
67 1.96875 0 0
68 2 0 0
69 2.03125 0 0
70 2.0625 0 0
71 2.09375 0 0
72 2.125 0 0
73 2.15625 0 0
74 2.1875 0 0
75 2.21875 0 0
76 2.25 0 0
77 2.28125 0 0
78 2.3125 0 0
79 2.34375 0 0
80 2.375 0 0
81 2.40625 0 0
82 2.4375 0 0
83 2.46875 0 0
84 2.5 0.03125 0
85 2.5 0.0625 0
86 2.5 0.09375 0
87 2.5 0.125 0
88 2.5 0.15625 0
89 2.5 0.1875 0
90 2.5 0.21875 0
91 2.46875 0.25 0
92 2.4375 0.25 0
93 2.40625 0.25 0
94 2.375 0.25 0
95 2.34375 0.25 0
96 2.3125 0.25 0
97 2.28125 0.25 0
98 2.25 0.25 0
99 2.21875 0.25 0
100 2.1875 0.25 0
101 2.15625 0.25 0
102 2.125 0.25 0
103 2.09375 0.25 0
104 2.0625 0.25 0
105 2.03125 0.25 0
106 2 0.25 0
107 1.96875 0.25 0
108 1.9375 0.25 0
109 1.90625 0.25 0
110 1.875 0.25 0
111 1.84375 0.25 0
112 1.8125 0.25 0
113 1.78125 0.25 0
114 1.75 0.25 0
115 1.71875 0.25 0
116 1.6875 0.25 0
117 1.65625 0.25 0
118 1.625 0.25 0
119 1.59375 0.25 0
120 1.5625 0.25 0
121 1.53125 0.25 0
122 1.5 0.25 0
123 1.46875 0.25 0
124 1.4375 0.25 0
125 1.40625 0.25 0
126 1.375 0.25 0
127 1.34375 0.25 0
128 1.3125 0.25 0
129 1.28125 0.25 0
130 1.25 0.25 0
131 1.21875 0.25 0
132 1.1875 0.25 0
133 1.15625 0.25 0
134 1.125 0.25 0
135 1.09375 0.25 0
136 1.0625 0.25 0
137 1.03125 0.25 0
138 1 0.25 0
139 0.96875 0.25 0
140 0.9375 0.25 0
141 0.90625 0.25 0
142 0.875 0.25 0
143 0.84375 0.25 0
144 0.8125 0.25 0
145 0.78125 0.25 0
146 0.75 0.25 0
147 0.71875 0.25 0
148 0.6875 0.25 0
149 0.65625 0.25 0
150 0.625 0.25 0
151 0.59375 0.25 0
152 0.5625 0.25 0
153 0.53125 0.25 0
154 0.5 0.25 0
155 0.46875 0.25 0
156 0.4375 0.25 0
157 0.40625 0.25 0
158 0.375 0.25 0
159 0.34375 0.25 0
160 0.3125 0.25 0
161 0.28125 0.25 0
162 0.25 0.25 0
163 0.21875 0.25 0
164 0.1875 0.25 0
165 0.15625 0.25 0
166 0.125 0.25 0
167 0.09375 0.25 0
168 0.0625 0.25 0
169 0.03125 0.25 0
170 0 0.21875 0
171 0 0.1875 0
172 0 0.15625 0
173 0 0.125 0
174 0 0.09375 0
175 0 0.0625 0
176 0 0.03125 0
177 0.0625 0.0625 0
178 0.0625 0.125 0
179 0.0625 0.1875 0
180 0.125 0.0625 0
181 0.125 0.125 0
182 0.125 0.1875 0
183 0.1875 0.0625 0
184 0.1875 0.125 0
185 0.1875 0.1875 0
186 0.25 0.0625 0
187 0.25 0.125 0
188 0.25 0.1875 0
189 0.3125 0.0625 0
190 0.3125 0.125 0
191 0.3125 0.1875 0
192 0.375 0.0625 0
193 0.375 0.125 0
194 0.375 0.1875 0
195 0.4375 0.0625 0
196 0.4375 0.125 0
197 0.4375 0.1875 0
198 0.5 0.0625 0
199 0.5 0.125 0
200 0.5 0.1875 0
201 0.5625 0.0625 0
202 0.5625 0.125 0
203 0.5625 0.1875 0
204 0.625 0.0625 0
205 0.625 0.125 0
206 0.625 0.1875 0
207 0.6875 0.0625 0
208 0.6875 0.125 0
209 0.6875 0.1875 0
210 0.75 0.0625 0
211 0.75 0.125 0
212 0.75 0.1875 0
213 0.8125 0.0625 0
214 0.8125 0.125 0
215 0.8125 0.1875 0
216 0.875 0.0625 0
217 0.875 0.125 0
218 0.875 0.1875 0
219 0.9375 0.0625 0
220 0.9375 0.125 0
221 0.9375 0.1875 0
222 1 0.0625 0
223 1 0.125 0
224 1 0.1875 0
225 1.0625 0.0625 0
226 1.0625 0.125 0
227 1.0625 0.1875 0
228 1.125 0.0625 0
229 1.125 0.125 0
230 1.125 0.1875 0
231 1.1875 0.0625 0
232 1.1875 0.125 0
233 1.1875 0.1875 0
234 1.25 0.0625 0
235 1.25 0.125 0
236 1.25 0.1875 0
237 1.3125 0.0625 0
238 1.3125 0.125 0
239 1.3125 0.1875 0
240 1.375 0.0625 0
241 1.375 0.125 0
242 1.375 0.1875 0
243 1.4375 0.0625 0
244 1.4375 0.125 0
245 1.4375 0.1875 0
246 1.5 0.0625 0
247 1.5 0.125 0
248 1.5 0.1875 0
249 1.5625 0.0625 0
250 1.5625 0.125 0
251 1.5625 0.1875 0
252 1.625 0.0625 0
253 1.625 0.125 0
254 1.625 0.1875 0
255 1.6875 0.0625 0
256 1.6875 0.125 0
257 1.6875 0.1875 0
258 1.75 0.0625 0
259 1.75 0.125 0
260 1.75 0.1875 0
261 1.8125 0.0625 0
262 1.8125 0.125 0
263 1.8125 0.1875 0
264 1.875 0.0625 0
265 1.875 0.125 0
266 1.875 0.1875 0
267 1.9375 0.0625 0
268 1.9375 0.125 0
269 1.9375 0.1875 0
270 2 0.0625 0
271 2 0.125 0
272 2 0.1875 0
273 2.0625 0.0625 0
274 2.0625 0.125 0
275 2.0625 0.1875 0
276 2.125 0.0625 0
277 2.125 0.125 0
278 2.125 0.1875 0
279 2.1875 0.0625 0
280 2.1875 0.125 0
281 2.1875 0.1875 0
282 2.25 0.0625 0
283 2.25 0.125 0
284 2.25 0.1875 0
285 2.3125 0.0625 0
286 2.3125 0.125 0
287 2.3125 0.1875 0
288 2.375 0.0625 0
289 2.375 0.125 0
290 2.375 0.1875 0
291 2.4375 0.0625 0
292 2.4375 0.125 0
293 2.4375 0.1875 0
294 0.0625 0.03125 0
295 0.03125 0.0625 0
296 0.03125 0.03125 0
297 0.0625 0.09375 0
298 0.03125 0.125 0
299 0.03125 0.09375 0
300 0.0625 0.15625 0
301 0.03125 0.1875 0
302 0.03125 0.15625 0
303 0.0625 0.21875 0
304 0.03125 0.21875 0
305 0.125 0.03125 0
306 0.09375 0.0625 0
307 0.09375 0.03125 0
308 0.125 0.09375 0
309 0.09375 0.125 0
310 0.09375 0.09375 0
311 0.125 0.15625 0
312 0.09375 0.1875 0
313 0.09375 0.15625 0
314 0.125 0.21875 0
315 0.09375 0.21875 0
316 0.1875 0.03125 0
317 0.15625 0.0625 0
318 0.15625 0.03125 0
319 0.1875 0.09375 0
320 0.15625 0.125 0
321 0.15625 0.09375 0
322 0.1875 0.15625 0
323 0.15625 0.1875 0
324 0.15625 0.15625 0
325 0.1875 0.21875 0
326 0.15625 0.21875 0
327 0.25 0.03125 0
328 0.21875 0.0625 0
329 0.21875 0.03125 0
330 0.25 0.09375 0
331 0.21875 0.125 0
332 0.21875 0.09375 0
333 0.25 0.15625 0
334 0.21875 0.1875 0
335 0.21875 0.15625 0
336 0.25 0.21875 0
337 0.21875 0.21875 0
338 0.3125 0.03125 0
339 0.28125 0.0625 0
340 0.28125 0.03125 0
341 0.3125 0.09375 0
342 0.28125 0.125 0
343 0.28125 0.09375 0
344 0.3125 0.15625 0
345 0.28125 0.1875 0
346 0.28125 0.15625 0
347 0.3125 0.21875 0
348 0.28125 0.21875 0
349 0.375 0.03125 0
350 0.34375 0.0625 0
351 0.34375 0.03125 0
352 0.375 0.09375 0
353 0.34375 0.125 0
354 0.34375 0.09375 0
355 0.375 0.15625 0
356 0.34375 0.1875 0
357 0.34375 0.15625 0
358 0.375 0.21875 0
359 0.34375 0.21875 0
360 0.4375 0.03125 0
361 0.40625 0.0625 0
362 0.40625 0.03125 0
363 0.4375 0.09375 0
364 0.40625 0.125 0
365 0.40625 0.09375 0
366 0.4375 0.15625 0
367 0.40625 0.1875 0
368 0.40625 0.15625 0
369 0.4375 0.21875 0
370 0.40625 0.21875 0
371 0.5 0.03125 0
372 0.46875 0.0625 0
373 0.46875 0.03125 0
374 0.5 0.09375 0
375 0.46875 0.125 0
376 0.46875 0.09375 0
377 0.5 0.15625 0
378 0.46875 0.1875 0
379 0.46875 0.15625 0
380 0.5 0.21875 0
381 0.46875 0.21875 0
382 0.5625 0.03125 0
383 0.53125 0.0625 0
384 0.53125 0.03125 0
385 0.5625 0.09375 0
386 0.53125 0.125 0
387 0.53125 0.09375 0
388 0.5625 0.15625 0
389 0.53125 0.1875 0
390 0.53125 0.15625 0
391 0.5625 0.21875 0
392 0.53125 0.21875 0
393 0.625 0.03125 0
394 0.59375 0.0625 0
395 0.59375 0.03125 0
396 0.625 0.09375 0
397 0.59375 0.125 0
398 0.59375 0.09375 0
399 0.625 0.15625 0
400 0.59375 0.1875 0
401 0.59375 0.15625 0
402 0.625 0.21875 0
403 0.59375 0.21875 0
404 0.6875 0.03125 0
405 0.65625 0.0625 0
406 0.65625 0.03125 0
407 0.6875 0.09375 0
408 0.65625 0.125 0
409 0.65625 0.09375 0
410 0.6875 0.15625 0
411 0.65625 0.1875 0
412 0.65625 0.15625 0
413 0.6875 0.21875 0
414 0.65625 0.21875 0
415 0.75 0.03125 0
416 0.71875 0.0625 0
417 0.71875 0.03125 0
418 0.75 0.09375 0
419 0.71875 0.125 0
420 0.71875 0.09375 0
421 0.75 0.15625 0
422 0.71875 0.1875 0
423 0.71875 0.15625 0
424 0.75 0.21875 0
425 0.71875 0.21875 0
426 0.8125 0.03125 0
427 0.78125 0.0625 0
428 0.78125 0.03125 0
429 0.8125 0.09375 0
430 0.78125 0.125 0
431 0.78125 0.09375 0
432 0.8125 0.15625 0
433 0.78125 0.1875 0
434 0.78125 0.15625 0
435 0.8125 0.21875 0
436 0.78125 0.21875 0
437 0.875 0.03125 0
438 0.84375 0.0625 0
439 0.84375 0.03125 0
440 0.875 0.09375 0
441 0.84375 0.125 0
442 0.84375 0.09375 0
443 0.875 0.15625 0
444 0.84375 0.1875 0
445 0.84375 0.15625 0
446 0.875 0.21875 0
447 0.84375 0.21875 0
448 0.9375 0.03125 0
449 0.90625 0.0625 0
450 0.90625 0.03125 0
451 0.9375 0.09375 0
452 0.90625 0.125 0
453 0.90625 0.09375 0
454 0.9375 0.15625 0
455 0.90625 0.1875 0
456 0.90625 0.15625 0
457 0.9375 0.21875 0
458 0.90625 0.21875 0
459 1 0.03125 0
460 0.96875 0.0625 0
461 0.96875 0.03125 0
462 1 0.09375 0
463 0.96875 0.125 0
464 0.96875 0.09375 0
465 1 0.15625 0
466 0.96875 0.1875 0
467 0.96875 0.15625 0
468 1 0.21875 0
469 0.96875 0.21875 0
470 1.0625 0.03125 0
471 1.03125 0.0625 0
472 1.03125 0.03125 0
473 1.0625 0.09375 0
474 1.03125 0.125 0
475 1.03125 0.09375 0
476 1.0625 0.15625 0
477 1.03125 0.1875 0
478 1.03125 0.15625 0
479 1.0625 0.21875 0
480 1.03125 0.21875 0
481 1.125 0.03125 0
482 1.09375 0.0625 0
483 1.09375 0.03125 0
484 1.125 0.09375 0
485 1.09375 0.125 0
486 1.09375 0.09375 0
487 1.125 0.15625 0
488 1.09375 0.1875 0
489 1.09375 0.15625 0
490 1.125 0.21875 0
491 1.09375 0.21875 0
492 1.1875 0.03125 0
493 1.15625 0.0625 0
494 1.15625 0.03125 0
495 1.1875 0.09375 0
496 1.15625 0.125 0
497 1.15625 0.09375 0
498 1.1875 0.15625 0
499 1.15625 0.1875 0
500 1.15625 0.15625 0
501 1.1875 0.21875 0
502 1.15625 0.21875 0
503 1.25 0.03125 0
504 1.21875 0.0625 0
505 1.21875 0.03125 0
506 1.25 0.09375 0
507 1.21875 0.125 0
508 1.21875 0.09375 0
509 1.25 0.15625 0
510 1.21875 0.1875 0
511 1.21875 0.15625 0
512 1.25 0.21875 0
513 1.21875 0.21875 0
514 1.3125 0.03125 0
515 1.28125 0.0625 0
516 1.28125 0.03125 0
517 1.3125 0.09375 0
518 1.28125 0.125 0
519 1.28125 0.09375 0
520 1.3125 0.15625 0
521 1.28125 0.1875 0
522 1.28125 0.15625 0
523 1.3125 0.21875 0
524 1.28125 0.21875 0
525 1.375 0.03125 0
526 1.34375 0.0625 0
527 1.34375 0.03125 0
528 1.375 0.09375 0
529 1.34375 0.125 0
530 1.34375 0.09375 0
531 1.375 0.15625 0
532 1.34375 0.1875 0
533 1.34375 0.15625 0
534 1.375 0.21875 0
535 1.34375 0.21875 0
536 1.4375 0.03125 0
537 1.40625 0.0625 0
538 1.40625 0.03125 0
539 1.4375 0.09375 0
540 1.40625 0.125 0
541 1.40625 0.09375 0
542 1.4375 0.15625 0
543 1.40625 0.1875 0
544 1.40625 0.15625 0
545 1.4375 0.21875 0
546 1.40625 0.21875 0
547 1.5 0.03125 0
548 1.46875 0.0625 0
549 1.46875 0.03125 0
550 1.5 0.09375 0
551 1.46875 0.125 0
552 1.46875 0.09375 0
553 1.5 0.15625 0
554 1.46875 0.1875 0
555 1.46875 0.15625 0
556 1.5 0.21875 0
557 1.46875 0.21875 0
558 1.5625 0.03125 0
559 1.53125 0.0625 0
560 1.53125 0.03125 0
561 1.5625 0.09375 0
562 1.53125 0.125 0
563 1.53125 0.09375 0
564 1.5625 0.15625 0
565 1.53125 0.1875 0
566 1.53125 0.15625 0
567 1.5625 0.21875 0
568 1.53125 0.21875 0
569 1.625 0.03125 0
570 1.59375 0.0625 0
571 1.59375 0.03125 0
572 1.625 0.09375 0
573 1.59375 0.125 0
574 1.59375 0.09375 0
575 1.625 0.15625 0
576 1.59375 0.1875 0
577 1.59375 0.15625 0
578 1.625 0.21875 0
579 1.59375 0.21875 0
580 1.6875 0.03125 0
581 1.65625 0.0625 0
582 1.65625 0.03125 0
583 1.6875 0.09375 0
584 1.65625 0.125 0
585 1.65625 0.09375 0
586 1.6875 0.15625 0
587 1.65625 0.1875 0
588 1.65625 0.15625 0
589 1.6875 0.21875 0
590 1.65625 0.21875 0
591 1.75 0.03125 0
592 1.71875 0.0625 0
593 1.71875 0.03125 0
594 1.75 0.09375 0
595 1.71875 0.125 0
596 1.71875 0.09375 0
597 1.75 0.15625 0
598 1.71875 0.1875 0
599 1.71875 0.15625 0
600 1.75 0.21875 0
601 1.71875 0.21875 0
602 1.8125 0.03125 0
603 1.78125 0.0625 0
604 1.78125 0.03125 0
605 1.8125 0.09375 0
606 1.78125 0.125 0
607 1.78125 0.09375 0
608 1.8125 0.15625 0
609 1.78125 0.1875 0
610 1.78125 0.15625 0
611 1.8125 0.21875 0
612 1.78125 0.21875 0
613 1.875 0.03125 0
614 1.84375 0.0625 0
615 1.84375 0.03125 0
616 1.875 0.09375 0
617 1.84375 0.125 0
618 1.84375 0.09375 0
619 1.875 0.15625 0
620 1.84375 0.1875 0
621 1.84375 0.15625 0
622 1.875 0.21875 0
623 1.84375 0.21875 0
624 1.9375 0.03125 0
625 1.90625 0.0625 0
626 1.90625 0.03125 0
627 1.9375 0.09375 0
628 1.90625 0.125 0
629 1.90625 0.09375 0
630 1.9375 0.15625 0
631 1.90625 0.1875 0
632 1.90625 0.15625 0
633 1.9375 0.21875 0
634 1.90625 0.21875 0
635 2 0.03125 0
636 1.96875 0.0625 0
637 1.96875 0.03125 0
638 2 0.09375 0
639 1.96875 0.125 0
640 1.96875 0.09375 0
641 2 0.15625 0
642 1.96875 0.1875 0
643 1.96875 0.15625 0
644 2 0.21875 0
645 1.96875 0.21875 0
646 2.0625 0.03125 0
647 2.03125 0.0625 0
648 2.03125 0.03125 0
649 2.0625 0.09375 0
650 2.03125 0.125 0
651 2.03125 0.09375 0
652 2.0625 0.15625 0
653 2.03125 0.1875 0
654 2.03125 0.15625 0
655 2.0625 0.21875 0
656 2.03125 0.21875 0
657 2.125 0.03125 0
658 2.09375 0.0625 0
659 2.09375 0.03125 0
660 2.125 0.09375 0
661 2.09375 0.125 0
662 2.09375 0.09375 0
663 2.125 0.15625 0
664 2.09375 0.1875 0
665 2.09375 0.15625 0
666 2.125 0.21875 0
667 2.09375 0.21875 0
668 2.1875 0.03125 0
669 2.15625 0.0625 0
670 2.15625 0.03125 0
671 2.1875 0.09375 0
672 2.15625 0.125 0
673 2.15625 0.09375 0
674 2.1875 0.15625 0
675 2.15625 0.1875 0
676 2.15625 0.15625 0
677 2.1875 0.21875 0
678 2.15625 0.21875 0
679 2.25 0.03125 0
680 2.21875 0.0625 0
681 2.21875 0.03125 0
682 2.25 0.09375 0
683 2.21875 0.125 0
684 2.21875 0.09375 0
685 2.25 0.15625 0
686 2.21875 0.1875 0
687 2.21875 0.15625 0
688 2.25 0.21875 0
689 2.21875 0.21875 0
690 2.3125 0.03125 0
691 2.28125 0.0625 0
692 2.28125 0.03125 0
693 2.3125 0.09375 0
694 2.28125 0.125 0
695 2.28125 0.09375 0
696 2.3125 0.15625 0
697 2.28125 0.1875 0
698 2.28125 0.15625 0
699 2.3125 0.21875 0
700 2.28125 0.21875 0
701 2.375 0.03125 0
702 2.34375 0.0625 0
703 2.34375 0.03125 0
704 2.375 0.09375 0
705 2.34375 0.125 0
706 2.34375 0.09375 0
707 2.375 0.15625 0
708 2.34375 0.1875 0
709 2.34375 0.15625 0
710 2.375 0.21875 0
711 2.34375 0.21875 0
712 2.4375 0.03125 0
713 2.40625 0.0625 0
714 2.40625 0.03125 0
715 2.4375 0.09375 0
716 2.40625 0.125 0
717 2.40625 0.09375 0
718 2.4375 0.15625 0
719 2.40625 0.1875 0
720 2.40625 0.15625 0
721 2.4375 0.21875 0
722 2.40625 0.21875 0
723 2.46875 0.0625 0
724 2.46875 0.03125 0
725 2.46875 0.125 0
726 2.46875 0.09375 0
727 2.46875 0.1875 0
728 2.46875 0.15625 0
729 2.46875 0.21875 0
