1 0.001590377740625 0.001590377740625 0
2 0.060909622259375 0.001590377740625 0
3 0.060909622259375 0.060909622259375 0
4 0.001590377740625 0.060909622259375 0
5 0.03125 0.03125 0
6 0.00807715045 0.00807715045 0
7 0.05442284955 0.00807715045 0
8 0.05442284955 0.05442284955 0
9 0.00807715045 0.05442284955 0
10 0.01856733901875 0.01856733901875 0
11 0.04393266098125 0.01856733901875 0
12 0.04393266098125 0.04393266098125 0
13 0.01856733901875 0.04393266098125 0
14 0.001590377740625 0.03125 0
15 0.03125 0.001590377740625 0
16 0.060909622259375 0.03125 0
17 0.001590377740625 0.064090377740625 0
18 0.060909622259375 0.064090377740625 0
19 0.060909622259375 0.123409622259375 0
20 0.001590377740625 0.123409622259375 0
21 0.03125 0.09375 0
22 0.00807715045 0.07057715045 0
23 0.05442284955 0.07057715045 0
24 0.05442284955 0.11692284955 0
25 0.00807715045 0.11692284955 0
26 0.01856733901875 0.08106733901875 0
27 0.04393266098125 0.08106733901875 0
28 0.04393266098125 0.10643266098125 0
29 0.01856733901875 0.10643266098125 0
30 0.001590377740625 0.09375 0
31 0.03125 0.064090377740625 0
32 0.060909622259375 0.09375 0
33 0.001590377740625 0.126590377740625 0
34 0.060909622259375 0.126590377740625 0
35 0.060909622259375 0.185909622259375 0
36 0.001590377740625 0.185909622259375 0
37 0.03125 0.15625 0
38 0.00807715045 0.13307715045 0
39 0.05442284955 0.13307715045 0
40 0.05442284955 0.17942284955 0
41 0.00807715045 0.17942284955 0
42 0.01856733901875 0.14356733901875 0
43 0.04393266098125 0.14356733901875 0
44 0.04393266098125 0.16893266098125 0
45 0.01856733901875 0.16893266098125 0
46 0.001590377740625 0.15625 0
47 0.03125 0.126590377740625 0
48 0.060909622259375 0.15625 0
49 0.001590377740625 0.189090377740625 0
50 0.060909622259375 0.189090377740625 0
51 0.060909622259375 0.248409622259375 0
52 0.001590377740625 0.248409622259375 0
53 0.03125 0.21875 0
54 0.00807715045 0.19557715045 0
55 0.05442284955 0.19557715045 0
56 0.05442284955 0.24192284955 0
57 0.00807715045 0.24192284955 0
58 0.01856733901875 0.20606733901875 0
59 0.04393266098125 0.20606733901875 0
60 0.04393266098125 0.23143266098125 0
61 0.01856733901875 0.23143266098125 0
62 0.001590377740625 0.21875 0
63 0.03125 0.189090377740625 0
64 0.060909622259375 0.21875 0
65 0.064090377740625 0.001590377740625 0
66 0.123409622259375 0.001590377740625 0
67 0.123409622259375 0.060909622259375 0
68 0.064090377740625 0.060909622259375 0
69 0.09375 0.03125 0
70 0.07057715045 0.00807715045 0
71 0.11692284955 0.00807715045 0
72 0.11692284955 0.05442284955 0
73 0.07057715045 0.05442284955 0
74 0.08106733901875 0.01856733901875 0
75 0.10643266098125 0.01856733901875 0
76 0.10643266098125 0.04393266098125 0
77 0.08106733901875 0.04393266098125 0
78 0.064090377740625 0.03125 0
79 0.09375 0.001590377740625 0
80 0.123409622259375 0.03125 0
81 0.064090377740625 0.064090377740625 0
82 0.123409622259375 0.064090377740625 0
83 0.123409622259375 0.123409622259375 0
84 0.064090377740625 0.123409622259375 0
85 0.09375 0.09375 0
86 0.07057715045 0.07057715045 0
87 0.11692284955 0.07057715045 0
88 0.11692284955 0.11692284955 0
89 0.07057715045 0.11692284955 0
90 0.08106733901875 0.08106733901875 0
91 0.10643266098125 0.08106733901875 0
92 0.10643266098125 0.10643266098125 0
93 0.08106733901875 0.10643266098125 0
94 0.064090377740625 0.09375 0
95 0.09375 0.064090377740625 0
96 0.123409622259375 0.09375 0
97 0.064090377740625 0.126590377740625 0
98 0.123409622259375 0.126590377740625 0
99 0.123409622259375 0.185909622259375 0
100 0.064090377740625 0.185909622259375 0
101 0.09375 0.15625 0
102 0.07057715045 0.13307715045 0
103 0.11692284955 0.13307715045 0
104 0.11692284955 0.17942284955 0
105 0.07057715045 0.17942284955 0
106 0.08106733901875 0.14356733901875 0
107 0.10643266098125 0.14356733901875 0
108 0.10643266098125 0.16893266098125 0
109 0.08106733901875 0.16893266098125 0
110 0.064090377740625 0.15625 0
111 0.09375 0.126590377740625 0
112 0.123409622259375 0.15625 0
113 0.064090377740625 0.189090377740625 0
114 0.123409622259375 0.189090377740625 0
115 0.123409622259375 0.248409622259375 0
116 0.064090377740625 0.248409622259375 0
117 0.09375 0.21875 0
118 0.07057715045 0.19557715045 0
119 0.11692284955 0.19557715045 0
120 0.11692284955 0.24192284955 0
121 0.07057715045 0.24192284955 0
122 0.08106733901875 0.20606733901875 0
123 0.10643266098125 0.20606733901875 0
124 0.10643266098125 0.23143266098125 0
125 0.08106733901875 0.23143266098125 0
126 0.064090377740625 0.21875 0
127 0.09375 0.189090377740625 0
128 0.123409622259375 0.21875 0
129 0.126590377740625 0.001590377740625 0
130 0.185909622259375 0.001590377740625 0
131 0.185909622259375 0.060909622259375 0
132 0.126590377740625 0.060909622259375 0
133 0.15625 0.03125 0
134 0.13307715045 0.00807715045 0
135 0.17942284955 0.00807715045 0
136 0.17942284955 0.05442284955 0
137 0.13307715045 0.05442284955 0
138 0.14356733901875 0.01856733901875 0
139 0.16893266098125 0.01856733901875 0
140 0.16893266098125 0.04393266098125 0
141 0.14356733901875 0.04393266098125 0
142 0.126590377740625 0.03125 0
143 0.15625 0.001590377740625 0
144 0.185909622259375 0.03125 0
145 0.126590377740625 0.064090377740625 0
146 0.185909622259375 0.064090377740625 0
147 0.185909622259375 0.123409622259375 0
148 0.126590377740625 0.123409622259375 0
149 0.15625 0.09375 0
150 0.13307715045 0.07057715045 0
151 0.17942284955 0.07057715045 0
152 0.17942284955 0.11692284955 0
153 0.13307715045 0.11692284955 0
154 0.14356733901875 0.08106733901875 0
155 0.16893266098125 0.08106733901875 0
156 0.16893266098125 0.10643266098125 0
157 0.14356733901875 0.10643266098125 0
158 0.126590377740625 0.09375 0
159 0.15625 0.064090377740625 0
160 0.185909622259375 0.09375 0
161 0.126590377740625 0.126590377740625 0
162 0.185909622259375 0.126590377740625 0
163 0.185909622259375 0.185909622259375 0
164 0.126590377740625 0.185909622259375 0
165 0.15625 0.15625 0
166 0.13307715045 0.13307715045 0
167 0.17942284955 0.13307715045 0
168 0.17942284955 0.17942284955 0
169 0.13307715045 0.17942284955 0
170 0.14356733901875 0.14356733901875 0
171 0.16893266098125 0.14356733901875 0
172 0.16893266098125 0.16893266098125 0
173 0.14356733901875 0.16893266098125 0
174 0.126590377740625 0.15625 0
175 0.15625 0.126590377740625 0
176 0.185909622259375 0.15625 0
177 0.126590377740625 0.189090377740625 0
178 0.185909622259375 0.189090377740625 0
179 0.185909622259375 0.248409622259375 0
180 0.126590377740625 0.248409622259375 0
181 0.15625 0.21875 0
182 0.13307715045 0.19557715045 0
183 0.17942284955 0.19557715045 0
184 0.17942284955 0.24192284955 0
185 0.13307715045 0.24192284955 0
186 0.14356733901875 0.20606733901875 0
187 0.16893266098125 0.20606733901875 0
188 0.16893266098125 0.23143266098125 0
189 0.14356733901875 0.23143266098125 0
190 0.126590377740625 0.21875 0
191 0.15625 0.189090377740625 0
192 0.185909622259375 0.21875 0
193 0.189090377740625 0.001590377740625 0
194 0.248409622259375 0.001590377740625 0
195 0.248409622259375 0.060909622259375 0
196 0.189090377740625 0.060909622259375 0
197 0.21875 0.03125 0
198 0.19557715045 0.00807715045 0
199 0.24192284955 0.00807715045 0
200 0.24192284955 0.05442284955 0
201 0.19557715045 0.05442284955 0
202 0.20606733901875 0.01856733901875 0
203 0.23143266098125 0.01856733901875 0
204 0.23143266098125 0.04393266098125 0
205 0.20606733901875 0.04393266098125 0
206 0.189090377740625 0.03125 0
207 0.21875 0.001590377740625 0
208 0.248409622259375 0.03125 0
209 0.189090377740625 0.064090377740625 0
210 0.248409622259375 0.064090377740625 0
211 0.248409622259375 0.123409622259375 0
212 0.189090377740625 0.123409622259375 0
213 0.21875 0.09375 0
214 0.19557715045 0.07057715045 0
215 0.24192284955 0.07057715045 0
216 0.24192284955 0.11692284955 0
217 0.19557715045 0.11692284955 0
218 0.20606733901875 0.08106733901875 0
219 0.23143266098125 0.08106733901875 0
220 0.23143266098125 0.10643266098125 0
221 0.20606733901875 0.10643266098125 0
222 0.189090377740625 0.09375 0
223 0.21875 0.064090377740625 0
224 0.248409622259375 0.09375 0
225 0.189090377740625 0.126590377740625 0
226 0.248409622259375 0.126590377740625 0
227 0.248409622259375 0.185909622259375 0
228 0.189090377740625 0.185909622259375 0
229 0.21875 0.15625 0
230 0.19557715045 0.13307715045 0
231 0.24192284955 0.13307715045 0
232 0.24192284955 0.17942284955 0
233 0.19557715045 0.17942284955 0
234 0.20606733901875 0.14356733901875 0
235 0.23143266098125 0.14356733901875 0
236 0.23143266098125 0.16893266098125 0
237 0.20606733901875 0.16893266098125 0
238 0.189090377740625 0.15625 0
239 0.21875 0.126590377740625 0
240 0.248409622259375 0.15625 0
241 0.189090377740625 0.189090377740625 0
242 0.248409622259375 0.189090377740625 0
243 0.248409622259375 0.248409622259375 0
244 0.189090377740625 0.248409622259375 0
245 0.21875 0.21875 0
246 0.19557715045 0.19557715045 0
247 0.24192284955 0.19557715045 0
248 0.24192284955 0.24192284955 0
249 0.19557715045 0.24192284955 0
250 0.20606733901875 0.20606733901875 0
251 0.23143266098125 0.20606733901875 0
252 0.23143266098125 0.23143266098125 0
253 0.20606733901875 0.23143266098125 0
254 0.189090377740625 0.21875 0
255 0.21875 0.189090377740625 0
256 0.248409622259375 0.21875 0
257 0.251590377740625 0.001590377740625 0
258 0.310909622259375 0.001590377740625 0
259 0.310909622259375 0.060909622259375 0
260 0.251590377740625 0.060909622259375 0
261 0.28125 0.03125 0
262 0.25807715045 0.00807715045 0
263 0.30442284955 0.00807715045 0
264 0.30442284955 0.05442284955 0
265 0.25807715045 0.05442284955 0
266 0.26856733901875 0.01856733901875 0
267 0.29393266098125 0.01856733901875 0
268 0.29393266098125 0.04393266098125 0
269 0.26856733901875 0.04393266098125 0
270 0.251590377740625 0.03125 0
271 0.28125 0.001590377740625 0
272 0.310909622259375 0.03125 0
273 0.251590377740625 0.064090377740625 0
274 0.310909622259375 0.064090377740625 0
275 0.310909622259375 0.123409622259375 0
276 0.251590377740625 0.123409622259375 0
277 0.28125 0.09375 0
278 0.25807715045 0.07057715045 0
279 0.30442284955 0.07057715045 0
280 0.30442284955 0.11692284955 0
281 0.25807715045 0.11692284955 0
282 0.26856733901875 0.08106733901875 0
283 0.29393266098125 0.08106733901875 0
284 0.29393266098125 0.10643266098125 0
285 0.26856733901875 0.10643266098125 0
286 0.251590377740625 0.09375 0
287 0.28125 0.064090377740625 0
288 0.310909622259375 0.09375 0
289 0.251590377740625 0.126590377740625 0
290 0.310909622259375 0.126590377740625 0
291 0.310909622259375 0.185909622259375 0
292 0.251590377740625 0.185909622259375 0
293 0.28125 0.15625 0
294 0.25807715045 0.13307715045 0
295 0.30442284955 0.13307715045 0
296 0.30442284955 0.17942284955 0
297 0.25807715045 0.17942284955 0
298 0.26856733901875 0.14356733901875 0
299 0.29393266098125 0.14356733901875 0
300 0.29393266098125 0.16893266098125 0
301 0.26856733901875 0.16893266098125 0
302 0.251590377740625 0.15625 0
303 0.28125 0.126590377740625 0
304 0.310909622259375 0.15625 0
305 0.251590377740625 0.189090377740625 0
306 0.310909622259375 0.189090377740625 0
307 0.310909622259375 0.248409622259375 0
308 0.251590377740625 0.248409622259375 0
309 0.28125 0.21875 0
310 0.25807715045 0.19557715045 0
311 0.30442284955 0.19557715045 0
312 0.30442284955 0.24192284955 0
313 0.25807715045 0.24192284955 0
314 0.26856733901875 0.20606733901875 0
315 0.29393266098125 0.20606733901875 0
316 0.29393266098125 0.23143266098125 0
317 0.26856733901875 0.23143266098125 0
318 0.251590377740625 0.21875 0
319 0.28125 0.189090377740625 0
320 0.310909622259375 0.21875 0
321 0.314090377740625 0.001590377740625 0
322 0.373409622259375 0.001590377740625 0
323 0.373409622259375 0.060909622259375 0
324 0.314090377740625 0.060909622259375 0
325 0.34375 0.03125 0
326 0.32057715045 0.00807715045 0
327 0.36692284955 0.00807715045 0
328 0.36692284955 0.05442284955 0
329 0.32057715045 0.05442284955 0
330 0.33106733901875 0.01856733901875 0
331 0.35643266098125 0.01856733901875 0
332 0.35643266098125 0.04393266098125 0
333 0.33106733901875 0.04393266098125 0
334 0.314090377740625 0.03125 0
335 0.34375 0.001590377740625 0
336 0.373409622259375 0.03125 0
337 0.314090377740625 0.064090377740625 0
338 0.373409622259375 0.064090377740625 0
339 0.373409622259375 0.123409622259375 0
340 0.314090377740625 0.123409622259375 0
341 0.34375 0.09375 0
342 0.32057715045 0.07057715045 0
343 0.36692284955 0.07057715045 0
344 0.36692284955 0.11692284955 0
345 0.32057715045 0.11692284955 0
346 0.33106733901875 0.08106733901875 0
347 0.35643266098125 0.08106733901875 0
348 0.35643266098125 0.10643266098125 0
349 0.33106733901875 0.10643266098125 0
350 0.314090377740625 0.09375 0
351 0.34375 0.064090377740625 0
352 0.373409622259375 0.09375 0
353 0.314090377740625 0.126590377740625 0
354 0.373409622259375 0.126590377740625 0
355 0.373409622259375 0.185909622259375 0
356 0.314090377740625 0.185909622259375 0
357 0.34375 0.15625 0
358 0.32057715045 0.13307715045 0
359 0.36692284955 0.13307715045 0
360 0.36692284955 0.17942284955 0
361 0.32057715045 0.17942284955 0
362 0.33106733901875 0.14356733901875 0
363 0.35643266098125 0.14356733901875 0
364 0.35643266098125 0.16893266098125 0
365 0.33106733901875 0.16893266098125 0
366 0.314090377740625 0.15625 0
367 0.34375 0.126590377740625 0
368 0.373409622259375 0.15625 0
369 0.314090377740625 0.189090377740625 0
370 0.373409622259375 0.189090377740625 0
371 0.373409622259375 0.248409622259375 0
372 0.314090377740625 0.248409622259375 0
373 0.34375 0.21875 0
374 0.32057715045 0.19557715045 0
375 0.36692284955 0.19557715045 0
376 0.36692284955 0.24192284955 0
377 0.32057715045 0.24192284955 0
378 0.33106733901875 0.20606733901875 0
379 0.35643266098125 0.20606733901875 0
380 0.35643266098125 0.23143266098125 0
381 0.33106733901875 0.23143266098125 0
382 0.314090377740625 0.21875 0
383 0.34375 0.189090377740625 0
384 0.373409622259375 0.21875 0
385 0.376590377740625 0.001590377740625 0
386 0.435909622259375 0.001590377740625 0
387 0.435909622259375 0.060909622259375 0
388 0.376590377740625 0.060909622259375 0
389 0.40625 0.03125 0
390 0.38307715045 0.00807715045 0
391 0.42942284955 0.00807715045 0
392 0.42942284955 0.05442284955 0
393 0.38307715045 0.05442284955 0
394 0.39356733901875 0.01856733901875 0
395 0.41893266098125 0.01856733901875 0
396 0.41893266098125 0.04393266098125 0
397 0.39356733901875 0.04393266098125 0
398 0.376590377740625 0.03125 0
399 0.40625 0.001590377740625 0
400 0.435909622259375 0.03125 0
401 0.376590377740625 0.064090377740625 0
402 0.435909622259375 0.064090377740625 0
403 0.435909622259375 0.123409622259375 0
404 0.376590377740625 0.123409622259375 0
405 0.40625 0.09375 0
406 0.38307715045 0.07057715045 0
407 0.42942284955 0.07057715045 0
408 0.42942284955 0.11692284955 0
409 0.38307715045 0.11692284955 0
410 0.39356733901875 0.08106733901875 0
411 0.41893266098125 0.08106733901875 0
412 0.41893266098125 0.10643266098125 0
413 0.39356733901875 0.10643266098125 0
414 0.376590377740625 0.09375 0
415 0.40625 0.064090377740625 0
416 0.435909622259375 0.09375 0
417 0.376590377740625 0.126590377740625 0
418 0.435909622259375 0.126590377740625 0
419 0.435909622259375 0.185909622259375 0
420 0.376590377740625 0.185909622259375 0
421 0.40625 0.15625 0
422 0.38307715045 0.13307715045 0
423 0.42942284955 0.13307715045 0
424 0.42942284955 0.17942284955 0
425 0.38307715045 0.17942284955 0
426 0.39356733901875 0.14356733901875 0
427 0.41893266098125 0.14356733901875 0
428 0.41893266098125 0.16893266098125 0
429 0.39356733901875 0.16893266098125 0
430 0.376590377740625 0.15625 0
431 0.40625 0.126590377740625 0
432 0.435909622259375 0.15625 0
433 0.376590377740625 0.189090377740625 0
434 0.435909622259375 0.189090377740625 0
435 0.435909622259375 0.248409622259375 0
436 0.376590377740625 0.248409622259375 0
437 0.40625 0.21875 0
438 0.38307715045 0.19557715045 0
439 0.42942284955 0.19557715045 0
440 0.42942284955 0.24192284955 0
441 0.38307715045 0.24192284955 0
442 0.39356733901875 0.20606733901875 0
443 0.41893266098125 0.20606733901875 0
444 0.41893266098125 0.23143266098125 0
445 0.39356733901875 0.23143266098125 0
446 0.376590377740625 0.21875 0
447 0.40625 0.189090377740625 0
448 0.435909622259375 0.21875 0
449 0.439090377740625 0.001590377740625 0
450 0.498409622259375 0.001590377740625 0
451 0.498409622259375 0.060909622259375 0
452 0.439090377740625 0.060909622259375 0
453 0.46875 0.03125 0
454 0.44557715045 0.00807715045 0
455 0.49192284955 0.00807715045 0
456 0.49192284955 0.05442284955 0
457 0.44557715045 0.05442284955 0
458 0.45606733901875 0.01856733901875 0
459 0.48143266098125 0.01856733901875 0
460 0.48143266098125 0.04393266098125 0
461 0.45606733901875 0.04393266098125 0
462 0.439090377740625 0.03125 0
463 0.46875 0.001590377740625 0
464 0.498409622259375 0.03125 0
465 0.439090377740625 0.064090377740625 0
466 0.498409622259375 0.064090377740625 0
467 0.498409622259375 0.123409622259375 0
468 0.439090377740625 0.123409622259375 0
469 0.46875 0.09375 0
470 0.44557715045 0.07057715045 0
471 0.49192284955 0.07057715045 0
472 0.49192284955 0.11692284955 0
473 0.44557715045 0.11692284955 0
474 0.45606733901875 0.08106733901875 0
475 0.48143266098125 0.08106733901875 0
476 0.48143266098125 0.10643266098125 0
477 0.45606733901875 0.10643266098125 0
478 0.439090377740625 0.09375 0
479 0.46875 0.064090377740625 0
480 0.498409622259375 0.09375 0
481 0.439090377740625 0.126590377740625 0
482 0.498409622259375 0.126590377740625 0
483 0.498409622259375 0.185909622259375 0
484 0.439090377740625 0.185909622259375 0
485 0.46875 0.15625 0
486 0.44557715045 0.13307715045 0
487 0.49192284955 0.13307715045 0
488 0.49192284955 0.17942284955 0
489 0.44557715045 0.17942284955 0
490 0.45606733901875 0.14356733901875 0
491 0.48143266098125 0.14356733901875 0
492 0.48143266098125 0.16893266098125 0
493 0.45606733901875 0.16893266098125 0
494 0.439090377740625 0.15625 0
495 0.46875 0.126590377740625 0
496 0.498409622259375 0.15625 0
497 0.439090377740625 0.189090377740625 0
498 0.498409622259375 0.189090377740625 0
499 0.498409622259375 0.248409622259375 0
500 0.439090377740625 0.248409622259375 0
501 0.46875 0.21875 0
502 0.44557715045 0.19557715045 0
503 0.49192284955 0.19557715045 0
504 0.49192284955 0.24192284955 0
505 0.44557715045 0.24192284955 0
506 0.45606733901875 0.20606733901875 0
507 0.48143266098125 0.20606733901875 0
508 0.48143266098125 0.23143266098125 0
509 0.45606733901875 0.23143266098125 0
510 0.439090377740625 0.21875 0
511 0.46875 0.189090377740625 0
512 0.498409622259375 0.21875 0
513 0.501590377740625 0.001590377740625 0
514 0.560909622259375 0.001590377740625 0
515 0.560909622259375 0.060909622259375 0
516 0.501590377740625 0.060909622259375 0
517 0.53125 0.03125 0
518 0.50807715045 0.00807715045 0
519 0.55442284955 0.00807715045 0
520 0.55442284955 0.05442284955 0
521 0.50807715045 0.05442284955 0
522 0.51856733901875 0.01856733901875 0
523 0.54393266098125 0.01856733901875 0
524 0.54393266098125 0.04393266098125 0
525 0.51856733901875 0.04393266098125 0
526 0.501590377740625 0.03125 0
527 0.53125 0.001590377740625 0
528 0.560909622259375 0.03125 0
529 0.501590377740625 0.064090377740625 0
530 0.560909622259375 0.064090377740625 0
531 0.560909622259375 0.123409622259375 0
532 0.501590377740625 0.123409622259375 0
533 0.53125 0.09375 0
534 0.50807715045 0.07057715045 0
535 0.55442284955 0.07057715045 0
536 0.55442284955 0.11692284955 0
537 0.50807715045 0.11692284955 0
538 0.51856733901875 0.08106733901875 0
539 0.54393266098125 0.08106733901875 0
540 0.54393266098125 0.10643266098125 0
541 0.51856733901875 0.10643266098125 0
542 0.501590377740625 0.09375 0
543 0.53125 0.064090377740625 0
544 0.560909622259375 0.09375 0
545 0.501590377740625 0.126590377740625 0
546 0.560909622259375 0.126590377740625 0
547 0.560909622259375 0.185909622259375 0
548 0.501590377740625 0.185909622259375 0
549 0.53125 0.15625 0
550 0.50807715045 0.13307715045 0
551 0.55442284955 0.13307715045 0
552 0.55442284955 0.17942284955 0
553 0.50807715045 0.17942284955 0
554 0.51856733901875 0.14356733901875 0
555 0.54393266098125 0.14356733901875 0
556 0.54393266098125 0.16893266098125 0
557 0.51856733901875 0.16893266098125 0
558 0.501590377740625 0.15625 0
559 0.53125 0.126590377740625 0
560 0.560909622259375 0.15625 0
561 0.501590377740625 0.189090377740625 0
562 0.560909622259375 0.189090377740625 0
563 0.560909622259375 0.248409622259375 0
564 0.501590377740625 0.248409622259375 0
565 0.53125 0.21875 0
566 0.50807715045 0.19557715045 0
567 0.55442284955 0.19557715045 0
568 0.55442284955 0.24192284955 0
569 0.50807715045 0.24192284955 0
570 0.51856733901875 0.20606733901875 0
571 0.54393266098125 0.20606733901875 0
572 0.54393266098125 0.23143266098125 0
573 0.51856733901875 0.23143266098125 0
574 0.501590377740625 0.21875 0
575 0.53125 0.189090377740625 0
576 0.560909622259375 0.21875 0
577 0.564090377740625 0.001590377740625 0
578 0.623409622259375 0.001590377740625 0
579 0.623409622259375 0.060909622259375 0
580 0.564090377740625 0.060909622259375 0
581 0.59375 0.03125 0
582 0.57057715045 0.00807715045 0
583 0.61692284955 0.00807715045 0
584 0.61692284955 0.05442284955 0
585 0.57057715045 0.05442284955 0
586 0.58106733901875 0.01856733901875 0
587 0.60643266098125 0.01856733901875 0
588 0.60643266098125 0.04393266098125 0
589 0.58106733901875 0.04393266098125 0
590 0.564090377740625 0.03125 0
591 0.59375 0.001590377740625 0
592 0.623409622259375 0.03125 0
593 0.564090377740625 0.064090377740625 0
594 0.623409622259375 0.064090377740625 0
595 0.623409622259375 0.123409622259375 0
596 0.564090377740625 0.123409622259375 0
597 0.59375 0.09375 0
598 0.57057715045 0.07057715045 0
599 0.61692284955 0.07057715045 0
600 0.61692284955 0.11692284955 0
601 0.57057715045 0.11692284955 0
602 0.58106733901875 0.08106733901875 0
603 0.60643266098125 0.08106733901875 0
604 0.60643266098125 0.10643266098125 0
605 0.58106733901875 0.10643266098125 0
606 0.564090377740625 0.09375 0
607 0.59375 0.064090377740625 0
608 0.623409622259375 0.09375 0
609 0.564090377740625 0.126590377740625 0
610 0.623409622259375 0.126590377740625 0
611 0.623409622259375 0.185909622259375 0
612 0.564090377740625 0.185909622259375 0
613 0.59375 0.15625 0
614 0.57057715045 0.13307715045 0
615 0.61692284955 0.13307715045 0
616 0.61692284955 0.17942284955 0
617 0.57057715045 0.17942284955 0
618 0.58106733901875 0.14356733901875 0
619 0.60643266098125 0.14356733901875 0
620 0.60643266098125 0.16893266098125 0
621 0.58106733901875 0.16893266098125 0
622 0.564090377740625 0.15625 0
623 0.59375 0.126590377740625 0
624 0.623409622259375 0.15625 0
625 0.564090377740625 0.189090377740625 0
626 0.623409622259375 0.189090377740625 0
627 0.623409622259375 0.248409622259375 0
628 0.564090377740625 0.248409622259375 0
629 0.59375 0.21875 0
630 0.57057715045 0.19557715045 0
631 0.61692284955 0.19557715045 0
632 0.61692284955 0.24192284955 0
633 0.57057715045 0.24192284955 0
634 0.58106733901875 0.20606733901875 0
635 0.60643266098125 0.20606733901875 0
636 0.60643266098125 0.23143266098125 0
637 0.58106733901875 0.23143266098125 0
638 0.564090377740625 0.21875 0
639 0.59375 0.189090377740625 0
640 0.623409622259375 0.21875 0
641 0.626590377740625 0.001590377740625 0
642 0.685909622259375 0.001590377740625 0
643 0.685909622259375 0.060909622259375 0
644 0.626590377740625 0.060909622259375 0
645 0.65625 0.03125 0
646 0.63307715045 0.00807715045 0
647 0.67942284955 0.00807715045 0
648 0.67942284955 0.05442284955 0
649 0.63307715045 0.05442284955 0
650 0.64356733901875 0.01856733901875 0
651 0.66893266098125 0.01856733901875 0
652 0.66893266098125 0.04393266098125 0
653 0.64356733901875 0.04393266098125 0
654 0.626590377740625 0.03125 0
655 0.65625 0.001590377740625 0
656 0.685909622259375 0.03125 0
657 0.626590377740625 0.064090377740625 0
658 0.685909622259375 0.064090377740625 0
659 0.685909622259375 0.123409622259375 0
660 0.626590377740625 0.123409622259375 0
661 0.65625 0.09375 0
662 0.63307715045 0.07057715045 0
663 0.67942284955 0.07057715045 0
664 0.67942284955 0.11692284955 0
665 0.63307715045 0.11692284955 0
666 0.64356733901875 0.08106733901875 0
667 0.66893266098125 0.08106733901875 0
668 0.66893266098125 0.10643266098125 0
669 0.64356733901875 0.10643266098125 0
670 0.626590377740625 0.09375 0
671 0.65625 0.064090377740625 0
672 0.685909622259375 0.09375 0
673 0.626590377740625 0.126590377740625 0
674 0.685909622259375 0.126590377740625 0
675 0.685909622259375 0.185909622259375 0
676 0.626590377740625 0.185909622259375 0
677 0.65625 0.15625 0
678 0.63307715045 0.13307715045 0
679 0.67942284955 0.13307715045 0
680 0.67942284955 0.17942284955 0
681 0.63307715045 0.17942284955 0
682 0.64356733901875 0.14356733901875 0
683 0.66893266098125 0.14356733901875 0
684 0.66893266098125 0.16893266098125 0
685 0.64356733901875 0.16893266098125 0
686 0.626590377740625 0.15625 0
687 0.65625 0.126590377740625 0
688 0.685909622259375 0.15625 0
689 0.626590377740625 0.189090377740625 0
690 0.685909622259375 0.189090377740625 0
691 0.685909622259375 0.248409622259375 0
692 0.626590377740625 0.248409622259375 0
693 0.65625 0.21875 0
694 0.63307715045 0.19557715045 0
695 0.67942284955 0.19557715045 0
696 0.67942284955 0.24192284955 0
697 0.63307715045 0.24192284955 0
698 0.64356733901875 0.20606733901875 0
699 0.66893266098125 0.20606733901875 0
700 0.66893266098125 0.23143266098125 0
701 0.64356733901875 0.23143266098125 0
702 0.626590377740625 0.21875 0
703 0.65625 0.189090377740625 0
704 0.685909622259375 0.21875 0
705 0.689090377740625 0.001590377740625 0
706 0.748409622259375 0.001590377740625 0
707 0.748409622259375 0.060909622259375 0
708 0.689090377740625 0.060909622259375 0
709 0.71875 0.03125 0
710 0.69557715045 0.00807715045 0
711 0.74192284955 0.00807715045 0
712 0.74192284955 0.05442284955 0
713 0.69557715045 0.05442284955 0
714 0.70606733901875 0.01856733901875 0
715 0.73143266098125 0.01856733901875 0
716 0.73143266098125 0.04393266098125 0
717 0.70606733901875 0.04393266098125 0
718 0.689090377740625 0.03125 0
719 0.71875 0.001590377740625 0
720 0.748409622259375 0.03125 0
721 0.689090377740625 0.064090377740625 0
722 0.748409622259375 0.064090377740625 0
723 0.748409622259375 0.123409622259375 0
724 0.689090377740625 0.123409622259375 0
725 0.71875 0.09375 0
726 0.69557715045 0.07057715045 0
727 0.74192284955 0.07057715045 0
728 0.74192284955 0.11692284955 0
729 0.69557715045 0.11692284955 0
730 0.70606733901875 0.08106733901875 0
731 0.73143266098125 0.08106733901875 0
732 0.73143266098125 0.10643266098125 0
733 0.70606733901875 0.10643266098125 0
734 0.689090377740625 0.09375 0
735 0.71875 0.064090377740625 0
736 0.748409622259375 0.09375 0
737 0.689090377740625 0.126590377740625 0
738 0.748409622259375 0.126590377740625 0
739 0.748409622259375 0.185909622259375 0
740 0.689090377740625 0.185909622259375 0
741 0.71875 0.15625 0
742 0.69557715045 0.13307715045 0
743 0.74192284955 0.13307715045 0
744 0.74192284955 0.17942284955 0
745 0.69557715045 0.17942284955 0
746 0.70606733901875 0.14356733901875 0
747 0.73143266098125 0.14356733901875 0
748 0.73143266098125 0.16893266098125 0
749 0.70606733901875 0.16893266098125 0
750 0.689090377740625 0.15625 0
751 0.71875 0.126590377740625 0
752 0.748409622259375 0.15625 0
753 0.689090377740625 0.189090377740625 0
754 0.748409622259375 0.189090377740625 0
755 0.748409622259375 0.248409622259375 0
756 0.689090377740625 0.248409622259375 0
757 0.71875 0.21875 0
758 0.69557715045 0.19557715045 0
759 0.74192284955 0.19557715045 0
760 0.74192284955 0.24192284955 0
761 0.69557715045 0.24192284955 0
762 0.70606733901875 0.20606733901875 0
763 0.73143266098125 0.20606733901875 0
764 0.73143266098125 0.23143266098125 0
765 0.70606733901875 0.23143266098125 0
766 0.689090377740625 0.21875 0
767 0.71875 0.189090377740625 0
768 0.748409622259375 0.21875 0
769 0.751590377740625 0.001590377740625 0
770 0.810909622259375 0.001590377740625 0
771 0.810909622259375 0.060909622259375 0
772 0.751590377740625 0.060909622259375 0
773 0.78125 0.03125 0
774 0.75807715045 0.00807715045 0
775 0.80442284955 0.00807715045 0
776 0.80442284955 0.05442284955 0
777 0.75807715045 0.05442284955 0
778 0.76856733901875 0.01856733901875 0
779 0.79393266098125 0.01856733901875 0
780 0.79393266098125 0.04393266098125 0
781 0.76856733901875 0.04393266098125 0
782 0.751590377740625 0.03125 0
783 0.78125 0.001590377740625 0
784 0.810909622259375 0.03125 0
785 0.751590377740625 0.064090377740625 0
786 0.810909622259375 0.064090377740625 0
787 0.810909622259375 0.123409622259375 0
788 0.751590377740625 0.123409622259375 0
789 0.78125 0.09375 0
790 0.75807715045 0.07057715045 0
791 0.80442284955 0.07057715045 0
792 0.80442284955 0.11692284955 0
793 0.75807715045 0.11692284955 0
794 0.76856733901875 0.08106733901875 0
795 0.79393266098125 0.08106733901875 0
796 0.79393266098125 0.10643266098125 0
797 0.76856733901875 0.10643266098125 0
798 0.751590377740625 0.09375 0
799 0.78125 0.064090377740625 0
800 0.810909622259375 0.09375 0
801 0.751590377740625 0.126590377740625 0
802 0.810909622259375 0.126590377740625 0
803 0.810909622259375 0.185909622259375 0
804 0.751590377740625 0.185909622259375 0
805 0.78125 0.15625 0
806 0.75807715045 0.13307715045 0
807 0.80442284955 0.13307715045 0
808 0.80442284955 0.17942284955 0
809 0.75807715045 0.17942284955 0
810 0.76856733901875 0.14356733901875 0
811 0.79393266098125 0.14356733901875 0
812 0.79393266098125 0.16893266098125 0
813 0.76856733901875 0.16893266098125 0
814 0.751590377740625 0.15625 0
815 0.78125 0.126590377740625 0
816 0.810909622259375 0.15625 0
817 0.751590377740625 0.189090377740625 0
818 0.810909622259375 0.189090377740625 0
819 0.810909622259375 0.248409622259375 0
820 0.751590377740625 0.248409622259375 0
821 0.78125 0.21875 0
822 0.75807715045 0.19557715045 0
823 0.80442284955 0.19557715045 0
824 0.80442284955 0.24192284955 0
825 0.75807715045 0.24192284955 0
826 0.76856733901875 0.20606733901875 0
827 0.79393266098125 0.20606733901875 0
828 0.79393266098125 0.23143266098125 0
829 0.76856733901875 0.23143266098125 0
830 0.751590377740625 0.21875 0
831 0.78125 0.189090377740625 0
832 0.810909622259375 0.21875 0
833 0.814090377740625 0.001590377740625 0
834 0.873409622259375 0.001590377740625 0
835 0.873409622259375 0.060909622259375 0
836 0.814090377740625 0.060909622259375 0
837 0.84375 0.03125 0
838 0.82057715045 0.00807715045 0
839 0.86692284955 0.00807715045 0
840 0.86692284955 0.05442284955 0
841 0.82057715045 0.05442284955 0
842 0.83106733901875 0.01856733901875 0
843 0.85643266098125 0.01856733901875 0
844 0.85643266098125 0.04393266098125 0
845 0.83106733901875 0.04393266098125 0
846 0.814090377740625 0.03125 0
847 0.84375 0.001590377740625 0
848 0.873409622259375 0.03125 0
849 0.814090377740625 0.064090377740625 0
850 0.873409622259375 0.064090377740625 0
851 0.873409622259375 0.123409622259375 0
852 0.814090377740625 0.123409622259375 0
853 0.84375 0.09375 0
854 0.82057715045 0.07057715045 0
855 0.86692284955 0.07057715045 0
856 0.86692284955 0.11692284955 0
857 0.82057715045 0.11692284955 0
858 0.83106733901875 0.08106733901875 0
859 0.85643266098125 0.08106733901875 0
860 0.85643266098125 0.10643266098125 0
861 0.83106733901875 0.10643266098125 0
862 0.814090377740625 0.09375 0
863 0.84375 0.064090377740625 0
864 0.873409622259375 0.09375 0
865 0.814090377740625 0.126590377740625 0
866 0.873409622259375 0.126590377740625 0
867 0.873409622259375 0.185909622259375 0
868 0.814090377740625 0.185909622259375 0
869 0.84375 0.15625 0
870 0.82057715045 0.13307715045 0
871 0.86692284955 0.13307715045 0
872 0.86692284955 0.17942284955 0
873 0.82057715045 0.17942284955 0
874 0.83106733901875 0.14356733901875 0
875 0.85643266098125 0.14356733901875 0
876 0.85643266098125 0.16893266098125 0
877 0.83106733901875 0.16893266098125 0
878 0.814090377740625 0.15625 0
879 0.84375 0.126590377740625 0
880 0.873409622259375 0.15625 0
881 0.814090377740625 0.189090377740625 0
882 0.873409622259375 0.189090377740625 0
883 0.873409622259375 0.248409622259375 0
884 0.814090377740625 0.248409622259375 0
885 0.84375 0.21875 0
886 0.82057715045 0.19557715045 0
887 0.86692284955 0.19557715045 0
888 0.86692284955 0.24192284955 0
889 0.82057715045 0.24192284955 0
890 0.83106733901875 0.20606733901875 0
891 0.85643266098125 0.20606733901875 0
892 0.85643266098125 0.23143266098125 0
893 0.83106733901875 0.23143266098125 0
894 0.814090377740625 0.21875 0
895 0.84375 0.189090377740625 0
896 0.873409622259375 0.21875 0
897 0.876590377740625 0.001590377740625 0
898 0.935909622259375 0.001590377740625 0
899 0.935909622259375 0.060909622259375 0
900 0.876590377740625 0.060909622259375 0
901 0.90625 0.03125 0
902 0.88307715045 0.00807715045 0
903 0.92942284955 0.00807715045 0
904 0.92942284955 0.05442284955 0
905 0.88307715045 0.05442284955 0
906 0.89356733901875 0.01856733901875 0
907 0.91893266098125 0.01856733901875 0
908 0.91893266098125 0.04393266098125 0
909 0.89356733901875 0.04393266098125 0
910 0.876590377740625 0.03125 0
911 0.90625 0.001590377740625 0
912 0.935909622259375 0.03125 0
913 0.876590377740625 0.064090377740625 0
914 0.935909622259375 0.064090377740625 0
915 0.935909622259375 0.123409622259375 0
916 0.876590377740625 0.123409622259375 0
917 0.90625 0.09375 0
918 0.88307715045 0.07057715045 0
919 0.92942284955 0.07057715045 0
920 0.92942284955 0.11692284955 0
921 0.88307715045 0.11692284955 0
922 0.89356733901875 0.08106733901875 0
923 0.91893266098125 0.08106733901875 0
924 0.91893266098125 0.10643266098125 0
925 0.89356733901875 0.10643266098125 0
926 0.876590377740625 0.09375 0
927 0.90625 0.064090377740625 0
928 0.935909622259375 0.09375 0
929 0.876590377740625 0.126590377740625 0
930 0.935909622259375 0.126590377740625 0
931 0.935909622259375 0.185909622259375 0
932 0.876590377740625 0.185909622259375 0
933 0.90625 0.15625 0
934 0.88307715045 0.13307715045 0
935 0.92942284955 0.13307715045 0
936 0.92942284955 0.17942284955 0
937 0.88307715045 0.17942284955 0
938 0.89356733901875 0.14356733901875 0
939 0.91893266098125 0.14356733901875 0
940 0.91893266098125 0.16893266098125 0
941 0.89356733901875 0.16893266098125 0
942 0.876590377740625 0.15625 0
943 0.90625 0.126590377740625 0
944 0.935909622259375 0.15625 0
945 0.876590377740625 0.189090377740625 0
946 0.935909622259375 0.189090377740625 0
947 0.935909622259375 0.248409622259375 0
948 0.876590377740625 0.248409622259375 0
949 0.90625 0.21875 0
950 0.88307715045 0.19557715045 0
951 0.92942284955 0.19557715045 0
952 0.92942284955 0.24192284955 0
953 0.88307715045 0.24192284955 0
954 0.89356733901875 0.20606733901875 0
955 0.91893266098125 0.20606733901875 0
956 0.91893266098125 0.23143266098125 0
957 0.89356733901875 0.23143266098125 0
958 0.876590377740625 0.21875 0
959 0.90625 0.189090377740625 0
960 0.935909622259375 0.21875 0
961 0.939090377740625 0.001590377740625 0
962 0.998409622259375 0.001590377740625 0
963 0.998409622259375 0.060909622259375 0
964 0.939090377740625 0.060909622259375 0
965 0.96875 0.03125 0
966 0.94557715045 0.00807715045 0
967 0.99192284955 0.00807715045 0
968 0.99192284955 0.05442284955 0
969 0.94557715045 0.05442284955 0
970 0.95606733901875 0.01856733901875 0
971 0.98143266098125 0.01856733901875 0
972 0.98143266098125 0.04393266098125 0
973 0.95606733901875 0.04393266098125 0
974 0.939090377740625 0.03125 0
975 0.96875 0.001590377740625 0
976 0.998409622259375 0.03125 0
977 0.939090377740625 0.064090377740625 0
978 0.998409622259375 0.064090377740625 0
979 0.998409622259375 0.123409622259375 0
980 0.939090377740625 0.123409622259375 0
981 0.96875 0.09375 0
982 0.94557715045 0.07057715045 0
983 0.99192284955 0.07057715045 0
984 0.99192284955 0.11692284955 0
985 0.94557715045 0.11692284955 0
986 0.95606733901875 0.08106733901875 0
987 0.98143266098125 0.08106733901875 0
988 0.98143266098125 0.10643266098125 0
989 0.95606733901875 0.10643266098125 0
990 0.939090377740625 0.09375 0
991 0.96875 0.064090377740625 0
992 0.998409622259375 0.09375 0
993 0.939090377740625 0.126590377740625 0
994 0.998409622259375 0.126590377740625 0
995 0.998409622259375 0.185909622259375 0
996 0.939090377740625 0.185909622259375 0
997 0.96875 0.15625 0
998 0.94557715045 0.13307715045 0
999 0.99192284955 0.13307715045 0
1000 0.99192284955 0.17942284955 0
1001 0.94557715045 0.17942284955 0
1002 0.95606733901875 0.14356733901875 0
1003 0.98143266098125 0.14356733901875 0
1004 0.98143266098125 0.16893266098125 0
1005 0.95606733901875 0.16893266098125 0
1006 0.939090377740625 0.15625 0
1007 0.96875 0.126590377740625 0
1008 0.998409622259375 0.15625 0
1009 0.939090377740625 0.189090377740625 0
1010 0.998409622259375 0.189090377740625 0
1011 0.998409622259375 0.248409622259375 0
1012 0.939090377740625 0.248409622259375 0
1013 0.96875 0.21875 0
1014 0.94557715045 0.19557715045 0
1015 0.99192284955 0.19557715045 0
1016 0.99192284955 0.24192284955 0
1017 0.94557715045 0.24192284955 0
1018 0.95606733901875 0.20606733901875 0
1019 0.98143266098125 0.20606733901875 0
1020 0.98143266098125 0.23143266098125 0
1021 0.95606733901875 0.23143266098125 0
1022 0.939090377740625 0.21875 0
1023 0.96875 0.189090377740625 0
1024 0.998409622259375 0.21875 0
1025 1.00159037774062 0.001590377740625 0
1026 1.06090962225938 0.001590377740625 0
1027 1.06090962225938 0.060909622259375 0
1028 1.00159037774062 0.060909622259375 0
1029 1.03125 0.03125 0
1030 1.00807715045 0.00807715045 0
1031 1.05442284955 0.00807715045 0
1032 1.05442284955 0.05442284955 0
1033 1.00807715045 0.05442284955 0
1034 1.01856733901875 0.01856733901875 0
1035 1.04393266098125 0.01856733901875 0
1036 1.04393266098125 0.04393266098125 0
1037 1.01856733901875 0.04393266098125 0
1038 1.00159037774062 0.03125 0
1039 1.03125 0.001590377740625 0
1040 1.06090962225938 0.03125 0
1041 1.00159037774063 0.064090377740625 0
1042 1.06090962225938 0.064090377740625 0
1043 1.06090962225938 0.123409622259375 0
1044 1.00159037774063 0.123409622259375 0
1045 1.03125 0.09375 0
1046 1.00807715045 0.07057715045 0
1047 1.05442284955 0.07057715045 0
1048 1.05442284955 0.11692284955 0
1049 1.00807715045 0.11692284955 0
1050 1.01856733901875 0.08106733901875 0
1051 1.04393266098125 0.08106733901875 0
1052 1.04393266098125 0.10643266098125 0
1053 1.01856733901875 0.10643266098125 0
1054 1.00159037774063 0.09375 0
1055 1.03125 0.064090377740625 0
1056 1.06090962225938 0.09375 0
1057 1.00159037774063 0.126590377740625 0
1058 1.06090962225938 0.126590377740625 0
1059 1.06090962225938 0.185909622259375 0
1060 1.00159037774063 0.185909622259375 0
1061 1.03125 0.15625 0
1062 1.00807715045 0.13307715045 0
1063 1.05442284955 0.13307715045 0
1064 1.05442284955 0.17942284955 0
1065 1.00807715045 0.17942284955 0
1066 1.01856733901875 0.14356733901875 0
1067 1.04393266098125 0.14356733901875 0
1068 1.04393266098125 0.16893266098125 0
1069 1.01856733901875 0.16893266098125 0
1070 1.00159037774063 0.15625 0
1071 1.03125 0.126590377740625 0
1072 1.06090962225938 0.15625 0
1073 1.00159037774062 0.189090377740625 0
1074 1.06090962225938 0.189090377740625 0
1075 1.06090962225938 0.248409622259375 0
1076 1.00159037774062 0.248409622259375 0
1077 1.03125 0.21875 0
1078 1.00807715045 0.19557715045 0
1079 1.05442284955 0.19557715045 0
1080 1.05442284955 0.24192284955 0
1081 1.00807715045 0.24192284955 0
1082 1.01856733901875 0.20606733901875 0
1083 1.04393266098125 0.20606733901875 0
1084 1.04393266098125 0.23143266098125 0
1085 1.01856733901875 0.23143266098125 0
1086 1.00159037774062 0.21875 0
1087 1.03125 0.189090377740625 0
1088 1.06090962225938 0.21875 0
1089 1.06409037774062 0.001590377740625 0
1090 1.12340962225938 0.001590377740625 0
1091 1.12340962225938 0.060909622259375 0
1092 1.06409037774062 0.060909622259375 0
1093 1.09375 0.03125 0
1094 1.07057715045 0.00807715045 0
1095 1.11692284955 0.00807715045 0
1096 1.11692284955 0.05442284955 0
1097 1.07057715045 0.05442284955 0
1098 1.08106733901875 0.01856733901875 0
1099 1.10643266098125 0.01856733901875 0
1100 1.10643266098125 0.04393266098125 0
1101 1.08106733901875 0.04393266098125 0
1102 1.06409037774062 0.03125 0
1103 1.09375 0.001590377740625 0
1104 1.12340962225938 0.03125 0
1105 1.06409037774062 0.064090377740625 0
1106 1.12340962225938 0.064090377740625 0
1107 1.12340962225938 0.123409622259375 0
1108 1.06409037774062 0.123409622259375 0
1109 1.09375 0.09375 0
1110 1.07057715045 0.07057715045 0
1111 1.11692284955 0.07057715045 0
1112 1.11692284955 0.11692284955 0
1113 1.07057715045 0.11692284955 0
1114 1.08106733901875 0.08106733901875 0
1115 1.10643266098125 0.08106733901875 0
1116 1.10643266098125 0.10643266098125 0
1117 1.08106733901875 0.10643266098125 0
1118 1.06409037774062 0.09375 0
1119 1.09375 0.064090377740625 0
1120 1.12340962225938 0.09375 0
1121 1.06409037774062 0.126590377740625 0
1122 1.12340962225938 0.126590377740625 0
1123 1.12340962225938 0.185909622259375 0
1124 1.06409037774062 0.185909622259375 0
1125 1.09375 0.15625 0
1126 1.07057715045 0.13307715045 0
1127 1.11692284955 0.13307715045 0
1128 1.11692284955 0.17942284955 0
1129 1.07057715045 0.17942284955 0
1130 1.08106733901875 0.14356733901875 0
1131 1.10643266098125 0.14356733901875 0
1132 1.10643266098125 0.16893266098125 0
1133 1.08106733901875 0.16893266098125 0
1134 1.06409037774062 0.15625 0
1135 1.09375 0.126590377740625 0
1136 1.12340962225938 0.15625 0
1137 1.06409037774062 0.189090377740625 0
1138 1.12340962225938 0.189090377740625 0
1139 1.12340962225938 0.248409622259375 0
1140 1.06409037774062 0.248409622259375 0
1141 1.09375 0.21875 0
1142 1.07057715045 0.19557715045 0
1143 1.11692284955 0.19557715045 0
1144 1.11692284955 0.24192284955 0
1145 1.07057715045 0.24192284955 0
1146 1.08106733901875 0.20606733901875 0
1147 1.10643266098125 0.20606733901875 0
1148 1.10643266098125 0.23143266098125 0
1149 1.08106733901875 0.23143266098125 0
1150 1.06409037774062 0.21875 0
1151 1.09375 0.189090377740625 0
1152 1.12340962225938 0.21875 0
1153 1.12659037774062 0.001590377740625 0
1154 1.18590962225938 0.001590377740625 0
1155 1.18590962225938 0.060909622259375 0
1156 1.12659037774062 0.060909622259375 0
1157 1.15625 0.03125 0
1158 1.13307715045 0.00807715045 0
1159 1.17942284955 0.00807715045 0
1160 1.17942284955 0.05442284955 0
1161 1.13307715045 0.05442284955 0
1162 1.14356733901875 0.01856733901875 0
1163 1.16893266098125 0.01856733901875 0
1164 1.16893266098125 0.04393266098125 0
1165 1.14356733901875 0.04393266098125 0
1166 1.12659037774062 0.03125 0
1167 1.15625 0.001590377740625 0
1168 1.18590962225938 0.03125 0
1169 1.12659037774062 0.064090377740625 0
1170 1.18590962225938 0.064090377740625 0
1171 1.18590962225938 0.123409622259375 0
1172 1.12659037774062 0.123409622259375 0
1173 1.15625 0.09375 0
1174 1.13307715045 0.07057715045 0
1175 1.17942284955 0.07057715045 0
1176 1.17942284955 0.11692284955 0
1177 1.13307715045 0.11692284955 0
1178 1.14356733901875 0.08106733901875 0
1179 1.16893266098125 0.08106733901875 0
1180 1.16893266098125 0.10643266098125 0
1181 1.14356733901875 0.10643266098125 0
1182 1.12659037774062 0.09375 0
1183 1.15625 0.064090377740625 0
1184 1.18590962225938 0.09375 0
1185 1.12659037774062 0.126590377740625 0
1186 1.18590962225938 0.126590377740625 0
1187 1.18590962225938 0.185909622259375 0
1188 1.12659037774062 0.185909622259375 0
1189 1.15625 0.15625 0
1190 1.13307715045 0.13307715045 0
1191 1.17942284955 0.13307715045 0
1192 1.17942284955 0.17942284955 0
1193 1.13307715045 0.17942284955 0
1194 1.14356733901875 0.14356733901875 0
1195 1.16893266098125 0.14356733901875 0
1196 1.16893266098125 0.16893266098125 0
1197 1.14356733901875 0.16893266098125 0
1198 1.12659037774062 0.15625 0
1199 1.15625 0.126590377740625 0
1200 1.18590962225938 0.15625 0
1201 1.12659037774062 0.189090377740625 0
1202 1.18590962225938 0.189090377740625 0
1203 1.18590962225938 0.248409622259375 0
1204 1.12659037774062 0.248409622259375 0
1205 1.15625 0.21875 0
1206 1.13307715045 0.19557715045 0
1207 1.17942284955 0.19557715045 0
1208 1.17942284955 0.24192284955 0
1209 1.13307715045 0.24192284955 0
1210 1.14356733901875 0.20606733901875 0
1211 1.16893266098125 0.20606733901875 0
1212 1.16893266098125 0.23143266098125 0
1213 1.14356733901875 0.23143266098125 0
1214 1.12659037774062 0.21875 0
1215 1.15625 0.189090377740625 0
1216 1.18590962225938 0.21875 0
1217 1.18909037774062 0.001590377740625 0
1218 1.24840962225938 0.001590377740625 0
1219 1.24840962225938 0.060909622259375 0
1220 1.18909037774062 0.060909622259375 0
1221 1.21875 0.03125 0
1222 1.19557715045 0.00807715045 0
1223 1.24192284955 0.00807715045 0
1224 1.24192284955 0.05442284955 0
1225 1.19557715045 0.05442284955 0
1226 1.20606733901875 0.01856733901875 0
1227 1.23143266098125 0.01856733901875 0
1228 1.23143266098125 0.04393266098125 0
1229 1.20606733901875 0.04393266098125 0
1230 1.18909037774062 0.03125 0
1231 1.21875 0.001590377740625 0
1232 1.24840962225938 0.03125 0
1233 1.18909037774062 0.064090377740625 0
1234 1.24840962225938 0.064090377740625 0
1235 1.24840962225938 0.123409622259375 0
1236 1.18909037774062 0.123409622259375 0
1237 1.21875 0.09375 0
1238 1.19557715045 0.07057715045 0
1239 1.24192284955 0.07057715045 0
1240 1.24192284955 0.11692284955 0
1241 1.19557715045 0.11692284955 0
1242 1.20606733901875 0.08106733901875 0
1243 1.23143266098125 0.08106733901875 0
1244 1.23143266098125 0.10643266098125 0
1245 1.20606733901875 0.10643266098125 0
1246 1.18909037774062 0.09375 0
1247 1.21875 0.064090377740625 0
1248 1.24840962225938 0.09375 0
1249 1.18909037774062 0.126590377740625 0
1250 1.24840962225938 0.126590377740625 0
1251 1.24840962225938 0.185909622259375 0
1252 1.18909037774062 0.185909622259375 0
1253 1.21875 0.15625 0
1254 1.19557715045 0.13307715045 0
1255 1.24192284955 0.13307715045 0
1256 1.24192284955 0.17942284955 0
1257 1.19557715045 0.17942284955 0
1258 1.20606733901875 0.14356733901875 0
1259 1.23143266098125 0.14356733901875 0
1260 1.23143266098125 0.16893266098125 0
1261 1.20606733901875 0.16893266098125 0
1262 1.18909037774062 0.15625 0
1263 1.21875 0.126590377740625 0
1264 1.24840962225938 0.15625 0
1265 1.18909037774062 0.189090377740625 0
1266 1.24840962225938 0.189090377740625 0
1267 1.24840962225938 0.248409622259375 0
1268 1.18909037774062 0.248409622259375 0
1269 1.21875 0.21875 0
1270 1.19557715045 0.19557715045 0
1271 1.24192284955 0.19557715045 0
1272 1.24192284955 0.24192284955 0
1273 1.19557715045 0.24192284955 0
1274 1.20606733901875 0.20606733901875 0
1275 1.23143266098125 0.20606733901875 0
1276 1.23143266098125 0.23143266098125 0
1277 1.20606733901875 0.23143266098125 0
1278 1.18909037774062 0.21875 0
1279 1.21875 0.189090377740625 0
1280 1.24840962225938 0.21875 0
1281 1.25159037774062 0.001590377740625 0
1282 1.31090962225938 0.001590377740625 0
1283 1.31090962225938 0.060909622259375 0
1284 1.25159037774062 0.060909622259375 0
1285 1.28125 0.03125 0
1286 1.25807715045 0.00807715045 0
1287 1.30442284955 0.00807715045 0
1288 1.30442284955 0.05442284955 0
1289 1.25807715045 0.05442284955 0
1290 1.26856733901875 0.01856733901875 0
1291 1.29393266098125 0.01856733901875 0
1292 1.29393266098125 0.04393266098125 0
1293 1.26856733901875 0.04393266098125 0
1294 1.25159037774062 0.03125 0
1295 1.28125 0.001590377740625 0
1296 1.31090962225938 0.03125 0
1297 1.25159037774062 0.064090377740625 0
1298 1.31090962225938 0.064090377740625 0
1299 1.31090962225938 0.123409622259375 0
1300 1.25159037774062 0.123409622259375 0
1301 1.28125 0.09375 0
1302 1.25807715045 0.07057715045 0
1303 1.30442284955 0.07057715045 0
1304 1.30442284955 0.11692284955 0
1305 1.25807715045 0.11692284955 0
1306 1.26856733901875 0.08106733901875 0
1307 1.29393266098125 0.08106733901875 0
1308 1.29393266098125 0.10643266098125 0
1309 1.26856733901875 0.10643266098125 0
1310 1.25159037774062 0.09375 0
1311 1.28125 0.064090377740625 0
1312 1.31090962225938 0.09375 0
1313 1.25159037774062 0.126590377740625 0
1314 1.31090962225938 0.126590377740625 0
1315 1.31090962225938 0.185909622259375 0
1316 1.25159037774062 0.185909622259375 0
1317 1.28125 0.15625 0
1318 1.25807715045 0.13307715045 0
1319 1.30442284955 0.13307715045 0
1320 1.30442284955 0.17942284955 0
1321 1.25807715045 0.17942284955 0
1322 1.26856733901875 0.14356733901875 0
1323 1.29393266098125 0.14356733901875 0
1324 1.29393266098125 0.16893266098125 0
1325 1.26856733901875 0.16893266098125 0
1326 1.25159037774062 0.15625 0
1327 1.28125 0.126590377740625 0
1328 1.31090962225938 0.15625 0
1329 1.25159037774062 0.189090377740625 0
1330 1.31090962225938 0.189090377740625 0
1331 1.31090962225938 0.248409622259375 0
1332 1.25159037774062 0.248409622259375 0
1333 1.28125 0.21875 0
1334 1.25807715045 0.19557715045 0
1335 1.30442284955 0.19557715045 0
1336 1.30442284955 0.24192284955 0
1337 1.25807715045 0.24192284955 0
1338 1.26856733901875 0.20606733901875 0
1339 1.29393266098125 0.20606733901875 0
1340 1.29393266098125 0.23143266098125 0
1341 1.26856733901875 0.23143266098125 0
1342 1.25159037774062 0.21875 0
1343 1.28125 0.189090377740625 0
1344 1.31090962225938 0.21875 0
1345 1.31409037774062 0.001590377740625 0
1346 1.37340962225938 0.001590377740625 0
1347 1.37340962225938 0.060909622259375 0
1348 1.31409037774062 0.060909622259375 0
1349 1.34375 0.03125 0
1350 1.32057715045 0.00807715045 0
1351 1.36692284955 0.00807715045 0
1352 1.36692284955 0.05442284955 0
1353 1.32057715045 0.05442284955 0
1354 1.33106733901875 0.01856733901875 0
1355 1.35643266098125 0.01856733901875 0
1356 1.35643266098125 0.04393266098125 0
1357 1.33106733901875 0.04393266098125 0
1358 1.31409037774062 0.03125 0
1359 1.34375 0.001590377740625 0
1360 1.37340962225938 0.03125 0
1361 1.31409037774062 0.064090377740625 0
1362 1.37340962225938 0.064090377740625 0
1363 1.37340962225938 0.123409622259375 0
1364 1.31409037774062 0.123409622259375 0
1365 1.34375 0.09375 0
1366 1.32057715045 0.07057715045 0
1367 1.36692284955 0.07057715045 0
1368 1.36692284955 0.11692284955 0
1369 1.32057715045 0.11692284955 0
1370 1.33106733901875 0.08106733901875 0
1371 1.35643266098125 0.08106733901875 0
1372 1.35643266098125 0.10643266098125 0
1373 1.33106733901875 0.10643266098125 0
1374 1.31409037774062 0.09375 0
1375 1.34375 0.064090377740625 0
1376 1.37340962225938 0.09375 0
1377 1.31409037774062 0.126590377740625 0
1378 1.37340962225938 0.126590377740625 0
1379 1.37340962225938 0.185909622259375 0
1380 1.31409037774062 0.185909622259375 0
1381 1.34375 0.15625 0
1382 1.32057715045 0.13307715045 0
1383 1.36692284955 0.13307715045 0
1384 1.36692284955 0.17942284955 0
1385 1.32057715045 0.17942284955 0
1386 1.33106733901875 0.14356733901875 0
1387 1.35643266098125 0.14356733901875 0
1388 1.35643266098125 0.16893266098125 0
1389 1.33106733901875 0.16893266098125 0
1390 1.31409037774062 0.15625 0
1391 1.34375 0.126590377740625 0
1392 1.37340962225938 0.15625 0
1393 1.31409037774062 0.189090377740625 0
1394 1.37340962225938 0.189090377740625 0
1395 1.37340962225938 0.248409622259375 0
1396 1.31409037774062 0.248409622259375 0
1397 1.34375 0.21875 0
1398 1.32057715045 0.19557715045 0
1399 1.36692284955 0.19557715045 0
1400 1.36692284955 0.24192284955 0
1401 1.32057715045 0.24192284955 0
1402 1.33106733901875 0.20606733901875 0
1403 1.35643266098125 0.20606733901875 0
1404 1.35643266098125 0.23143266098125 0
1405 1.33106733901875 0.23143266098125 0
1406 1.31409037774062 0.21875 0
1407 1.34375 0.189090377740625 0
1408 1.37340962225938 0.21875 0
1409 1.37659037774062 0.001590377740625 0
1410 1.43590962225938 0.001590377740625 0
1411 1.43590962225938 0.060909622259375 0
1412 1.37659037774062 0.060909622259375 0
1413 1.40625 0.03125 0
1414 1.38307715045 0.00807715045 0
1415 1.42942284955 0.00807715045 0
1416 1.42942284955 0.05442284955 0
1417 1.38307715045 0.05442284955 0
1418 1.39356733901875 0.01856733901875 0
1419 1.41893266098125 0.01856733901875 0
1420 1.41893266098125 0.04393266098125 0
1421 1.39356733901875 0.04393266098125 0
1422 1.37659037774062 0.03125 0
1423 1.40625 0.001590377740625 0
1424 1.43590962225938 0.03125 0
1425 1.37659037774062 0.064090377740625 0
1426 1.43590962225938 0.064090377740625 0
1427 1.43590962225938 0.123409622259375 0
1428 1.37659037774062 0.123409622259375 0
1429 1.40625 0.09375 0
1430 1.38307715045 0.07057715045 0
1431 1.42942284955 0.07057715045 0
1432 1.42942284955 0.11692284955 0
1433 1.38307715045 0.11692284955 0
1434 1.39356733901875 0.08106733901875 0
1435 1.41893266098125 0.08106733901875 0
1436 1.41893266098125 0.10643266098125 0
1437 1.39356733901875 0.10643266098125 0
1438 1.37659037774062 0.09375 0
1439 1.40625 0.064090377740625 0
1440 1.43590962225938 0.09375 0
1441 1.37659037774062 0.126590377740625 0
1442 1.43590962225938 0.126590377740625 0
1443 1.43590962225938 0.185909622259375 0
1444 1.37659037774062 0.185909622259375 0
1445 1.40625 0.15625 0
1446 1.38307715045 0.13307715045 0
1447 1.42942284955 0.13307715045 0
1448 1.42942284955 0.17942284955 0
1449 1.38307715045 0.17942284955 0
1450 1.39356733901875 0.14356733901875 0
1451 1.41893266098125 0.14356733901875 0
1452 1.41893266098125 0.16893266098125 0
1453 1.39356733901875 0.16893266098125 0
1454 1.37659037774062 0.15625 0
1455 1.40625 0.126590377740625 0
1456 1.43590962225938 0.15625 0
1457 1.37659037774062 0.189090377740625 0
1458 1.43590962225938 0.189090377740625 0
1459 1.43590962225938 0.248409622259375 0
1460 1.37659037774062 0.248409622259375 0
1461 1.40625 0.21875 0
1462 1.38307715045 0.19557715045 0
1463 1.42942284955 0.19557715045 0
1464 1.42942284955 0.24192284955 0
1465 1.38307715045 0.24192284955 0
1466 1.39356733901875 0.20606733901875 0
1467 1.41893266098125 0.20606733901875 0
1468 1.41893266098125 0.23143266098125 0
1469 1.39356733901875 0.23143266098125 0
1470 1.37659037774062 0.21875 0
1471 1.40625 0.189090377740625 0
1472 1.43590962225938 0.21875 0
1473 1.43909037774062 0.001590377740625 0
1474 1.49840962225938 0.001590377740625 0
1475 1.49840962225938 0.060909622259375 0
1476 1.43909037774062 0.060909622259375 0
1477 1.46875 0.03125 0
1478 1.44557715045 0.00807715045 0
1479 1.49192284955 0.00807715045 0
1480 1.49192284955 0.05442284955 0
1481 1.44557715045 0.05442284955 0
1482 1.45606733901875 0.01856733901875 0
1483 1.48143266098125 0.01856733901875 0
1484 1.48143266098125 0.04393266098125 0
1485 1.45606733901875 0.04393266098125 0
1486 1.43909037774062 0.03125 0
1487 1.46875 0.001590377740625 0
1488 1.49840962225938 0.03125 0
1489 1.43909037774062 0.064090377740625 0
1490 1.49840962225938 0.064090377740625 0
1491 1.49840962225938 0.123409622259375 0
1492 1.43909037774062 0.123409622259375 0
1493 1.46875 0.09375 0
1494 1.44557715045 0.07057715045 0
1495 1.49192284955 0.07057715045 0
1496 1.49192284955 0.11692284955 0
1497 1.44557715045 0.11692284955 0
1498 1.45606733901875 0.08106733901875 0
1499 1.48143266098125 0.08106733901875 0
1500 1.48143266098125 0.10643266098125 0
1501 1.45606733901875 0.10643266098125 0
1502 1.43909037774062 0.09375 0
1503 1.46875 0.064090377740625 0
1504 1.49840962225938 0.09375 0
1505 1.43909037774062 0.126590377740625 0
1506 1.49840962225938 0.126590377740625 0
1507 1.49840962225938 0.185909622259375 0
1508 1.43909037774062 0.185909622259375 0
1509 1.46875 0.15625 0
1510 1.44557715045 0.13307715045 0
1511 1.49192284955 0.13307715045 0
1512 1.49192284955 0.17942284955 0
1513 1.44557715045 0.17942284955 0
1514 1.45606733901875 0.14356733901875 0
1515 1.48143266098125 0.14356733901875 0
1516 1.48143266098125 0.16893266098125 0
1517 1.45606733901875 0.16893266098125 0
1518 1.43909037774062 0.15625 0
1519 1.46875 0.126590377740625 0
1520 1.49840962225938 0.15625 0
1521 1.43909037774062 0.189090377740625 0
1522 1.49840962225938 0.189090377740625 0
1523 1.49840962225938 0.248409622259375 0
1524 1.43909037774062 0.248409622259375 0
1525 1.46875 0.21875 0
1526 1.44557715045 0.19557715045 0
1527 1.49192284955 0.19557715045 0
1528 1.49192284955 0.24192284955 0
1529 1.44557715045 0.24192284955 0
1530 1.45606733901875 0.20606733901875 0
1531 1.48143266098125 0.20606733901875 0
1532 1.48143266098125 0.23143266098125 0
1533 1.45606733901875 0.23143266098125 0
1534 1.43909037774062 0.21875 0
1535 1.46875 0.189090377740625 0
1536 1.49840962225938 0.21875 0
1537 1.50159037774062 0.001590377740625 0
1538 1.56090962225938 0.001590377740625 0
1539 1.56090962225938 0.060909622259375 0
1540 1.50159037774062 0.060909622259375 0
1541 1.53125 0.03125 0
1542 1.50807715045 0.00807715045 0
1543 1.55442284955 0.00807715045 0
1544 1.55442284955 0.05442284955 0
1545 1.50807715045 0.05442284955 0
1546 1.51856733901875 0.01856733901875 0
1547 1.54393266098125 0.01856733901875 0
1548 1.54393266098125 0.04393266098125 0
1549 1.51856733901875 0.04393266098125 0
1550 1.50159037774062 0.03125 0
1551 1.53125 0.001590377740625 0
1552 1.56090962225938 0.03125 0
1553 1.50159037774062 0.064090377740625 0
1554 1.56090962225938 0.064090377740625 0
1555 1.56090962225938 0.123409622259375 0
1556 1.50159037774062 0.123409622259375 0
1557 1.53125 0.09375 0
1558 1.50807715045 0.07057715045 0
1559 1.55442284955 0.07057715045 0
1560 1.55442284955 0.11692284955 0
1561 1.50807715045 0.11692284955 0
1562 1.51856733901875 0.08106733901875 0
1563 1.54393266098125 0.08106733901875 0
1564 1.54393266098125 0.10643266098125 0
1565 1.51856733901875 0.10643266098125 0
1566 1.50159037774062 0.09375 0
1567 1.53125 0.064090377740625 0
1568 1.56090962225938 0.09375 0
1569 1.50159037774062 0.126590377740625 0
1570 1.56090962225938 0.126590377740625 0
1571 1.56090962225938 0.185909622259375 0
1572 1.50159037774062 0.185909622259375 0
1573 1.53125 0.15625 0
1574 1.50807715045 0.13307715045 0
1575 1.55442284955 0.13307715045 0
1576 1.55442284955 0.17942284955 0
1577 1.50807715045 0.17942284955 0
1578 1.51856733901875 0.14356733901875 0
1579 1.54393266098125 0.14356733901875 0
1580 1.54393266098125 0.16893266098125 0
1581 1.51856733901875 0.16893266098125 0
1582 1.50159037774062 0.15625 0
1583 1.53125 0.126590377740625 0
1584 1.56090962225938 0.15625 0
1585 1.50159037774062 0.189090377740625 0
1586 1.56090962225938 0.189090377740625 0
1587 1.56090962225938 0.248409622259375 0
1588 1.50159037774062 0.248409622259375 0
1589 1.53125 0.21875 0
1590 1.50807715045 0.19557715045 0
1591 1.55442284955 0.19557715045 0
1592 1.55442284955 0.24192284955 0
1593 1.50807715045 0.24192284955 0
1594 1.51856733901875 0.20606733901875 0
1595 1.54393266098125 0.20606733901875 0
1596 1.54393266098125 0.23143266098125 0
1597 1.51856733901875 0.23143266098125 0
1598 1.50159037774062 0.21875 0
1599 1.53125 0.189090377740625 0
1600 1.56090962225938 0.21875 0
1601 1.56409037774062 0.001590377740625 0
1602 1.62340962225938 0.001590377740625 0
1603 1.62340962225938 0.060909622259375 0
1604 1.56409037774062 0.060909622259375 0
1605 1.59375 0.03125 0
1606 1.57057715045 0.00807715045 0
1607 1.61692284955 0.00807715045 0
1608 1.61692284955 0.05442284955 0
1609 1.57057715045 0.05442284955 0
1610 1.58106733901875 0.01856733901875 0
1611 1.60643266098125 0.01856733901875 0
1612 1.60643266098125 0.04393266098125 0
1613 1.58106733901875 0.04393266098125 0
1614 1.56409037774062 0.03125 0
1615 1.59375 0.001590377740625 0
1616 1.62340962225938 0.03125 0
1617 1.56409037774062 0.064090377740625 0
1618 1.62340962225938 0.064090377740625 0
1619 1.62340962225938 0.123409622259375 0
1620 1.56409037774062 0.123409622259375 0
1621 1.59375 0.09375 0
1622 1.57057715045 0.07057715045 0
1623 1.61692284955 0.07057715045 0
1624 1.61692284955 0.11692284955 0
1625 1.57057715045 0.11692284955 0
1626 1.58106733901875 0.08106733901875 0
1627 1.60643266098125 0.08106733901875 0
1628 1.60643266098125 0.10643266098125 0
1629 1.58106733901875 0.10643266098125 0
1630 1.56409037774062 0.09375 0
1631 1.59375 0.064090377740625 0
1632 1.62340962225938 0.09375 0
1633 1.56409037774062 0.126590377740625 0
1634 1.62340962225938 0.126590377740625 0
1635 1.62340962225938 0.185909622259375 0
1636 1.56409037774062 0.185909622259375 0
1637 1.59375 0.15625 0
1638 1.57057715045 0.13307715045 0
1639 1.61692284955 0.13307715045 0
1640 1.61692284955 0.17942284955 0
1641 1.57057715045 0.17942284955 0
1642 1.58106733901875 0.14356733901875 0
1643 1.60643266098125 0.14356733901875 0
1644 1.60643266098125 0.16893266098125 0
1645 1.58106733901875 0.16893266098125 0
1646 1.56409037774062 0.15625 0
1647 1.59375 0.126590377740625 0
1648 1.62340962225938 0.15625 0
1649 1.56409037774062 0.189090377740625 0
1650 1.62340962225938 0.189090377740625 0
1651 1.62340962225938 0.248409622259375 0
1652 1.56409037774062 0.248409622259375 0
1653 1.59375 0.21875 0
1654 1.57057715045 0.19557715045 0
1655 1.61692284955 0.19557715045 0
1656 1.61692284955 0.24192284955 0
1657 1.57057715045 0.24192284955 0
1658 1.58106733901875 0.20606733901875 0
1659 1.60643266098125 0.20606733901875 0
1660 1.60643266098125 0.23143266098125 0
1661 1.58106733901875 0.23143266098125 0
1662 1.56409037774062 0.21875 0
1663 1.59375 0.189090377740625 0
1664 1.62340962225938 0.21875 0
1665 1.62659037774062 0.001590377740625 0
1666 1.68590962225938 0.001590377740625 0
1667 1.68590962225938 0.060909622259375 0
1668 1.62659037774062 0.060909622259375 0
1669 1.65625 0.03125 0
1670 1.63307715045 0.00807715045 0
1671 1.67942284955 0.00807715045 0
1672 1.67942284955 0.05442284955 0
1673 1.63307715045 0.05442284955 0
1674 1.64356733901875 0.01856733901875 0
1675 1.66893266098125 0.01856733901875 0
1676 1.66893266098125 0.04393266098125 0
1677 1.64356733901875 0.04393266098125 0
1678 1.62659037774062 0.03125 0
1679 1.65625 0.001590377740625 0
1680 1.68590962225938 0.03125 0
1681 1.62659037774062 0.064090377740625 0
1682 1.68590962225938 0.064090377740625 0
1683 1.68590962225938 0.123409622259375 0
1684 1.62659037774062 0.123409622259375 0
1685 1.65625 0.09375 0
1686 1.63307715045 0.07057715045 0
1687 1.67942284955 0.07057715045 0
1688 1.67942284955 0.11692284955 0
1689 1.63307715045 0.11692284955 0
1690 1.64356733901875 0.08106733901875 0
1691 1.66893266098125 0.08106733901875 0
1692 1.66893266098125 0.10643266098125 0
1693 1.64356733901875 0.10643266098125 0
1694 1.62659037774062 0.09375 0
1695 1.65625 0.064090377740625 0
1696 1.68590962225938 0.09375 0
1697 1.62659037774062 0.126590377740625 0
1698 1.68590962225938 0.126590377740625 0
1699 1.68590962225938 0.185909622259375 0
1700 1.62659037774062 0.185909622259375 0
1701 1.65625 0.15625 0
1702 1.63307715045 0.13307715045 0
1703 1.67942284955 0.13307715045 0
1704 1.67942284955 0.17942284955 0
1705 1.63307715045 0.17942284955 0
1706 1.64356733901875 0.14356733901875 0
1707 1.66893266098125 0.14356733901875 0
1708 1.66893266098125 0.16893266098125 0
1709 1.64356733901875 0.16893266098125 0
1710 1.62659037774062 0.15625 0
1711 1.65625 0.126590377740625 0
1712 1.68590962225938 0.15625 0
1713 1.62659037774062 0.189090377740625 0
1714 1.68590962225938 0.189090377740625 0
1715 1.68590962225938 0.248409622259375 0
1716 1.62659037774062 0.248409622259375 0
1717 1.65625 0.21875 0
1718 1.63307715045 0.19557715045 0
1719 1.67942284955 0.19557715045 0
1720 1.67942284955 0.24192284955 0
1721 1.63307715045 0.24192284955 0
1722 1.64356733901875 0.20606733901875 0
1723 1.66893266098125 0.20606733901875 0
1724 1.66893266098125 0.23143266098125 0
1725 1.64356733901875 0.23143266098125 0
1726 1.62659037774062 0.21875 0
1727 1.65625 0.189090377740625 0
1728 1.68590962225938 0.21875 0
1729 1.68909037774062 0.001590377740625 0
1730 1.74840962225938 0.001590377740625 0
1731 1.74840962225938 0.060909622259375 0
1732 1.68909037774062 0.060909622259375 0
1733 1.71875 0.03125 0
1734 1.69557715045 0.00807715045 0
1735 1.74192284955 0.00807715045 0
1736 1.74192284955 0.05442284955 0
1737 1.69557715045 0.05442284955 0
1738 1.70606733901875 0.01856733901875 0
1739 1.73143266098125 0.01856733901875 0
1740 1.73143266098125 0.04393266098125 0
1741 1.70606733901875 0.04393266098125 0
1742 1.68909037774062 0.03125 0
1743 1.71875 0.001590377740625 0
1744 1.74840962225938 0.03125 0
1745 1.68909037774062 0.064090377740625 0
1746 1.74840962225938 0.064090377740625 0
1747 1.74840962225938 0.123409622259375 0
1748 1.68909037774062 0.123409622259375 0
1749 1.71875 0.09375 0
1750 1.69557715045 0.07057715045 0
1751 1.74192284955 0.07057715045 0
1752 1.74192284955 0.11692284955 0
1753 1.69557715045 0.11692284955 0
1754 1.70606733901875 0.08106733901875 0
1755 1.73143266098125 0.08106733901875 0
1756 1.73143266098125 0.10643266098125 0
1757 1.70606733901875 0.10643266098125 0
1758 1.68909037774062 0.09375 0
1759 1.71875 0.064090377740625 0
1760 1.74840962225938 0.09375 0
1761 1.68909037774062 0.126590377740625 0
1762 1.74840962225938 0.126590377740625 0
1763 1.74840962225938 0.185909622259375 0
1764 1.68909037774062 0.185909622259375 0
1765 1.71875 0.15625 0
1766 1.69557715045 0.13307715045 0
1767 1.74192284955 0.13307715045 0
1768 1.74192284955 0.17942284955 0
1769 1.69557715045 0.17942284955 0
1770 1.70606733901875 0.14356733901875 0
1771 1.73143266098125 0.14356733901875 0
1772 1.73143266098125 0.16893266098125 0
1773 1.70606733901875 0.16893266098125 0
1774 1.68909037774062 0.15625 0
1775 1.71875 0.126590377740625 0
1776 1.74840962225938 0.15625 0
1777 1.68909037774062 0.189090377740625 0
1778 1.74840962225938 0.189090377740625 0
1779 1.74840962225938 0.248409622259375 0
1780 1.68909037774062 0.248409622259375 0
1781 1.71875 0.21875 0
1782 1.69557715045 0.19557715045 0
1783 1.74192284955 0.19557715045 0
1784 1.74192284955 0.24192284955 0
1785 1.69557715045 0.24192284955 0
1786 1.70606733901875 0.20606733901875 0
1787 1.73143266098125 0.20606733901875 0
1788 1.73143266098125 0.23143266098125 0
1789 1.70606733901875 0.23143266098125 0
1790 1.68909037774062 0.21875 0
1791 1.71875 0.189090377740625 0
1792 1.74840962225938 0.21875 0
1793 1.75159037774062 0.001590377740625 0
1794 1.81090962225938 0.001590377740625 0
1795 1.81090962225938 0.060909622259375 0
1796 1.75159037774062 0.060909622259375 0
1797 1.78125 0.03125 0
1798 1.75807715045 0.00807715045 0
1799 1.80442284955 0.00807715045 0
1800 1.80442284955 0.05442284955 0
1801 1.75807715045 0.05442284955 0
1802 1.76856733901875 0.01856733901875 0
1803 1.79393266098125 0.01856733901875 0
1804 1.79393266098125 0.04393266098125 0
1805 1.76856733901875 0.04393266098125 0
1806 1.75159037774062 0.03125 0
1807 1.78125 0.001590377740625 0
1808 1.81090962225938 0.03125 0
1809 1.75159037774062 0.064090377740625 0
1810 1.81090962225938 0.064090377740625 0
1811 1.81090962225938 0.123409622259375 0
1812 1.75159037774062 0.123409622259375 0
1813 1.78125 0.09375 0
1814 1.75807715045 0.07057715045 0
1815 1.80442284955 0.07057715045 0
1816 1.80442284955 0.11692284955 0
1817 1.75807715045 0.11692284955 0
1818 1.76856733901875 0.08106733901875 0
1819 1.79393266098125 0.08106733901875 0
1820 1.79393266098125 0.10643266098125 0
1821 1.76856733901875 0.10643266098125 0
1822 1.75159037774062 0.09375 0
1823 1.78125 0.064090377740625 0
1824 1.81090962225938 0.09375 0
1825 1.75159037774062 0.126590377740625 0
1826 1.81090962225938 0.126590377740625 0
1827 1.81090962225938 0.185909622259375 0
1828 1.75159037774062 0.185909622259375 0
1829 1.78125 0.15625 0
1830 1.75807715045 0.13307715045 0
1831 1.80442284955 0.13307715045 0
1832 1.80442284955 0.17942284955 0
1833 1.75807715045 0.17942284955 0
1834 1.76856733901875 0.14356733901875 0
1835 1.79393266098125 0.14356733901875 0
1836 1.79393266098125 0.16893266098125 0
1837 1.76856733901875 0.16893266098125 0
1838 1.75159037774062 0.15625 0
1839 1.78125 0.126590377740625 0
1840 1.81090962225938 0.15625 0
1841 1.75159037774062 0.189090377740625 0
1842 1.81090962225938 0.189090377740625 0
1843 1.81090962225938 0.248409622259375 0
1844 1.75159037774062 0.248409622259375 0
1845 1.78125 0.21875 0
1846 1.75807715045 0.19557715045 0
1847 1.80442284955 0.19557715045 0
1848 1.80442284955 0.24192284955 0
1849 1.75807715045 0.24192284955 0
1850 1.76856733901875 0.20606733901875 0
1851 1.79393266098125 0.20606733901875 0
1852 1.79393266098125 0.23143266098125 0
1853 1.76856733901875 0.23143266098125 0
1854 1.75159037774062 0.21875 0
1855 1.78125 0.189090377740625 0
1856 1.81090962225938 0.21875 0
1857 1.81409037774062 0.001590377740625 0
1858 1.87340962225938 0.001590377740625 0
1859 1.87340962225938 0.060909622259375 0
1860 1.81409037774062 0.060909622259375 0
1861 1.84375 0.03125 0
1862 1.82057715045 0.00807715045 0
1863 1.86692284955 0.00807715045 0
1864 1.86692284955 0.05442284955 0
1865 1.82057715045 0.05442284955 0
1866 1.83106733901875 0.01856733901875 0
1867 1.85643266098125 0.01856733901875 0
1868 1.85643266098125 0.04393266098125 0
1869 1.83106733901875 0.04393266098125 0
1870 1.81409037774062 0.03125 0
1871 1.84375 0.001590377740625 0
1872 1.87340962225938 0.03125 0
1873 1.81409037774062 0.064090377740625 0
1874 1.87340962225938 0.064090377740625 0
1875 1.87340962225938 0.123409622259375 0
1876 1.81409037774062 0.123409622259375 0
1877 1.84375 0.09375 0
1878 1.82057715045 0.07057715045 0
1879 1.86692284955 0.07057715045 0
1880 1.86692284955 0.11692284955 0
1881 1.82057715045 0.11692284955 0
1882 1.83106733901875 0.08106733901875 0
1883 1.85643266098125 0.08106733901875 0
1884 1.85643266098125 0.10643266098125 0
1885 1.83106733901875 0.10643266098125 0
1886 1.81409037774062 0.09375 0
1887 1.84375 0.064090377740625 0
1888 1.87340962225938 0.09375 0
1889 1.81409037774062 0.126590377740625 0
1890 1.87340962225938 0.126590377740625 0
1891 1.87340962225938 0.185909622259375 0
1892 1.81409037774062 0.185909622259375 0
1893 1.84375 0.15625 0
1894 1.82057715045 0.13307715045 0
1895 1.86692284955 0.13307715045 0
1896 1.86692284955 0.17942284955 0
1897 1.82057715045 0.17942284955 0
1898 1.83106733901875 0.14356733901875 0
1899 1.85643266098125 0.14356733901875 0
1900 1.85643266098125 0.16893266098125 0
1901 1.83106733901875 0.16893266098125 0
1902 1.81409037774062 0.15625 0
1903 1.84375 0.126590377740625 0
1904 1.87340962225938 0.15625 0
1905 1.81409037774062 0.189090377740625 0
1906 1.87340962225938 0.189090377740625 0
1907 1.87340962225938 0.248409622259375 0
1908 1.81409037774062 0.248409622259375 0
1909 1.84375 0.21875 0
1910 1.82057715045 0.19557715045 0
1911 1.86692284955 0.19557715045 0
1912 1.86692284955 0.24192284955 0
1913 1.82057715045 0.24192284955 0
1914 1.83106733901875 0.20606733901875 0
1915 1.85643266098125 0.20606733901875 0
1916 1.85643266098125 0.23143266098125 0
1917 1.83106733901875 0.23143266098125 0
1918 1.81409037774062 0.21875 0
1919 1.84375 0.189090377740625 0
1920 1.87340962225938 0.21875 0
1921 1.87659037774062 0.001590377740625 0
1922 1.93590962225938 0.001590377740625 0
1923 1.93590962225938 0.060909622259375 0
1924 1.87659037774062 0.060909622259375 0
1925 1.90625 0.03125 0
1926 1.88307715045 0.00807715045 0
1927 1.92942284955 0.00807715045 0
1928 1.92942284955 0.05442284955 0
1929 1.88307715045 0.05442284955 0
1930 1.89356733901875 0.01856733901875 0
1931 1.91893266098125 0.01856733901875 0
1932 1.91893266098125 0.04393266098125 0
1933 1.89356733901875 0.04393266098125 0
1934 1.87659037774062 0.03125 0
1935 1.90625 0.001590377740625 0
1936 1.93590962225938 0.03125 0
1937 1.87659037774062 0.064090377740625 0
1938 1.93590962225938 0.064090377740625 0
1939 1.93590962225938 0.123409622259375 0
1940 1.87659037774062 0.123409622259375 0
1941 1.90625 0.09375 0
1942 1.88307715045 0.07057715045 0
1943 1.92942284955 0.07057715045 0
1944 1.92942284955 0.11692284955 0
1945 1.88307715045 0.11692284955 0
1946 1.89356733901875 0.08106733901875 0
1947 1.91893266098125 0.08106733901875 0
1948 1.91893266098125 0.10643266098125 0
1949 1.89356733901875 0.10643266098125 0
1950 1.87659037774062 0.09375 0
1951 1.90625 0.064090377740625 0
1952 1.93590962225938 0.09375 0
1953 1.87659037774062 0.126590377740625 0
1954 1.93590962225938 0.126590377740625 0
1955 1.93590962225938 0.185909622259375 0
1956 1.87659037774062 0.185909622259375 0
1957 1.90625 0.15625 0
1958 1.88307715045 0.13307715045 0
1959 1.92942284955 0.13307715045 0
1960 1.92942284955 0.17942284955 0
1961 1.88307715045 0.17942284955 0
1962 1.89356733901875 0.14356733901875 0
1963 1.91893266098125 0.14356733901875 0
1964 1.91893266098125 0.16893266098125 0
1965 1.89356733901875 0.16893266098125 0
1966 1.87659037774062 0.15625 0
1967 1.90625 0.126590377740625 0
1968 1.93590962225938 0.15625 0
1969 1.87659037774062 0.189090377740625 0
1970 1.93590962225938 0.189090377740625 0
1971 1.93590962225938 0.248409622259375 0
1972 1.87659037774062 0.248409622259375 0
1973 1.90625 0.21875 0
1974 1.88307715045 0.19557715045 0
1975 1.92942284955 0.19557715045 0
1976 1.92942284955 0.24192284955 0
1977 1.88307715045 0.24192284955 0
1978 1.89356733901875 0.20606733901875 0
1979 1.91893266098125 0.20606733901875 0
1980 1.91893266098125 0.23143266098125 0
1981 1.89356733901875 0.23143266098125 0
1982 1.87659037774062 0.21875 0
1983 1.90625 0.189090377740625 0
1984 1.93590962225938 0.21875 0
1985 1.93909037774062 0.001590377740625 0
1986 1.99840962225938 0.001590377740625 0
1987 1.99840962225938 0.060909622259375 0
1988 1.93909037774062 0.060909622259375 0
1989 1.96875 0.03125 0
1990 1.94557715045 0.00807715045 0
1991 1.99192284955 0.00807715045 0
1992 1.99192284955 0.05442284955 0
1993 1.94557715045 0.05442284955 0
1994 1.95606733901875 0.01856733901875 0
1995 1.98143266098125 0.01856733901875 0
1996 1.98143266098125 0.04393266098125 0
1997 1.95606733901875 0.04393266098125 0
1998 1.93909037774062 0.03125 0
1999 1.96875 0.001590377740625 0
2000 1.99840962225938 0.03125 0
2001 1.93909037774062 0.064090377740625 0
2002 1.99840962225938 0.064090377740625 0
2003 1.99840962225938 0.123409622259375 0
2004 1.93909037774062 0.123409622259375 0
2005 1.96875 0.09375 0
2006 1.94557715045 0.07057715045 0
2007 1.99192284955 0.07057715045 0
2008 1.99192284955 0.11692284955 0
2009 1.94557715045 0.11692284955 0
2010 1.95606733901875 0.08106733901875 0
2011 1.98143266098125 0.08106733901875 0
2012 1.98143266098125 0.10643266098125 0
2013 1.95606733901875 0.10643266098125 0
2014 1.93909037774062 0.09375 0
2015 1.96875 0.064090377740625 0
2016 1.99840962225938 0.09375 0
2017 1.93909037774062 0.126590377740625 0
2018 1.99840962225938 0.126590377740625 0
2019 1.99840962225938 0.185909622259375 0
2020 1.93909037774062 0.185909622259375 0
2021 1.96875 0.15625 0
2022 1.94557715045 0.13307715045 0
2023 1.99192284955 0.13307715045 0
2024 1.99192284955 0.17942284955 0
2025 1.94557715045 0.17942284955 0
2026 1.95606733901875 0.14356733901875 0
2027 1.98143266098125 0.14356733901875 0
2028 1.98143266098125 0.16893266098125 0
2029 1.95606733901875 0.16893266098125 0
2030 1.93909037774062 0.15625 0
2031 1.96875 0.126590377740625 0
2032 1.99840962225938 0.15625 0
2033 1.93909037774062 0.189090377740625 0
2034 1.99840962225938 0.189090377740625 0
2035 1.99840962225938 0.248409622259375 0
2036 1.93909037774062 0.248409622259375 0
2037 1.96875 0.21875 0
2038 1.94557715045 0.19557715045 0
2039 1.99192284955 0.19557715045 0
2040 1.99192284955 0.24192284955 0
2041 1.94557715045 0.24192284955 0
2042 1.95606733901875 0.20606733901875 0
2043 1.98143266098125 0.20606733901875 0
2044 1.98143266098125 0.23143266098125 0
2045 1.95606733901875 0.23143266098125 0
2046 1.93909037774062 0.21875 0
2047 1.96875 0.189090377740625 0
2048 1.99840962225938 0.21875 0
2049 2.00159037774063 0.001590377740625 0
2050 2.06090962225937 0.001590377740625 0
2051 2.06090962225937 0.060909622259375 0
2052 2.00159037774063 0.060909622259375 0
2053 2.03125 0.03125 0
2054 2.00807715045 0.00807715045 0
2055 2.05442284955 0.00807715045 0
2056 2.05442284955 0.05442284955 0
2057 2.00807715045 0.05442284955 0
2058 2.01856733901875 0.01856733901875 0
2059 2.04393266098125 0.01856733901875 0
2060 2.04393266098125 0.04393266098125 0
2061 2.01856733901875 0.04393266098125 0
2062 2.00159037774063 0.03125 0
2063 2.03125 0.001590377740625 0
2064 2.06090962225937 0.03125 0
2065 2.00159037774063 0.064090377740625 0
2066 2.06090962225937 0.064090377740625 0
2067 2.06090962225937 0.123409622259375 0
2068 2.00159037774063 0.123409622259375 0
2069 2.03125 0.09375 0
2070 2.00807715045 0.07057715045 0
2071 2.05442284955 0.07057715045 0
2072 2.05442284955 0.11692284955 0
2073 2.00807715045 0.11692284955 0
2074 2.01856733901875 0.08106733901875 0
2075 2.04393266098125 0.08106733901875 0
2076 2.04393266098125 0.10643266098125 0
2077 2.01856733901875 0.10643266098125 0
2078 2.00159037774063 0.09375 0
2079 2.03125 0.064090377740625 0
2080 2.06090962225937 0.09375 0
2081 2.00159037774063 0.126590377740625 0
2082 2.06090962225937 0.126590377740625 0
2083 2.06090962225937 0.185909622259375 0
2084 2.00159037774063 0.185909622259375 0
2085 2.03125 0.15625 0
2086 2.00807715045 0.13307715045 0
2087 2.05442284955 0.13307715045 0
2088 2.05442284955 0.17942284955 0
2089 2.00807715045 0.17942284955 0
2090 2.01856733901875 0.14356733901875 0
2091 2.04393266098125 0.14356733901875 0
2092 2.04393266098125 0.16893266098125 0
2093 2.01856733901875 0.16893266098125 0
2094 2.00159037774063 0.15625 0
2095 2.03125 0.126590377740625 0
2096 2.06090962225937 0.15625 0
2097 2.00159037774063 0.189090377740625 0
2098 2.06090962225937 0.189090377740625 0
2099 2.06090962225937 0.248409622259375 0
2100 2.00159037774063 0.248409622259375 0
2101 2.03125 0.21875 0
2102 2.00807715045 0.19557715045 0
2103 2.05442284955 0.19557715045 0
2104 2.05442284955 0.24192284955 0
2105 2.00807715045 0.24192284955 0
2106 2.01856733901875 0.20606733901875 0
2107 2.04393266098125 0.20606733901875 0
2108 2.04393266098125 0.23143266098125 0
2109 2.01856733901875 0.23143266098125 0
2110 2.00159037774063 0.21875 0
2111 2.03125 0.189090377740625 0
2112 2.06090962225937 0.21875 0
2113 2.06409037774063 0.001590377740625 0
2114 2.12340962225937 0.001590377740625 0
2115 2.12340962225937 0.060909622259375 0
2116 2.06409037774063 0.060909622259375 0
2117 2.09375 0.03125 0
2118 2.07057715045 0.00807715045 0
2119 2.11692284955 0.00807715045 0
2120 2.11692284955 0.05442284955 0
2121 2.07057715045 0.05442284955 0
2122 2.08106733901875 0.01856733901875 0
2123 2.10643266098125 0.01856733901875 0
2124 2.10643266098125 0.04393266098125 0
2125 2.08106733901875 0.04393266098125 0
2126 2.06409037774063 0.03125 0
2127 2.09375 0.001590377740625 0
2128 2.12340962225937 0.03125 0
2129 2.06409037774063 0.064090377740625 0
2130 2.12340962225937 0.064090377740625 0
2131 2.12340962225937 0.123409622259375 0
2132 2.06409037774063 0.123409622259375 0
2133 2.09375 0.09375 0
2134 2.07057715045 0.07057715045 0
2135 2.11692284955 0.07057715045 0
2136 2.11692284955 0.11692284955 0
2137 2.07057715045 0.11692284955 0
2138 2.08106733901875 0.08106733901875 0
2139 2.10643266098125 0.08106733901875 0
2140 2.10643266098125 0.10643266098125 0
2141 2.08106733901875 0.10643266098125 0
2142 2.06409037774063 0.09375 0
2143 2.09375 0.064090377740625 0
2144 2.12340962225937 0.09375 0
2145 2.06409037774063 0.126590377740625 0
2146 2.12340962225937 0.126590377740625 0
2147 2.12340962225937 0.185909622259375 0
2148 2.06409037774063 0.185909622259375 0
2149 2.09375 0.15625 0
2150 2.07057715045 0.13307715045 0
2151 2.11692284955 0.13307715045 0
2152 2.11692284955 0.17942284955 0
2153 2.07057715045 0.17942284955 0
2154 2.08106733901875 0.14356733901875 0
2155 2.10643266098125 0.14356733901875 0
2156 2.10643266098125 0.16893266098125 0
2157 2.08106733901875 0.16893266098125 0
2158 2.06409037774063 0.15625 0
2159 2.09375 0.126590377740625 0
2160 2.12340962225937 0.15625 0
2161 2.06409037774063 0.189090377740625 0
2162 2.12340962225937 0.189090377740625 0
2163 2.12340962225937 0.248409622259375 0
2164 2.06409037774063 0.248409622259375 0
2165 2.09375 0.21875 0
2166 2.07057715045 0.19557715045 0
2167 2.11692284955 0.19557715045 0
2168 2.11692284955 0.24192284955 0
2169 2.07057715045 0.24192284955 0
2170 2.08106733901875 0.20606733901875 0
2171 2.10643266098125 0.20606733901875 0
2172 2.10643266098125 0.23143266098125 0
2173 2.08106733901875 0.23143266098125 0
2174 2.06409037774063 0.21875 0
2175 2.09375 0.189090377740625 0
2176 2.12340962225937 0.21875 0
2177 2.12659037774063 0.001590377740625 0
2178 2.18590962225937 0.001590377740625 0
2179 2.18590962225937 0.060909622259375 0
2180 2.12659037774063 0.060909622259375 0
2181 2.15625 0.03125 0
2182 2.13307715045 0.00807715045 0
2183 2.17942284955 0.00807715045 0
2184 2.17942284955 0.05442284955 0
2185 2.13307715045 0.05442284955 0
2186 2.14356733901875 0.01856733901875 0
2187 2.16893266098125 0.01856733901875 0
2188 2.16893266098125 0.04393266098125 0
2189 2.14356733901875 0.04393266098125 0
2190 2.12659037774063 0.03125 0
2191 2.15625 0.001590377740625 0
2192 2.18590962225937 0.03125 0
2193 2.12659037774063 0.064090377740625 0
2194 2.18590962225937 0.064090377740625 0
2195 2.18590962225937 0.123409622259375 0
2196 2.12659037774063 0.123409622259375 0
2197 2.15625 0.09375 0
2198 2.13307715045 0.07057715045 0
2199 2.17942284955 0.07057715045 0
2200 2.17942284955 0.11692284955 0
2201 2.13307715045 0.11692284955 0
2202 2.14356733901875 0.08106733901875 0
2203 2.16893266098125 0.08106733901875 0
2204 2.16893266098125 0.10643266098125 0
2205 2.14356733901875 0.10643266098125 0
2206 2.12659037774063 0.09375 0
2207 2.15625 0.064090377740625 0
2208 2.18590962225937 0.09375 0
2209 2.12659037774063 0.126590377740625 0
2210 2.18590962225937 0.126590377740625 0
2211 2.18590962225937 0.185909622259375 0
2212 2.12659037774063 0.185909622259375 0
2213 2.15625 0.15625 0
2214 2.13307715045 0.13307715045 0
2215 2.17942284955 0.13307715045 0
2216 2.17942284955 0.17942284955 0
2217 2.13307715045 0.17942284955 0
2218 2.14356733901875 0.14356733901875 0
2219 2.16893266098125 0.14356733901875 0
2220 2.16893266098125 0.16893266098125 0
2221 2.14356733901875 0.16893266098125 0
2222 2.12659037774063 0.15625 0
2223 2.15625 0.126590377740625 0
2224 2.18590962225937 0.15625 0
2225 2.12659037774063 0.189090377740625 0
2226 2.18590962225937 0.189090377740625 0
2227 2.18590962225937 0.248409622259375 0
2228 2.12659037774063 0.248409622259375 0
2229 2.15625 0.21875 0
2230 2.13307715045 0.19557715045 0
2231 2.17942284955 0.19557715045 0
2232 2.17942284955 0.24192284955 0
2233 2.13307715045 0.24192284955 0
2234 2.14356733901875 0.20606733901875 0
2235 2.16893266098125 0.20606733901875 0
2236 2.16893266098125 0.23143266098125 0
2237 2.14356733901875 0.23143266098125 0
2238 2.12659037774063 0.21875 0
2239 2.15625 0.189090377740625 0
2240 2.18590962225937 0.21875 0
2241 2.18909037774063 0.001590377740625 0
2242 2.24840962225937 0.001590377740625 0
2243 2.24840962225937 0.060909622259375 0
2244 2.18909037774063 0.060909622259375 0
2245 2.21875 0.03125 0
2246 2.19557715045 0.00807715045 0
2247 2.24192284955 0.00807715045 0
2248 2.24192284955 0.05442284955 0
2249 2.19557715045 0.05442284955 0
2250 2.20606733901875 0.01856733901875 0
2251 2.23143266098125 0.01856733901875 0
2252 2.23143266098125 0.04393266098125 0
2253 2.20606733901875 0.04393266098125 0
2254 2.18909037774063 0.03125 0
2255 2.21875 0.001590377740625 0
2256 2.24840962225937 0.03125 0
2257 2.18909037774063 0.064090377740625 0
2258 2.24840962225937 0.064090377740625 0
2259 2.24840962225937 0.123409622259375 0
2260 2.18909037774063 0.123409622259375 0
2261 2.21875 0.09375 0
2262 2.19557715045 0.07057715045 0
2263 2.24192284955 0.07057715045 0
2264 2.24192284955 0.11692284955 0
2265 2.19557715045 0.11692284955 0
2266 2.20606733901875 0.08106733901875 0
2267 2.23143266098125 0.08106733901875 0
2268 2.23143266098125 0.10643266098125 0
2269 2.20606733901875 0.10643266098125 0
2270 2.18909037774063 0.09375 0
2271 2.21875 0.064090377740625 0
2272 2.24840962225937 0.09375 0
2273 2.18909037774063 0.126590377740625 0
2274 2.24840962225937 0.126590377740625 0
2275 2.24840962225937 0.185909622259375 0
2276 2.18909037774063 0.185909622259375 0
2277 2.21875 0.15625 0
2278 2.19557715045 0.13307715045 0
2279 2.24192284955 0.13307715045 0
2280 2.24192284955 0.17942284955 0
2281 2.19557715045 0.17942284955 0
2282 2.20606733901875 0.14356733901875 0
2283 2.23143266098125 0.14356733901875 0
2284 2.23143266098125 0.16893266098125 0
2285 2.20606733901875 0.16893266098125 0
2286 2.18909037774063 0.15625 0
2287 2.21875 0.126590377740625 0
2288 2.24840962225937 0.15625 0
2289 2.18909037774063 0.189090377740625 0
2290 2.24840962225937 0.189090377740625 0
2291 2.24840962225937 0.248409622259375 0
2292 2.18909037774063 0.248409622259375 0
2293 2.21875 0.21875 0
2294 2.19557715045 0.19557715045 0
2295 2.24192284955 0.19557715045 0
2296 2.24192284955 0.24192284955 0
2297 2.19557715045 0.24192284955 0
2298 2.20606733901875 0.20606733901875 0
2299 2.23143266098125 0.20606733901875 0
2300 2.23143266098125 0.23143266098125 0
2301 2.20606733901875 0.23143266098125 0
2302 2.18909037774063 0.21875 0
2303 2.21875 0.189090377740625 0
2304 2.24840962225937 0.21875 0
2305 2.25159037774063 0.001590377740625 0
2306 2.31090962225937 0.001590377740625 0
2307 2.31090962225937 0.060909622259375 0
2308 2.25159037774063 0.060909622259375 0
2309 2.28125 0.03125 0
2310 2.25807715045 0.00807715045 0
2311 2.30442284955 0.00807715045 0
2312 2.30442284955 0.05442284955 0
2313 2.25807715045 0.05442284955 0
2314 2.26856733901875 0.01856733901875 0
2315 2.29393266098125 0.01856733901875 0
2316 2.29393266098125 0.04393266098125 0
2317 2.26856733901875 0.04393266098125 0
2318 2.25159037774063 0.03125 0
2319 2.28125 0.001590377740625 0
2320 2.31090962225937 0.03125 0
2321 2.25159037774063 0.064090377740625 0
2322 2.31090962225937 0.064090377740625 0
2323 2.31090962225937 0.123409622259375 0
2324 2.25159037774063 0.123409622259375 0
2325 2.28125 0.09375 0
2326 2.25807715045 0.07057715045 0
2327 2.30442284955 0.07057715045 0
2328 2.30442284955 0.11692284955 0
2329 2.25807715045 0.11692284955 0
2330 2.26856733901875 0.08106733901875 0
2331 2.29393266098125 0.08106733901875 0
2332 2.29393266098125 0.10643266098125 0
2333 2.26856733901875 0.10643266098125 0
2334 2.25159037774063 0.09375 0
2335 2.28125 0.064090377740625 0
2336 2.31090962225937 0.09375 0
2337 2.25159037774063 0.126590377740625 0
2338 2.31090962225937 0.126590377740625 0
2339 2.31090962225937 0.185909622259375 0
2340 2.25159037774063 0.185909622259375 0
2341 2.28125 0.15625 0
2342 2.25807715045 0.13307715045 0
2343 2.30442284955 0.13307715045 0
2344 2.30442284955 0.17942284955 0
2345 2.25807715045 0.17942284955 0
2346 2.26856733901875 0.14356733901875 0
2347 2.29393266098125 0.14356733901875 0
2348 2.29393266098125 0.16893266098125 0
2349 2.26856733901875 0.16893266098125 0
2350 2.25159037774063 0.15625 0
2351 2.28125 0.126590377740625 0
2352 2.31090962225937 0.15625 0
2353 2.25159037774063 0.189090377740625 0
2354 2.31090962225937 0.189090377740625 0
2355 2.31090962225937 0.248409622259375 0
2356 2.25159037774063 0.248409622259375 0
2357 2.28125 0.21875 0
2358 2.25807715045 0.19557715045 0
2359 2.30442284955 0.19557715045 0
2360 2.30442284955 0.24192284955 0
2361 2.25807715045 0.24192284955 0
2362 2.26856733901875 0.20606733901875 0
2363 2.29393266098125 0.20606733901875 0
2364 2.29393266098125 0.23143266098125 0
2365 2.26856733901875 0.23143266098125 0
2366 2.25159037774063 0.21875 0
2367 2.28125 0.189090377740625 0
2368 2.31090962225937 0.21875 0
2369 2.31409037774063 0.001590377740625 0
2370 2.37340962225937 0.001590377740625 0
2371 2.37340962225937 0.060909622259375 0
2372 2.31409037774063 0.060909622259375 0
2373 2.34375 0.03125 0
2374 2.32057715045 0.00807715045 0
2375 2.36692284955 0.00807715045 0
2376 2.36692284955 0.05442284955 0
2377 2.32057715045 0.05442284955 0
2378 2.33106733901875 0.01856733901875 0
2379 2.35643266098125 0.01856733901875 0
2380 2.35643266098125 0.04393266098125 0
2381 2.33106733901875 0.04393266098125 0
2382 2.31409037774063 0.03125 0
2383 2.34375 0.001590377740625 0
2384 2.37340962225937 0.03125 0
2385 2.31409037774063 0.064090377740625 0
2386 2.37340962225937 0.064090377740625 0
2387 2.37340962225937 0.123409622259375 0
2388 2.31409037774063 0.123409622259375 0
2389 2.34375 0.09375 0
2390 2.32057715045 0.07057715045 0
2391 2.36692284955 0.07057715045 0
2392 2.36692284955 0.11692284955 0
2393 2.32057715045 0.11692284955 0
2394 2.33106733901875 0.08106733901875 0
2395 2.35643266098125 0.08106733901875 0
2396 2.35643266098125 0.10643266098125 0
2397 2.33106733901875 0.10643266098125 0
2398 2.31409037774063 0.09375 0
2399 2.34375 0.064090377740625 0
2400 2.37340962225937 0.09375 0
2401 2.31409037774063 0.126590377740625 0
2402 2.37340962225937 0.126590377740625 0
2403 2.37340962225937 0.185909622259375 0
2404 2.31409037774063 0.185909622259375 0
2405 2.34375 0.15625 0
2406 2.32057715045 0.13307715045 0
2407 2.36692284955 0.13307715045 0
2408 2.36692284955 0.17942284955 0
2409 2.32057715045 0.17942284955 0
2410 2.33106733901875 0.14356733901875 0
2411 2.35643266098125 0.14356733901875 0
2412 2.35643266098125 0.16893266098125 0
2413 2.33106733901875 0.16893266098125 0
2414 2.31409037774063 0.15625 0
2415 2.34375 0.126590377740625 0
2416 2.37340962225937 0.15625 0
2417 2.31409037774063 0.189090377740625 0
2418 2.37340962225937 0.189090377740625 0
2419 2.37340962225937 0.248409622259375 0
2420 2.31409037774063 0.248409622259375 0
2421 2.34375 0.21875 0
2422 2.32057715045 0.19557715045 0
2423 2.36692284955 0.19557715045 0
2424 2.36692284955 0.24192284955 0
2425 2.32057715045 0.24192284955 0
2426 2.33106733901875 0.20606733901875 0
2427 2.35643266098125 0.20606733901875 0
2428 2.35643266098125 0.23143266098125 0
2429 2.33106733901875 0.23143266098125 0
2430 2.31409037774063 0.21875 0
2431 2.34375 0.189090377740625 0
2432 2.37340962225937 0.21875 0
2433 2.37659037774063 0.001590377740625 0
2434 2.43590962225937 0.001590377740625 0
2435 2.43590962225937 0.060909622259375 0
2436 2.37659037774063 0.060909622259375 0
2437 2.40625 0.03125 0
2438 2.38307715045 0.00807715045 0
2439 2.42942284955 0.00807715045 0
2440 2.42942284955 0.05442284955 0
2441 2.38307715045 0.05442284955 0
2442 2.39356733901875 0.01856733901875 0
2443 2.41893266098125 0.01856733901875 0
2444 2.41893266098125 0.04393266098125 0
2445 2.39356733901875 0.04393266098125 0
2446 2.37659037774063 0.03125 0
2447 2.40625 0.001590377740625 0
2448 2.43590962225937 0.03125 0
2449 2.37659037774063 0.064090377740625 0
2450 2.43590962225937 0.064090377740625 0
2451 2.43590962225937 0.123409622259375 0
2452 2.37659037774063 0.123409622259375 0
2453 2.40625 0.09375 0
2454 2.38307715045 0.07057715045 0
2455 2.42942284955 0.07057715045 0
2456 2.42942284955 0.11692284955 0
2457 2.38307715045 0.11692284955 0
2458 2.39356733901875 0.08106733901875 0
2459 2.41893266098125 0.08106733901875 0
2460 2.41893266098125 0.10643266098125 0
2461 2.39356733901875 0.10643266098125 0
2462 2.37659037774063 0.09375 0
2463 2.40625 0.064090377740625 0
2464 2.43590962225937 0.09375 0
2465 2.37659037774063 0.126590377740625 0
2466 2.43590962225937 0.126590377740625 0
2467 2.43590962225937 0.185909622259375 0
2468 2.37659037774063 0.185909622259375 0
2469 2.40625 0.15625 0
2470 2.38307715045 0.13307715045 0
2471 2.42942284955 0.13307715045 0
2472 2.42942284955 0.17942284955 0
2473 2.38307715045 0.17942284955 0
2474 2.39356733901875 0.14356733901875 0
2475 2.41893266098125 0.14356733901875 0
2476 2.41893266098125 0.16893266098125 0
2477 2.39356733901875 0.16893266098125 0
2478 2.37659037774063 0.15625 0
2479 2.40625 0.126590377740625 0
2480 2.43590962225937 0.15625 0
2481 2.37659037774063 0.189090377740625 0
2482 2.43590962225937 0.189090377740625 0
2483 2.43590962225937 0.248409622259375 0
2484 2.37659037774063 0.248409622259375 0
2485 2.40625 0.21875 0
2486 2.38307715045 0.19557715045 0
2487 2.42942284955 0.19557715045 0
2488 2.42942284955 0.24192284955 0
2489 2.38307715045 0.24192284955 0
2490 2.39356733901875 0.20606733901875 0
2491 2.41893266098125 0.20606733901875 0
2492 2.41893266098125 0.23143266098125 0
2493 2.39356733901875 0.23143266098125 0
2494 2.37659037774063 0.21875 0
2495 2.40625 0.189090377740625 0
2496 2.43590962225937 0.21875 0
2497 2.43909037774063 0.001590377740625 0
2498 2.49840962225937 0.001590377740625 0
2499 2.49840962225937 0.060909622259375 0
2500 2.43909037774063 0.060909622259375 0
2501 2.46875 0.03125 0
2502 2.44557715045 0.00807715045 0
2503 2.49192284955 0.00807715045 0
2504 2.49192284955 0.05442284955 0
2505 2.44557715045 0.05442284955 0
2506 2.45606733901875 0.01856733901875 0
2507 2.48143266098125 0.01856733901875 0
2508 2.48143266098125 0.04393266098125 0
2509 2.45606733901875 0.04393266098125 0
2510 2.43909037774063 0.03125 0
2511 2.46875 0.001590377740625 0
2512 2.49840962225937 0.03125 0
2513 2.43909037774063 0.064090377740625 0
2514 2.49840962225937 0.064090377740625 0
2515 2.49840962225937 0.123409622259375 0
2516 2.43909037774063 0.123409622259375 0
2517 2.46875 0.09375 0
2518 2.44557715045 0.07057715045 0
2519 2.49192284955 0.07057715045 0
2520 2.49192284955 0.11692284955 0
2521 2.44557715045 0.11692284955 0
2522 2.45606733901875 0.08106733901875 0
2523 2.48143266098125 0.08106733901875 0
2524 2.48143266098125 0.10643266098125 0
2525 2.45606733901875 0.10643266098125 0
2526 2.43909037774063 0.09375 0
2527 2.46875 0.064090377740625 0
2528 2.49840962225937 0.09375 0
2529 2.43909037774063 0.126590377740625 0
2530 2.49840962225937 0.126590377740625 0
2531 2.49840962225937 0.185909622259375 0
2532 2.43909037774063 0.185909622259375 0
2533 2.46875 0.15625 0
2534 2.44557715045 0.13307715045 0
2535 2.49192284955 0.13307715045 0
2536 2.49192284955 0.17942284955 0
2537 2.44557715045 0.17942284955 0
2538 2.45606733901875 0.14356733901875 0
2539 2.48143266098125 0.14356733901875 0
2540 2.48143266098125 0.16893266098125 0
2541 2.45606733901875 0.16893266098125 0
2542 2.43909037774063 0.15625 0
2543 2.46875 0.126590377740625 0
2544 2.49840962225937 0.15625 0
2545 2.43909037774063 0.189090377740625 0
2546 2.49840962225937 0.189090377740625 0
2547 2.49840962225937 0.248409622259375 0
2548 2.43909037774063 0.248409622259375 0
2549 2.46875 0.21875 0
2550 2.44557715045 0.19557715045 0
2551 2.49192284955 0.19557715045 0
2552 2.49192284955 0.24192284955 0
2553 2.44557715045 0.24192284955 0
2554 2.45606733901875 0.20606733901875 0
2555 2.48143266098125 0.20606733901875 0
2556 2.48143266098125 0.23143266098125 0
2557 2.45606733901875 0.23143266098125 0
2558 2.43909037774063 0.21875 0
2559 2.46875 0.189090377740625 0
2560 2.49840962225937 0.21875 0
