1 0 0 0
2 2.5 0 0
3 2.5 0.25 0
4 0 0.25 0
5 0.0625 0 0
6 0.125 0 0
7 0.1875 0 0
8 0.25 0 0
9 0.3125 0 0
10 0.375 0 0
11 0.4375 0 0
12 0.5 0 0
13 0.5625 0 0
14 0.625 0 0
15 0.6875 0 0
16 0.75 0 0
17 0.8125 0 0
18 0.875 0 0
19 0.9375 0 0
20 1 0 0
21 1.0625 0 0
22 1.125 0 0
23 1.1875 0 0
24 1.25 0 0
25 1.3125 0 0
26 1.375 0 0
27 1.4375 0 0
28 1.5 0 0
29 1.5625 0 0
30 1.625 0 0
31 1.6875 0 0
32 1.75 0 0
33 1.8125 0 0
34 1.875 0 0
35 1.9375 0 0
36 2 0 0
37 2.0625 0 0
38 2.125 0 0
39 2.1875 0 0
40 2.25 0 0
41 2.3125 0 0
42 2.375 0 0
43 2.4375 0 0
44 0.015625 0 0
45 0.03125 0 0
46 0.046875 0 0
47 0.078125 0 0
48 0.09375 0 0
49 0.109375 0 0
50 0.140625 0 0
51 0.15625 0 0
52 0.171875 0 0
53 0.203125 0 0
54 0.21875 0 0
55 0.234375 0 0
56 0.265625 0 0
57 0.28125 0 0
58 0.296875 0 0
59 0.328125 0 0
60 0.34375 0 0
61 0.359375 0 0
62 0.390625 0 0
63 0.40625 0 0
64 0.421875 0 0
65 0.453125 0 0
66 0.46875 0 0
67 0.484375 0 0
68 0.515625 0 0
69 0.53125 0 0
70 0.546875 0 0
71 0.578125 0 0
72 0.59375 0 0
73 0.609375 0 0
74 0.640625 0 0
75 0.65625 0 0
76 0.671875 0 0
77 0.703125 0 0
78 0.71875 0 0
79 0.734375 0 0
80 0.765625 0 0
81 0.78125 0 0
82 0.796875 0 0
83 0.828125 0 0
84 0.84375 0 0
85 0.859375 0 0
86 0.890625 0 0
87 0.90625 0 0
88 0.921875 0 0
89 0.953125 0 0
90 0.96875 0 0
91 0.984375 0 0
92 1.015625 0 0
93 1.03125 0 0
94 1.046875 0 0
95 1.078125 0 0
96 1.09375 0 0
97 1.109375 0 0
98 1.140625 0 0
99 1.15625 0 0
100 1.171875 0 0
101 1.203125 0 0
102 1.21875 0 0
103 1.234375 0 0
104 1.265625 0 0
105 1.28125 0 0
106 1.296875 0 0
107 1.328125 0 0
108 1.34375 0 0
109 1.359375 0 0
110 1.390625 0 0
111 1.40625 0 0
112 1.421875 0 0
113 1.453125 0 0
114 1.46875 0 0
115 1.484375 0 0
116 1.515625 0 0
117 1.53125 0 0
118 1.546875 0 0
119 1.578125 0 0
120 1.59375 0 0
121 1.609375 0 0
122 1.640625 0 0
123 1.65625 0 0
124 1.671875 0 0
125 1.703125 0 0
126 1.71875 0 0
127 1.734375 0 0
128 1.765625 0 0
129 1.78125 0 0
130 1.796875 0 0
131 1.828125 0 0
132 1.84375 0 0
133 1.859375 0 0
134 1.890625 0 0
135 1.90625 0 0
136 1.921875 0 0
137 1.953125 0 0
138 1.96875 0 0
139 1.984375 0 0
140 2.015625 0 0
141 2.03125 0 0
142 2.046875 0 0
143 2.078125 0 0
144 2.09375 0 0
145 2.109375 0 0
146 2.140625 0 0
147 2.15625 0 0
148 2.171875 0 0
149 2.203125 0 0
150 2.21875 0 0
151 2.234375 0 0
152 2.265625 0 0
153 2.28125 0 0
154 2.296875 0 0
155 2.328125 0 0
156 2.34375 0 0
157 2.359375 0 0
158 2.390625 0 0
159 2.40625 0 0
160 2.421875 0 0
161 2.453125 0 0
162 2.46875 0 0
163 2.484375 0 0
164 2.5 0.0625 0
165 2.5 0.125 0
166 2.5 0.1875 0
167 2.5 0.015625 0
168 2.5 0.03125 0
169 2.5 0.046875 0
170 2.5 0.078125 0
171 2.5 0.09375 0
172 2.5 0.109375 0
173 2.5 0.140625 0
174 2.5 0.15625 0
175 2.5 0.171875 0
176 2.5 0.203125 0
177 2.5 0.21875 0
178 2.5 0.234375 0
179 2.4375 0.25 0
180 2.375 0.25 0
181 2.3125 0.25 0
182 2.25 0.25 0
183 2.1875 0.25 0
184 2.125 0.25 0
185 2.0625 0.25 0
186 2 0.25 0
187 1.9375 0.25 0
188 1.875 0.25 0
189 1.8125 0.25 0
190 1.75 0.25 0
191 1.6875 0.25 0
192 1.625 0.25 0
193 1.5625 0.25 0
194 1.5 0.25 0
195 1.4375 0.25 0
196 1.375 0.25 0
197 1.3125 0.25 0
198 1.25 0.25 0
199 1.1875 0.25 0
200 1.125 0.25 0
201 1.0625 0.25 0
202 1 0.25 0
203 0.9375 0.25 0
204 0.875 0.25 0
205 0.8125 0.25 0
206 0.75 0.25 0
207 0.6875 0.25 0
208 0.625 0.25 0
209 0.5625 0.25 0
210 0.5 0.25 0
211 0.4375 0.25 0
212 0.375 0.25 0
213 0.3125 0.25 0
214 0.25 0.25 0
215 0.1875 0.25 0
216 0.125 0.25 0
217 0.0625 0.25 0
218 2.484375 0.25 0
219 2.46875 0.25 0
220 2.453125 0.25 0
221 2.421875 0.25 0
222 2.40625 0.25 0
223 2.390625 0.25 0
224 2.359375 0.25 0
225 2.34375 0.25 0
226 2.328125 0.25 0
227 2.296875 0.25 0
228 2.28125 0.25 0
229 2.265625 0.25 0
230 2.234375 0.25 0
231 2.21875 0.25 0
232 2.203125 0.25 0
233 2.171875 0.25 0
234 2.15625 0.25 0
235 2.140625 0.25 0
236 2.109375 0.25 0
237 2.09375 0.25 0
238 2.078125 0.25 0
239 2.046875 0.25 0
240 2.03125 0.25 0
241 2.015625 0.25 0
242 1.984375 0.25 0
243 1.96875 0.25 0
244 1.953125 0.25 0
245 1.921875 0.25 0
246 1.90625 0.25 0
247 1.890625 0.25 0
248 1.859375 0.25 0
249 1.84375 0.25 0
250 1.828125 0.25 0
251 1.796875 0.25 0
252 1.78125 0.25 0
253 1.765625 0.25 0
254 1.734375 0.25 0
255 1.71875 0.25 0
256 1.703125 0.25 0
257 1.671875 0.25 0
258 1.65625 0.25 0
259 1.640625 0.25 0
260 1.609375 0.25 0
261 1.59375 0.25 0
262 1.578125 0.25 0
263 1.546875 0.25 0
264 1.53125 0.25 0
265 1.515625 0.25 0
266 1.484375 0.25 0
267 1.46875 0.25 0
268 1.453125 0.25 0
269 1.421875 0.25 0
270 1.40625 0.25 0
271 1.390625 0.25 0
272 1.359375 0.25 0
273 1.34375 0.25 0
274 1.328125 0.25 0
275 1.296875 0.25 0
276 1.28125 0.25 0
277 1.265625 0.25 0
278 1.234375 0.25 0
279 1.21875 0.25 0
280 1.203125 0.25 0
281 1.171875 0.25 0
282 1.15625 0.25 0
283 1.140625 0.25 0
284 1.109375 0.25 0
285 1.09375 0.25 0
286 1.078125 0.25 0
287 1.046875 0.25 0
288 1.03125 0.25 0
289 1.015625 0.25 0
290 0.984375 0.25 0
291 0.96875 0.25 0
292 0.953125 0.25 0
293 0.921875 0.25 0
294 0.90625 0.25 0
295 0.890625 0.25 0
296 0.859375 0.25 0
297 0.84375 0.25 0
298 0.828125 0.25 0
299 0.796875 0.25 0
300 0.78125 0.25 0
301 0.765625 0.25 0
302 0.734375 0.25 0
303 0.71875 0.25 0
304 0.703125 0.25 0
305 0.671875 0.25 0
306 0.65625 0.25 0
307 0.640625 0.25 0
308 0.609375 0.25 0
309 0.59375 0.25 0
310 0.578125 0.25 0
311 0.546875 0.25 0
312 0.53125 0.25 0
313 0.515625 0.25 0
314 0.484375 0.25 0
315 0.46875 0.25 0
316 0.453125 0.25 0
317 0.421875 0.25 0
318 0.40625 0.25 0
319 0.390625 0.25 0
320 0.359375 0.25 0
321 0.34375 0.25 0
322 0.328125 0.25 0
323 0.296875 0.25 0
324 0.28125 0.25 0
325 0.265625 0.25 0
326 0.234375 0.25 0
327 0.21875 0.25 0
328 0.203125 0.25 0
329 0.171875 0.25 0
330 0.15625 0.25 0
331 0.140625 0.25 0
332 0.109375 0.25 0
333 0.09375 0.25 0
334 0.078125 0.25 0
335 0.046875 0.25 0
336 0.03125 0.25 0
337 0.015625 0.25 0
338 0 0.1875 0
339 0 0.125 0
340 0 0.0625 0
341 0 0.234375 0
342 0 0.21875 0
343 0 0.203125 0
344 0 0.171875 0
345 0 0.15625 0
346 0 0.140625 0
347 0 0.109375 0
348 0 0.09375 0
349 0 0.078125 0
350 0 0.046875 0
351 0 0.03125 0
352 0 0.015625 0
353 0.0625 0.0625 0
354 0.0625 0.125 0
355 0.0625 0.1875 0
356 0.125 0.0625 0
357 0.125 0.125 0
358 0.125 0.1875 0
359 0.1875 0.0625 0
360 0.1875 0.125 0
361 0.1875 0.1875 0
362 0.25 0.0625 0
363 0.25 0.125 0
364 0.25 0.1875 0
365 0.3125 0.0625 0
366 0.3125 0.125 0
367 0.3125 0.1875 0
368 0.375 0.0625 0
369 0.375 0.125 0
370 0.375 0.1875 0
371 0.4375 0.0625 0
372 0.4375 0.125 0
373 0.4375 0.1875 0
374 0.5 0.0625 0
375 0.5 0.125 0
376 0.5 0.1875 0
377 0.5625 0.0625 0
378 0.5625 0.125 0
379 0.5625 0.1875 0
380 0.625 0.0625 0
381 0.625 0.125 0
382 0.625 0.1875 0
383 0.6875 0.0625 0
384 0.6875 0.125 0
385 0.6875 0.1875 0
386 0.75 0.0625 0
387 0.75 0.125 0
388 0.75 0.1875 0
389 0.8125 0.0625 0
390 0.8125 0.125 0
391 0.8125 0.1875 0
392 0.875 0.0625 0
393 0.875 0.125 0
394 0.875 0.1875 0
395 0.9375 0.0625 0
396 0.9375 0.125 0
397 0.9375 0.1875 0
398 1 0.0625 0
399 1 0.125 0
400 1 0.1875 0
401 1.0625 0.0625 0
402 1.0625 0.125 0
403 1.0625 0.1875 0
404 1.125 0.0625 0
405 1.125 0.125 0
406 1.125 0.1875 0
407 1.1875 0.0625 0
408 1.1875 0.125 0
409 1.1875 0.1875 0
410 1.25 0.0625 0
411 1.25 0.125 0
412 1.25 0.1875 0
413 1.3125 0.0625 0
414 1.3125 0.125 0
415 1.3125 0.1875 0
416 1.375 0.0625 0
417 1.375 0.125 0
418 1.375 0.1875 0
419 1.4375 0.0625 0
420 1.4375 0.125 0
421 1.4375 0.1875 0
422 1.5 0.0625 0
423 1.5 0.125 0
424 1.5 0.1875 0
425 1.5625 0.0625 0
426 1.5625 0.125 0
427 1.5625 0.1875 0
428 1.625 0.0625 0
429 1.625 0.125 0
430 1.625 0.1875 0
431 1.6875 0.0625 0
432 1.6875 0.125 0
433 1.6875 0.1875 0
434 1.75 0.0625 0
435 1.75 0.125 0
436 1.75 0.1875 0
437 1.8125 0.0625 0
438 1.8125 0.125 0
439 1.8125 0.1875 0
440 1.875 0.0625 0
441 1.875 0.125 0
442 1.875 0.1875 0
443 1.9375 0.0625 0
444 1.9375 0.125 0
445 1.9375 0.1875 0
446 2 0.0625 0
447 2 0.125 0
448 2 0.1875 0
449 2.0625 0.0625 0
450 2.0625 0.125 0
451 2.0625 0.1875 0
452 2.125 0.0625 0
453 2.125 0.125 0
454 2.125 0.1875 0
455 2.1875 0.0625 0
456 2.1875 0.125 0
457 2.1875 0.1875 0
458 2.25 0.0625 0
459 2.25 0.125 0
460 2.25 0.1875 0
461 2.3125 0.0625 0
462 2.3125 0.125 0
463 2.3125 0.1875 0
464 2.375 0.0625 0
465 2.375 0.125 0
466 2.375 0.1875 0
467 2.4375 0.0625 0
468 2.4375 0.125 0
469 2.4375 0.1875 0
470 0.0625 0.015625 0
471 0.0625 0.03125 0
472 0.0625 0.046875 0
473 0.046875 0.0625 0
474 0.03125 0.0625 0
475 0.015625 0.0625 0
476 0.015625 0.015625 0
477 0.046875 0.015625 0
478 0.046875 0.046875 0
479 0.015625 0.046875 0
480 0.03125 0.015625 0
481 0.046875 0.03125 0
482 0.03125 0.046875 0
483 0.015625 0.03125 0
484 0.03125 0.03125 0
485 0.0625 0.078125 0
486 0.0625 0.09375 0
487 0.0625 0.109375 0
488 0.046875 0.125 0
489 0.03125 0.125 0
490 0.015625 0.125 0
491 0.015625 0.078125 0
492 0.046875 0.078125 0
493 0.046875 0.109375 0
494 0.015625 0.109375 0
495 0.03125 0.078125 0
496 0.046875 0.09375 0
497 0.03125 0.109375 0
498 0.015625 0.09375 0
499 0.03125 0.09375 0
500 0.0625 0.140625 0
501 0.0625 0.15625 0
502 0.0625 0.171875 0
503 0.046875 0.1875 0
504 0.03125 0.1875 0
505 0.015625 0.1875 0
506 0.015625 0.140625 0
507 0.046875 0.140625 0
508 0.046875 0.171875 0
509 0.015625 0.171875 0
510 0.03125 0.140625 0
511 0.046875 0.15625 0
512 0.03125 0.171875 0
513 0.015625 0.15625 0
514 0.03125 0.15625 0
515 0.0625 0.203125 0
516 0.0625 0.21875 0
517 0.0625 0.234375 0
518 0.015625 0.203125 0
519 0.046875 0.203125 0
520 0.046875 0.234375 0
521 0.015625 0.234375 0
522 0.03125 0.203125 0
523 0.046875 0.21875 0
524 0.03125 0.234375 0
525 0.015625 0.21875 0
526 0.03125 0.21875 0
527 0.125 0.015625 0
528 0.125 0.03125 0
529 0.125 0.046875 0
530 0.109375 0.0625 0
531 0.09375 0.0625 0
532 0.078125 0.0625 0
533 0.078125 0.015625 0
534 0.109375 0.015625 0
535 0.109375 0.046875 0
536 0.078125 0.046875 0
537 0.09375 0.015625 0
538 0.109375 0.03125 0
539 0.09375 0.046875 0
540 0.078125 0.03125 0
541 0.09375 0.03125 0
542 0.125 0.078125 0
543 0.125 0.09375 0
544 0.125 0.109375 0
545 0.109375 0.125 0
546 0.09375 0.125 0
547 0.078125 0.125 0
548 0.078125 0.078125 0
549 0.109375 0.078125 0
550 0.109375 0.109375 0
551 0.078125 0.109375 0
552 0.09375 0.078125 0
553 0.109375 0.09375 0
554 0.09375 0.109375 0
555 0.078125 0.09375 0
556 0.09375 0.09375 0
557 0.125 0.140625 0
558 0.125 0.15625 0
559 0.125 0.171875 0
560 0.109375 0.1875 0
561 0.09375 0.1875 0
562 0.078125 0.1875 0
563 0.078125 0.140625 0
564 0.109375 0.140625 0
565 0.109375 0.171875 0
566 0.078125 0.171875 0
567 0.09375 0.140625 0
568 0.109375 0.15625 0
569 0.09375 0.171875 0
570 0.078125 0.15625 0
571 0.09375 0.15625 0
572 0.125 0.203125 0
573 0.125 0.21875 0
574 0.125 0.234375 0
575 0.078125 0.203125 0
576 0.109375 0.203125 0
577 0.109375 0.234375 0
578 0.078125 0.234375 0
579 0.09375 0.203125 0
580 0.109375 0.21875 0
581 0.09375 0.234375 0
582 0.078125 0.21875 0
583 0.09375 0.21875 0
584 0.1875 0.015625 0
585 0.1875 0.03125 0
586 0.1875 0.046875 0
587 0.171875 0.0625 0
588 0.15625 0.0625 0
589 0.140625 0.0625 0
590 0.140625 0.015625 0
591 0.171875 0.015625 0
592 0.171875 0.046875 0
593 0.140625 0.046875 0
594 0.15625 0.015625 0
595 0.171875 0.03125 0
596 0.15625 0.046875 0
597 0.140625 0.03125 0
598 0.15625 0.03125 0
599 0.1875 0.078125 0
600 0.1875 0.09375 0
601 0.1875 0.109375 0
602 0.171875 0.125 0
603 0.15625 0.125 0
604 0.140625 0.125 0
605 0.140625 0.078125 0
606 0.171875 0.078125 0
607 0.171875 0.109375 0
608 0.140625 0.109375 0
609 0.15625 0.078125 0
610 0.171875 0.09375 0
611 0.15625 0.109375 0
612 0.140625 0.09375 0
613 0.15625 0.09375 0
614 0.1875 0.140625 0
615 0.1875 0.15625 0
616 0.1875 0.171875 0
617 0.171875 0.1875 0
618 0.15625 0.1875 0
619 0.140625 0.1875 0
620 0.140625 0.140625 0
621 0.171875 0.140625 0
622 0.171875 0.171875 0
623 0.140625 0.171875 0
624 0.15625 0.140625 0
625 0.171875 0.15625 0
626 0.15625 0.171875 0
627 0.140625 0.15625 0
628 0.15625 0.15625 0
629 0.1875 0.203125 0
630 0.1875 0.21875 0
631 0.1875 0.234375 0
632 0.140625 0.203125 0
633 0.171875 0.203125 0
634 0.171875 0.234375 0
635 0.140625 0.234375 0
636 0.15625 0.203125 0
637 0.171875 0.21875 0
638 0.15625 0.234375 0
639 0.140625 0.21875 0
640 0.15625 0.21875 0
641 0.25 0.015625 0
642 0.25 0.03125 0
643 0.25 0.046875 0
644 0.234375 0.0625 0
645 0.21875 0.0625 0
646 0.203125 0.0625 0
647 0.203125 0.015625 0
648 0.234375 0.015625 0
649 0.234375 0.046875 0
650 0.203125 0.046875 0
651 0.21875 0.015625 0
652 0.234375 0.03125 0
653 0.21875 0.046875 0
654 0.203125 0.03125 0
655 0.21875 0.03125 0
656 0.25 0.078125 0
657 0.25 0.09375 0
658 0.25 0.109375 0
659 0.234375 0.125 0
660 0.21875 0.125 0
661 0.203125 0.125 0
662 0.203125 0.078125 0
663 0.234375 0.078125 0
664 0.234375 0.109375 0
665 0.203125 0.109375 0
666 0.21875 0.078125 0
667 0.234375 0.09375 0
668 0.21875 0.109375 0
669 0.203125 0.09375 0
670 0.21875 0.09375 0
671 0.25 0.140625 0
672 0.25 0.15625 0
673 0.25 0.171875 0
674 0.234375 0.1875 0
675 0.21875 0.1875 0
676 0.203125 0.1875 0
677 0.203125 0.140625 0
678 0.234375 0.140625 0
679 0.234375 0.171875 0
680 0.203125 0.171875 0
681 0.21875 0.140625 0
682 0.234375 0.15625 0
683 0.21875 0.171875 0
684 0.203125 0.15625 0
685 0.21875 0.15625 0
686 0.25 0.203125 0
687 0.25 0.21875 0
688 0.25 0.234375 0
689 0.203125 0.203125 0
690 0.234375 0.203125 0
691 0.234375 0.234375 0
692 0.203125 0.234375 0
693 0.21875 0.203125 0
694 0.234375 0.21875 0
695 0.21875 0.234375 0
696 0.203125 0.21875 0
697 0.21875 0.21875 0
698 0.3125 0.015625 0
699 0.3125 0.03125 0
700 0.3125 0.046875 0
701 0.296875 0.0625 0
702 0.28125 0.0625 0
703 0.265625 0.0625 0
704 0.265625 0.015625 0
705 0.296875 0.015625 0
706 0.296875 0.046875 0
707 0.265625 0.046875 0
708 0.28125 0.015625 0
709 0.296875 0.03125 0
710 0.28125 0.046875 0
711 0.265625 0.03125 0
712 0.28125 0.03125 0
713 0.3125 0.078125 0
714 0.3125 0.09375 0
715 0.3125 0.109375 0
716 0.296875 0.125 0
717 0.28125 0.125 0
718 0.265625 0.125 0
719 0.265625 0.078125 0
720 0.296875 0.078125 0
721 0.296875 0.109375 0
722 0.265625 0.109375 0
723 0.28125 0.078125 0
724 0.296875 0.09375 0
725 0.28125 0.109375 0
726 0.265625 0.09375 0
727 0.28125 0.09375 0
728 0.3125 0.140625 0
729 0.3125 0.15625 0
730 0.3125 0.171875 0
731 0.296875 0.1875 0
732 0.28125 0.1875 0
733 0.265625 0.1875 0
734 0.265625 0.140625 0
735 0.296875 0.140625 0
736 0.296875 0.171875 0
737 0.265625 0.171875 0
738 0.28125 0.140625 0
739 0.296875 0.15625 0
740 0.28125 0.171875 0
741 0.265625 0.15625 0
742 0.28125 0.15625 0
743 0.3125 0.203125 0
744 0.3125 0.21875 0
745 0.3125 0.234375 0
746 0.265625 0.203125 0
747 0.296875 0.203125 0
748 0.296875 0.234375 0
749 0.265625 0.234375 0
750 0.28125 0.203125 0
751 0.296875 0.21875 0
752 0.28125 0.234375 0
753 0.265625 0.21875 0
754 0.28125 0.21875 0
755 0.375 0.015625 0
756 0.375 0.03125 0
757 0.375 0.046875 0
758 0.359375 0.0625 0
759 0.34375 0.0625 0
760 0.328125 0.0625 0
761 0.328125 0.015625 0
762 0.359375 0.015625 0
763 0.359375 0.046875 0
764 0.328125 0.046875 0
765 0.34375 0.015625 0
766 0.359375 0.03125 0
767 0.34375 0.046875 0
768 0.328125 0.03125 0
769 0.34375 0.03125 0
770 0.375 0.078125 0
771 0.375 0.09375 0
772 0.375 0.109375 0
773 0.359375 0.125 0
774 0.34375 0.125 0
775 0.328125 0.125 0
776 0.328125 0.078125 0
777 0.359375 0.078125 0
778 0.359375 0.109375 0
779 0.328125 0.109375 0
780 0.34375 0.078125 0
781 0.359375 0.09375 0
782 0.34375 0.109375 0
783 0.328125 0.09375 0
784 0.34375 0.09375 0
785 0.375 0.140625 0
786 0.375 0.15625 0
787 0.375 0.171875 0
788 0.359375 0.1875 0
789 0.34375 0.1875 0
790 0.328125 0.1875 0
791 0.328125 0.140625 0
792 0.359375 0.140625 0
793 0.359375 0.171875 0
794 0.328125 0.171875 0
795 0.34375 0.140625 0
796 0.359375 0.15625 0
797 0.34375 0.171875 0
798 0.328125 0.15625 0
799 0.34375 0.15625 0
800 0.375 0.203125 0
801 0.375 0.21875 0
802 0.375 0.234375 0
803 0.328125 0.203125 0
804 0.359375 0.203125 0
805 0.359375 0.234375 0
806 0.328125 0.234375 0
807 0.34375 0.203125 0
808 0.359375 0.21875 0
809 0.34375 0.234375 0
810 0.328125 0.21875 0
811 0.34375 0.21875 0
812 0.4375 0.015625 0
813 0.4375 0.03125 0
814 0.4375 0.046875 0
815 0.421875 0.0625 0
816 0.40625 0.0625 0
817 0.390625 0.0625 0
818 0.390625 0.015625 0
819 0.421875 0.015625 0
820 0.421875 0.046875 0
821 0.390625 0.046875 0
822 0.40625 0.015625 0
823 0.421875 0.03125 0
824 0.40625 0.046875 0
825 0.390625 0.03125 0
826 0.40625 0.03125 0
827 0.4375 0.078125 0
828 0.4375 0.09375 0
829 0.4375 0.109375 0
830 0.421875 0.125 0
831 0.40625 0.125 0
832 0.390625 0.125 0
833 0.390625 0.078125 0
834 0.421875 0.078125 0
835 0.421875 0.109375 0
836 0.390625 0.109375 0
837 0.40625 0.078125 0
838 0.421875 0.09375 0
839 0.40625 0.109375 0
840 0.390625 0.09375 0
841 0.40625 0.09375 0
842 0.4375 0.140625 0
843 0.4375 0.15625 0
844 0.4375 0.171875 0
845 0.421875 0.1875 0
846 0.40625 0.1875 0
847 0.390625 0.1875 0
848 0.390625 0.140625 0
849 0.421875 0.140625 0
850 0.421875 0.171875 0
851 0.390625 0.171875 0
852 0.40625 0.140625 0
853 0.421875 0.15625 0
854 0.40625 0.171875 0
855 0.390625 0.15625 0
856 0.40625 0.15625 0
857 0.4375 0.203125 0
858 0.4375 0.21875 0
859 0.4375 0.234375 0
860 0.390625 0.203125 0
861 0.421875 0.203125 0
862 0.421875 0.234375 0
863 0.390625 0.234375 0
864 0.40625 0.203125 0
865 0.421875 0.21875 0
866 0.40625 0.234375 0
867 0.390625 0.21875 0
868 0.40625 0.21875 0
869 0.5 0.015625 0
870 0.5 0.03125 0
871 0.5 0.046875 0
872 0.484375 0.0625 0
873 0.46875 0.0625 0
874 0.453125 0.0625 0
875 0.453125 0.015625 0
876 0.484375 0.015625 0
877 0.484375 0.046875 0
878 0.453125 0.046875 0
879 0.46875 0.015625 0
880 0.484375 0.03125 0
881 0.46875 0.046875 0
882 0.453125 0.03125 0
883 0.46875 0.03125 0
884 0.5 0.078125 0
885 0.5 0.09375 0
886 0.5 0.109375 0
887 0.484375 0.125 0
888 0.46875 0.125 0
889 0.453125 0.125 0
890 0.453125 0.078125 0
891 0.484375 0.078125 0
892 0.484375 0.109375 0
893 0.453125 0.109375 0
894 0.46875 0.078125 0
895 0.484375 0.09375 0
896 0.46875 0.109375 0
897 0.453125 0.09375 0
898 0.46875 0.09375 0
899 0.5 0.140625 0
900 0.5 0.15625 0
901 0.5 0.171875 0
902 0.484375 0.1875 0
903 0.46875 0.1875 0
904 0.453125 0.1875 0
905 0.453125 0.140625 0
906 0.484375 0.140625 0
907 0.484375 0.171875 0
908 0.453125 0.171875 0
909 0.46875 0.140625 0
910 0.484375 0.15625 0
911 0.46875 0.171875 0
912 0.453125 0.15625 0
913 0.46875 0.15625 0
914 0.5 0.203125 0
915 0.5 0.21875 0
916 0.5 0.234375 0
917 0.453125 0.203125 0
918 0.484375 0.203125 0
919 0.484375 0.234375 0
920 0.453125 0.234375 0
921 0.46875 0.203125 0
922 0.484375 0.21875 0
923 0.46875 0.234375 0
924 0.453125 0.21875 0
925 0.46875 0.21875 0
926 0.5625 0.015625 0
927 0.5625 0.03125 0
928 0.5625 0.046875 0
929 0.546875 0.0625 0
930 0.53125 0.0625 0
931 0.515625 0.0625 0
932 0.515625 0.015625 0
933 0.546875 0.015625 0
934 0.546875 0.046875 0
935 0.515625 0.046875 0
936 0.53125 0.015625 0
937 0.546875 0.03125 0
938 0.53125 0.046875 0
939 0.515625 0.03125 0
940 0.53125 0.03125 0
941 0.5625 0.078125 0
942 0.5625 0.09375 0
943 0.5625 0.109375 0
944 0.546875 0.125 0
945 0.53125 0.125 0
946 0.515625 0.125 0
947 0.515625 0.078125 0
948 0.546875 0.078125 0
949 0.546875 0.109375 0
950 0.515625 0.109375 0
951 0.53125 0.078125 0
952 0.546875 0.09375 0
953 0.53125 0.109375 0
954 0.515625 0.09375 0
955 0.53125 0.09375 0
956 0.5625 0.140625 0
957 0.5625 0.15625 0
958 0.5625 0.171875 0
959 0.546875 0.1875 0
960 0.53125 0.1875 0
961 0.515625 0.1875 0
962 0.515625 0.140625 0
963 0.546875 0.140625 0
964 0.546875 0.171875 0
965 0.515625 0.171875 0
966 0.53125 0.140625 0
967 0.546875 0.15625 0
968 0.53125 0.171875 0
969 0.515625 0.15625 0
970 0.53125 0.15625 0
971 0.5625 0.203125 0
972 0.5625 0.21875 0
973 0.5625 0.234375 0
974 0.515625 0.203125 0
975 0.546875 0.203125 0
976 0.546875 0.234375 0
977 0.515625 0.234375 0
978 0.53125 0.203125 0
979 0.546875 0.21875 0
980 0.53125 0.234375 0
981 0.515625 0.21875 0
982 0.53125 0.21875 0
983 0.625 0.015625 0
984 0.625 0.03125 0
985 0.625 0.046875 0
986 0.609375 0.0625 0
987 0.59375 0.0625 0
988 0.578125 0.0625 0
989 0.578125 0.015625 0
990 0.609375 0.015625 0
991 0.609375 0.046875 0
992 0.578125 0.046875 0
993 0.59375 0.015625 0
994 0.609375 0.03125 0
995 0.59375 0.046875 0
996 0.578125 0.03125 0
997 0.59375 0.03125 0
998 0.625 0.078125 0
999 0.625 0.09375 0
1000 0.625 0.109375 0
1001 0.609375 0.125 0
1002 0.59375 0.125 0
1003 0.578125 0.125 0
1004 0.578125 0.078125 0
1005 0.609375 0.078125 0
1006 0.609375 0.109375 0
1007 0.578125 0.109375 0
1008 0.59375 0.078125 0
1009 0.609375 0.09375 0
1010 0.59375 0.109375 0
1011 0.578125 0.09375 0
1012 0.59375 0.09375 0
1013 0.625 0.140625 0
1014 0.625 0.15625 0
1015 0.625 0.171875 0
1016 0.609375 0.1875 0
1017 0.59375 0.1875 0
1018 0.578125 0.1875 0
1019 0.578125 0.140625 0
1020 0.609375 0.140625 0
1021 0.609375 0.171875 0
1022 0.578125 0.171875 0
1023 0.59375 0.140625 0
1024 0.609375 0.15625 0
1025 0.59375 0.171875 0
1026 0.578125 0.15625 0
1027 0.59375 0.15625 0
1028 0.625 0.203125 0
1029 0.625 0.21875 0
1030 0.625 0.234375 0
1031 0.578125 0.203125 0
1032 0.609375 0.203125 0
1033 0.609375 0.234375 0
1034 0.578125 0.234375 0
1035 0.59375 0.203125 0
1036 0.609375 0.21875 0
1037 0.59375 0.234375 0
1038 0.578125 0.21875 0
1039 0.59375 0.21875 0
1040 0.6875 0.015625 0
1041 0.6875 0.03125 0
1042 0.6875 0.046875 0
1043 0.671875 0.0625 0
1044 0.65625 0.0625 0
1045 0.640625 0.0625 0
1046 0.640625 0.015625 0
1047 0.671875 0.015625 0
1048 0.671875 0.046875 0
1049 0.640625 0.046875 0
1050 0.65625 0.015625 0
1051 0.671875 0.03125 0
1052 0.65625 0.046875 0
1053 0.640625 0.03125 0
1054 0.65625 0.03125 0
1055 0.6875 0.078125 0
1056 0.6875 0.09375 0
1057 0.6875 0.109375 0
1058 0.671875 0.125 0
1059 0.65625 0.125 0
1060 0.640625 0.125 0
1061 0.640625 0.078125 0
1062 0.671875 0.078125 0
1063 0.671875 0.109375 0
1064 0.640625 0.109375 0
1065 0.65625 0.078125 0
1066 0.671875 0.09375 0
1067 0.65625 0.109375 0
1068 0.640625 0.09375 0
1069 0.65625 0.09375 0
1070 0.6875 0.140625 0
1071 0.6875 0.15625 0
1072 0.6875 0.171875 0
1073 0.671875 0.1875 0
1074 0.65625 0.1875 0
1075 0.640625 0.1875 0
1076 0.640625 0.140625 0
1077 0.671875 0.140625 0
1078 0.671875 0.171875 0
1079 0.640625 0.171875 0
1080 0.65625 0.140625 0
1081 0.671875 0.15625 0
1082 0.65625 0.171875 0
1083 0.640625 0.15625 0
1084 0.65625 0.15625 0
1085 0.6875 0.203125 0
1086 0.6875 0.21875 0
1087 0.6875 0.234375 0
1088 0.640625 0.203125 0
1089 0.671875 0.203125 0
1090 0.671875 0.234375 0
1091 0.640625 0.234375 0
1092 0.65625 0.203125 0
1093 0.671875 0.21875 0
1094 0.65625 0.234375 0
1095 0.640625 0.21875 0
1096 0.65625 0.21875 0
1097 0.75 0.015625 0
1098 0.75 0.03125 0
1099 0.75 0.046875 0
1100 0.734375 0.0625 0
1101 0.71875 0.0625 0
1102 0.703125 0.0625 0
1103 0.703125 0.015625 0
1104 0.734375 0.015625 0
1105 0.734375 0.046875 0
1106 0.703125 0.046875 0
1107 0.71875 0.015625 0
1108 0.734375 0.03125 0
1109 0.71875 0.046875 0
1110 0.703125 0.03125 0
1111 0.71875 0.03125 0
1112 0.75 0.078125 0
1113 0.75 0.09375 0
1114 0.75 0.109375 0
1115 0.734375 0.125 0
1116 0.71875 0.125 0
1117 0.703125 0.125 0
1118 0.703125 0.078125 0
1119 0.734375 0.078125 0
1120 0.734375 0.109375 0
1121 0.703125 0.109375 0
1122 0.71875 0.078125 0
1123 0.734375 0.09375 0
1124 0.71875 0.109375 0
1125 0.703125 0.09375 0
1126 0.71875 0.09375 0
1127 0.75 0.140625 0
1128 0.75 0.15625 0
1129 0.75 0.171875 0
1130 0.734375 0.1875 0
1131 0.71875 0.1875 0
1132 0.703125 0.1875 0
1133 0.703125 0.140625 0
1134 0.734375 0.140625 0
1135 0.734375 0.171875 0
1136 0.703125 0.171875 0
1137 0.71875 0.140625 0
1138 0.734375 0.15625 0
1139 0.71875 0.171875 0
1140 0.703125 0.15625 0
1141 0.71875 0.15625 0
1142 0.75 0.203125 0
1143 0.75 0.21875 0
1144 0.75 0.234375 0
1145 0.703125 0.203125 0
1146 0.734375 0.203125 0
1147 0.734375 0.234375 0
1148 0.703125 0.234375 0
1149 0.71875 0.203125 0
1150 0.734375 0.21875 0
1151 0.71875 0.234375 0
1152 0.703125 0.21875 0
1153 0.71875 0.21875 0
1154 0.8125 0.015625 0
1155 0.8125 0.03125 0
1156 0.8125 0.046875 0
1157 0.796875 0.0625 0
1158 0.78125 0.0625 0
1159 0.765625 0.0625 0
1160 0.765625 0.015625 0
1161 0.796875 0.015625 0
1162 0.796875 0.046875 0
1163 0.765625 0.046875 0
1164 0.78125 0.015625 0
1165 0.796875 0.03125 0
1166 0.78125 0.046875 0
1167 0.765625 0.03125 0
1168 0.78125 0.03125 0
1169 0.8125 0.078125 0
1170 0.8125 0.09375 0
1171 0.8125 0.109375 0
1172 0.796875 0.125 0
1173 0.78125 0.125 0
1174 0.765625 0.125 0
1175 0.765625 0.078125 0
1176 0.796875 0.078125 0
1177 0.796875 0.109375 0
1178 0.765625 0.109375 0
1179 0.78125 0.078125 0
1180 0.796875 0.09375 0
1181 0.78125 0.109375 0
1182 0.765625 0.09375 0
1183 0.78125 0.09375 0
1184 0.8125 0.140625 0
1185 0.8125 0.15625 0
1186 0.8125 0.171875 0
1187 0.796875 0.1875 0
1188 0.78125 0.1875 0
1189 0.765625 0.1875 0
1190 0.765625 0.140625 0
1191 0.796875 0.140625 0
1192 0.796875 0.171875 0
1193 0.765625 0.171875 0
1194 0.78125 0.140625 0
1195 0.796875 0.15625 0
1196 0.78125 0.171875 0
1197 0.765625 0.15625 0
1198 0.78125 0.15625 0
1199 0.8125 0.203125 0
1200 0.8125 0.21875 0
1201 0.8125 0.234375 0
1202 0.765625 0.203125 0
1203 0.796875 0.203125 0
1204 0.796875 0.234375 0
1205 0.765625 0.234375 0
1206 0.78125 0.203125 0
1207 0.796875 0.21875 0
1208 0.78125 0.234375 0
1209 0.765625 0.21875 0
1210 0.78125 0.21875 0
1211 0.875 0.015625 0
1212 0.875 0.03125 0
1213 0.875 0.046875 0
1214 0.859375 0.0625 0
1215 0.84375 0.0625 0
1216 0.828125 0.0625 0
1217 0.828125 0.015625 0
1218 0.859375 0.015625 0
1219 0.859375 0.046875 0
1220 0.828125 0.046875 0
1221 0.84375 0.015625 0
1222 0.859375 0.03125 0
1223 0.84375 0.046875 0
1224 0.828125 0.03125 0
1225 0.84375 0.03125 0
1226 0.875 0.078125 0
1227 0.875 0.09375 0
1228 0.875 0.109375 0
1229 0.859375 0.125 0
1230 0.84375 0.125 0
1231 0.828125 0.125 0
1232 0.828125 0.078125 0
1233 0.859375 0.078125 0
1234 0.859375 0.109375 0
1235 0.828125 0.109375 0
1236 0.84375 0.078125 0
1237 0.859375 0.09375 0
1238 0.84375 0.109375 0
1239 0.828125 0.09375 0
1240 0.84375 0.09375 0
1241 0.875 0.140625 0
1242 0.875 0.15625 0
1243 0.875 0.171875 0
1244 0.859375 0.1875 0
1245 0.84375 0.1875 0
1246 0.828125 0.1875 0
1247 0.828125 0.140625 0
1248 0.859375 0.140625 0
1249 0.859375 0.171875 0
1250 0.828125 0.171875 0
1251 0.84375 0.140625 0
1252 0.859375 0.15625 0
1253 0.84375 0.171875 0
1254 0.828125 0.15625 0
1255 0.84375 0.15625 0
1256 0.875 0.203125 0
1257 0.875 0.21875 0
1258 0.875 0.234375 0
1259 0.828125 0.203125 0
1260 0.859375 0.203125 0
1261 0.859375 0.234375 0
1262 0.828125 0.234375 0
1263 0.84375 0.203125 0
1264 0.859375 0.21875 0
1265 0.84375 0.234375 0
1266 0.828125 0.21875 0
1267 0.84375 0.21875 0
1268 0.9375 0.015625 0
1269 0.9375 0.03125 0
1270 0.9375 0.046875 0
1271 0.921875 0.0625 0
1272 0.90625 0.0625 0
1273 0.890625 0.0625 0
1274 0.890625 0.015625 0
1275 0.921875 0.015625 0
1276 0.921875 0.046875 0
1277 0.890625 0.046875 0
1278 0.90625 0.015625 0
1279 0.921875 0.03125 0
1280 0.90625 0.046875 0
1281 0.890625 0.03125 0
1282 0.90625 0.03125 0
1283 0.9375 0.078125 0
1284 0.9375 0.09375 0
1285 0.9375 0.109375 0
1286 0.921875 0.125 0
1287 0.90625 0.125 0
1288 0.890625 0.125 0
1289 0.890625 0.078125 0
1290 0.921875 0.078125 0
1291 0.921875 0.109375 0
1292 0.890625 0.109375 0
1293 0.90625 0.078125 0
1294 0.921875 0.09375 0
1295 0.90625 0.109375 0
1296 0.890625 0.09375 0
1297 0.90625 0.09375 0
1298 0.9375 0.140625 0
1299 0.9375 0.15625 0
1300 0.9375 0.171875 0
1301 0.921875 0.1875 0
1302 0.90625 0.1875 0
1303 0.890625 0.1875 0
1304 0.890625 0.140625 0
1305 0.921875 0.140625 0
1306 0.921875 0.171875 0
1307 0.890625 0.171875 0
1308 0.90625 0.140625 0
1309 0.921875 0.15625 0
1310 0.90625 0.171875 0
1311 0.890625 0.15625 0
1312 0.90625 0.15625 0
1313 0.9375 0.203125 0
1314 0.9375 0.21875 0
1315 0.9375 0.234375 0
1316 0.890625 0.203125 0
1317 0.921875 0.203125 0
1318 0.921875 0.234375 0
1319 0.890625 0.234375 0
1320 0.90625 0.203125 0
1321 0.921875 0.21875 0
1322 0.90625 0.234375 0
1323 0.890625 0.21875 0
1324 0.90625 0.21875 0
1325 1 0.015625 0
1326 1 0.03125 0
1327 1 0.046875 0
1328 0.984375 0.0625 0
1329 0.96875 0.0625 0
1330 0.953125 0.0625 0
1331 0.953125 0.015625 0
1332 0.984375 0.015625 0
1333 0.984375 0.046875 0
1334 0.953125 0.046875 0
1335 0.96875 0.015625 0
1336 0.984375 0.03125 0
1337 0.96875 0.046875 0
1338 0.953125 0.03125 0
1339 0.96875 0.03125 0
1340 1 0.078125 0
1341 1 0.09375 0
1342 1 0.109375 0
1343 0.984375 0.125 0
1344 0.96875 0.125 0
1345 0.953125 0.125 0
1346 0.953125 0.078125 0
1347 0.984375 0.078125 0
1348 0.984375 0.109375 0
1349 0.953125 0.109375 0
1350 0.96875 0.078125 0
1351 0.984375 0.09375 0
1352 0.96875 0.109375 0
1353 0.953125 0.09375 0
1354 0.96875 0.09375 0
1355 1 0.140625 0
1356 1 0.15625 0
1357 1 0.171875 0
1358 0.984375 0.1875 0
1359 0.96875 0.1875 0
1360 0.953125 0.1875 0
1361 0.953125 0.140625 0
1362 0.984375 0.140625 0
1363 0.984375 0.171875 0
1364 0.953125 0.171875 0
1365 0.96875 0.140625 0
1366 0.984375 0.15625 0
1367 0.96875 0.171875 0
1368 0.953125 0.15625 0
1369 0.96875 0.15625 0
1370 1 0.203125 0
1371 1 0.21875 0
1372 1 0.234375 0
1373 0.953125 0.203125 0
1374 0.984375 0.203125 0
1375 0.984375 0.234375 0
1376 0.953125 0.234375 0
1377 0.96875 0.203125 0
1378 0.984375 0.21875 0
1379 0.96875 0.234375 0
1380 0.953125 0.21875 0
1381 0.96875 0.21875 0
1382 1.0625 0.015625 0
1383 1.0625 0.03125 0
1384 1.0625 0.046875 0
1385 1.046875 0.0625 0
1386 1.03125 0.0625 0
1387 1.015625 0.0625 0
1388 1.015625 0.015625 0
1389 1.046875 0.015625 0
1390 1.046875 0.046875 0
1391 1.015625 0.046875 0
1392 1.03125 0.015625 0
1393 1.046875 0.03125 0
1394 1.03125 0.046875 0
1395 1.015625 0.03125 0
1396 1.03125 0.03125 0
1397 1.0625 0.078125 0
1398 1.0625 0.09375 0
1399 1.0625 0.109375 0
1400 1.046875 0.125 0
1401 1.03125 0.125 0
1402 1.015625 0.125 0
1403 1.015625 0.078125 0
1404 1.046875 0.078125 0
1405 1.046875 0.109375 0
1406 1.015625 0.109375 0
1407 1.03125 0.078125 0
1408 1.046875 0.09375 0
1409 1.03125 0.109375 0
1410 1.015625 0.09375 0
1411 1.03125 0.09375 0
1412 1.0625 0.140625 0
1413 1.0625 0.15625 0
1414 1.0625 0.171875 0
1415 1.046875 0.1875 0
1416 1.03125 0.1875 0
1417 1.015625 0.1875 0
1418 1.015625 0.140625 0
1419 1.046875 0.140625 0
1420 1.046875 0.171875 0
1421 1.015625 0.171875 0
1422 1.03125 0.140625 0
1423 1.046875 0.15625 0
1424 1.03125 0.171875 0
1425 1.015625 0.15625 0
1426 1.03125 0.15625 0
1427 1.0625 0.203125 0
1428 1.0625 0.21875 0
1429 1.0625 0.234375 0
1430 1.015625 0.203125 0
1431 1.046875 0.203125 0
1432 1.046875 0.234375 0
1433 1.015625 0.234375 0
1434 1.03125 0.203125 0
1435 1.046875 0.21875 0
1436 1.03125 0.234375 0
1437 1.015625 0.21875 0
1438 1.03125 0.21875 0
1439 1.125 0.015625 0
1440 1.125 0.03125 0
1441 1.125 0.046875 0
1442 1.109375 0.0625 0
1443 1.09375 0.0625 0
1444 1.078125 0.0625 0
1445 1.078125 0.015625 0
1446 1.109375 0.015625 0
1447 1.109375 0.046875 0
1448 1.078125 0.046875 0
1449 1.09375 0.015625 0
1450 1.109375 0.03125 0
1451 1.09375 0.046875 0
1452 1.078125 0.03125 0
1453 1.09375 0.03125 0
1454 1.125 0.078125 0
1455 1.125 0.09375 0
1456 1.125 0.109375 0
1457 1.109375 0.125 0
1458 1.09375 0.125 0
1459 1.078125 0.125 0
1460 1.078125 0.078125 0
1461 1.109375 0.078125 0
1462 1.109375 0.109375 0
1463 1.078125 0.109375 0
1464 1.09375 0.078125 0
1465 1.109375 0.09375 0
1466 1.09375 0.109375 0
1467 1.078125 0.09375 0
1468 1.09375 0.09375 0
1469 1.125 0.140625 0
1470 1.125 0.15625 0
1471 1.125 0.171875 0
1472 1.109375 0.1875 0
1473 1.09375 0.1875 0
1474 1.078125 0.1875 0
1475 1.078125 0.140625 0
1476 1.109375 0.140625 0
1477 1.109375 0.171875 0
1478 1.078125 0.171875 0
1479 1.09375 0.140625 0
1480 1.109375 0.15625 0
1481 1.09375 0.171875 0
1482 1.078125 0.15625 0
1483 1.09375 0.15625 0
1484 1.125 0.203125 0
1485 1.125 0.21875 0
1486 1.125 0.234375 0
1487 1.078125 0.203125 0
1488 1.109375 0.203125 0
1489 1.109375 0.234375 0
1490 1.078125 0.234375 0
1491 1.09375 0.203125 0
1492 1.109375 0.21875 0
1493 1.09375 0.234375 0
1494 1.078125 0.21875 0
1495 1.09375 0.21875 0
1496 1.1875 0.015625 0
1497 1.1875 0.03125 0
1498 1.1875 0.046875 0
1499 1.171875 0.0625 0
1500 1.15625 0.0625 0
1501 1.140625 0.0625 0
1502 1.140625 0.015625 0
1503 1.171875 0.015625 0
1504 1.171875 0.046875 0
1505 1.140625 0.046875 0
1506 1.15625 0.015625 0
1507 1.171875 0.03125 0
1508 1.15625 0.046875 0
1509 1.140625 0.03125 0
1510 1.15625 0.03125 0
1511 1.1875 0.078125 0
1512 1.1875 0.09375 0
1513 1.1875 0.109375 0
1514 1.171875 0.125 0
1515 1.15625 0.125 0
1516 1.140625 0.125 0
1517 1.140625 0.078125 0
1518 1.171875 0.078125 0
1519 1.171875 0.109375 0
1520 1.140625 0.109375 0
1521 1.15625 0.078125 0
1522 1.171875 0.09375 0
1523 1.15625 0.109375 0
1524 1.140625 0.09375 0
1525 1.15625 0.09375 0
1526 1.1875 0.140625 0
1527 1.1875 0.15625 0
1528 1.1875 0.171875 0
1529 1.171875 0.1875 0
1530 1.15625 0.1875 0
1531 1.140625 0.1875 0
1532 1.140625 0.140625 0
1533 1.171875 0.140625 0
1534 1.171875 0.171875 0
1535 1.140625 0.171875 0
1536 1.15625 0.140625 0
1537 1.171875 0.15625 0
1538 1.15625 0.171875 0
1539 1.140625 0.15625 0
1540 1.15625 0.15625 0
1541 1.1875 0.203125 0
1542 1.1875 0.21875 0
1543 1.1875 0.234375 0
1544 1.140625 0.203125 0
1545 1.171875 0.203125 0
1546 1.171875 0.234375 0
1547 1.140625 0.234375 0
1548 1.15625 0.203125 0
1549 1.171875 0.21875 0
1550 1.15625 0.234375 0
1551 1.140625 0.21875 0
1552 1.15625 0.21875 0
1553 1.25 0.015625 0
1554 1.25 0.03125 0
1555 1.25 0.046875 0
1556 1.234375 0.0625 0
1557 1.21875 0.0625 0
1558 1.203125 0.0625 0
1559 1.203125 0.015625 0
1560 1.234375 0.015625 0
1561 1.234375 0.046875 0
1562 1.203125 0.046875 0
1563 1.21875 0.015625 0
1564 1.234375 0.03125 0
1565 1.21875 0.046875 0
1566 1.203125 0.03125 0
1567 1.21875 0.03125 0
1568 1.25 0.078125 0
1569 1.25 0.09375 0
1570 1.25 0.109375 0
1571 1.234375 0.125 0
1572 1.21875 0.125 0
1573 1.203125 0.125 0
1574 1.203125 0.078125 0
1575 1.234375 0.078125 0
1576 1.234375 0.109375 0
1577 1.203125 0.109375 0
1578 1.21875 0.078125 0
1579 1.234375 0.09375 0
1580 1.21875 0.109375 0
1581 1.203125 0.09375 0
1582 1.21875 0.09375 0
1583 1.25 0.140625 0
1584 1.25 0.15625 0
1585 1.25 0.171875 0
1586 1.234375 0.1875 0
1587 1.21875 0.1875 0
1588 1.203125 0.1875 0
1589 1.203125 0.140625 0
1590 1.234375 0.140625 0
1591 1.234375 0.171875 0
1592 1.203125 0.171875 0
1593 1.21875 0.140625 0
1594 1.234375 0.15625 0
1595 1.21875 0.171875 0
1596 1.203125 0.15625 0
1597 1.21875 0.15625 0
1598 1.25 0.203125 0
1599 1.25 0.21875 0
1600 1.25 0.234375 0
1601 1.203125 0.203125 0
1602 1.234375 0.203125 0
1603 1.234375 0.234375 0
1604 1.203125 0.234375 0
1605 1.21875 0.203125 0
1606 1.234375 0.21875 0
1607 1.21875 0.234375 0
1608 1.203125 0.21875 0
1609 1.21875 0.21875 0
1610 1.3125 0.015625 0
1611 1.3125 0.03125 0
1612 1.3125 0.046875 0
1613 1.296875 0.0625 0
1614 1.28125 0.0625 0
1615 1.265625 0.0625 0
1616 1.265625 0.015625 0
1617 1.296875 0.015625 0
1618 1.296875 0.046875 0
1619 1.265625 0.046875 0
1620 1.28125 0.015625 0
1621 1.296875 0.03125 0
1622 1.28125 0.046875 0
1623 1.265625 0.03125 0
1624 1.28125 0.03125 0
1625 1.3125 0.078125 0
1626 1.3125 0.09375 0
1627 1.3125 0.109375 0
1628 1.296875 0.125 0
1629 1.28125 0.125 0
1630 1.265625 0.125 0
1631 1.265625 0.078125 0
1632 1.296875 0.078125 0
1633 1.296875 0.109375 0
1634 1.265625 0.109375 0
1635 1.28125 0.078125 0
1636 1.296875 0.09375 0
1637 1.28125 0.109375 0
1638 1.265625 0.09375 0
1639 1.28125 0.09375 0
1640 1.3125 0.140625 0
1641 1.3125 0.15625 0
1642 1.3125 0.171875 0
1643 1.296875 0.1875 0
1644 1.28125 0.1875 0
1645 1.265625 0.1875 0
1646 1.265625 0.140625 0
1647 1.296875 0.140625 0
1648 1.296875 0.171875 0
1649 1.265625 0.171875 0
1650 1.28125 0.140625 0
1651 1.296875 0.15625 0
1652 1.28125 0.171875 0
1653 1.265625 0.15625 0
1654 1.28125 0.15625 0
1655 1.3125 0.203125 0
1656 1.3125 0.21875 0
1657 1.3125 0.234375 0
1658 1.265625 0.203125 0
1659 1.296875 0.203125 0
1660 1.296875 0.234375 0
1661 1.265625 0.234375 0
1662 1.28125 0.203125 0
1663 1.296875 0.21875 0
1664 1.28125 0.234375 0
1665 1.265625 0.21875 0
1666 1.28125 0.21875 0
1667 1.375 0.015625 0
1668 1.375 0.03125 0
1669 1.375 0.046875 0
1670 1.359375 0.0625 0
1671 1.34375 0.0625 0
1672 1.328125 0.0625 0
1673 1.328125 0.015625 0
1674 1.359375 0.015625 0
1675 1.359375 0.046875 0
1676 1.328125 0.046875 0
1677 1.34375 0.015625 0
1678 1.359375 0.03125 0
1679 1.34375 0.046875 0
1680 1.328125 0.03125 0
1681 1.34375 0.03125 0
1682 1.375 0.078125 0
1683 1.375 0.09375 0
1684 1.375 0.109375 0
1685 1.359375 0.125 0
1686 1.34375 0.125 0
1687 1.328125 0.125 0
1688 1.328125 0.078125 0
1689 1.359375 0.078125 0
1690 1.359375 0.109375 0
1691 1.328125 0.109375 0
1692 1.34375 0.078125 0
1693 1.359375 0.09375 0
1694 1.34375 0.109375 0
1695 1.328125 0.09375 0
1696 1.34375 0.09375 0
1697 1.375 0.140625 0
1698 1.375 0.15625 0
1699 1.375 0.171875 0
1700 1.359375 0.1875 0
1701 1.34375 0.1875 0
1702 1.328125 0.1875 0
1703 1.328125 0.140625 0
1704 1.359375 0.140625 0
1705 1.359375 0.171875 0
1706 1.328125 0.171875 0
1707 1.34375 0.140625 0
1708 1.359375 0.15625 0
1709 1.34375 0.171875 0
1710 1.328125 0.15625 0
1711 1.34375 0.15625 0
1712 1.375 0.203125 0
1713 1.375 0.21875 0
1714 1.375 0.234375 0
1715 1.328125 0.203125 0
1716 1.359375 0.203125 0
1717 1.359375 0.234375 0
1718 1.328125 0.234375 0
1719 1.34375 0.203125 0
1720 1.359375 0.21875 0
1721 1.34375 0.234375 0
1722 1.328125 0.21875 0
1723 1.34375 0.21875 0
1724 1.4375 0.015625 0
1725 1.4375 0.03125 0
1726 1.4375 0.046875 0
1727 1.421875 0.0625 0
1728 1.40625 0.0625 0
1729 1.390625 0.0625 0
1730 1.390625 0.015625 0
1731 1.421875 0.015625 0
1732 1.421875 0.046875 0
1733 1.390625 0.046875 0
1734 1.40625 0.015625 0
1735 1.421875 0.03125 0
1736 1.40625 0.046875 0
1737 1.390625 0.03125 0
1738 1.40625 0.03125 0
1739 1.4375 0.078125 0
1740 1.4375 0.09375 0
1741 1.4375 0.109375 0
1742 1.421875 0.125 0
1743 1.40625 0.125 0
1744 1.390625 0.125 0
1745 1.390625 0.078125 0
1746 1.421875 0.078125 0
1747 1.421875 0.109375 0
1748 1.390625 0.109375 0
1749 1.40625 0.078125 0
1750 1.421875 0.09375 0
1751 1.40625 0.109375 0
1752 1.390625 0.09375 0
1753 1.40625 0.09375 0
1754 1.4375 0.140625 0
1755 1.4375 0.15625 0
1756 1.4375 0.171875 0
1757 1.421875 0.1875 0
1758 1.40625 0.1875 0
1759 1.390625 0.1875 0
1760 1.390625 0.140625 0
1761 1.421875 0.140625 0
1762 1.421875 0.171875 0
1763 1.390625 0.171875 0
1764 1.40625 0.140625 0
1765 1.421875 0.15625 0
1766 1.40625 0.171875 0
1767 1.390625 0.15625 0
1768 1.40625 0.15625 0
1769 1.4375 0.203125 0
1770 1.4375 0.21875 0
1771 1.4375 0.234375 0
1772 1.390625 0.203125 0
1773 1.421875 0.203125 0
1774 1.421875 0.234375 0
1775 1.390625 0.234375 0
1776 1.40625 0.203125 0
1777 1.421875 0.21875 0
1778 1.40625 0.234375 0
1779 1.390625 0.21875 0
1780 1.40625 0.21875 0
1781 1.5 0.015625 0
1782 1.5 0.03125 0
1783 1.5 0.046875 0
1784 1.484375 0.0625 0
1785 1.46875 0.0625 0
1786 1.453125 0.0625 0
1787 1.453125 0.015625 0
1788 1.484375 0.015625 0
1789 1.484375 0.046875 0
1790 1.453125 0.046875 0
1791 1.46875 0.015625 0
1792 1.484375 0.03125 0
1793 1.46875 0.046875 0
1794 1.453125 0.03125 0
1795 1.46875 0.03125 0
1796 1.5 0.078125 0
1797 1.5 0.09375 0
1798 1.5 0.109375 0
1799 1.484375 0.125 0
1800 1.46875 0.125 0
1801 1.453125 0.125 0
1802 1.453125 0.078125 0
1803 1.484375 0.078125 0
1804 1.484375 0.109375 0
1805 1.453125 0.109375 0
1806 1.46875 0.078125 0
1807 1.484375 0.09375 0
1808 1.46875 0.109375 0
1809 1.453125 0.09375 0
1810 1.46875 0.09375 0
1811 1.5 0.140625 0
1812 1.5 0.15625 0
1813 1.5 0.171875 0
1814 1.484375 0.1875 0
1815 1.46875 0.1875 0
1816 1.453125 0.1875 0
1817 1.453125 0.140625 0
1818 1.484375 0.140625 0
1819 1.484375 0.171875 0
1820 1.453125 0.171875 0
1821 1.46875 0.140625 0
1822 1.484375 0.15625 0
1823 1.46875 0.171875 0
1824 1.453125 0.15625 0
1825 1.46875 0.15625 0
1826 1.5 0.203125 0
1827 1.5 0.21875 0
1828 1.5 0.234375 0
1829 1.453125 0.203125 0
1830 1.484375 0.203125 0
1831 1.484375 0.234375 0
1832 1.453125 0.234375 0
1833 1.46875 0.203125 0
1834 1.484375 0.21875 0
1835 1.46875 0.234375 0
1836 1.453125 0.21875 0
1837 1.46875 0.21875 0
1838 1.5625 0.015625 0
1839 1.5625 0.03125 0
1840 1.5625 0.046875 0
1841 1.546875 0.0625 0
1842 1.53125 0.0625 0
1843 1.515625 0.0625 0
1844 1.515625 0.015625 0
1845 1.546875 0.015625 0
1846 1.546875 0.046875 0
1847 1.515625 0.046875 0
1848 1.53125 0.015625 0
1849 1.546875 0.03125 0
1850 1.53125 0.046875 0
1851 1.515625 0.03125 0
1852 1.53125 0.03125 0
1853 1.5625 0.078125 0
1854 1.5625 0.09375 0
1855 1.5625 0.109375 0
1856 1.546875 0.125 0
1857 1.53125 0.125 0
1858 1.515625 0.125 0
1859 1.515625 0.078125 0
1860 1.546875 0.078125 0
1861 1.546875 0.109375 0
1862 1.515625 0.109375 0
1863 1.53125 0.078125 0
1864 1.546875 0.09375 0
1865 1.53125 0.109375 0
1866 1.515625 0.09375 0
1867 1.53125 0.09375 0
1868 1.5625 0.140625 0
1869 1.5625 0.15625 0
1870 1.5625 0.171875 0
1871 1.546875 0.1875 0
1872 1.53125 0.1875 0
1873 1.515625 0.1875 0
1874 1.515625 0.140625 0
1875 1.546875 0.140625 0
1876 1.546875 0.171875 0
1877 1.515625 0.171875 0
1878 1.53125 0.140625 0
1879 1.546875 0.15625 0
1880 1.53125 0.171875 0
1881 1.515625 0.15625 0
1882 1.53125 0.15625 0
1883 1.5625 0.203125 0
1884 1.5625 0.21875 0
1885 1.5625 0.234375 0
1886 1.515625 0.203125 0
1887 1.546875 0.203125 0
1888 1.546875 0.234375 0
1889 1.515625 0.234375 0
1890 1.53125 0.203125 0
1891 1.546875 0.21875 0
1892 1.53125 0.234375 0
1893 1.515625 0.21875 0
1894 1.53125 0.21875 0
1895 1.625 0.015625 0
1896 1.625 0.03125 0
1897 1.625 0.046875 0
1898 1.609375 0.0625 0
1899 1.59375 0.0625 0
1900 1.578125 0.0625 0
1901 1.578125 0.015625 0
1902 1.609375 0.015625 0
1903 1.609375 0.046875 0
1904 1.578125 0.046875 0
1905 1.59375 0.015625 0
1906 1.609375 0.03125 0
1907 1.59375 0.046875 0
1908 1.578125 0.03125 0
1909 1.59375 0.03125 0
1910 1.625 0.078125 0
1911 1.625 0.09375 0
1912 1.625 0.109375 0
1913 1.609375 0.125 0
1914 1.59375 0.125 0
1915 1.578125 0.125 0
1916 1.578125 0.078125 0
1917 1.609375 0.078125 0
1918 1.609375 0.109375 0
1919 1.578125 0.109375 0
1920 1.59375 0.078125 0
1921 1.609375 0.09375 0
1922 1.59375 0.109375 0
1923 1.578125 0.09375 0
1924 1.59375 0.09375 0
1925 1.625 0.140625 0
1926 1.625 0.15625 0
1927 1.625 0.171875 0
1928 1.609375 0.1875 0
1929 1.59375 0.1875 0
1930 1.578125 0.1875 0
1931 1.578125 0.140625 0
1932 1.609375 0.140625 0
1933 1.609375 0.171875 0
1934 1.578125 0.171875 0
1935 1.59375 0.140625 0
1936 1.609375 0.15625 0
1937 1.59375 0.171875 0
1938 1.578125 0.15625 0
1939 1.59375 0.15625 0
1940 1.625 0.203125 0
1941 1.625 0.21875 0
1942 1.625 0.234375 0
1943 1.578125 0.203125 0
1944 1.609375 0.203125 0
1945 1.609375 0.234375 0
1946 1.578125 0.234375 0
1947 1.59375 0.203125 0
1948 1.609375 0.21875 0
1949 1.59375 0.234375 0
1950 1.578125 0.21875 0
1951 1.59375 0.21875 0
1952 1.6875 0.015625 0
1953 1.6875 0.03125 0
1954 1.6875 0.046875 0
1955 1.671875 0.0625 0
1956 1.65625 0.0625 0
1957 1.640625 0.0625 0
1958 1.640625 0.015625 0
1959 1.671875 0.015625 0
1960 1.671875 0.046875 0
1961 1.640625 0.046875 0
1962 1.65625 0.015625 0
1963 1.671875 0.03125 0
1964 1.65625 0.046875 0
1965 1.640625 0.03125 0
1966 1.65625 0.03125 0
1967 1.6875 0.078125 0
1968 1.6875 0.09375 0
1969 1.6875 0.109375 0
1970 1.671875 0.125 0
1971 1.65625 0.125 0
1972 1.640625 0.125 0
1973 1.640625 0.078125 0
1974 1.671875 0.078125 0
1975 1.671875 0.109375 0
1976 1.640625 0.109375 0
1977 1.65625 0.078125 0
1978 1.671875 0.09375 0
1979 1.65625 0.109375 0
1980 1.640625 0.09375 0
1981 1.65625 0.09375 0
1982 1.6875 0.140625 0
1983 1.6875 0.15625 0
1984 1.6875 0.171875 0
1985 1.671875 0.1875 0
1986 1.65625 0.1875 0
1987 1.640625 0.1875 0
1988 1.640625 0.140625 0
1989 1.671875 0.140625 0
1990 1.671875 0.171875 0
1991 1.640625 0.171875 0
1992 1.65625 0.140625 0
1993 1.671875 0.15625 0
1994 1.65625 0.171875 0
1995 1.640625 0.15625 0
1996 1.65625 0.15625 0
1997 1.6875 0.203125 0
1998 1.6875 0.21875 0
1999 1.6875 0.234375 0
2000 1.640625 0.203125 0
2001 1.671875 0.203125 0
2002 1.671875 0.234375 0
2003 1.640625 0.234375 0
2004 1.65625 0.203125 0
2005 1.671875 0.21875 0
2006 1.65625 0.234375 0
2007 1.640625 0.21875 0
2008 1.65625 0.21875 0
2009 1.75 0.015625 0
2010 1.75 0.03125 0
2011 1.75 0.046875 0
2012 1.734375 0.0625 0
2013 1.71875 0.0625 0
2014 1.703125 0.0625 0
2015 1.703125 0.015625 0
2016 1.734375 0.015625 0
2017 1.734375 0.046875 0
2018 1.703125 0.046875 0
2019 1.71875 0.015625 0
2020 1.734375 0.03125 0
2021 1.71875 0.046875 0
2022 1.703125 0.03125 0
2023 1.71875 0.03125 0
2024 1.75 0.078125 0
2025 1.75 0.09375 0
2026 1.75 0.109375 0
2027 1.734375 0.125 0
2028 1.71875 0.125 0
2029 1.703125 0.125 0
2030 1.703125 0.078125 0
2031 1.734375 0.078125 0
2032 1.734375 0.109375 0
2033 1.703125 0.109375 0
2034 1.71875 0.078125 0
2035 1.734375 0.09375 0
2036 1.71875 0.109375 0
2037 1.703125 0.09375 0
2038 1.71875 0.09375 0
2039 1.75 0.140625 0
2040 1.75 0.15625 0
2041 1.75 0.171875 0
2042 1.734375 0.1875 0
2043 1.71875 0.1875 0
2044 1.703125 0.1875 0
2045 1.703125 0.140625 0
2046 1.734375 0.140625 0
2047 1.734375 0.171875 0
2048 1.703125 0.171875 0
2049 1.71875 0.140625 0
2050 1.734375 0.15625 0
2051 1.71875 0.171875 0
2052 1.703125 0.15625 0
2053 1.71875 0.15625 0
2054 1.75 0.203125 0
2055 1.75 0.21875 0
2056 1.75 0.234375 0
2057 1.703125 0.203125 0
2058 1.734375 0.203125 0
2059 1.734375 0.234375 0
2060 1.703125 0.234375 0
2061 1.71875 0.203125 0
2062 1.734375 0.21875 0
2063 1.71875 0.234375 0
2064 1.703125 0.21875 0
2065 1.71875 0.21875 0
2066 1.8125 0.015625 0
2067 1.8125 0.03125 0
2068 1.8125 0.046875 0
2069 1.796875 0.0625 0
2070 1.78125 0.0625 0
2071 1.765625 0.0625 0
2072 1.765625 0.015625 0
2073 1.796875 0.015625 0
2074 1.796875 0.046875 0
2075 1.765625 0.046875 0
2076 1.78125 0.015625 0
2077 1.796875 0.03125 0
2078 1.78125 0.046875 0
2079 1.765625 0.03125 0
2080 1.78125 0.03125 0
2081 1.8125 0.078125 0
2082 1.8125 0.09375 0
2083 1.8125 0.109375 0
2084 1.796875 0.125 0
2085 1.78125 0.125 0
2086 1.765625 0.125 0
2087 1.765625 0.078125 0
2088 1.796875 0.078125 0
2089 1.796875 0.109375 0
2090 1.765625 0.109375 0
2091 1.78125 0.078125 0
2092 1.796875 0.09375 0
2093 1.78125 0.109375 0
2094 1.765625 0.09375 0
2095 1.78125 0.09375 0
2096 1.8125 0.140625 0
2097 1.8125 0.15625 0
2098 1.8125 0.171875 0
2099 1.796875 0.1875 0
2100 1.78125 0.1875 0
2101 1.765625 0.1875 0
2102 1.765625 0.140625 0
2103 1.796875 0.140625 0
2104 1.796875 0.171875 0
2105 1.765625 0.171875 0
2106 1.78125 0.140625 0
2107 1.796875 0.15625 0
2108 1.78125 0.171875 0
2109 1.765625 0.15625 0
2110 1.78125 0.15625 0
2111 1.8125 0.203125 0
2112 1.8125 0.21875 0
2113 1.8125 0.234375 0
2114 1.765625 0.203125 0
2115 1.796875 0.203125 0
2116 1.796875 0.234375 0
2117 1.765625 0.234375 0
2118 1.78125 0.203125 0
2119 1.796875 0.21875 0
2120 1.78125 0.234375 0
2121 1.765625 0.21875 0
2122 1.78125 0.21875 0
2123 1.875 0.015625 0
2124 1.875 0.03125 0
2125 1.875 0.046875 0
2126 1.859375 0.0625 0
2127 1.84375 0.0625 0
2128 1.828125 0.0625 0
2129 1.828125 0.015625 0
2130 1.859375 0.015625 0
2131 1.859375 0.046875 0
2132 1.828125 0.046875 0
2133 1.84375 0.015625 0
2134 1.859375 0.03125 0
2135 1.84375 0.046875 0
2136 1.828125 0.03125 0
2137 1.84375 0.03125 0
2138 1.875 0.078125 0
2139 1.875 0.09375 0
2140 1.875 0.109375 0
2141 1.859375 0.125 0
2142 1.84375 0.125 0
2143 1.828125 0.125 0
2144 1.828125 0.078125 0
2145 1.859375 0.078125 0
2146 1.859375 0.109375 0
2147 1.828125 0.109375 0
2148 1.84375 0.078125 0
2149 1.859375 0.09375 0
2150 1.84375 0.109375 0
2151 1.828125 0.09375 0
2152 1.84375 0.09375 0
2153 1.875 0.140625 0
2154 1.875 0.15625 0
2155 1.875 0.171875 0
2156 1.859375 0.1875 0
2157 1.84375 0.1875 0
2158 1.828125 0.1875 0
2159 1.828125 0.140625 0
2160 1.859375 0.140625 0
2161 1.859375 0.171875 0
2162 1.828125 0.171875 0
2163 1.84375 0.140625 0
2164 1.859375 0.15625 0
2165 1.84375 0.171875 0
2166 1.828125 0.15625 0
2167 1.84375 0.15625 0
2168 1.875 0.203125 0
2169 1.875 0.21875 0
2170 1.875 0.234375 0
2171 1.828125 0.203125 0
2172 1.859375 0.203125 0
2173 1.859375 0.234375 0
2174 1.828125 0.234375 0
2175 1.84375 0.203125 0
2176 1.859375 0.21875 0
2177 1.84375 0.234375 0
2178 1.828125 0.21875 0
2179 1.84375 0.21875 0
2180 1.9375 0.015625 0
2181 1.9375 0.03125 0
2182 1.9375 0.046875 0
2183 1.921875 0.0625 0
2184 1.90625 0.0625 0
2185 1.890625 0.0625 0
2186 1.890625 0.015625 0
2187 1.921875 0.015625 0
2188 1.921875 0.046875 0
2189 1.890625 0.046875 0
2190 1.90625 0.015625 0
2191 1.921875 0.03125 0
2192 1.90625 0.046875 0
2193 1.890625 0.03125 0
2194 1.90625 0.03125 0
2195 1.9375 0.078125 0
2196 1.9375 0.09375 0
2197 1.9375 0.109375 0
2198 1.921875 0.125 0
2199 1.90625 0.125 0
2200 1.890625 0.125 0
2201 1.890625 0.078125 0
2202 1.921875 0.078125 0
2203 1.921875 0.109375 0
2204 1.890625 0.109375 0
2205 1.90625 0.078125 0
2206 1.921875 0.09375 0
2207 1.90625 0.109375 0
2208 1.890625 0.09375 0
2209 1.90625 0.09375 0
2210 1.9375 0.140625 0
2211 1.9375 0.15625 0
2212 1.9375 0.171875 0
2213 1.921875 0.1875 0
2214 1.90625 0.1875 0
2215 1.890625 0.1875 0
2216 1.890625 0.140625 0
2217 1.921875 0.140625 0
2218 1.921875 0.171875 0
2219 1.890625 0.171875 0
2220 1.90625 0.140625 0
2221 1.921875 0.15625 0
2222 1.90625 0.171875 0
2223 1.890625 0.15625 0
2224 1.90625 0.15625 0
2225 1.9375 0.203125 0
2226 1.9375 0.21875 0
2227 1.9375 0.234375 0
2228 1.890625 0.203125 0
2229 1.921875 0.203125 0
2230 1.921875 0.234375 0
2231 1.890625 0.234375 0
2232 1.90625 0.203125 0
2233 1.921875 0.21875 0
2234 1.90625 0.234375 0
2235 1.890625 0.21875 0
2236 1.90625 0.21875 0
2237 2 0.015625 0
2238 2 0.03125 0
2239 2 0.046875 0
2240 1.984375 0.0625 0
2241 1.96875 0.0625 0
2242 1.953125 0.0625 0
2243 1.953125 0.015625 0
2244 1.984375 0.015625 0
2245 1.984375 0.046875 0
2246 1.953125 0.046875 0
2247 1.96875 0.015625 0
2248 1.984375 0.03125 0
2249 1.96875 0.046875 0
2250 1.953125 0.03125 0
2251 1.96875 0.03125 0
2252 2 0.078125 0
2253 2 0.09375 0
2254 2 0.109375 0
2255 1.984375 0.125 0
2256 1.96875 0.125 0
2257 1.953125 0.125 0
2258 1.953125 0.078125 0
2259 1.984375 0.078125 0
2260 1.984375 0.109375 0
2261 1.953125 0.109375 0
2262 1.96875 0.078125 0
2263 1.984375 0.09375 0
2264 1.96875 0.109375 0
2265 1.953125 0.09375 0
2266 1.96875 0.09375 0
2267 2 0.140625 0
2268 2 0.15625 0
2269 2 0.171875 0
2270 1.984375 0.1875 0
2271 1.96875 0.1875 0
2272 1.953125 0.1875 0
2273 1.953125 0.140625 0
2274 1.984375 0.140625 0
2275 1.984375 0.171875 0
2276 1.953125 0.171875 0
2277 1.96875 0.140625 0
2278 1.984375 0.15625 0
2279 1.96875 0.171875 0
2280 1.953125 0.15625 0
2281 1.96875 0.15625 0
2282 2 0.203125 0
2283 2 0.21875 0
2284 2 0.234375 0
2285 1.953125 0.203125 0
2286 1.984375 0.203125 0
2287 1.984375 0.234375 0
2288 1.953125 0.234375 0
2289 1.96875 0.203125 0
2290 1.984375 0.21875 0
2291 1.96875 0.234375 0
2292 1.953125 0.21875 0
2293 1.96875 0.21875 0
2294 2.0625 0.015625 0
2295 2.0625 0.03125 0
2296 2.0625 0.046875 0
2297 2.046875 0.0625 0
2298 2.03125 0.0625 0
2299 2.015625 0.0625 0
2300 2.015625 0.015625 0
2301 2.046875 0.015625 0
2302 2.046875 0.046875 0
2303 2.015625 0.046875 0
2304 2.03125 0.015625 0
2305 2.046875 0.03125 0
2306 2.03125 0.046875 0
2307 2.015625 0.03125 0
2308 2.03125 0.03125 0
2309 2.0625 0.078125 0
2310 2.0625 0.09375 0
2311 2.0625 0.109375 0
2312 2.046875 0.125 0
2313 2.03125 0.125 0
2314 2.015625 0.125 0
2315 2.015625 0.078125 0
2316 2.046875 0.078125 0
2317 2.046875 0.109375 0
2318 2.015625 0.109375 0
2319 2.03125 0.078125 0
2320 2.046875 0.09375 0
2321 2.03125 0.109375 0
2322 2.015625 0.09375 0
2323 2.03125 0.09375 0
2324 2.0625 0.140625 0
2325 2.0625 0.15625 0
2326 2.0625 0.171875 0
2327 2.046875 0.1875 0
2328 2.03125 0.1875 0
2329 2.015625 0.1875 0
2330 2.015625 0.140625 0
2331 2.046875 0.140625 0
2332 2.046875 0.171875 0
2333 2.015625 0.171875 0
2334 2.03125 0.140625 0
2335 2.046875 0.15625 0
2336 2.03125 0.171875 0
2337 2.015625 0.15625 0
2338 2.03125 0.15625 0
2339 2.0625 0.203125 0
2340 2.0625 0.21875 0
2341 2.0625 0.234375 0
2342 2.015625 0.203125 0
2343 2.046875 0.203125 0
2344 2.046875 0.234375 0
2345 2.015625 0.234375 0
2346 2.03125 0.203125 0
2347 2.046875 0.21875 0
2348 2.03125 0.234375 0
2349 2.015625 0.21875 0
2350 2.03125 0.21875 0
2351 2.125 0.015625 0
2352 2.125 0.03125 0
2353 2.125 0.046875 0
2354 2.109375 0.0625 0
2355 2.09375 0.0625 0
2356 2.078125 0.0625 0
2357 2.078125 0.015625 0
2358 2.109375 0.015625 0
2359 2.109375 0.046875 0
2360 2.078125 0.046875 0
2361 2.09375 0.015625 0
2362 2.109375 0.03125 0
2363 2.09375 0.046875 0
2364 2.078125 0.03125 0
2365 2.09375 0.03125 0
2366 2.125 0.078125 0
2367 2.125 0.09375 0
2368 2.125 0.109375 0
2369 2.109375 0.125 0
2370 2.09375 0.125 0
2371 2.078125 0.125 0
2372 2.078125 0.078125 0
2373 2.109375 0.078125 0
2374 2.109375 0.109375 0
2375 2.078125 0.109375 0
2376 2.09375 0.078125 0
2377 2.109375 0.09375 0
2378 2.09375 0.109375 0
2379 2.078125 0.09375 0
2380 2.09375 0.09375 0
2381 2.125 0.140625 0
2382 2.125 0.15625 0
2383 2.125 0.171875 0
2384 2.109375 0.1875 0
2385 2.09375 0.1875 0
2386 2.078125 0.1875 0
2387 2.078125 0.140625 0
2388 2.109375 0.140625 0
2389 2.109375 0.171875 0
2390 2.078125 0.171875 0
2391 2.09375 0.140625 0
2392 2.109375 0.15625 0
2393 2.09375 0.171875 0
2394 2.078125 0.15625 0
2395 2.09375 0.15625 0
2396 2.125 0.203125 0
2397 2.125 0.21875 0
2398 2.125 0.234375 0
2399 2.078125 0.203125 0
2400 2.109375 0.203125 0
2401 2.109375 0.234375 0
2402 2.078125 0.234375 0
2403 2.09375 0.203125 0
2404 2.109375 0.21875 0
2405 2.09375 0.234375 0
2406 2.078125 0.21875 0
2407 2.09375 0.21875 0
2408 2.1875 0.015625 0
2409 2.1875 0.03125 0
2410 2.1875 0.046875 0
2411 2.171875 0.0625 0
2412 2.15625 0.0625 0
2413 2.140625 0.0625 0
2414 2.140625 0.015625 0
2415 2.171875 0.015625 0
2416 2.171875 0.046875 0
2417 2.140625 0.046875 0
2418 2.15625 0.015625 0
2419 2.171875 0.03125 0
2420 2.15625 0.046875 0
2421 2.140625 0.03125 0
2422 2.15625 0.03125 0
2423 2.1875 0.078125 0
2424 2.1875 0.09375 0
2425 2.1875 0.109375 0
2426 2.171875 0.125 0
2427 2.15625 0.125 0
2428 2.140625 0.125 0
2429 2.140625 0.078125 0
2430 2.171875 0.078125 0
2431 2.171875 0.109375 0
2432 2.140625 0.109375 0
2433 2.15625 0.078125 0
2434 2.171875 0.09375 0
2435 2.15625 0.109375 0
2436 2.140625 0.09375 0
2437 2.15625 0.09375 0
2438 2.1875 0.140625 0
2439 2.1875 0.15625 0
2440 2.1875 0.171875 0
2441 2.171875 0.1875 0
2442 2.15625 0.1875 0
2443 2.140625 0.1875 0
2444 2.140625 0.140625 0
2445 2.171875 0.140625 0
2446 2.171875 0.171875 0
2447 2.140625 0.171875 0
2448 2.15625 0.140625 0
2449 2.171875 0.15625 0
2450 2.15625 0.171875 0
2451 2.140625 0.15625 0
2452 2.15625 0.15625 0
2453 2.1875 0.203125 0
2454 2.1875 0.21875 0
2455 2.1875 0.234375 0
2456 2.140625 0.203125 0
2457 2.171875 0.203125 0
2458 2.171875 0.234375 0
2459 2.140625 0.234375 0
2460 2.15625 0.203125 0
2461 2.171875 0.21875 0
2462 2.15625 0.234375 0
2463 2.140625 0.21875 0
2464 2.15625 0.21875 0
2465 2.25 0.015625 0
2466 2.25 0.03125 0
2467 2.25 0.046875 0
2468 2.234375 0.0625 0
2469 2.21875 0.0625 0
2470 2.203125 0.0625 0
2471 2.203125 0.015625 0
2472 2.234375 0.015625 0
2473 2.234375 0.046875 0
2474 2.203125 0.046875 0
2475 2.21875 0.015625 0
2476 2.234375 0.03125 0
2477 2.21875 0.046875 0
2478 2.203125 0.03125 0
2479 2.21875 0.03125 0
2480 2.25 0.078125 0
2481 2.25 0.09375 0
2482 2.25 0.109375 0
2483 2.234375 0.125 0
2484 2.21875 0.125 0
2485 2.203125 0.125 0
2486 2.203125 0.078125 0
2487 2.234375 0.078125 0
2488 2.234375 0.109375 0
2489 2.203125 0.109375 0
2490 2.21875 0.078125 0
2491 2.234375 0.09375 0
2492 2.21875 0.109375 0
2493 2.203125 0.09375 0
2494 2.21875 0.09375 0
2495 2.25 0.140625 0
2496 2.25 0.15625 0
2497 2.25 0.171875 0
2498 2.234375 0.1875 0
2499 2.21875 0.1875 0
2500 2.203125 0.1875 0
2501 2.203125 0.140625 0
2502 2.234375 0.140625 0
2503 2.234375 0.171875 0
2504 2.203125 0.171875 0
2505 2.21875 0.140625 0
2506 2.234375 0.15625 0
2507 2.21875 0.171875 0
2508 2.203125 0.15625 0
2509 2.21875 0.15625 0
2510 2.25 0.203125 0
2511 2.25 0.21875 0
2512 2.25 0.234375 0
2513 2.203125 0.203125 0
2514 2.234375 0.203125 0
2515 2.234375 0.234375 0
2516 2.203125 0.234375 0
2517 2.21875 0.203125 0
2518 2.234375 0.21875 0
2519 2.21875 0.234375 0
2520 2.203125 0.21875 0
2521 2.21875 0.21875 0
2522 2.3125 0.015625 0
2523 2.3125 0.03125 0
2524 2.3125 0.046875 0
2525 2.296875 0.0625 0
2526 2.28125 0.0625 0
2527 2.265625 0.0625 0
2528 2.265625 0.015625 0
2529 2.296875 0.015625 0
2530 2.296875 0.046875 0
2531 2.265625 0.046875 0
2532 2.28125 0.015625 0
2533 2.296875 0.03125 0
2534 2.28125 0.046875 0
2535 2.265625 0.03125 0
2536 2.28125 0.03125 0
2537 2.3125 0.078125 0
2538 2.3125 0.09375 0
2539 2.3125 0.109375 0
2540 2.296875 0.125 0
2541 2.28125 0.125 0
2542 2.265625 0.125 0
2543 2.265625 0.078125 0
2544 2.296875 0.078125 0
2545 2.296875 0.109375 0
2546 2.265625 0.109375 0
2547 2.28125 0.078125 0
2548 2.296875 0.09375 0
2549 2.28125 0.109375 0
2550 2.265625 0.09375 0
2551 2.28125 0.09375 0
2552 2.3125 0.140625 0
2553 2.3125 0.15625 0
2554 2.3125 0.171875 0
2555 2.296875 0.1875 0
2556 2.28125 0.1875 0
2557 2.265625 0.1875 0
2558 2.265625 0.140625 0
2559 2.296875 0.140625 0
2560 2.296875 0.171875 0
2561 2.265625 0.171875 0
2562 2.28125 0.140625 0
2563 2.296875 0.15625 0
2564 2.28125 0.171875 0
2565 2.265625 0.15625 0
2566 2.28125 0.15625 0
2567 2.3125 0.203125 0
2568 2.3125 0.21875 0
2569 2.3125 0.234375 0
2570 2.265625 0.203125 0
2571 2.296875 0.203125 0
2572 2.296875 0.234375 0
2573 2.265625 0.234375 0
2574 2.28125 0.203125 0
2575 2.296875 0.21875 0
2576 2.28125 0.234375 0
2577 2.265625 0.21875 0
2578 2.28125 0.21875 0
2579 2.375 0.015625 0
2580 2.375 0.03125 0
2581 2.375 0.046875 0
2582 2.359375 0.0625 0
2583 2.34375 0.0625 0
2584 2.328125 0.0625 0
2585 2.328125 0.015625 0
2586 2.359375 0.015625 0
2587 2.359375 0.046875 0
2588 2.328125 0.046875 0
2589 2.34375 0.015625 0
2590 2.359375 0.03125 0
2591 2.34375 0.046875 0
2592 2.328125 0.03125 0
2593 2.34375 0.03125 0
2594 2.375 0.078125 0
2595 2.375 0.09375 0
2596 2.375 0.109375 0
2597 2.359375 0.125 0
2598 2.34375 0.125 0
2599 2.328125 0.125 0
2600 2.328125 0.078125 0
2601 2.359375 0.078125 0
2602 2.359375 0.109375 0
2603 2.328125 0.109375 0
2604 2.34375 0.078125 0
2605 2.359375 0.09375 0
2606 2.34375 0.109375 0
2607 2.328125 0.09375 0
2608 2.34375 0.09375 0
2609 2.375 0.140625 0
2610 2.375 0.15625 0
2611 2.375 0.171875 0
2612 2.359375 0.1875 0
2613 2.34375 0.1875 0
2614 2.328125 0.1875 0
2615 2.328125 0.140625 0
2616 2.359375 0.140625 0
2617 2.359375 0.171875 0
2618 2.328125 0.171875 0
2619 2.34375 0.140625 0
2620 2.359375 0.15625 0
2621 2.34375 0.171875 0
2622 2.328125 0.15625 0
2623 2.34375 0.15625 0
2624 2.375 0.203125 0
2625 2.375 0.21875 0
2626 2.375 0.234375 0
2627 2.328125 0.203125 0
2628 2.359375 0.203125 0
2629 2.359375 0.234375 0
2630 2.328125 0.234375 0
2631 2.34375 0.203125 0
2632 2.359375 0.21875 0
2633 2.34375 0.234375 0
2634 2.328125 0.21875 0
2635 2.34375 0.21875 0
2636 2.4375 0.015625 0
2637 2.4375 0.03125 0
2638 2.4375 0.046875 0
2639 2.421875 0.0625 0
2640 2.40625 0.0625 0
2641 2.390625 0.0625 0
2642 2.390625 0.015625 0
2643 2.421875 0.015625 0
2644 2.421875 0.046875 0
2645 2.390625 0.046875 0
2646 2.40625 0.015625 0
2647 2.421875 0.03125 0
2648 2.40625 0.046875 0
2649 2.390625 0.03125 0
2650 2.40625 0.03125 0
2651 2.4375 0.078125 0
2652 2.4375 0.09375 0
2653 2.4375 0.109375 0
2654 2.421875 0.125 0
2655 2.40625 0.125 0
2656 2.390625 0.125 0
2657 2.390625 0.078125 0
2658 2.421875 0.078125 0
2659 2.421875 0.109375 0
2660 2.390625 0.109375 0
2661 2.40625 0.078125 0
2662 2.421875 0.09375 0
2663 2.40625 0.109375 0
2664 2.390625 0.09375 0
2665 2.40625 0.09375 0
2666 2.4375 0.140625 0
2667 2.4375 0.15625 0
2668 2.4375 0.171875 0
2669 2.421875 0.1875 0
2670 2.40625 0.1875 0
2671 2.390625 0.1875 0
2672 2.390625 0.140625 0
2673 2.421875 0.140625 0
2674 2.421875 0.171875 0
2675 2.390625 0.171875 0
2676 2.40625 0.140625 0
2677 2.421875 0.15625 0
2678 2.40625 0.171875 0
2679 2.390625 0.15625 0
2680 2.40625 0.15625 0
2681 2.4375 0.203125 0
2682 2.4375 0.21875 0
2683 2.4375 0.234375 0
2684 2.390625 0.203125 0
2685 2.421875 0.203125 0
2686 2.421875 0.234375 0
2687 2.390625 0.234375 0
2688 2.40625 0.203125 0
2689 2.421875 0.21875 0
2690 2.40625 0.234375 0
2691 2.390625 0.21875 0
2692 2.40625 0.21875 0
2693 2.484375 0.0625 0
2694 2.46875 0.0625 0
2695 2.453125 0.0625 0
2696 2.453125 0.015625 0
2697 2.484375 0.015625 0
2698 2.484375 0.046875 0
2699 2.453125 0.046875 0
2700 2.46875 0.015625 0
2701 2.484375 0.03125 0
2702 2.46875 0.046875 0
2703 2.453125 0.03125 0
2704 2.46875 0.03125 0
2705 2.484375 0.125 0
2706 2.46875 0.125 0
2707 2.453125 0.125 0
2708 2.453125 0.078125 0
2709 2.484375 0.078125 0
2710 2.484375 0.109375 0
2711 2.453125 0.109375 0
2712 2.46875 0.078125 0
2713 2.484375 0.09375 0
2714 2.46875 0.109375 0
2715 2.453125 0.09375 0
2716 2.46875 0.09375 0
2717 2.484375 0.1875 0
2718 2.46875 0.1875 0
2719 2.453125 0.1875 0
2720 2.453125 0.140625 0
2721 2.484375 0.140625 0
2722 2.484375 0.171875 0
2723 2.453125 0.171875 0
2724 2.46875 0.140625 0
2725 2.484375 0.15625 0
2726 2.46875 0.171875 0
2727 2.453125 0.15625 0
2728 2.46875 0.15625 0
2729 2.453125 0.203125 0
2730 2.484375 0.203125 0
2731 2.484375 0.234375 0
2732 2.453125 0.234375 0
2733 2.46875 0.203125 0
2734 2.484375 0.21875 0
2735 2.46875 0.234375 0
2736 2.453125 0.21875 0
2737 2.46875 0.21875 0
