0.81485 0
0.81501 0
0.81516 0
0.81532 0
0.81547 0
0.81563 0
0.81579 0
0.81594 0
0.8161 0
0.81625 0
0.81641 0
0.81657 0
0.81672 0
0.81688 0
0.81704 0
0.81719 0
0.81735 0
0.8175 0
0.81766 0
0.81782 0
0.81797 0
0.81813 0
0.81828 0
0.81844 0
0.8186 0
0.81875 0
0.81891 0
0.81906 0
0.81922 0
0.81938 0
0.81953 0
0.81969 0
0.81984 0
0.82 0
0.82016 0
0.82031 0
0.82047 0
0.82062 0
0.82078 0
0.82094 0
0.82109 0
0.82125 0
0.8214 0
0.82156 0
0.82172 0
0.82187 0
0.82203 0
0.82218 0
0.82234 0
0.8225 0
0.82265 0
0.82281 0
0.82297 0
0.82312 0
0.82328 0
0.82343 0
0.82359 0
0.82375 0
0.8239 0
0.82406 0
0.82421 0
0.82437 0
0.82453 0
0.82468 0
0.82484 0
0.82499 0
0.82515 0
0.82531 0
0.82546 0
0.82562 0
0.82577 0
0.82593 0
0.82609 0
0.82624 0
0.8264 0
0.82655 0
0.82671 0
0.82687 0
0.82702 0
0.82718 0
0.82733 0
0.82749 0
0.82765 0
0.8278 0
0.82796 0
0.82811 0
0.82827 0
0.82843 0
0.82858 0
0.82874 0
0.8289 0
0.82905 0
0.82921 0
0.82936 0
0.82952 0
0.82968 0.0057653
0.82983 0.011589
0.82999 0.016734
0.83014 0.021229
0.8303 0.034767
0.83046 0.055152
0.83061 0.081171
0.83077 0.12097
0.83092 0.16675
0.83108 0.22297
0.83124 0.27571
0.83139 0.33551
0.83155 0.39667
0.8317 0.45859
0.83186 0.52571
0.83202 0.59293
0.83217 0.6625
0.83233 0.74213
0.83248 0.84774
0.83264 0.95905
0.8328 1.0614
0.83295 1.162
0.83311 1.2773
0.83326 1.3964
0.83342 1.5114
0.83358 1.63
0.83373 1.7645
0.83389 1.9143
0.83405 2.0931
0.8342 2.2754
0.83436 2.4685
0.83451 2.6761
0.83467 2.8805
0.83483 3.0825
0.83498 3.2932
0.83514 3.5095
0.83529 3.7546
0.83545 4.0249
0.83561 4.3015
0.83576 4.5929
0.83592 4.9051
0.83607 5.237
0.83623 5.5995
0.83639 5.9855
0.83654 6.4127
0.8367 6.8495
0.83685 7.3164
0.83701 7.8216
0.83717 8.3482
0.83732 8.9101
0.83748 9.5047
0.83763 10.074
0.83779 10.649
0.83795 11.237
0.8381 11.853
0.83826 12.52
0.83841 13.191
0.83857 13.868
0.83873 14.557
0.83888 15.232
0.83904 15.899
0.83919 16.572
0.83935 17.266
0.83951 17.953
0.83966 18.624
0.83982 19.272
0.83998 19.916
0.84013 20.56
0.84029 21.201
0.84044 21.813
0.8406 22.394
0.84076 22.961
0.84091 23.518
0.84107 24.089
0.84122 24.657
0.84138 25.187
0.84154 25.669
0.84169 26.155
0.84185 26.615
0.842 27.085
0.84216 27.559
0.84232 28.017
0.84247 28.503
0.84263 29.062
0.84278 29.623
0.84294 30.138
0.8431 30.631
0.84325 31.112
0.84341 31.593
0.84356 32.114
0.84372 32.644
0.84388 33.16
0.84403 33.69
0.84419 34.242
0.84434 34.794
0.8445 35.36
0.84466 35.929
0.84481 36.471
0.84497 37
0.84512 37.536
0.84528 38.074
0.84544 38.617
0.84559 39.179
0.84575 39.744
0.84591 40.311
0.84606 40.891
0.84622 41.464
0.84637 42.006
0.84653 42.515
0.84669 43.025
0.84684 43.56
0.847 44.055
0.84715 44.496
0.84731 44.881
0.84747 45.2
0.84762 45.513
0.84778 45.807
0.84793 46.11
0.84809 46.398
0.84825 46.704
0.8484 46.998
0.84856 47.219
0.84871 47.388
0.84887 47.498
0.84903 47.533
0.84918 47.516
0.84934 47.449
0.84949 47.335
0.84965 47.198
0.84981 47.058
0.84996 46.948
0.85012 46.864
0.85027 46.799
0.85043 46.758
0.85059 46.684
0.85074 46.561
0.8509 46.418
0.85105 46.279
0.85121 46.136
0.85137 45.995
0.85152 45.855
0.85168 45.735
0.85184 45.673
0.85199 45.656
0.85215 45.695
0.8523 45.716
0.85246 45.727
0.85262 45.755
0.85277 45.798
0.85293 45.853
0.85308 45.895
0.85324 45.948
0.8534 45.981
0.85355 45.995
0.85371 46.019
0.85386 46.068
0.85402 46.16
0.85418 46.255
0.85433 46.331
0.85449 46.368
0.85464 46.386
0.8548 46.378
0.85496 46.293
0.85511 46.135
0.85527 45.908
0.85542 45.58
0.85558 45.221
0.85574 44.807
0.85589 44.37
0.85605 43.948
0.8562 43.489
0.85636 43.007
0.85652 42.487
0.85667 41.894
0.85683 41.253
0.85698 40.554
0.85714 39.808
0.8573 39.002
0.85745 38.161
0.85761 37.281
0.85777 36.404
0.85792 35.546
0.85808 34.695
0.85823 33.845
0.85839 32.972
0.85855 32.101
0.8587 31.213
0.85886 30.31
0.85901 29.396
0.85917 28.491
0.85933 27.625
0.85948 26.743
0.85964 25.876
0.85979 25.022
0.85995 24.195
0.86011 23.408
0.86026 22.626
0.86042 21.868
0.86057 21.175
0.86073 20.562
0.86089 19.981
0.86104 19.449
0.8612 18.948
0.86135 18.462
0.86151 18.029
0.86167 17.632
0.86182 17.274
0.86198 16.963
0.86213 16.699
0.86229 16.471
0.86245 16.273
0.8626 16.108
0.86276 15.961
0.86292 15.839
0.86307 15.719
0.86323 15.606
0.86338 15.537
0.86354 15.502
0.8637 15.472
0.86385 15.448
0.86401 15.46
0.86416 15.494
0.86432 15.536
0.86448 15.536
0.86463 15.532
0.86479 15.515
0.86494 15.518
0.8651 15.529
0.86526 15.513
0.86541 15.498
0.86557 15.462
0.86572 15.401
0.86588 15.315
0.86604 15.192
0.86619 15.019
0.86635 14.851
0.8665 14.672
0.86666 14.475
0.86682 14.253
0.86697 14.012
0.86713 13.782
0.86728 13.548
0.86744 13.293
0.8676 13.011
0.86775 12.713
0.86791 12.385
0.86806 12.062
0.86822 11.714
0.86838 11.358
0.86853 10.987
0.86869 10.575
0.86885 10.17
0.869 9.7728
0.86916 9.3487
0.86931 8.9162
0.86947 8.5018
0.86963 8.0894
0.86978 7.6571
0.86994 7.2307
0.87009 6.8133
0.87025 6.4119
0.87041 6.0243
0.87056 5.6462
0.87072 5.2929
0.87087 4.9622
0.87103 4.6496
0.87119 4.3463
0.87134 4.0328
0.8715 3.7417
0.87165 3.4622
0.87181 3.1752
0.87197 2.8874
0.87212 2.6241
0.87228 2.4053
0.87243 2.212
0.87259 2.031
0.87275 1.8536
0.8729 1.6851
0.87306 1.5354
0.87321 1.3974
0.87337 1.2669
0.87353 1.1344
0.87368 0.99501
0.87384 0.86465
0.87399 0.74328
0.87415 0.64319
0.87431 0.54716
0.87446 0.46625
0.87462 0.39369
0.87478 0.33965
0.87493 0.29775
0.87509 0.25928
0.87524 0.22149
0.8754 0.18104
0.87556 0.14583
0.87571 0.11568
0.87587 0.098522
0.87602 0.081831
0.87618 0.067261
0.87634 0.05065
0.87649 0.032927
0.87665 0.023015
0.8768 0.019258
0.87696 0.014947
0.87712 0.010056
0.87727 0.0045604
0.87743 0
0.87758 0
0.87774 0
0.8779 0
0.87805 0
0.87821 0
0.87836 0
0.87852 0
0.87868 0
0.87883 0
0.87899 0
0.87914 0
0.8793 0
0.87946 0
0.87961 0
0.87977 0
0.87992 0
0.88008 0
0.88024 0
0.88039 0
0.88055 0
0.88071 0
0.88086 0
0.88102 0
0.88117 0
0.88133 0
0.88149 0
0.88164 0
0.8818 0
0.88195 0
0.88211 0
0.88227 0
0.88242 0
0.88258 0
0.88273 0
0.88289 0
0.88305 0
0.8832 0
0.88336 0
0.88351 0
0.88367 0
0.88383 0
0.88398 0
0.88414 0
0.88429 0
0.88445 0
0.88461 0
0.88476 0
0.88492 0
0.88507 0
0.88523 0
0.88539 0
0.88554 0
0.8857 0
0.88585 0
0.88601 0
0.88617 0
0.88632 0
0.88648 0
0.88664 0
0.88679 0
0.88695 0
0.8871 0
0.88726 0
0.88742 0
0.88757 0
0.88773 0
0.88788 0
0.88804 0
0.8882 0
0.88835 0
0.88851 0
0.88866 0
0.88882 0
0.88898 0
0.88913 0
0.88929 0
0.88944 0
0.8896 0
0.88976 0
0.88991 0
0.89007 0
0.89022 0
0.89038 0
0.89054 0
0.89069 0
0.89085 0
0.891 0
0.89116 0
0.89132 0
0.89147 0
0.89163 0
0.89179 0
0.89194 0
0.8921 0
0.89225 0
0.89241 0
0.89257 0
0.89272 0
0.89288 0
