19.391 0
19.396 0
19.4 0
19.405 0
19.409 0
19.414 0
19.418 0
19.423 0
19.427 0
19.432 0
19.436 0
19.441 0
19.445 0
19.45 0
19.454 0
19.459 0
19.463 0
19.468 0
19.472 0
19.477 0
19.481 0
19.486 0
19.49 0
19.495 0
19.499 0
19.504 0
19.508 0
19.512 0
19.517 0
19.521 0
19.526 0
19.53 0
19.535 0
19.539 0
19.544 0
19.548 0
19.553 0
19.557 0
19.562 0
19.566 0
19.571 0
19.575 0
19.58 0
19.584 0
19.589 0
19.593 0
19.598 0
19.602 0
19.607 0
19.611 0
19.616 0
19.62 0
19.625 0
19.629 0
19.634 0
19.638 0
19.643 0
19.647 0
19.652 0
19.656 0
19.661 0
19.665 0
19.67 0
19.674 0
19.679 0
19.683 0
19.688 0
19.692 0
19.697 0
19.701 0
19.706 0
19.71 0
19.715 0
19.719 0
19.724 0
19.728 0
19.732 0
19.737 1.588e-05
19.741 0.00029352
19.746 0.00053577
19.75 0.00074463
19.755 0.0010966
19.759 0.0014845
19.764 0.0018787
19.768 0.0024061
19.773 0.0032039
19.777 0.0042412
19.782 0.0051307
19.786 0.0062508
19.791 0.0075863
19.795 0.008829
19.8 0.0098487
19.804 0.010656
19.809 0.011263
19.813 0.011922
19.818 0.012542
19.822 0.013102
19.827 0.013554
19.831 0.014016
19.836 0.014349
19.84 0.014631
19.845 0.015069
19.849 0.015963
19.854 0.016778
19.858 0.017667
19.863 0.018878
19.867 0.020668
19.872 0.022418
19.876 0.024127
19.881 0.026173
19.885 0.028318
19.89 0.031056
19.894 0.033769
19.899 0.036101
19.903 0.038793
19.908 0.041476
19.912 0.043898
19.917 0.046231
19.921 0.048437
19.926 0.050517
19.93 0.052293
19.935 0.054211
19.939 0.056404
19.944 0.058409
19.948 0.060751
19.953 0.063792
19.957 0.066868
19.961 0.070091
19.966 0.07375
19.97 0.077607
19.975 0.081489
19.979 0.085705
19.984 0.090093
19.988 0.095148
19.993 0.10101
19.997 0.10717
20.002 0.11333
20.006 0.11946
20.011 0.12586
20.015 0.13275
20.02 0.13952
20.024 0.14702
20.029 0.15521
20.033 0.16345
20.038 0.17084
20.042 0.17849
20.047 0.18701
20.051 0.19646
20.056 0.20621
20.06 0.21611
20.065 0.22624
20.069 0.23722
20.074 0.24849
20.078 0.2598
20.083 0.27123
20.087 0.28366
20.092 0.2963
20.096 0.31021
20.101 0.32419
20.105 0.33824
20.11 0.35264
20.114 0.36763
20.119 0.38385
20.123 0.40066
20.128 0.41729
20.132 0.43424
20.137 0.45144
20.141 0.46972
20.146 0.48854
20.15 0.50834
20.155 0.52837
20.159 0.54924
20.164 0.56952
20.168 0.58973
20.173 0.61008
20.177 0.63004
20.181 0.64947
20.186 0.66993
20.19 0.69075
20.195 0.71244
20.199 0.73345
20.204 0.75486
20.208 0.77702
20.213 0.80036
20.217 0.82348
20.222 0.84562
20.226 0.86711
20.231 0.88882
20.235 0.90965
20.24 0.93018
20.244 0.95017
20.249 0.96978
20.253 0.98971
20.258 1.0093
20.262 1.0289
20.267 1.0469
20.271 1.0639
20.276 1.0801
20.28 1.0962
20.285 1.1134
20.289 1.1303
20.294 1.1468
20.298 1.1624
20.303 1.1775
20.307 1.1926
20.312 1.2076
20.316 1.2229
20.321 1.2385
20.325 1.2532
20.33 1.2689
20.334 1.2842
20.339 1.2978
20.343 1.3113
20.348 1.3252
20.352 1.3376
20.357 1.3496
20.361 1.3619
20.366 1.3747
20.37 1.3885
20.375 1.4007
20.379 1.4133
20.384 1.4253
20.388 1.4377
20.393 1.4499
20.397 1.4614
20.402 1.471
20.406 1.4805
20.41 1.4895
20.415 1.4969
20.419 1.5042
20.424 1.5118
20.428 1.5191
20.433 1.5268
20.437 1.5338
20.442 1.5389
20.446 1.5416
20.451 1.5426
20.455 1.5438
20.46 1.5466
20.464 1.5512
20.469 1.5543
20.473 1.5567
20.478 1.5585
20.482 1.5597
20.487 1.5608
20.491 1.5618
20.496 1.5633
20.5 1.5647
20.505 1.5663
20.509 1.5684
20.514 1.5708
20.518 1.5724
20.523 1.5728
20.527 1.5728
20.532 1.5727
20.536 1.5732
20.541 1.575
20.545 1.5766
20.55 1.5776
20.554 1.5787
20.559 1.5789
20.563 1.5792
20.568 1.5785
20.572 1.5776
20.577 1.5773
20.581 1.5763
20.586 1.5731
20.59 1.5701
20.595 1.5659
20.599 1.5603
20.604 1.5552
20.608 1.5486
20.613 1.5417
20.617 1.5338
20.622 1.525
20.626 1.5147
20.63 1.5024
20.635 1.4888
20.639 1.4766
20.644 1.4662
20.648 1.4552
20.653 1.4433
20.657 1.4314
20.662 1.4186
20.666 1.4053
20.671 1.392
20.675 1.3784
20.68 1.3637
20.684 1.3495
20.689 1.3367
20.693 1.3239
20.698 1.3108
20.702 1.2975
20.707 1.2823
20.711 1.2662
20.716 1.2497
20.72 1.2337
20.725 1.217
20.729 1.2005
20.734 1.1849
20.738 1.1698
20.743 1.155
20.747 1.1395
20.752 1.1241
20.756 1.1093
20.761 1.094
20.765 1.0782
20.77 1.0617
20.774 1.0443
20.779 1.0278
20.783 1.011
20.788 0.99304
20.792 0.97404
20.797 0.95527
20.801 0.93702
20.806 0.91909
20.81 0.90054
20.815 0.88296
20.819 0.86564
20.824 0.84698
20.828 0.8284
20.833 0.80983
20.837 0.79054
20.842 0.77137
20.846 0.75242
20.85 0.73326
20.855 0.71394
20.859 0.69512
20.864 0.6767
20.868 0.65905
20.873 0.6419
20.877 0.6248
20.882 0.60642
20.886 0.58666
20.891 0.56605
20.895 0.54513
20.9 0.52559
20.904 0.50685
20.909 0.48877
20.913 0.47057
20.918 0.45315
20.922 0.43532
20.927 0.41737
20.931 0.39943
20.936 0.38103
20.94 0.36309
20.945 0.34627
20.949 0.33021
20.954 0.31428
20.958 0.29891
20.963 0.28464
20.967 0.27116
20.972 0.2585
20.976 0.24706
20.981 0.23602
20.985 0.22443
20.99 0.21315
20.994 0.20194
20.999 0.19104
21.003 0.18093
21.008 0.17115
21.012 0.16175
21.017 0.15282
21.021 0.14484
21.026 0.13838
21.03 0.13239
21.035 0.12613
21.039 0.11978
21.044 0.11416
21.048 0.10874
21.053 0.10369
21.057 0.098639
21.062 0.094032
21.066 0.089889
21.071 0.085854
21.075 0.081638
21.079 0.077251
21.084 0.072883
21.088 0.069538
21.093 0.066706
21.097 0.063973
21.102 0.061105
21.106 0.058074
21.111 0.054924
21.115 0.051903
21.12 0.04866
21.124 0.045608
21.129 0.042412
21.133 0.03913
21.138 0.036046
21.142 0.032882
21.147 0.02957
21.151 0.026526
21.156 0.024072
21.16 0.022038
21.165 0.01997
21.169 0.018253
21.174 0.016906
21.178 0.015828
21.183 0.014785
21.187 0.014016
21.192 0.013325
21.196 0.012535
21.201 0.011518
21.205 0.010263
21.21 0.0089034
21.214 0.0077874
21.219 0.0067298
21.223 0.0056933
21.228 0.0045014
21.232 0.00367
21.237 0.0028851
21.241 0.0022116
21.246 0.0017068
21.25 0.0012943
21.255 0.00090966
21.259 0.00046918
21.264 9.1061e-05
21.268 0
21.273 0
21.277 0
21.282 0
21.286 0
21.291 0
21.295 0
21.299 0
21.304 0
21.308 0
21.313 0
21.317 0
21.322 0
21.326 0
21.331 0
21.335 0
21.34 0
21.344 0
21.349 0
21.353 0
21.358 0
21.362 0
21.367 0
21.371 0
21.376 0
21.38 0
21.385 0
21.389 0
21.394 0
21.398 0
21.403 0
21.407 0
21.412 0
21.416 0
21.421 0
21.425 0
21.43 0
21.434 0
21.439 0
21.443 0
21.448 0
21.452 0
21.457 0
21.461 0
21.466 0
21.47 0
21.475 0
21.479 0
21.484 0
21.488 0
21.493 0
21.497 0
21.502 0
21.506 0
21.511 0
21.515 0
21.52 0
21.524 0
21.528 0
21.533 0
21.537 0
21.542 0
21.546 0
21.551 0
21.555 0
21.56 0
21.564 0
21.569 0
21.573 0
21.578 0
21.582 0
21.587 0
21.591 0
21.596 0
21.6 0
21.605 0
21.609 0
21.614 0
21.618 0
21.623 0
21.627 0
21.632 0
21.636 0
