1 1 1 1 1 5 49 48
2 1 1 1 48 49 50 47
3 1 1 1 47 50 51 46
4 1 1 1 46 51 45 4
5 1 1 1 5 6 52 49
6 1 1 1 49 52 53 50
7 1 1 1 50 53 54 51
8 1 1 1 51 54 44 45
9 1 1 1 6 7 55 52
10 1 1 1 52 55 56 53
11 1 1 1 53 56 57 54
12 1 1 1 54 57 43 44
13 1 1 1 7 8 58 55
14 1 1 1 55 58 59 56
15 1 1 1 56 59 60 57
16 1 1 1 57 60 42 43
17 1 1 1 8 9 61 58
18 1 1 1 58 61 62 59
19 1 1 1 59 62 63 60
20 1 1 1 60 63 41 42
21 1 1 1 9 10 64 61
22 1 1 1 61 64 65 62
23 1 1 1 62 65 66 63
24 1 1 1 63 66 40 41
25 1 1 1 10 11 67 64
26 1 1 1 64 67 68 65
27 1 1 1 65 68 69 66
28 1 1 1 66 69 39 40
29 1 1 1 11 12 70 67
30 1 1 1 67 70 71 68
31 1 1 1 68 71 72 69
32 1 1 1 69 72 38 39
33 1 1 1 12 13 73 70
34 1 1 1 70 73 74 71
35 1 1 1 71 74 75 72
36 1 1 1 72 75 37 38
37 1 1 1 13 14 76 73
38 1 1 1 73 76 77 74
39 1 1 1 74 77 78 75
40 1 1 1 75 78 36 37
41 1 1 1 14 15 79 76
42 1 1 1 76 79 80 77
43 1 1 1 77 80 81 78
44 1 1 1 78 81 35 36
45 1 1 1 15 16 82 79
46 1 1 1 79 82 83 80
47 1 1 1 80 83 84 81
48 1 1 1 81 84 34 35
49 1 1 1 16 17 85 82
50 1 1 1 82 85 86 83
51 1 1 1 83 86 87 84
52 1 1 1 84 87 33 34
53 1 1 1 17 18 88 85
54 1 1 1 85 88 89 86
55 1 1 1 86 89 90 87
56 1 1 1 87 90 32 33
57 1 1 1 18 19 91 88
58 1 1 1 88 91 92 89
59 1 1 1 89 92 93 90
60 1 1 1 90 93 31 32
61 1 1 1 19 20 94 91
62 1 1 1 91 94 95 92
63 1 1 1 92 95 96 93
64 1 1 1 93 96 30 31
65 1 1 1 20 21 97 94
66 1 1 1 94 97 98 95
67 1 1 1 95 98 99 96
68 1 1 1 96 99 29 30
69 1 1 1 21 22 100 97
70 1 1 1 97 100 101 98
71 1 1 1 98 101 102 99
72 1 1 1 99 102 28 29
73 1 1 1 22 23 103 100
74 1 1 1 100 103 104 101
75 1 1 1 101 104 105 102
76 1 1 1 102 105 27 28
77 1 1 1 23 2 24 103
78 1 1 1 103 24 25 104
79 1 1 1 104 25 26 105
80 1 1 1 105 26 3 27
