1 5 353 340 44 45 46 470 471 472 473 474 475 350 351 352 476 480 477 481 478 482 479 483 484
340 353 354 339 475 474 473 485 486 487 488 489 490 347 348 349 491 495 492 496 493 497 494 498 499
339 354 355 338 490 489 488 500 501 502 503 504 505 344 345 346 506 510 507 511 508 512 509 513 514
338 355 217 4 505 504 503 515 516 517 335 336 337 341 342 343 518 522 519 523 520 524 521 525 526
5 6 356 353 47 48 49 527 528 529 530 531 532 472 471 470 533 537 534 538 535 539 536 540 541
353 356 357 354 532 531 530 542 543 544 545 546 547 487 486 485 548 552 549 553 550 554 551 555 556
354 357 358 355 547 546 545 557 558 559 560 561 562 502 501 500 563 567 564 568 565 569 566 570 571
355 358 216 217 562 561 560 572 573 574 332 333 334 517 516 515 575 579 576 580 577 581 578 582 583
6 7 359 356 50 51 52 584 585 586 587 588 589 529 528 527 590 594 591 595 592 596 593 597 598
356 359 360 357 589 588 587 599 600 601 602 603 604 544 543 542 605 609 606 610 607 611 608 612 613
357 360 361 358 604 603 602 614 615 616 617 618 619 559 558 557 620 624 621 625 622 626 623 627 628
358 361 215 216 619 618 617 629 630 631 329 330 331 574 573 572 632 636 633 637 634 638 635 639 640
7 8 362 359 53 54 55 641 642 643 644 645 646 586 585 584 647 651 648 652 649 653 650 654 655
359 362 363 360 646 645 644 656 657 658 659 660 661 601 600 599 662 666 663 667 664 668 665 669 670
360 363 364 361 661 660 659 671 672 673 674 675 676 616 615 614 677 681 678 682 679 683 680 684 685
361 364 214 215 676 675 674 686 687 688 326 327 328 631 630 629 689 693 690 694 691 695 692 696 697
8 9 365 362 56 57 58 698 699 700 701 702 703 643 642 641 704 708 705 709 706 710 707 711 712
362 365 366 363 703 702 701 713 714 715 716 717 718 658 657 656 719 723 720 724 721 725 722 726 727
363 366 367 364 718 717 716 728 729 730 731 732 733 673 672 671 734 738 735 739 736 740 737 741 742
364 367 213 214 733 732 731 743 744 745 323 324 325 688 687 686 746 750 747 751 748 752 749 753 754
9 10 368 365 59 60 61 755 756 757 758 759 760 700 699 698 761 765 762 766 763 767 764 768 769
365 368 369 366 760 759 758 770 771 772 773 774 775 715 714 713 776 780 777 781 778 782 779 783 784
366 369 370 367 775 774 773 785 786 787 788 789 790 730 729 728 791 795 792 796 793 797 794 798 799
367 370 212 213 790 789 788 800 801 802 320 321 322 745 744 743 803 807 804 808 805 809 806 810 811
10 11 371 368 62 63 64 812 813 814 815 816 817 757 756 755 818 822 819 823 820 824 821 825 826
368 371 372 369 817 816 815 827 828 829 830 831 832 772 771 770 833 837 834 838 835 839 836 840 841
369 372 373 370 832 831 830 842 843 844 845 846 847 787 786 785 848 852 849 853 850 854 851 855 856
370 373 211 212 847 846 845 857 858 859 317 318 319 802 801 800 860 864 861 865 862 866 863 867 868
11 12 374 371 65 66 67 869 870 871 872 873 874 814 813 812 875 879 876 880 877 881 878 882 883
371 374 375 372 874 873 872 884 885 886 887 888 889 829 828 827 890 894 891 895 892 896 893 897 898
372 375 376 373 889 888 887 899 900 901 902 903 904 844 843 842 905 909 906 910 907 911 908 912 913
373 376 210 211 904 903 902 914 915 916 314 315 316 859 858 857 917 921 918 922 919 923 920 924 925
12 13 377 374 68 69 70 926 927 928 929 930 931 871 870 869 932 936 933 937 934 938 935 939 940
374 377 378 375 931 930 929 941 942 943 944 945 946 886 885 884 947 951 948 952 949 953 950 954 955
375 378 379 376 946 945 944 956 957 958 959 960 961 901 900 899 962 966 963 967 964 968 965 969 970
376 379 209 210 961 960 959 971 972 973 311 312 313 916 915 914 974 978 975 979 976 980 977 981 982
13 14 380 377 71 72 73 983 984 985 986 987 988 928 927 926 989 993 990 994 991 995 992 996 997
377 380 381 378 988 987 986 998 999 1000 1001 1002 1003 943 942 941 1004 1008 1005 1009 1006 1010 1007 1011 1012
378 381 382 379 1003 1002 1001 1013 1014 1015 1016 1017 1018 958 957 956 1019 1023 1020 1024 1021 1025 1022 1026 1027
379 382 208 209 1018 1017 1016 1028 1029 1030 308 309 310 973 972 971 1031 1035 1032 1036 1033 1037 1034 1038 1039
14 15 383 380 74 75 76 1040 1041 1042 1043 1044 1045 985 984 983 1046 1050 1047 1051 1048 1052 1049 1053 1054
380 383 384 381 1045 1044 1043 1055 1056 1057 1058 1059 1060 1000 999 998 1061 1065 1062 1066 1063 1067 1064 1068 1069
381 384 385 382 1060 1059 1058 1070 1071 1072 1073 1074 1075 1015 1014 1013 1076 1080 1077 1081 1078 1082 1079 1083 1084
382 385 207 208 1075 1074 1073 1085 1086 1087 305 306 307 1030 1029 1028 1088 1092 1089 1093 1090 1094 1091 1095 1096
15 16 386 383 77 78 79 1097 1098 1099 1100 1101 1102 1042 1041 1040 1103 1107 1104 1108 1105 1109 1106 1110 1111
383 386 387 384 1102 1101 1100 1112 1113 1114 1115 1116 1117 1057 1056 1055 1118 1122 1119 1123 1120 1124 1121 1125 1126
384 387 388 385 1117 1116 1115 1127 1128 1129 1130 1131 1132 1072 1071 1070 1133 1137 1134 1138 1135 1139 1136 1140 1141
385 388 206 207 1132 1131 1130 1142 1143 1144 302 303 304 1087 1086 1085 1145 1149 1146 1150 1147 1151 1148 1152 1153
16 17 389 386 80 81 82 1154 1155 1156 1157 1158 1159 1099 1098 1097 1160 1164 1161 1165 1162 1166 1163 1167 1168
386 389 390 387 1159 1158 1157 1169 1170 1171 1172 1173 1174 1114 1113 1112 1175 1179 1176 1180 1177 1181 1178 1182 1183
387 390 391 388 1174 1173 1172 1184 1185 1186 1187 1188 1189 1129 1128 1127 1190 1194 1191 1195 1192 1196 1193 1197 1198
388 391 205 206 1189 1188 1187 1199 1200 1201 299 300 301 1144 1143 1142 1202 1206 1203 1207 1204 1208 1205 1209 1210
17 18 392 389 83 84 85 1211 1212 1213 1214 1215 1216 1156 1155 1154 1217 1221 1218 1222 1219 1223 1220 1224 1225
389 392 393 390 1216 1215 1214 1226 1227 1228 1229 1230 1231 1171 1170 1169 1232 1236 1233 1237 1234 1238 1235 1239 1240
390 393 394 391 1231 1230 1229 1241 1242 1243 1244 1245 1246 1186 1185 1184 1247 1251 1248 1252 1249 1253 1250 1254 1255
391 394 204 205 1246 1245 1244 1256 1257 1258 296 297 298 1201 1200 1199 1259 1263 1260 1264 1261 1265 1262 1266 1267
18 19 395 392 86 87 88 1268 1269 1270 1271 1272 1273 1213 1212 1211 1274 1278 1275 1279 1276 1280 1277 1281 1282
392 395 396 393 1273 1272 1271 1283 1284 1285 1286 1287 1288 1228 1227 1226 1289 1293 1290 1294 1291 1295 1292 1296 1297
393 396 397 394 1288 1287 1286 1298 1299 1300 1301 1302 1303 1243 1242 1241 1304 1308 1305 1309 1306 1310 1307 1311 1312
394 397 203 204 1303 1302 1301 1313 1314 1315 293 294 295 1258 1257 1256 1316 1320 1317 1321 1318 1322 1319 1323 1324
19 20 398 395 89 90 91 1325 1326 1327 1328 1329 1330 1270 1269 1268 1331 1335 1332 1336 1333 1337 1334 1338 1339
395 398 399 396 1330 1329 1328 1340 1341 1342 1343 1344 1345 1285 1284 1283 1346 1350 1347 1351 1348 1352 1349 1353 1354
396 399 400 397 1345 1344 1343 1355 1356 1357 1358 1359 1360 1300 1299 1298 1361 1365 1362 1366 1363 1367 1364 1368 1369
397 400 202 203 1360 1359 1358 1370 1371 1372 290 291 292 1315 1314 1313 1373 1377 1374 1378 1375 1379 1376 1380 1381
20 21 401 398 92 93 94 1382 1383 1384 1385 1386 1387 1327 1326 1325 1388 1392 1389 1393 1390 1394 1391 1395 1396
398 401 402 399 1387 1386 1385 1397 1398 1399 1400 1401 1402 1342 1341 1340 1403 1407 1404 1408 1405 1409 1406 1410 1411
399 402 403 400 1402 1401 1400 1412 1413 1414 1415 1416 1417 1357 1356 1355 1418 1422 1419 1423 1420 1424 1421 1425 1426
400 403 201 202 1417 1416 1415 1427 1428 1429 287 288 289 1372 1371 1370 1430 1434 1431 1435 1432 1436 1433 1437 1438
21 22 404 401 95 96 97 1439 1440 1441 1442 1443 1444 1384 1383 1382 1445 1449 1446 1450 1447 1451 1448 1452 1453
401 404 405 402 1444 1443 1442 1454 1455 1456 1457 1458 1459 1399 1398 1397 1460 1464 1461 1465 1462 1466 1463 1467 1468
402 405 406 403 1459 1458 1457 1469 1470 1471 1472 1473 1474 1414 1413 1412 1475 1479 1476 1480 1477 1481 1478 1482 1483
403 406 200 201 1474 1473 1472 1484 1485 1486 284 285 286 1429 1428 1427 1487 1491 1488 1492 1489 1493 1490 1494 1495
22 23 407 404 98 99 100 1496 1497 1498 1499 1500 1501 1441 1440 1439 1502 1506 1503 1507 1504 1508 1505 1509 1510
404 407 408 405 1501 1500 1499 1511 1512 1513 1514 1515 1516 1456 1455 1454 1517 1521 1518 1522 1519 1523 1520 1524 1525
405 408 409 406 1516 1515 1514 1526 1527 1528 1529 1530 1531 1471 1470 1469 1532 1536 1533 1537 1534 1538 1535 1539 1540
406 409 199 200 1531 1530 1529 1541 1542 1543 281 282 283 1486 1485 1484 1544 1548 1545 1549 1546 1550 1547 1551 1552
23 24 410 407 101 102 103 1553 1554 1555 1556 1557 1558 1498 1497 1496 1559 1563 1560 1564 1561 1565 1562 1566 1567
407 410 411 408 1558 1557 1556 1568 1569 1570 1571 1572 1573 1513 1512 1511 1574 1578 1575 1579 1576 1580 1577 1581 1582
408 411 412 409 1573 1572 1571 1583 1584 1585 1586 1587 1588 1528 1527 1526 1589 1593 1590 1594 1591 1595 1592 1596 1597
409 412 198 199 1588 1587 1586 1598 1599 1600 278 279 280 1543 1542 1541 1601 1605 1602 1606 1603 1607 1604 1608 1609
24 25 413 410 104 105 106 1610 1611 1612 1613 1614 1615 1555 1554 1553 1616 1620 1617 1621 1618 1622 1619 1623 1624
410 413 414 411 1615 1614 1613 1625 1626 1627 1628 1629 1630 1570 1569 1568 1631 1635 1632 1636 1633 1637 1634 1638 1639
411 414 415 412 1630 1629 1628 1640 1641 1642 1643 1644 1645 1585 1584 1583 1646 1650 1647 1651 1648 1652 1649 1653 1654
412 415 197 198 1645 1644 1643 1655 1656 1657 275 276 277 1600 1599 1598 1658 1662 1659 1663 1660 1664 1661 1665 1666
25 26 416 413 107 108 109 1667 1668 1669 1670 1671 1672 1612 1611 1610 1673 1677 1674 1678 1675 1679 1676 1680 1681
413 416 417 414 1672 1671 1670 1682 1683 1684 1685 1686 1687 1627 1626 1625 1688 1692 1689 1693 1690 1694 1691 1695 1696
414 417 418 415 1687 1686 1685 1697 1698 1699 1700 1701 1702 1642 1641 1640 1703 1707 1704 1708 1705 1709 1706 1710 1711
415 418 196 197 1702 1701 1700 1712 1713 1714 272 273 274 1657 1656 1655 1715 1719 1716 1720 1717 1721 1718 1722 1723
26 27 419 416 110 111 112 1724 1725 1726 1727 1728 1729 1669 1668 1667 1730 1734 1731 1735 1732 1736 1733 1737 1738
416 419 420 417 1729 1728 1727 1739 1740 1741 1742 1743 1744 1684 1683 1682 1745 1749 1746 1750 1747 1751 1748 1752 1753
417 420 421 418 1744 1743 1742 1754 1755 1756 1757 1758 1759 1699 1698 1697 1760 1764 1761 1765 1762 1766 1763 1767 1768
418 421 195 196 1759 1758 1757 1769 1770 1771 269 270 271 1714 1713 1712 1772 1776 1773 1777 1774 1778 1775 1779 1780
27 28 422 419 113 114 115 1781 1782 1783 1784 1785 1786 1726 1725 1724 1787 1791 1788 1792 1789 1793 1790 1794 1795
419 422 423 420 1786 1785 1784 1796 1797 1798 1799 1800 1801 1741 1740 1739 1802 1806 1803 1807 1804 1808 1805 1809 1810
420 423 424 421 1801 1800 1799 1811 1812 1813 1814 1815 1816 1756 1755 1754 1817 1821 1818 1822 1819 1823 1820 1824 1825
421 424 194 195 1816 1815 1814 1826 1827 1828 266 267 268 1771 1770 1769 1829 1833 1830 1834 1831 1835 1832 1836 1837
28 29 425 422 116 117 118 1838 1839 1840 1841 1842 1843 1783 1782 1781 1844 1848 1845 1849 1846 1850 1847 1851 1852
422 425 426 423 1843 1842 1841 1853 1854 1855 1856 1857 1858 1798 1797 1796 1859 1863 1860 1864 1861 1865 1862 1866 1867
423 426 427 424 1858 1857 1856 1868 1869 1870 1871 1872 1873 1813 1812 1811 1874 1878 1875 1879 1876 1880 1877 1881 1882
424 427 193 194 1873 1872 1871 1883 1884 1885 263 264 265 1828 1827 1826 1886 1890 1887 1891 1888 1892 1889 1893 1894
29 30 428 425 119 120 121 1895 1896 1897 1898 1899 1900 1840 1839 1838 1901 1905 1902 1906 1903 1907 1904 1908 1909
425 428 429 426 1900 1899 1898 1910 1911 1912 1913 1914 1915 1855 1854 1853 1916 1920 1917 1921 1918 1922 1919 1923 1924
426 429 430 427 1915 1914 1913 1925 1926 1927 1928 1929 1930 1870 1869 1868 1931 1935 1932 1936 1933 1937 1934 1938 1939
427 430 192 193 1930 1929 1928 1940 1941 1942 260 261 262 1885 1884 1883 1943 1947 1944 1948 1945 1949 1946 1950 1951
30 31 431 428 122 123 124 1952 1953 1954 1955 1956 1957 1897 1896 1895 1958 1962 1959 1963 1960 1964 1961 1965 1966
428 431 432 429 1957 1956 1955 1967 1968 1969 1970 1971 1972 1912 1911 1910 1973 1977 1974 1978 1975 1979 1976 1980 1981
429 432 433 430 1972 1971 1970 1982 1983 1984 1985 1986 1987 1927 1926 1925 1988 1992 1989 1993 1990 1994 1991 1995 1996
430 433 191 192 1987 1986 1985 1997 1998 1999 257 258 259 1942 1941 1940 2000 2004 2001 2005 2002 2006 2003 2007 2008
31 32 434 431 125 126 127 2009 2010 2011 2012 2013 2014 1954 1953 1952 2015 2019 2016 2020 2017 2021 2018 2022 2023
431 434 435 432 2014 2013 2012 2024 2025 2026 2027 2028 2029 1969 1968 1967 2030 2034 2031 2035 2032 2036 2033 2037 2038
432 435 436 433 2029 2028 2027 2039 2040 2041 2042 2043 2044 1984 1983 1982 2045 2049 2046 2050 2047 2051 2048 2052 2053
433 436 190 191 2044 2043 2042 2054 2055 2056 254 255 256 1999 1998 1997 2057 2061 2058 2062 2059 2063 2060 2064 2065
32 33 437 434 128 129 130 2066 2067 2068 2069 2070 2071 2011 2010 2009 2072 2076 2073 2077 2074 2078 2075 2079 2080
434 437 438 435 2071 2070 2069 2081 2082 2083 2084 2085 2086 2026 2025 2024 2087 2091 2088 2092 2089 2093 2090 2094 2095
435 438 439 436 2086 2085 2084 2096 2097 2098 2099 2100 2101 2041 2040 2039 2102 2106 2103 2107 2104 2108 2105 2109 2110
436 439 189 190 2101 2100 2099 2111 2112 2113 251 252 253 2056 2055 2054 2114 2118 2115 2119 2116 2120 2117 2121 2122
33 34 440 437 131 132 133 2123 2124 2125 2126 2127 2128 2068 2067 2066 2129 2133 2130 2134 2131 2135 2132 2136 2137
437 440 441 438 2128 2127 2126 2138 2139 2140 2141 2142 2143 2083 2082 2081 2144 2148 2145 2149 2146 2150 2147 2151 2152
438 441 442 439 2143 2142 2141 2153 2154 2155 2156 2157 2158 2098 2097 2096 2159 2163 2160 2164 2161 2165 2162 2166 2167
439 442 188 189 2158 2157 2156 2168 2169 2170 248 249 250 2113 2112 2111 2171 2175 2172 2176 2173 2177 2174 2178 2179
34 35 443 440 134 135 136 2180 2181 2182 2183 2184 2185 2125 2124 2123 2186 2190 2187 2191 2188 2192 2189 2193 2194
440 443 444 441 2185 2184 2183 2195 2196 2197 2198 2199 2200 2140 2139 2138 2201 2205 2202 2206 2203 2207 2204 2208 2209
441 444 445 442 2200 2199 2198 2210 2211 2212 2213 2214 2215 2155 2154 2153 2216 2220 2217 2221 2218 2222 2219 2223 2224
442 445 187 188 2215 2214 2213 2225 2226 2227 245 246 247 2170 2169 2168 2228 2232 2229 2233 2230 2234 2231 2235 2236
35 36 446 443 137 138 139 2237 2238 2239 2240 2241 2242 2182 2181 2180 2243 2247 2244 2248 2245 2249 2246 2250 2251
443 446 447 444 2242 2241 2240 2252 2253 2254 2255 2256 2257 2197 2196 2195 2258 2262 2259 2263 2260 2264 2261 2265 2266
444 447 448 445 2257 2256 2255 2267 2268 2269 2270 2271 2272 2212 2211 2210 2273 2277 2274 2278 2275 2279 2276 2280 2281
445 448 186 187 2272 2271 2270 2282 2283 2284 242 243 244 2227 2226 2225 2285 2289 2286 2290 2287 2291 2288 2292 2293
36 37 449 446 140 141 142 2294 2295 2296 2297 2298 2299 2239 2238 2237 2300 2304 2301 2305 2302 2306 2303 2307 2308
446 449 450 447 2299 2298 2297 2309 2310 2311 2312 2313 2314 2254 2253 2252 2315 2319 2316 2320 2317 2321 2318 2322 2323
447 450 451 448 2314 2313 2312 2324 2325 2326 2327 2328 2329 2269 2268 2267 2330 2334 2331 2335 2332 2336 2333 2337 2338
448 451 185 186 2329 2328 2327 2339 2340 2341 239 240 241 2284 2283 2282 2342 2346 2343 2347 2344 2348 2345 2349 2350
37 38 452 449 143 144 145 2351 2352 2353 2354 2355 2356 2296 2295 2294 2357 2361 2358 2362 2359 2363 2360 2364 2365
449 452 453 450 2356 2355 2354 2366 2367 2368 2369 2370 2371 2311 2310 2309 2372 2376 2373 2377 2374 2378 2375 2379 2380
450 453 454 451 2371 2370 2369 2381 2382 2383 2384 2385 2386 2326 2325 2324 2387 2391 2388 2392 2389 2393 2390 2394 2395
451 454 184 185 2386 2385 2384 2396 2397 2398 236 237 238 2341 2340 2339 2399 2403 2400 2404 2401 2405 2402 2406 2407
38 39 455 452 146 147 148 2408 2409 2410 2411 2412 2413 2353 2352 2351 2414 2418 2415 2419 2416 2420 2417 2421 2422
452 455 456 453 2413 2412 2411 2423 2424 2425 2426 2427 2428 2368 2367 2366 2429 2433 2430 2434 2431 2435 2432 2436 2437
453 456 457 454 2428 2427 2426 2438 2439 2440 2441 2442 2443 2383 2382 2381 2444 2448 2445 2449 2446 2450 2447 2451 2452
454 457 183 184 2443 2442 2441 2453 2454 2455 233 234 235 2398 2397 2396 2456 2460 2457 2461 2458 2462 2459 2463 2464
39 40 458 455 149 150 151 2465 2466 2467 2468 2469 2470 2410 2409 2408 2471 2475 2472 2476 2473 2477 2474 2478 2479
455 458 459 456 2470 2469 2468 2480 2481 2482 2483 2484 2485 2425 2424 2423 2486 2490 2487 2491 2488 2492 2489 2493 2494
456 459 460 457 2485 2484 2483 2495 2496 2497 2498 2499 2500 2440 2439 2438 2501 2505 2502 2506 2503 2507 2504 2508 2509
457 460 182 183 2500 2499 2498 2510 2511 2512 230 231 232 2455 2454 2453 2513 2517 2514 2518 2515 2519 2516 2520 2521
40 41 461 458 152 153 154 2522 2523 2524 2525 2526 2527 2467 2466 2465 2528 2532 2529 2533 2530 2534 2531 2535 2536
458 461 462 459 2527 2526 2525 2537 2538 2539 2540 2541 2542 2482 2481 2480 2543 2547 2544 2548 2545 2549 2546 2550 2551
459 462 463 460 2542 2541 2540 2552 2553 2554 2555 2556 2557 2497 2496 2495 2558 2562 2559 2563 2560 2564 2561 2565 2566
460 463 181 182 2557 2556 2555 2567 2568 2569 227 228 229 2512 2511 2510 2570 2574 2571 2575 2572 2576 2573 2577 2578
41 42 464 461 155 156 157 2579 2580 2581 2582 2583 2584 2524 2523 2522 2585 2589 2586 2590 2587 2591 2588 2592 2593
461 464 465 462 2584 2583 2582 2594 2595 2596 2597 2598 2599 2539 2538 2537 2600 2604 2601 2605 2602 2606 2603 2607 2608
462 465 466 463 2599 2598 2597 2609 2610 2611 2612 2613 2614 2554 2553 2552 2615 2619 2616 2620 2617 2621 2618 2622 2623
463 466 180 181 2614 2613 2612 2624 2625 2626 224 225 226 2569 2568 2567 2627 2631 2628 2632 2629 2633 2630 2634 2635
42 43 467 464 158 159 160 2636 2637 2638 2639 2640 2641 2581 2580 2579 2642 2646 2643 2647 2644 2648 2645 2649 2650
464 467 468 465 2641 2640 2639 2651 2652 2653 2654 2655 2656 2596 2595 2594 2657 2661 2658 2662 2659 2663 2660 2664 2665
465 468 469 466 2656 2655 2654 2666 2667 2668 2669 2670 2671 2611 2610 2609 2672 2676 2673 2677 2674 2678 2675 2679 2680
466 469 179 180 2671 2670 2669 2681 2682 2683 221 222 223 2626 2625 2624 2684 2688 2685 2689 2686 2690 2687 2691 2692
43 2 164 467 161 162 163 167 168 169 2693 2694 2695 2638 2637 2636 2696 2700 2697 2701 2698 2702 2699 2703 2704
467 164 165 468 2695 2694 2693 170 171 172 2705 2706 2707 2653 2652 2651 2708 2712 2709 2713 2710 2714 2711 2715 2716
468 165 166 469 2707 2706 2705 173 174 175 2717 2718 2719 2668 2667 2666 2720 2724 2721 2725 2722 2726 2723 2727 2728
469 166 3 179 2719 2718 2717 176 177 178 218 219 220 2683 2682 2681 2729 2733 2730 2734 2731 2735 2732 2736 2737
