1 5 433 400 24 25 26 27 28 29 30 31 490 491 492 493 494 495 496 497 498 499 500 501 502 503 504 505 425 426 427 428 429 430 431 432 506 510 511 512 513 514 515 507 516 517 518 519 520 521 508 522 523 524 525 526 527 509 528 529 530 531 532 533 534 538 539 540 541 535 542 543 544 545 536 546 547 548 549 537 550 551 552 553 554 558 559 555 560 561 556 562 563 557 564 565 566 567 568 569
400 433 434 399 505 504 503 502 501 500 499 498 570 571 572 573 574 575 576 577 578 579 580 581 582 583 584 585 417 418 419 420 421 422 423 424 586 590 591 592 593 594 595 587 596 597 598 599 600 601 588 602 603 604 605 606 607 589 608 609 610 611 612 613 614 618 619 620 621 615 622 623 624 625 616 626 627 628 629 617 630 631 632 633 634 638 639 635 640 641 636 642 643 637 644 645 646 647 648 649
399 434 435 398 585 584 583 582 581 580 579 578 650 651 652 653 654 655 656 657 658 659 660 661 662 663 664 665 409 410 411 412 413 414 415 416 666 670 671 672 673 674 675 667 676 677 678 679 680 681 668 682 683 684 685 686 687 669 688 689 690 691 692 693 694 698 699 700 701 695 702 703 704 705 696 706 707 708 709 697 710 711 712 713 714 718 719 715 720 721 716 722 723 717 724 725 726 727 728 729
398 435 237 4 665 664 663 662 661 660 659 658 730 731 732 733 734 735 736 737 390 391 392 393 394 395 396 397 401 402 403 404 405 406 407 408 738 742 743 744 745 746 747 739 748 749 750 751 752 753 740 754 755 756 757 758 759 741 760 761 762 763 764 765 766 770 771 772 773 767 774 775 776 777 768 778 779 780 781 769 782 783 784 785 786 790 791 787 792 793 788 794 795 789 796 797 798 799 800 801
5 6 436 433 32 33 34 35 36 37 38 39 802 803 804 805 806 807 808 809 810 811 812 813 814 815 816 817 497 496 495 494 493 492 491 490 818 822 823 824 825 826 827 819 828 829 830 831 832 833 820 834 835 836 837 838 839 821 840 841 842 843 844 845 846 850 851 852 853 847 854 855 856 857 848 858 859 860 861 849 862 863 864 865 866 870 871 867 872 873 868 874 875 869 876 877 878 879 880 881
433 436 437 434 817 816 815 814 813 812 811 810 882 883 884 885 886 887 888 889 890 891 892 893 894 895 896 897 577 576 575 574 573 572 571 570 898 902 903 904 905 906 907 899 908 909 910 911 912 913 900 914 915 916 917 918 919 901 920 921 922 923 924 925 926 930 931 932 933 927 934 935 936 937 928 938 939 940 941 929 942 943 944 945 946 950 951 947 952 953 948 954 955 949 956 957 958 959 960 961
434 437 438 435 897 896 895 894 893 892 891 890 962 963 964 965 966 967 968 969 970 971 972 973 974 975 976 977 657 656 655 654 653 652 651 650 978 982 983 984 985 986 987 979 988 989 990 991 992 993 980 994 995 996 997 998 999 981 1000 1001 1002 1003 1004 1005 1006 1010 1011 1012 1013 1007 1014 1015 1016 1017 1008 1018 1019 1020 1021 1009 1022 1023 1024 1025 1026 1030 1031 1027 1032 1033 1028 1034 1035 1029 1036 1037 1038 1039 1040 1041
435 438 236 237 977 976 975 974 973 972 971 970 1042 1043 1044 1045 1046 1047 1048 1049 382 383 384 385 386 387 388 389 737 736 735 734 733 732 731 730 1050 1054 1055 1056 1057 1058 1059 1051 1060 1061 1062 1063 1064 1065 1052 1066 1067 1068 1069 1070 1071 1053 1072 1073 1074 1075 1076 1077 1078 1082 1083 1084 1085 1079 1086 1087 1088 1089 1080 1090 1091 1092 1093 1081 1094 1095 1096 1097 1098 1102 1103 1099 1104 1105 1100 1106 1107 1101 1108 1109 1110 1111 1112 1113
6 7 439 436 40 41 42 43 44 45 46 47 1114 1115 1116 1117 1118 1119 1120 1121 1122 1123 1124 1125 1126 1127 1128 1129 809 808 807 806 805 804 803 802 1130 1134 1135 1136 1137 1138 1139 1131 1140 1141 1142 1143 1144 1145 1132 1146 1147 1148 1149 1150 1151 1133 1152 1153 1154 1155 1156 1157 1158 1162 1163 1164 1165 1159 1166 1167 1168 1169 1160 1170 1171 1172 1173 1161 1174 1175 1176 1177 1178 1182 1183 1179 1184 1185 1180 1186 1187 1181 1188 1189 1190 1191 1192 1193
436 439 440 437 1129 1128 1127 1126 1125 1124 1123 1122 1194 1195 1196 1197 1198 1199 1200 1201 1202 1203 1204 1205 1206 1207 1208 1209 889 888 887 886 885 884 883 882 1210 1214 1215 1216 1217 1218 1219 1211 1220 1221 1222 1223 1224 1225 1212 1226 1227 1228 1229 1230 1231 1213 1232 1233 1234 1235 1236 1237 1238 1242 1243 1244 1245 1239 1246 1247 1248 1249 1240 1250 1251 1252 1253 1241 1254 1255 1256 1257 1258 1262 1263 1259 1264 1265 1260 1266 1267 1261 1268 1269 1270 1271 1272 1273
437 440 441 438 1209 1208 1207 1206 1205 1204 1203 1202 1274 1275 1276 1277 1278 1279 1280 1281 1282 1283 1284 1285 1286 1287 1288 1289 969 968 967 966 965 964 963 962 1290 1294 1295 1296 1297 1298 1299 1291 1300 1301 1302 1303 1304 1305 1292 1306 1307 1308 1309 1310 1311 1293 1312 1313 1314 1315 1316 1317 1318 1322 1323 1324 1325 1319 1326 1327 1328 1329 1320 1330 1331 1332 1333 1321 1334 1335 1336 1337 1338 1342 1343 1339 1344 1345 1340 1346 1347 1341 1348 1349 1350 1351 1352 1353
438 441 235 236 1289 1288 1287 1286 1285 1284 1283 1282 1354 1355 1356 1357 1358 1359 1360 1361 374 375 376 377 378 379 380 381 1049 1048 1047 1046 1045 1044 1043 1042 1362 1366 1367 1368 1369 1370 1371 1363 1372 1373 1374 1375 1376 1377 1364 1378 1379 1380 1381 1382 1383 1365 1384 1385 1386 1387 1388 1389 1390 1394 1395 1396 1397 1391 1398 1399 1400 1401 1392 1402 1403 1404 1405 1393 1406 1407 1408 1409 1410 1414 1415 1411 1416 1417 1412 1418 1419 1413 1420 1421 1422 1423 1424 1425
7 8 442 439 48 49 50 51 52 53 54 55 1426 1427 1428 1429 1430 1431 1432 1433 1434 1435 1436 1437 1438 1439 1440 1441 1121 1120 1119 1118 1117 1116 1115 1114 1442 1446 1447 1448 1449 1450 1451 1443 1452 1453 1454 1455 1456 1457 1444 1458 1459 1460 1461 1462 1463 1445 1464 1465 1466 1467 1468 1469 1470 1474 1475 1476 1477 1471 1478 1479 1480 1481 1472 1482 1483 1484 1485 1473 1486 1487 1488 1489 1490 1494 1495 1491 1496 1497 1492 1498 1499 1493 1500 1501 1502 1503 1504 1505
439 442 443 440 1441 1440 1439 1438 1437 1436 1435 1434 1506 1507 1508 1509 1510 1511 1512 1513 1514 1515 1516 1517 1518 1519 1520 1521 1201 1200 1199 1198 1197 1196 1195 1194 1522 1526 1527 1528 1529 1530 1531 1523 1532 1533 1534 1535 1536 1537 1524 1538 1539 1540 1541 1542 1543 1525 1544 1545 1546 1547 1548 1549 1550 1554 1555 1556 1557 1551 1558 1559 1560 1561 1552 1562 1563 1564 1565 1553 1566 1567 1568 1569 1570 1574 1575 1571 1576 1577 1572 1578 1579 1573 1580 1581 1582 1583 1584 1585
440 443 444 441 1521 1520 1519 1518 1517 1516 1515 1514 1586 1587 1588 1589 1590 1591 1592 1593 1594 1595 1596 1597 1598 1599 1600 1601 1281 1280 1279 1278 1277 1276 1275 1274 1602 1606 1607 1608 1609 1610 1611 1603 1612 1613 1614 1615 1616 1617 1604 1618 1619 1620 1621 1622 1623 1605 1624 1625 1626 1627 1628 1629 1630 1634 1635 1636 1637 1631 1638 1639 1640 1641 1632 1642 1643 1644 1645 1633 1646 1647 1648 1649 1650 1654 1655 1651 1656 1657 1652 1658 1659 1653 1660 1661 1662 1663 1664 1665
441 444 234 235 1601 1600 1599 1598 1597 1596 1595 1594 1666 1667 1668 1669 1670 1671 1672 1673 366 367 368 369 370 371 372 373 1361 1360 1359 1358 1357 1356 1355 1354 1674 1678 1679 1680 1681 1682 1683 1675 1684 1685 1686 1687 1688 1689 1676 1690 1691 1692 1693 1694 1695 1677 1696 1697 1698 1699 1700 1701 1702 1706 1707 1708 1709 1703 1710 1711 1712 1713 1704 1714 1715 1716 1717 1705 1718 1719 1720 1721 1722 1726 1727 1723 1728 1729 1724 1730 1731 1725 1732 1733 1734 1735 1736 1737
8 9 445 442 56 57 58 59 60 61 62 63 1738 1739 1740 1741 1742 1743 1744 1745 1746 1747 1748 1749 1750 1751 1752 1753 1433 1432 1431 1430 1429 1428 1427 1426 1754 1758 1759 1760 1761 1762 1763 1755 1764 1765 1766 1767 1768 1769 1756 1770 1771 1772 1773 1774 1775 1757 1776 1777 1778 1779 1780 1781 1782 1786 1787 1788 1789 1783 1790 1791 1792 1793 1784 1794 1795 1796 1797 1785 1798 1799 1800 1801 1802 1806 1807 1803 1808 1809 1804 1810 1811 1805 1812 1813 1814 1815 1816 1817
442 445 446 443 1753 1752 1751 1750 1749 1748 1747 1746 1818 1819 1820 1821 1822 1823 1824 1825 1826 1827 1828 1829 1830 1831 1832 1833 1513 1512 1511 1510 1509 1508 1507 1506 1834 1838 1839 1840 1841 1842 1843 1835 1844 1845 1846 1847 1848 1849 1836 1850 1851 1852 1853 1854 1855 1837 1856 1857 1858 1859 1860 1861 1862 1866 1867 1868 1869 1863 1870 1871 1872 1873 1864 1874 1875 1876 1877 1865 1878 1879 1880 1881 1882 1886 1887 1883 1888 1889 1884 1890 1891 1885 1892 1893 1894 1895 1896 1897
443 446 447 444 1833 1832 1831 1830 1829 1828 1827 1826 1898 1899 1900 1901 1902 1903 1904 1905 1906 1907 1908 1909 1910 1911 1912 1913 1593 1592 1591 1590 1589 1588 1587 1586 1914 1918 1919 1920 1921 1922 1923 1915 1924 1925 1926 1927 1928 1929 1916 1930 1931 1932 1933 1934 1935 1917 1936 1937 1938 1939 1940 1941 1942 1946 1947 1948 1949 1943 1950 1951 1952 1953 1944 1954 1955 1956 1957 1945 1958 1959 1960 1961 1962 1966 1967 1963 1968 1969 1964 1970 1971 1965 1972 1973 1974 1975 1976 1977
444 447 233 234 1913 1912 1911 1910 1909 1908 1907 1906 1978 1979 1980 1981 1982 1983 1984 1985 358 359 360 361 362 363 364 365 1673 1672 1671 1670 1669 1668 1667 1666 1986 1990 1991 1992 1993 1994 1995 1987 1996 1997 1998 1999 2000 2001 1988 2002 2003 2004 2005 2006 2007 1989 2008 2009 2010 2011 2012 2013 2014 2018 2019 2020 2021 2015 2022 2023 2024 2025 2016 2026 2027 2028 2029 2017 2030 2031 2032 2033 2034 2038 2039 2035 2040 2041 2036 2042 2043 2037 2044 2045 2046 2047 2048 2049
9 10 448 445 64 65 66 67 68 69 70 71 2050 2051 2052 2053 2054 2055 2056 2057 2058 2059 2060 2061 2062 2063 2064 2065 1745 1744 1743 1742 1741 1740 1739 1738 2066 2070 2071 2072 2073 2074 2075 2067 2076 2077 2078 2079 2080 2081 2068 2082 2083 2084 2085 2086 2087 2069 2088 2089 2090 2091 2092 2093 2094 2098 2099 2100 2101 2095 2102 2103 2104 2105 2096 2106 2107 2108 2109 2097 2110 2111 2112 2113 2114 2118 2119 2115 2120 2121 2116 2122 2123 2117 2124 2125 2126 2127 2128 2129
445 448 449 446 2065 2064 2063 2062 2061 2060 2059 2058 2130 2131 2132 2133 2134 2135 2136 2137 2138 2139 2140 2141 2142 2143 2144 2145 1825 1824 1823 1822 1821 1820 1819 1818 2146 2150 2151 2152 2153 2154 2155 2147 2156 2157 2158 2159 2160 2161 2148 2162 2163 2164 2165 2166 2167 2149 2168 2169 2170 2171 2172 2173 2174 2178 2179 2180 2181 2175 2182 2183 2184 2185 2176 2186 2187 2188 2189 2177 2190 2191 2192 2193 2194 2198 2199 2195 2200 2201 2196 2202 2203 2197 2204 2205 2206 2207 2208 2209
446 449 450 447 2145 2144 2143 2142 2141 2140 2139 2138 2210 2211 2212 2213 2214 2215 2216 2217 2218 2219 2220 2221 2222 2223 2224 2225 1905 1904 1903 1902 1901 1900 1899 1898 2226 2230 2231 2232 2233 2234 2235 2227 2236 2237 2238 2239 2240 2241 2228 2242 2243 2244 2245 2246 2247 2229 2248 2249 2250 2251 2252 2253 2254 2258 2259 2260 2261 2255 2262 2263 2264 2265 2256 2266 2267 2268 2269 2257 2270 2271 2272 2273 2274 2278 2279 2275 2280 2281 2276 2282 2283 2277 2284 2285 2286 2287 2288 2289
447 450 232 233 2225 2224 2223 2222 2221 2220 2219 2218 2290 2291 2292 2293 2294 2295 2296 2297 350 351 352 353 354 355 356 357 1985 1984 1983 1982 1981 1980 1979 1978 2298 2302 2303 2304 2305 2306 2307 2299 2308 2309 2310 2311 2312 2313 2300 2314 2315 2316 2317 2318 2319 2301 2320 2321 2322 2323 2324 2325 2326 2330 2331 2332 2333 2327 2334 2335 2336 2337 2328 2338 2339 2340 2341 2329 2342 2343 2344 2345 2346 2350 2351 2347 2352 2353 2348 2354 2355 2349 2356 2357 2358 2359 2360 2361
10 11 451 448 72 73 74 75 76 77 78 79 2362 2363 2364 2365 2366 2367 2368 2369 2370 2371 2372 2373 2374 2375 2376 2377 2057 2056 2055 2054 2053 2052 2051 2050 2378 2382 2383 2384 2385 2386 2387 2379 2388 2389 2390 2391 2392 2393 2380 2394 2395 2396 2397 2398 2399 2381 2400 2401 2402 2403 2404 2405 2406 2410 2411 2412 2413 2407 2414 2415 2416 2417 2408 2418 2419 2420 2421 2409 2422 2423 2424 2425 2426 2430 2431 2427 2432 2433 2428 2434 2435 2429 2436 2437 2438 2439 2440 2441
448 451 452 449 2377 2376 2375 2374 2373 2372 2371 2370 2442 2443 2444 2445 2446 2447 2448 2449 2450 2451 2452 2453 2454 2455 2456 2457 2137 2136 2135 2134 2133 2132 2131 2130 2458 2462 2463 2464 2465 2466 2467 2459 2468 2469 2470 2471 2472 2473 2460 2474 2475 2476 2477 2478 2479 2461 2480 2481 2482 2483 2484 2485 2486 2490 2491 2492 2493 2487 2494 2495 2496 2497 2488 2498 2499 2500 2501 2489 2502 2503 2504 2505 2506 2510 2511 2507 2512 2513 2508 2514 2515 2509 2516 2517 2518 2519 2520 2521
449 452 453 450 2457 2456 2455 2454 2453 2452 2451 2450 2522 2523 2524 2525 2526 2527 2528 2529 2530 2531 2532 2533 2534 2535 2536 2537 2217 2216 2215 2214 2213 2212 2211 2210 2538 2542 2543 2544 2545 2546 2547 2539 2548 2549 2550 2551 2552 2553 2540 2554 2555 2556 2557 2558 2559 2541 2560 2561 2562 2563 2564 2565 2566 2570 2571 2572 2573 2567 2574 2575 2576 2577 2568 2578 2579 2580 2581 2569 2582 2583 2584 2585 2586 2590 2591 2587 2592 2593 2588 2594 2595 2589 2596 2597 2598 2599 2600 2601
450 453 231 232 2537 2536 2535 2534 2533 2532 2531 2530 2602 2603 2604 2605 2606 2607 2608 2609 342 343 344 345 346 347 348 349 2297 2296 2295 2294 2293 2292 2291 2290 2610 2614 2615 2616 2617 2618 2619 2611 2620 2621 2622 2623 2624 2625 2612 2626 2627 2628 2629 2630 2631 2613 2632 2633 2634 2635 2636 2637 2638 2642 2643 2644 2645 2639 2646 2647 2648 2649 2640 2650 2651 2652 2653 2641 2654 2655 2656 2657 2658 2662 2663 2659 2664 2665 2660 2666 2667 2661 2668 2669 2670 2671 2672 2673
11 12 454 451 80 81 82 83 84 85 86 87 2674 2675 2676 2677 2678 2679 2680 2681 2682 2683 2684 2685 2686 2687 2688 2689 2369 2368 2367 2366 2365 2364 2363 2362 2690 2694 2695 2696 2697 2698 2699 2691 2700 2701 2702 2703 2704 2705 2692 2706 2707 2708 2709 2710 2711 2693 2712 2713 2714 2715 2716 2717 2718 2722 2723 2724 2725 2719 2726 2727 2728 2729 2720 2730 2731 2732 2733 2721 2734 2735 2736 2737 2738 2742 2743 2739 2744 2745 2740 2746 2747 2741 2748 2749 2750 2751 2752 2753
451 454 455 452 2689 2688 2687 2686 2685 2684 2683 2682 2754 2755 2756 2757 2758 2759 2760 2761 2762 2763 2764 2765 2766 2767 2768 2769 2449 2448 2447 2446 2445 2444 2443 2442 2770 2774 2775 2776 2777 2778 2779 2771 2780 2781 2782 2783 2784 2785 2772 2786 2787 2788 2789 2790 2791 2773 2792 2793 2794 2795 2796 2797 2798 2802 2803 2804 2805 2799 2806 2807 2808 2809 2800 2810 2811 2812 2813 2801 2814 2815 2816 2817 2818 2822 2823 2819 2824 2825 2820 2826 2827 2821 2828 2829 2830 2831 2832 2833
452 455 456 453 2769 2768 2767 2766 2765 2764 2763 2762 2834 2835 2836 2837 2838 2839 2840 2841 2842 2843 2844 2845 2846 2847 2848 2849 2529 2528 2527 2526 2525 2524 2523 2522 2850 2854 2855 2856 2857 2858 2859 2851 2860 2861 2862 2863 2864 2865 2852 2866 2867 2868 2869 2870 2871 2853 2872 2873 2874 2875 2876 2877 2878 2882 2883 2884 2885 2879 2886 2887 2888 2889 2880 2890 2891 2892 2893 2881 2894 2895 2896 2897 2898 2902 2903 2899 2904 2905 2900 2906 2907 2901 2908 2909 2910 2911 2912 2913
453 456 230 231 2849 2848 2847 2846 2845 2844 2843 2842 2914 2915 2916 2917 2918 2919 2920 2921 334 335 336 337 338 339 340 341 2609 2608 2607 2606 2605 2604 2603 2602 2922 2926 2927 2928 2929 2930 2931 2923 2932 2933 2934 2935 2936 2937 2924 2938 2939 2940 2941 2942 2943 2925 2944 2945 2946 2947 2948 2949 2950 2954 2955 2956 2957 2951 2958 2959 2960 2961 2952 2962 2963 2964 2965 2953 2966 2967 2968 2969 2970 2974 2975 2971 2976 2977 2972 2978 2979 2973 2980 2981 2982 2983 2984 2985
12 13 457 454 88 89 90 91 92 93 94 95 2986 2987 2988 2989 2990 2991 2992 2993 2994 2995 2996 2997 2998 2999 3000 3001 2681 2680 2679 2678 2677 2676 2675 2674 3002 3006 3007 3008 3009 3010 3011 3003 3012 3013 3014 3015 3016 3017 3004 3018 3019 3020 3021 3022 3023 3005 3024 3025 3026 3027 3028 3029 3030 3034 3035 3036 3037 3031 3038 3039 3040 3041 3032 3042 3043 3044 3045 3033 3046 3047 3048 3049 3050 3054 3055 3051 3056 3057 3052 3058 3059 3053 3060 3061 3062 3063 3064 3065
454 457 458 455 3001 3000 2999 2998 2997 2996 2995 2994 3066 3067 3068 3069 3070 3071 3072 3073 3074 3075 3076 3077 3078 3079 3080 3081 2761 2760 2759 2758 2757 2756 2755 2754 3082 3086 3087 3088 3089 3090 3091 3083 3092 3093 3094 3095 3096 3097 3084 3098 3099 3100 3101 3102 3103 3085 3104 3105 3106 3107 3108 3109 3110 3114 3115 3116 3117 3111 3118 3119 3120 3121 3112 3122 3123 3124 3125 3113 3126 3127 3128 3129 3130 3134 3135 3131 3136 3137 3132 3138 3139 3133 3140 3141 3142 3143 3144 3145
455 458 459 456 3081 3080 3079 3078 3077 3076 3075 3074 3146 3147 3148 3149 3150 3151 3152 3153 3154 3155 3156 3157 3158 3159 3160 3161 2841 2840 2839 2838 2837 2836 2835 2834 3162 3166 3167 3168 3169 3170 3171 3163 3172 3173 3174 3175 3176 3177 3164 3178 3179 3180 3181 3182 3183 3165 3184 3185 3186 3187 3188 3189 3190 3194 3195 3196 3197 3191 3198 3199 3200 3201 3192 3202 3203 3204 3205 3193 3206 3207 3208 3209 3210 3214 3215 3211 3216 3217 3212 3218 3219 3213 3220 3221 3222 3223 3224 3225
456 459 229 230 3161 3160 3159 3158 3157 3156 3155 3154 3226 3227 3228 3229 3230 3231 3232 3233 326 327 328 329 330 331 332 333 2921 2920 2919 2918 2917 2916 2915 2914 3234 3238 3239 3240 3241 3242 3243 3235 3244 3245 3246 3247 3248 3249 3236 3250 3251 3252 3253 3254 3255 3237 3256 3257 3258 3259 3260 3261 3262 3266 3267 3268 3269 3263 3270 3271 3272 3273 3264 3274 3275 3276 3277 3265 3278 3279 3280 3281 3282 3286 3287 3283 3288 3289 3284 3290 3291 3285 3292 3293 3294 3295 3296 3297
13 14 460 457 96 97 98 99 100 101 102 103 3298 3299 3300 3301 3302 3303 3304 3305 3306 3307 3308 3309 3310 3311 3312 3313 2993 2992 2991 2990 2989 2988 2987 2986 3314 3318 3319 3320 3321 3322 3323 3315 3324 3325 3326 3327 3328 3329 3316 3330 3331 3332 3333 3334 3335 3317 3336 3337 3338 3339 3340 3341 3342 3346 3347 3348 3349 3343 3350 3351 3352 3353 3344 3354 3355 3356 3357 3345 3358 3359 3360 3361 3362 3366 3367 3363 3368 3369 3364 3370 3371 3365 3372 3373 3374 3375 3376 3377
457 460 461 458 3313 3312 3311 3310 3309 3308 3307 3306 3378 3379 3380 3381 3382 3383 3384 3385 3386 3387 3388 3389 3390 3391 3392 3393 3073 3072 3071 3070 3069 3068 3067 3066 3394 3398 3399 3400 3401 3402 3403 3395 3404 3405 3406 3407 3408 3409 3396 3410 3411 3412 3413 3414 3415 3397 3416 3417 3418 3419 3420 3421 3422 3426 3427 3428 3429 3423 3430 3431 3432 3433 3424 3434 3435 3436 3437 3425 3438 3439 3440 3441 3442 3446 3447 3443 3448 3449 3444 3450 3451 3445 3452 3453 3454 3455 3456 3457
458 461 462 459 3393 3392 3391 3390 3389 3388 3387 3386 3458 3459 3460 3461 3462 3463 3464 3465 3466 3467 3468 3469 3470 3471 3472 3473 3153 3152 3151 3150 3149 3148 3147 3146 3474 3478 3479 3480 3481 3482 3483 3475 3484 3485 3486 3487 3488 3489 3476 3490 3491 3492 3493 3494 3495 3477 3496 3497 3498 3499 3500 3501 3502 3506 3507 3508 3509 3503 3510 3511 3512 3513 3504 3514 3515 3516 3517 3505 3518 3519 3520 3521 3522 3526 3527 3523 3528 3529 3524 3530 3531 3525 3532 3533 3534 3535 3536 3537
459 462 228 229 3473 3472 3471 3470 3469 3468 3467 3466 3538 3539 3540 3541 3542 3543 3544 3545 318 319 320 321 322 323 324 325 3233 3232 3231 3230 3229 3228 3227 3226 3546 3550 3551 3552 3553 3554 3555 3547 3556 3557 3558 3559 3560 3561 3548 3562 3563 3564 3565 3566 3567 3549 3568 3569 3570 3571 3572 3573 3574 3578 3579 3580 3581 3575 3582 3583 3584 3585 3576 3586 3587 3588 3589 3577 3590 3591 3592 3593 3594 3598 3599 3595 3600 3601 3596 3602 3603 3597 3604 3605 3606 3607 3608 3609
14 15 463 460 104 105 106 107 108 109 110 111 3610 3611 3612 3613 3614 3615 3616 3617 3618 3619 3620 3621 3622 3623 3624 3625 3305 3304 3303 3302 3301 3300 3299 3298 3626 3630 3631 3632 3633 3634 3635 3627 3636 3637 3638 3639 3640 3641 3628 3642 3643 3644 3645 3646 3647 3629 3648 3649 3650 3651 3652 3653 3654 3658 3659 3660 3661 3655 3662 3663 3664 3665 3656 3666 3667 3668 3669 3657 3670 3671 3672 3673 3674 3678 3679 3675 3680 3681 3676 3682 3683 3677 3684 3685 3686 3687 3688 3689
460 463 464 461 3625 3624 3623 3622 3621 3620 3619 3618 3690 3691 3692 3693 3694 3695 3696 3697 3698 3699 3700 3701 3702 3703 3704 3705 3385 3384 3383 3382 3381 3380 3379 3378 3706 3710 3711 3712 3713 3714 3715 3707 3716 3717 3718 3719 3720 3721 3708 3722 3723 3724 3725 3726 3727 3709 3728 3729 3730 3731 3732 3733 3734 3738 3739 3740 3741 3735 3742 3743 3744 3745 3736 3746 3747 3748 3749 3737 3750 3751 3752 3753 3754 3758 3759 3755 3760 3761 3756 3762 3763 3757 3764 3765 3766 3767 3768 3769
461 464 465 462 3705 3704 3703 3702 3701 3700 3699 3698 3770 3771 3772 3773 3774 3775 3776 3777 3778 3779 3780 3781 3782 3783 3784 3785 3465 3464 3463 3462 3461 3460 3459 3458 3786 3790 3791 3792 3793 3794 3795 3787 3796 3797 3798 3799 3800 3801 3788 3802 3803 3804 3805 3806 3807 3789 3808 3809 3810 3811 3812 3813 3814 3818 3819 3820 3821 3815 3822 3823 3824 3825 3816 3826 3827 3828 3829 3817 3830 3831 3832 3833 3834 3838 3839 3835 3840 3841 3836 3842 3843 3837 3844 3845 3846 3847 3848 3849
462 465 227 228 3785 3784 3783 3782 3781 3780 3779 3778 3850 3851 3852 3853 3854 3855 3856 3857 310 311 312 313 314 315 316 317 3545 3544 3543 3542 3541 3540 3539 3538 3858 3862 3863 3864 3865 3866 3867 3859 3868 3869 3870 3871 3872 3873 3860 3874 3875 3876 3877 3878 3879 3861 3880 3881 3882 3883 3884 3885 3886 3890 3891 3892 3893 3887 3894 3895 3896 3897 3888 3898 3899 3900 3901 3889 3902 3903 3904 3905 3906 3910 3911 3907 3912 3913 3908 3914 3915 3909 3916 3917 3918 3919 3920 3921
15 16 466 463 112 113 114 115 116 117 118 119 3922 3923 3924 3925 3926 3927 3928 3929 3930 3931 3932 3933 3934 3935 3936 3937 3617 3616 3615 3614 3613 3612 3611 3610 3938 3942 3943 3944 3945 3946 3947 3939 3948 3949 3950 3951 3952 3953 3940 3954 3955 3956 3957 3958 3959 3941 3960 3961 3962 3963 3964 3965 3966 3970 3971 3972 3973 3967 3974 3975 3976 3977 3968 3978 3979 3980 3981 3969 3982 3983 3984 3985 3986 3990 3991 3987 3992 3993 3988 3994 3995 3989 3996 3997 3998 3999 4000 4001
463 466 467 464 3937 3936 3935 3934 3933 3932 3931 3930 4002 4003 4004 4005 4006 4007 4008 4009 4010 4011 4012 4013 4014 4015 4016 4017 3697 3696 3695 3694 3693 3692 3691 3690 4018 4022 4023 4024 4025 4026 4027 4019 4028 4029 4030 4031 4032 4033 4020 4034 4035 4036 4037 4038 4039 4021 4040 4041 4042 4043 4044 4045 4046 4050 4051 4052 4053 4047 4054 4055 4056 4057 4048 4058 4059 4060 4061 4049 4062 4063 4064 4065 4066 4070 4071 4067 4072 4073 4068 4074 4075 4069 4076 4077 4078 4079 4080 4081
464 467 468 465 4017 4016 4015 4014 4013 4012 4011 4010 4082 4083 4084 4085 4086 4087 4088 4089 4090 4091 4092 4093 4094 4095 4096 4097 3777 3776 3775 3774 3773 3772 3771 3770 4098 4102 4103 4104 4105 4106 4107 4099 4108 4109 4110 4111 4112 4113 4100 4114 4115 4116 4117 4118 4119 4101 4120 4121 4122 4123 4124 4125 4126 4130 4131 4132 4133 4127 4134 4135 4136 4137 4128 4138 4139 4140 4141 4129 4142 4143 4144 4145 4146 4150 4151 4147 4152 4153 4148 4154 4155 4149 4156 4157 4158 4159 4160 4161
465 468 226 227 4097 4096 4095 4094 4093 4092 4091 4090 4162 4163 4164 4165 4166 4167 4168 4169 302 303 304 305 306 307 308 309 3857 3856 3855 3854 3853 3852 3851 3850 4170 4174 4175 4176 4177 4178 4179 4171 4180 4181 4182 4183 4184 4185 4172 4186 4187 4188 4189 4190 4191 4173 4192 4193 4194 4195 4196 4197 4198 4202 4203 4204 4205 4199 4206 4207 4208 4209 4200 4210 4211 4212 4213 4201 4214 4215 4216 4217 4218 4222 4223 4219 4224 4225 4220 4226 4227 4221 4228 4229 4230 4231 4232 4233
16 17 469 466 120 121 122 123 124 125 126 127 4234 4235 4236 4237 4238 4239 4240 4241 4242 4243 4244 4245 4246 4247 4248 4249 3929 3928 3927 3926 3925 3924 3923 3922 4250 4254 4255 4256 4257 4258 4259 4251 4260 4261 4262 4263 4264 4265 4252 4266 4267 4268 4269 4270 4271 4253 4272 4273 4274 4275 4276 4277 4278 4282 4283 4284 4285 4279 4286 4287 4288 4289 4280 4290 4291 4292 4293 4281 4294 4295 4296 4297 4298 4302 4303 4299 4304 4305 4300 4306 4307 4301 4308 4309 4310 4311 4312 4313
466 469 470 467 4249 4248 4247 4246 4245 4244 4243 4242 4314 4315 4316 4317 4318 4319 4320 4321 4322 4323 4324 4325 4326 4327 4328 4329 4009 4008 4007 4006 4005 4004 4003 4002 4330 4334 4335 4336 4337 4338 4339 4331 4340 4341 4342 4343 4344 4345 4332 4346 4347 4348 4349 4350 4351 4333 4352 4353 4354 4355 4356 4357 4358 4362 4363 4364 4365 4359 4366 4367 4368 4369 4360 4370 4371 4372 4373 4361 4374 4375 4376 4377 4378 4382 4383 4379 4384 4385 4380 4386 4387 4381 4388 4389 4390 4391 4392 4393
467 470 471 468 4329 4328 4327 4326 4325 4324 4323 4322 4394 4395 4396 4397 4398 4399 4400 4401 4402 4403 4404 4405 4406 4407 4408 4409 4089 4088 4087 4086 4085 4084 4083 4082 4410 4414 4415 4416 4417 4418 4419 4411 4420 4421 4422 4423 4424 4425 4412 4426 4427 4428 4429 4430 4431 4413 4432 4433 4434 4435 4436 4437 4438 4442 4443 4444 4445 4439 4446 4447 4448 4449 4440 4450 4451 4452 4453 4441 4454 4455 4456 4457 4458 4462 4463 4459 4464 4465 4460 4466 4467 4461 4468 4469 4470 4471 4472 4473
468 471 225 226 4409 4408 4407 4406 4405 4404 4403 4402 4474 4475 4476 4477 4478 4479 4480 4481 294 295 296 297 298 299 300 301 4169 4168 4167 4166 4165 4164 4163 4162 4482 4486 4487 4488 4489 4490 4491 4483 4492 4493 4494 4495 4496 4497 4484 4498 4499 4500 4501 4502 4503 4485 4504 4505 4506 4507 4508 4509 4510 4514 4515 4516 4517 4511 4518 4519 4520 4521 4512 4522 4523 4524 4525 4513 4526 4527 4528 4529 4530 4534 4535 4531 4536 4537 4532 4538 4539 4533 4540 4541 4542 4543 4544 4545
17 18 472 469 128 129 130 131 132 133 134 135 4546 4547 4548 4549 4550 4551 4552 4553 4554 4555 4556 4557 4558 4559 4560 4561 4241 4240 4239 4238 4237 4236 4235 4234 4562 4566 4567 4568 4569 4570 4571 4563 4572 4573 4574 4575 4576 4577 4564 4578 4579 4580 4581 4582 4583 4565 4584 4585 4586 4587 4588 4589 4590 4594 4595 4596 4597 4591 4598 4599 4600 4601 4592 4602 4603 4604 4605 4593 4606 4607 4608 4609 4610 4614 4615 4611 4616 4617 4612 4618 4619 4613 4620 4621 4622 4623 4624 4625
469 472 473 470 4561 4560 4559 4558 4557 4556 4555 4554 4626 4627 4628 4629 4630 4631 4632 4633 4634 4635 4636 4637 4638 4639 4640 4641 4321 4320 4319 4318 4317 4316 4315 4314 4642 4646 4647 4648 4649 4650 4651 4643 4652 4653 4654 4655 4656 4657 4644 4658 4659 4660 4661 4662 4663 4645 4664 4665 4666 4667 4668 4669 4670 4674 4675 4676 4677 4671 4678 4679 4680 4681 4672 4682 4683 4684 4685 4673 4686 4687 4688 4689 4690 4694 4695 4691 4696 4697 4692 4698 4699 4693 4700 4701 4702 4703 4704 4705
470 473 474 471 4641 4640 4639 4638 4637 4636 4635 4634 4706 4707 4708 4709 4710 4711 4712 4713 4714 4715 4716 4717 4718 4719 4720 4721 4401 4400 4399 4398 4397 4396 4395 4394 4722 4726 4727 4728 4729 4730 4731 4723 4732 4733 4734 4735 4736 4737 4724 4738 4739 4740 4741 4742 4743 4725 4744 4745 4746 4747 4748 4749 4750 4754 4755 4756 4757 4751 4758 4759 4760 4761 4752 4762 4763 4764 4765 4753 4766 4767 4768 4769 4770 4774 4775 4771 4776 4777 4772 4778 4779 4773 4780 4781 4782 4783 4784 4785
471 474 224 225 4721 4720 4719 4718 4717 4716 4715 4714 4786 4787 4788 4789 4790 4791 4792 4793 286 287 288 289 290 291 292 293 4481 4480 4479 4478 4477 4476 4475 4474 4794 4798 4799 4800 4801 4802 4803 4795 4804 4805 4806 4807 4808 4809 4796 4810 4811 4812 4813 4814 4815 4797 4816 4817 4818 4819 4820 4821 4822 4826 4827 4828 4829 4823 4830 4831 4832 4833 4824 4834 4835 4836 4837 4825 4838 4839 4840 4841 4842 4846 4847 4843 4848 4849 4844 4850 4851 4845 4852 4853 4854 4855 4856 4857
18 19 475 472 136 137 138 139 140 141 142 143 4858 4859 4860 4861 4862 4863 4864 4865 4866 4867 4868 4869 4870 4871 4872 4873 4553 4552 4551 4550 4549 4548 4547 4546 4874 4878 4879 4880 4881 4882 4883 4875 4884 4885 4886 4887 4888 4889 4876 4890 4891 4892 4893 4894 4895 4877 4896 4897 4898 4899 4900 4901 4902 4906 4907 4908 4909 4903 4910 4911 4912 4913 4904 4914 4915 4916 4917 4905 4918 4919 4920 4921 4922 4926 4927 4923 4928 4929 4924 4930 4931 4925 4932 4933 4934 4935 4936 4937
472 475 476 473 4873 4872 4871 4870 4869 4868 4867 4866 4938 4939 4940 4941 4942 4943 4944 4945 4946 4947 4948 4949 4950 4951 4952 4953 4633 4632 4631 4630 4629 4628 4627 4626 4954 4958 4959 4960 4961 4962 4963 4955 4964 4965 4966 4967 4968 4969 4956 4970 4971 4972 4973 4974 4975 4957 4976 4977 4978 4979 4980 4981 4982 4986 4987 4988 4989 4983 4990 4991 4992 4993 4984 4994 4995 4996 4997 4985 4998 4999 5000 5001 5002 5006 5007 5003 5008 5009 5004 5010 5011 5005 5012 5013 5014 5015 5016 5017
473 476 477 474 4953 4952 4951 4950 4949 4948 4947 4946 5018 5019 5020 5021 5022 5023 5024 5025 5026 5027 5028 5029 5030 5031 5032 5033 4713 4712 4711 4710 4709 4708 4707 4706 5034 5038 5039 5040 5041 5042 5043 5035 5044 5045 5046 5047 5048 5049 5036 5050 5051 5052 5053 5054 5055 5037 5056 5057 5058 5059 5060 5061 5062 5066 5067 5068 5069 5063 5070 5071 5072 5073 5064 5074 5075 5076 5077 5065 5078 5079 5080 5081 5082 5086 5087 5083 5088 5089 5084 5090 5091 5085 5092 5093 5094 5095 5096 5097
474 477 223 224 5033 5032 5031 5030 5029 5028 5027 5026 5098 5099 5100 5101 5102 5103 5104 5105 278 279 280 281 282 283 284 285 4793 4792 4791 4790 4789 4788 4787 4786 5106 5110 5111 5112 5113 5114 5115 5107 5116 5117 5118 5119 5120 5121 5108 5122 5123 5124 5125 5126 5127 5109 5128 5129 5130 5131 5132 5133 5134 5138 5139 5140 5141 5135 5142 5143 5144 5145 5136 5146 5147 5148 5149 5137 5150 5151 5152 5153 5154 5158 5159 5155 5160 5161 5156 5162 5163 5157 5164 5165 5166 5167 5168 5169
19 20 478 475 144 145 146 147 148 149 150 151 5170 5171 5172 5173 5174 5175 5176 5177 5178 5179 5180 5181 5182 5183 5184 5185 4865 4864 4863 4862 4861 4860 4859 4858 5186 5190 5191 5192 5193 5194 5195 5187 5196 5197 5198 5199 5200 5201 5188 5202 5203 5204 5205 5206 5207 5189 5208 5209 5210 5211 5212 5213 5214 5218 5219 5220 5221 5215 5222 5223 5224 5225 5216 5226 5227 5228 5229 5217 5230 5231 5232 5233 5234 5238 5239 5235 5240 5241 5236 5242 5243 5237 5244 5245 5246 5247 5248 5249
475 478 479 476 5185 5184 5183 5182 5181 5180 5179 5178 5250 5251 5252 5253 5254 5255 5256 5257 5258 5259 5260 5261 5262 5263 5264 5265 4945 4944 4943 4942 4941 4940 4939 4938 5266 5270 5271 5272 5273 5274 5275 5267 5276 5277 5278 5279 5280 5281 5268 5282 5283 5284 5285 5286 5287 5269 5288 5289 5290 5291 5292 5293 5294 5298 5299 5300 5301 5295 5302 5303 5304 5305 5296 5306 5307 5308 5309 5297 5310 5311 5312 5313 5314 5318 5319 5315 5320 5321 5316 5322 5323 5317 5324 5325 5326 5327 5328 5329
476 479 480 477 5265 5264 5263 5262 5261 5260 5259 5258 5330 5331 5332 5333 5334 5335 5336 5337 5338 5339 5340 5341 5342 5343 5344 5345 5025 5024 5023 5022 5021 5020 5019 5018 5346 5350 5351 5352 5353 5354 5355 5347 5356 5357 5358 5359 5360 5361 5348 5362 5363 5364 5365 5366 5367 5349 5368 5369 5370 5371 5372 5373 5374 5378 5379 5380 5381 5375 5382 5383 5384 5385 5376 5386 5387 5388 5389 5377 5390 5391 5392 5393 5394 5398 5399 5395 5400 5401 5396 5402 5403 5397 5404 5405 5406 5407 5408 5409
477 480 222 223 5345 5344 5343 5342 5341 5340 5339 5338 5410 5411 5412 5413 5414 5415 5416 5417 270 271 272 273 274 275 276 277 5105 5104 5103 5102 5101 5100 5099 5098 5418 5422 5423 5424 5425 5426 5427 5419 5428 5429 5430 5431 5432 5433 5420 5434 5435 5436 5437 5438 5439 5421 5440 5441 5442 5443 5444 5445 5446 5450 5451 5452 5453 5447 5454 5455 5456 5457 5448 5458 5459 5460 5461 5449 5462 5463 5464 5465 5466 5470 5471 5467 5472 5473 5468 5474 5475 5469 5476 5477 5478 5479 5480 5481
20 21 481 478 152 153 154 155 156 157 158 159 5482 5483 5484 5485 5486 5487 5488 5489 5490 5491 5492 5493 5494 5495 5496 5497 5177 5176 5175 5174 5173 5172 5171 5170 5498 5502 5503 5504 5505 5506 5507 5499 5508 5509 5510 5511 5512 5513 5500 5514 5515 5516 5517 5518 5519 5501 5520 5521 5522 5523 5524 5525 5526 5530 5531 5532 5533 5527 5534 5535 5536 5537 5528 5538 5539 5540 5541 5529 5542 5543 5544 5545 5546 5550 5551 5547 5552 5553 5548 5554 5555 5549 5556 5557 5558 5559 5560 5561
478 481 482 479 5497 5496 5495 5494 5493 5492 5491 5490 5562 5563 5564 5565 5566 5567 5568 5569 5570 5571 5572 5573 5574 5575 5576 5577 5257 5256 5255 5254 5253 5252 5251 5250 5578 5582 5583 5584 5585 5586 5587 5579 5588 5589 5590 5591 5592 5593 5580 5594 5595 5596 5597 5598 5599 5581 5600 5601 5602 5603 5604 5605 5606 5610 5611 5612 5613 5607 5614 5615 5616 5617 5608 5618 5619 5620 5621 5609 5622 5623 5624 5625 5626 5630 5631 5627 5632 5633 5628 5634 5635 5629 5636 5637 5638 5639 5640 5641
479 482 483 480 5577 5576 5575 5574 5573 5572 5571 5570 5642 5643 5644 5645 5646 5647 5648 5649 5650 5651 5652 5653 5654 5655 5656 5657 5337 5336 5335 5334 5333 5332 5331 5330 5658 5662 5663 5664 5665 5666 5667 5659 5668 5669 5670 5671 5672 5673 5660 5674 5675 5676 5677 5678 5679 5661 5680 5681 5682 5683 5684 5685 5686 5690 5691 5692 5693 5687 5694 5695 5696 5697 5688 5698 5699 5700 5701 5689 5702 5703 5704 5705 5706 5710 5711 5707 5712 5713 5708 5714 5715 5709 5716 5717 5718 5719 5720 5721
480 483 221 222 5657 5656 5655 5654 5653 5652 5651 5650 5722 5723 5724 5725 5726 5727 5728 5729 262 263 264 265 266 267 268 269 5417 5416 5415 5414 5413 5412 5411 5410 5730 5734 5735 5736 5737 5738 5739 5731 5740 5741 5742 5743 5744 5745 5732 5746 5747 5748 5749 5750 5751 5733 5752 5753 5754 5755 5756 5757 5758 5762 5763 5764 5765 5759 5766 5767 5768 5769 5760 5770 5771 5772 5773 5761 5774 5775 5776 5777 5778 5782 5783 5779 5784 5785 5780 5786 5787 5781 5788 5789 5790 5791 5792 5793
21 22 484 481 160 161 162 163 164 165 166 167 5794 5795 5796 5797 5798 5799 5800 5801 5802 5803 5804 5805 5806 5807 5808 5809 5489 5488 5487 5486 5485 5484 5483 5482 5810 5814 5815 5816 5817 5818 5819 5811 5820 5821 5822 5823 5824 5825 5812 5826 5827 5828 5829 5830 5831 5813 5832 5833 5834 5835 5836 5837 5838 5842 5843 5844 5845 5839 5846 5847 5848 5849 5840 5850 5851 5852 5853 5841 5854 5855 5856 5857 5858 5862 5863 5859 5864 5865 5860 5866 5867 5861 5868 5869 5870 5871 5872 5873
481 484 485 482 5809 5808 5807 5806 5805 5804 5803 5802 5874 5875 5876 5877 5878 5879 5880 5881 5882 5883 5884 5885 5886 5887 5888 5889 5569 5568 5567 5566 5565 5564 5563 5562 5890 5894 5895 5896 5897 5898 5899 5891 5900 5901 5902 5903 5904 5905 5892 5906 5907 5908 5909 5910 5911 5893 5912 5913 5914 5915 5916 5917 5918 5922 5923 5924 5925 5919 5926 5927 5928 5929 5920 5930 5931 5932 5933 5921 5934 5935 5936 5937 5938 5942 5943 5939 5944 5945 5940 5946 5947 5941 5948 5949 5950 5951 5952 5953
482 485 486 483 5889 5888 5887 5886 5885 5884 5883 5882 5954 5955 5956 5957 5958 5959 5960 5961 5962 5963 5964 5965 5966 5967 5968 5969 5649 5648 5647 5646 5645 5644 5643 5642 5970 5974 5975 5976 5977 5978 5979 5971 5980 5981 5982 5983 5984 5985 5972 5986 5987 5988 5989 5990 5991 5973 5992 5993 5994 5995 5996 5997 5998 6002 6003 6004 6005 5999 6006 6007 6008 6009 6000 6010 6011 6012 6013 6001 6014 6015 6016 6017 6018 6022 6023 6019 6024 6025 6020 6026 6027 6021 6028 6029 6030 6031 6032 6033
483 486 220 221 5969 5968 5967 5966 5965 5964 5963 5962 6034 6035 6036 6037 6038 6039 6040 6041 254 255 256 257 258 259 260 261 5729 5728 5727 5726 5725 5724 5723 5722 6042 6046 6047 6048 6049 6050 6051 6043 6052 6053 6054 6055 6056 6057 6044 6058 6059 6060 6061 6062 6063 6045 6064 6065 6066 6067 6068 6069 6070 6074 6075 6076 6077 6071 6078 6079 6080 6081 6072 6082 6083 6084 6085 6073 6086 6087 6088 6089 6090 6094 6095 6091 6096 6097 6092 6098 6099 6093 6100 6101 6102 6103 6104 6105
22 23 487 484 168 169 170 171 172 173 174 175 6106 6107 6108 6109 6110 6111 6112 6113 6114 6115 6116 6117 6118 6119 6120 6121 5801 5800 5799 5798 5797 5796 5795 5794 6122 6126 6127 6128 6129 6130 6131 6123 6132 6133 6134 6135 6136 6137 6124 6138 6139 6140 6141 6142 6143 6125 6144 6145 6146 6147 6148 6149 6150 6154 6155 6156 6157 6151 6158 6159 6160 6161 6152 6162 6163 6164 6165 6153 6166 6167 6168 6169 6170 6174 6175 6171 6176 6177 6172 6178 6179 6173 6180 6181 6182 6183 6184 6185
484 487 488 485 6121 6120 6119 6118 6117 6116 6115 6114 6186 6187 6188 6189 6190 6191 6192 6193 6194 6195 6196 6197 6198 6199 6200 6201 5881 5880 5879 5878 5877 5876 5875 5874 6202 6206 6207 6208 6209 6210 6211 6203 6212 6213 6214 6215 6216 6217 6204 6218 6219 6220 6221 6222 6223 6205 6224 6225 6226 6227 6228 6229 6230 6234 6235 6236 6237 6231 6238 6239 6240 6241 6232 6242 6243 6244 6245 6233 6246 6247 6248 6249 6250 6254 6255 6251 6256 6257 6252 6258 6259 6253 6260 6261 6262 6263 6264 6265
485 488 489 486 6201 6200 6199 6198 6197 6196 6195 6194 6266 6267 6268 6269 6270 6271 6272 6273 6274 6275 6276 6277 6278 6279 6280 6281 5961 5960 5959 5958 5957 5956 5955 5954 6282 6286 6287 6288 6289 6290 6291 6283 6292 6293 6294 6295 6296 6297 6284 6298 6299 6300 6301 6302 6303 6285 6304 6305 6306 6307 6308 6309 6310 6314 6315 6316 6317 6311 6318 6319 6320 6321 6312 6322 6323 6324 6325 6313 6326 6327 6328 6329 6330 6334 6335 6331 6336 6337 6332 6338 6339 6333 6340 6341 6342 6343 6344 6345
486 489 219 220 6281 6280 6279 6278 6277 6276 6275 6274 6346 6347 6348 6349 6350 6351 6352 6353 246 247 248 249 250 251 252 253 6041 6040 6039 6038 6037 6036 6035 6034 6354 6358 6359 6360 6361 6362 6363 6355 6364 6365 6366 6367 6368 6369 6356 6370 6371 6372 6373 6374 6375 6357 6376 6377 6378 6379 6380 6381 6382 6386 6387 6388 6389 6383 6390 6391 6392 6393 6384 6394 6395 6396 6397 6385 6398 6399 6400 6401 6402 6406 6407 6403 6408 6409 6404 6410 6411 6405 6412 6413 6414 6415 6416 6417
23 2 184 487 176 177 178 179 180 181 182 183 187 188 189 190 191 192 193 194 6418 6419 6420 6421 6422 6423 6424 6425 6113 6112 6111 6110 6109 6108 6107 6106 6426 6430 6431 6432 6433 6434 6435 6427 6436 6437 6438 6439 6440 6441 6428 6442 6443 6444 6445 6446 6447 6429 6448 6449 6450 6451 6452 6453 6454 6458 6459 6460 6461 6455 6462 6463 6464 6465 6456 6466 6467 6468 6469 6457 6470 6471 6472 6473 6474 6478 6479 6475 6480 6481 6476 6482 6483 6477 6484 6485 6486 6487 6488 6489
487 184 185 488 6425 6424 6423 6422 6421 6420 6419 6418 195 196 197 198 199 200 201 202 6490 6491 6492 6493 6494 6495 6496 6497 6193 6192 6191 6190 6189 6188 6187 6186 6498 6502 6503 6504 6505 6506 6507 6499 6508 6509 6510 6511 6512 6513 6500 6514 6515 6516 6517 6518 6519 6501 6520 6521 6522 6523 6524 6525 6526 6530 6531 6532 6533 6527 6534 6535 6536 6537 6528 6538 6539 6540 6541 6529 6542 6543 6544 6545 6546 6550 6551 6547 6552 6553 6548 6554 6555 6549 6556 6557 6558 6559 6560 6561
488 185 186 489 6497 6496 6495 6494 6493 6492 6491 6490 203 204 205 206 207 208 209 210 6562 6563 6564 6565 6566 6567 6568 6569 6273 6272 6271 6270 6269 6268 6267 6266 6570 6574 6575 6576 6577 6578 6579 6571 6580 6581 6582 6583 6584 6585 6572 6586 6587 6588 6589 6590 6591 6573 6592 6593 6594 6595 6596 6597 6598 6602 6603 6604 6605 6599 6606 6607 6608 6609 6600 6610 6611 6612 6613 6601 6614 6615 6616 6617 6618 6622 6623 6619 6624 6625 6620 6626 6627 6621 6628 6629 6630 6631 6632 6633
489 186 3 219 6569 6568 6567 6566 6565 6564 6563 6562 211 212 213 214 215 216 217 218 238 239 240 241 242 243 244 245 6353 6352 6351 6350 6349 6348 6347 6346 6634 6638 6639 6640 6641 6642 6643 6635 6644 6645 6646 6647 6648 6649 6636 6650 6651 6652 6653 6654 6655 6637 6656 6657 6658 6659 6660 6661 6662 6666 6667 6668 6669 6663 6670 6671 6672 6673 6664 6674 6675 6676 6677 6665 6678 6679 6680 6681 6682 6686 6687 6683 6688 6689 6684 6690 6691 6685 6692 6693 6694 6695 6696 6697
