1 1 1 1 1 5 385 356 24 25 26 27 28 29 30 442 443 444 445 446 447 448 449 450 451 452 453 454 455 378 379 380 381 382 383 384 456 460 461 462 463 464 457 465 466 467 468 469 458 470 471 472 473 474 459 475 476 477 478 479 480 484 485 486 481 487 488 489 482 490 491 492 483 493 494 495 496 500 497 501 498 502 499 503 504
2 1 1 1 356 385 386 355 455 454 453 452 451 450 449 505 506 507 508 509 510 511 512 513 514 515 516 517 518 371 372 373 374 375 376 377 519 523 524 525 526 527 520 528 529 530 531 532 521 533 534 535 536 537 522 538 539 540 541 542 543 547 548 549 544 550 551 552 545 553 554 555 546 556 557 558 559 563 560 564 561 565 562 566 567
3 1 1 1 355 386 387 354 518 517 516 515 514 513 512 568 569 570 571 572 573 574 575 576 577 578 579 580 581 364 365 366 367 368 369 370 582 586 587 588 589 590 583 591 592 593 594 595 584 596 597 598 599 600 585 601 602 603 604 605 606 610 611 612 607 613 614 615 608 616 617 618 609 619 620 621 622 626 623 627 624 628 625 629 630
4 1 1 1 354 387 213 4 581 580 579 578 577 576 575 631 632 633 634 635 636 637 347 348 349 350 351 352 353 357 358 359 360 361 362 363 638 642 643 644 645 646 639 647 648 649 650 651 640 652 653 654 655 656 641 657 658 659 660 661 662 666 667 668 663 669 670 671 664 672 673 674 665 675 676 677 678 682 679 683 680 684 681 685 686
5 1 1 1 5 6 388 385 31 32 33 34 35 36 37 687 688 689 690 691 692 693 694 695 696 697 698 699 700 448 447 446 445 444 443 442 701 705 706 707 708 709 702 710 711 712 713 714 703 715 716 717 718 719 704 720 721 722 723 724 725 729 730 731 726 732 733 734 727 735 736 737 728 738 739 740 741 745 742 746 743 747 744 748 749
6 1 1 1 385 388 389 386 700 699 698 697 696 695 694 750 751 752 753 754 755 756 757 758 759 760 761 762 763 511 510 509 508 507 506 505 764 768 769 770 771 772 765 773 774 775 776 777 766 778 779 780 781 782 767 783 784 785 786 787 788 792 793 794 789 795 796 797 790 798 799 800 791 801 802 803 804 808 805 809 806 810 807 811 812
7 1 1 1 386 389 390 387 763 762 761 760 759 758 757 813 814 815 816 817 818 819 820 821 822 823 824 825 826 574 573 572 571 570 569 568 827 831 832 833 834 835 828 836 837 838 839 840 829 841 842 843 844 845 830 846 847 848 849 850 851 855 856 857 852 858 859 860 853 861 862 863 854 864 865 866 867 871 868 872 869 873 870 874 875
8 1 1 1 387 390 212 213 826 825 824 823 822 821 820 876 877 878 879 880 881 882 340 341 342 343 344 345 346 637 636 635 634 633 632 631 883 887 888 889 890 891 884 892 893 894 895 896 885 897 898 899 900 901 886 902 903 904 905 906 907 911 912 913 908 914 915 916 909 917 918 919 910 920 921 922 923 927 924 928 925 929 926 930 931
9 1 1 1 6 7 391 388 38 39 40 41 42 43 44 932 933 934 935 936 937 938 939 940 941 942 943 944 945 693 692 691 690 689 688 687 946 950 951 952 953 954 947 955 956 957 958 959 948 960 961 962 963 964 949 965 966 967 968 969 970 974 975 976 971 977 978 979 972 980 981 982 973 983 984 985 986 990 987 991 988 992 989 993 994
10 1 1 1 388 391 392 389 945 944 943 942 941 940 939 995 996 997 998 999 1000 1001 1002 1003 1004 1005 1006 1007 1008 756 755 754 753 752 751 750 1009 1013 1014 1015 1016 1017 1010 1018 1019 1020 1021 1022 1011 1023 1024 1025 1026 1027 1012 1028 1029 1030 1031 1032 1033 1037 1038 1039 1034 1040 1041 1042 1035 1043 1044 1045 1036 1046 1047 1048 1049 1053 1050 1054 1051 1055 1052 1056 1057
11 1 1 1 389 392 393 390 1008 1007 1006 1005 1004 1003 1002 1058 1059 1060 1061 1062 1063 1064 1065 1066 1067 1068 1069 1070 1071 819 818 817 816 815 814 813 1072 1076 1077 1078 1079 1080 1073 1081 1082 1083 1084 1085 1074 1086 1087 1088 1089 1090 1075 1091 1092 1093 1094 1095 1096 1100 1101 1102 1097 1103 1104 1105 1098 1106 1107 1108 1099 1109 1110 1111 1112 1116 1113 1117 1114 1118 1115 1119 1120
12 1 1 1 390 393 211 212 1071 1070 1069 1068 1067 1066 1065 1121 1122 1123 1124 1125 1126 1127 333 334 335 336 337 338 339 882 881 880 879 878 877 876 1128 1132 1133 1134 1135 1136 1129 1137 1138 1139 1140 1141 1130 1142 1143 1144 1145 1146 1131 1147 1148 1149 1150 1151 1152 1156 1157 1158 1153 1159 1160 1161 1154 1162 1163 1164 1155 1165 1166 1167 1168 1172 1169 1173 1170 1174 1171 1175 1176
13 1 1 1 7 8 394 391 45 46 47 48 49 50 51 1177 1178 1179 1180 1181 1182 1183 1184 1185 1186 1187 1188 1189 1190 938 937 936 935 934 933 932 1191 1195 1196 1197 1198 1199 1192 1200 1201 1202 1203 1204 1193 1205 1206 1207 1208 1209 1194 1210 1211 1212 1213 1214 1215 1219 1220 1221 1216 1222 1223 1224 1217 1225 1226 1227 1218 1228 1229 1230 1231 1235 1232 1236 1233 1237 1234 1238 1239
14 1 1 1 391 394 395 392 1190 1189 1188 1187 1186 1185 1184 1240 1241 1242 1243 1244 1245 1246 1247 1248 1249 1250 1251 1252 1253 1001 1000 999 998 997 996 995 1254 1258 1259 1260 1261 1262 1255 1263 1264 1265 1266 1267 1256 1268 1269 1270 1271 1272 1257 1273 1274 1275 1276 1277 1278 1282 1283 1284 1279 1285 1286 1287 1280 1288 1289 1290 1281 1291 1292 1293 1294 1298 1295 1299 1296 1300 1297 1301 1302
15 1 1 1 392 395 396 393 1253 1252 1251 1250 1249 1248 1247 1303 1304 1305 1306 1307 1308 1309 1310 1311 1312 1313 1314 1315 1316 1064 1063 1062 1061 1060 1059 1058 1317 1321 1322 1323 1324 1325 1318 1326 1327 1328 1329 1330 1319 1331 1332 1333 1334 1335 1320 1336 1337 1338 1339 1340 1341 1345 1346 1347 1342 1348 1349 1350 1343 1351 1352 1353 1344 1354 1355 1356 1357 1361 1358 1362 1359 1363 1360 1364 1365
16 1 1 1 393 396 210 211 1316 1315 1314 1313 1312 1311 1310 1366 1367 1368 1369 1370 1371 1372 326 327 328 329 330 331 332 1127 1126 1125 1124 1123 1122 1121 1373 1377 1378 1379 1380 1381 1374 1382 1383 1384 1385 1386 1375 1387 1388 1389 1390 1391 1376 1392 1393 1394 1395 1396 1397 1401 1402 1403 1398 1404 1405 1406 1399 1407 1408 1409 1400 1410 1411 1412 1413 1417 1414 1418 1415 1419 1416 1420 1421
17 1 1 1 8 9 397 394 52 53 54 55 56 57 58 1422 1423 1424 1425 1426 1427 1428 1429 1430 1431 1432 1433 1434 1435 1183 1182 1181 1180 1179 1178 1177 1436 1440 1441 1442 1443 1444 1437 1445 1446 1447 1448 1449 1438 1450 1451 1452 1453 1454 1439 1455 1456 1457 1458 1459 1460 1464 1465 1466 1461 1467 1468 1469 1462 1470 1471 1472 1463 1473 1474 1475 1476 1480 1477 1481 1478 1482 1479 1483 1484
18 1 1 1 394 397 398 395 1435 1434 1433 1432 1431 1430 1429 1485 1486 1487 1488 1489 1490 1491 1492 1493 1494 1495 1496 1497 1498 1246 1245 1244 1243 1242 1241 1240 1499 1503 1504 1505 1506 1507 1500 1508 1509 1510 1511 1512 1501 1513 1514 1515 1516 1517 1502 1518 1519 1520 1521 1522 1523 1527 1528 1529 1524 1530 1531 1532 1525 1533 1534 1535 1526 1536 1537 1538 1539 1543 1540 1544 1541 1545 1542 1546 1547
19 1 1 1 395 398 399 396 1498 1497 1496 1495 1494 1493 1492 1548 1549 1550 1551 1552 1553 1554 1555 1556 1557 1558 1559 1560 1561 1309 1308 1307 1306 1305 1304 1303 1562 1566 1567 1568 1569 1570 1563 1571 1572 1573 1574 1575 1564 1576 1577 1578 1579 1580 1565 1581 1582 1583 1584 1585 1586 1590 1591 1592 1587 1593 1594 1595 1588 1596 1597 1598 1589 1599 1600 1601 1602 1606 1603 1607 1604 1608 1605 1609 1610
20 1 1 1 396 399 209 210 1561 1560 1559 1558 1557 1556 1555 1611 1612 1613 1614 1615 1616 1617 319 320 321 322 323 324 325 1372 1371 1370 1369 1368 1367 1366 1618 1622 1623 1624 1625 1626 1619 1627 1628 1629 1630 1631 1620 1632 1633 1634 1635 1636 1621 1637 1638 1639 1640 1641 1642 1646 1647 1648 1643 1649 1650 1651 1644 1652 1653 1654 1645 1655 1656 1657 1658 1662 1659 1663 1660 1664 1661 1665 1666
21 1 1 1 9 10 400 397 59 60 61 62 63 64 65 1667 1668 1669 1670 1671 1672 1673 1674 1675 1676 1677 1678 1679 1680 1428 1427 1426 1425 1424 1423 1422 1681 1685 1686 1687 1688 1689 1682 1690 1691 1692 1693 1694 1683 1695 1696 1697 1698 1699 1684 1700 1701 1702 1703 1704 1705 1709 1710 1711 1706 1712 1713 1714 1707 1715 1716 1717 1708 1718 1719 1720 1721 1725 1722 1726 1723 1727 1724 1728 1729
22 1 1 1 397 400 401 398 1680 1679 1678 1677 1676 1675 1674 1730 1731 1732 1733 1734 1735 1736 1737 1738 1739 1740 1741 1742 1743 1491 1490 1489 1488 1487 1486 1485 1744 1748 1749 1750 1751 1752 1745 1753 1754 1755 1756 1757 1746 1758 1759 1760 1761 1762 1747 1763 1764 1765 1766 1767 1768 1772 1773 1774 1769 1775 1776 1777 1770 1778 1779 1780 1771 1781 1782 1783 1784 1788 1785 1789 1786 1790 1787 1791 1792
23 1 1 1 398 401 402 399 1743 1742 1741 1740 1739 1738 1737 1793 1794 1795 1796 1797 1798 1799 1800 1801 1802 1803 1804 1805 1806 1554 1553 1552 1551 1550 1549 1548 1807 1811 1812 1813 1814 1815 1808 1816 1817 1818 1819 1820 1809 1821 1822 1823 1824 1825 1810 1826 1827 1828 1829 1830 1831 1835 1836 1837 1832 1838 1839 1840 1833 1841 1842 1843 1834 1844 1845 1846 1847 1851 1848 1852 1849 1853 1850 1854 1855
24 1 1 1 399 402 208 209 1806 1805 1804 1803 1802 1801 1800 1856 1857 1858 1859 1860 1861 1862 312 313 314 315 316 317 318 1617 1616 1615 1614 1613 1612 1611 1863 1867 1868 1869 1870 1871 1864 1872 1873 1874 1875 1876 1865 1877 1878 1879 1880 1881 1866 1882 1883 1884 1885 1886 1887 1891 1892 1893 1888 1894 1895 1896 1889 1897 1898 1899 1890 1900 1901 1902 1903 1907 1904 1908 1905 1909 1906 1910 1911
25 1 1 1 10 11 403 400 66 67 68 69 70 71 72 1912 1913 1914 1915 1916 1917 1918 1919 1920 1921 1922 1923 1924 1925 1673 1672 1671 1670 1669 1668 1667 1926 1930 1931 1932 1933 1934 1927 1935 1936 1937 1938 1939 1928 1940 1941 1942 1943 1944 1929 1945 1946 1947 1948 1949 1950 1954 1955 1956 1951 1957 1958 1959 1952 1960 1961 1962 1953 1963 1964 1965 1966 1970 1967 1971 1968 1972 1969 1973 1974
26 1 1 1 400 403 404 401 1925 1924 1923 1922 1921 1920 1919 1975 1976 1977 1978 1979 1980 1981 1982 1983 1984 1985 1986 1987 1988 1736 1735 1734 1733 1732 1731 1730 1989 1993 1994 1995 1996 1997 1990 1998 1999 2000 2001 2002 1991 2003 2004 2005 2006 2007 1992 2008 2009 2010 2011 2012 2013 2017 2018 2019 2014 2020 2021 2022 2015 2023 2024 2025 2016 2026 2027 2028 2029 2033 2030 2034 2031 2035 2032 2036 2037
27 1 1 1 401 404 405 402 1988 1987 1986 1985 1984 1983 1982 2038 2039 2040 2041 2042 2043 2044 2045 2046 2047 2048 2049 2050 2051 1799 1798 1797 1796 1795 1794 1793 2052 2056 2057 2058 2059 2060 2053 2061 2062 2063 2064 2065 2054 2066 2067 2068 2069 2070 2055 2071 2072 2073 2074 2075 2076 2080 2081 2082 2077 2083 2084 2085 2078 2086 2087 2088 2079 2089 2090 2091 2092 2096 2093 2097 2094 2098 2095 2099 2100
28 1 1 1 402 405 207 208 2051 2050 2049 2048 2047 2046 2045 2101 2102 2103 2104 2105 2106 2107 305 306 307 308 309 310 311 1862 1861 1860 1859 1858 1857 1856 2108 2112 2113 2114 2115 2116 2109 2117 2118 2119 2120 2121 2110 2122 2123 2124 2125 2126 2111 2127 2128 2129 2130 2131 2132 2136 2137 2138 2133 2139 2140 2141 2134 2142 2143 2144 2135 2145 2146 2147 2148 2152 2149 2153 2150 2154 2151 2155 2156
29 1 1 1 11 12 406 403 73 74 75 76 77 78 79 2157 2158 2159 2160 2161 2162 2163 2164 2165 2166 2167 2168 2169 2170 1918 1917 1916 1915 1914 1913 1912 2171 2175 2176 2177 2178 2179 2172 2180 2181 2182 2183 2184 2173 2185 2186 2187 2188 2189 2174 2190 2191 2192 2193 2194 2195 2199 2200 2201 2196 2202 2203 2204 2197 2205 2206 2207 2198 2208 2209 2210 2211 2215 2212 2216 2213 2217 2214 2218 2219
30 1 1 1 403 406 407 404 2170 2169 2168 2167 2166 2165 2164 2220 2221 2222 2223 2224 2225 2226 2227 2228 2229 2230 2231 2232 2233 1981 1980 1979 1978 1977 1976 1975 2234 2238 2239 2240 2241 2242 2235 2243 2244 2245 2246 2247 2236 2248 2249 2250 2251 2252 2237 2253 2254 2255 2256 2257 2258 2262 2263 2264 2259 2265 2266 2267 2260 2268 2269 2270 2261 2271 2272 2273 2274 2278 2275 2279 2276 2280 2277 2281 2282
31 1 1 1 404 407 408 405 2233 2232 2231 2230 2229 2228 2227 2283 2284 2285 2286 2287 2288 2289 2290 2291 2292 2293 2294 2295 2296 2044 2043 2042 2041 2040 2039 2038 2297 2301 2302 2303 2304 2305 2298 2306 2307 2308 2309 2310 2299 2311 2312 2313 2314 2315 2300 2316 2317 2318 2319 2320 2321 2325 2326 2327 2322 2328 2329 2330 2323 2331 2332 2333 2324 2334 2335 2336 2337 2341 2338 2342 2339 2343 2340 2344 2345
32 1 1 1 405 408 206 207 2296 2295 2294 2293 2292 2291 2290 2346 2347 2348 2349 2350 2351 2352 298 299 300 301 302 303 304 2107 2106 2105 2104 2103 2102 2101 2353 2357 2358 2359 2360 2361 2354 2362 2363 2364 2365 2366 2355 2367 2368 2369 2370 2371 2356 2372 2373 2374 2375 2376 2377 2381 2382 2383 2378 2384 2385 2386 2379 2387 2388 2389 2380 2390 2391 2392 2393 2397 2394 2398 2395 2399 2396 2400 2401
33 1 1 1 12 13 409 406 80 81 82 83 84 85 86 2402 2403 2404 2405 2406 2407 2408 2409 2410 2411 2412 2413 2414 2415 2163 2162 2161 2160 2159 2158 2157 2416 2420 2421 2422 2423 2424 2417 2425 2426 2427 2428 2429 2418 2430 2431 2432 2433 2434 2419 2435 2436 2437 2438 2439 2440 2444 2445 2446 2441 2447 2448 2449 2442 2450 2451 2452 2443 2453 2454 2455 2456 2460 2457 2461 2458 2462 2459 2463 2464
34 1 1 1 406 409 410 407 2415 2414 2413 2412 2411 2410 2409 2465 2466 2467 2468 2469 2470 2471 2472 2473 2474 2475 2476 2477 2478 2226 2225 2224 2223 2222 2221 2220 2479 2483 2484 2485 2486 2487 2480 2488 2489 2490 2491 2492 2481 2493 2494 2495 2496 2497 2482 2498 2499 2500 2501 2502 2503 2507 2508 2509 2504 2510 2511 2512 2505 2513 2514 2515 2506 2516 2517 2518 2519 2523 2520 2524 2521 2525 2522 2526 2527
35 1 1 1 407 410 411 408 2478 2477 2476 2475 2474 2473 2472 2528 2529 2530 2531 2532 2533 2534 2535 2536 2537 2538 2539 2540 2541 2289 2288 2287 2286 2285 2284 2283 2542 2546 2547 2548 2549 2550 2543 2551 2552 2553 2554 2555 2544 2556 2557 2558 2559 2560 2545 2561 2562 2563 2564 2565 2566 2570 2571 2572 2567 2573 2574 2575 2568 2576 2577 2578 2569 2579 2580 2581 2582 2586 2583 2587 2584 2588 2585 2589 2590
36 1 1 1 408 411 205 206 2541 2540 2539 2538 2537 2536 2535 2591 2592 2593 2594 2595 2596 2597 291 292 293 294 295 296 297 2352 2351 2350 2349 2348 2347 2346 2598 2602 2603 2604 2605 2606 2599 2607 2608 2609 2610 2611 2600 2612 2613 2614 2615 2616 2601 2617 2618 2619 2620 2621 2622 2626 2627 2628 2623 2629 2630 2631 2624 2632 2633 2634 2625 2635 2636 2637 2638 2642 2639 2643 2640 2644 2641 2645 2646
37 1 1 1 13 14 412 409 87 88 89 90 91 92 93 2647 2648 2649 2650 2651 2652 2653 2654 2655 2656 2657 2658 2659 2660 2408 2407 2406 2405 2404 2403 2402 2661 2665 2666 2667 2668 2669 2662 2670 2671 2672 2673 2674 2663 2675 2676 2677 2678 2679 2664 2680 2681 2682 2683 2684 2685 2689 2690 2691 2686 2692 2693 2694 2687 2695 2696 2697 2688 2698 2699 2700 2701 2705 2702 2706 2703 2707 2704 2708 2709
38 1 1 1 409 412 413 410 2660 2659 2658 2657 2656 2655 2654 2710 2711 2712 2713 2714 2715 2716 2717 2718 2719 2720 2721 2722 2723 2471 2470 2469 2468 2467 2466 2465 2724 2728 2729 2730 2731 2732 2725 2733 2734 2735 2736 2737 2726 2738 2739 2740 2741 2742 2727 2743 2744 2745 2746 2747 2748 2752 2753 2754 2749 2755 2756 2757 2750 2758 2759 2760 2751 2761 2762 2763 2764 2768 2765 2769 2766 2770 2767 2771 2772
39 1 1 1 410 413 414 411 2723 2722 2721 2720 2719 2718 2717 2773 2774 2775 2776 2777 2778 2779 2780 2781 2782 2783 2784 2785 2786 2534 2533 2532 2531 2530 2529 2528 2787 2791 2792 2793 2794 2795 2788 2796 2797 2798 2799 2800 2789 2801 2802 2803 2804 2805 2790 2806 2807 2808 2809 2810 2811 2815 2816 2817 2812 2818 2819 2820 2813 2821 2822 2823 2814 2824 2825 2826 2827 2831 2828 2832 2829 2833 2830 2834 2835
40 1 1 1 411 414 204 205 2786 2785 2784 2783 2782 2781 2780 2836 2837 2838 2839 2840 2841 2842 284 285 286 287 288 289 290 2597 2596 2595 2594 2593 2592 2591 2843 2847 2848 2849 2850 2851 2844 2852 2853 2854 2855 2856 2845 2857 2858 2859 2860 2861 2846 2862 2863 2864 2865 2866 2867 2871 2872 2873 2868 2874 2875 2876 2869 2877 2878 2879 2870 2880 2881 2882 2883 2887 2884 2888 2885 2889 2886 2890 2891
41 1 1 1 14 15 415 412 94 95 96 97 98 99 100 2892 2893 2894 2895 2896 2897 2898 2899 2900 2901 2902 2903 2904 2905 2653 2652 2651 2650 2649 2648 2647 2906 2910 2911 2912 2913 2914 2907 2915 2916 2917 2918 2919 2908 2920 2921 2922 2923 2924 2909 2925 2926 2927 2928 2929 2930 2934 2935 2936 2931 2937 2938 2939 2932 2940 2941 2942 2933 2943 2944 2945 2946 2950 2947 2951 2948 2952 2949 2953 2954
42 1 1 1 412 415 416 413 2905 2904 2903 2902 2901 2900 2899 2955 2956 2957 2958 2959 2960 2961 2962 2963 2964 2965 2966 2967 2968 2716 2715 2714 2713 2712 2711 2710 2969 2973 2974 2975 2976 2977 2970 2978 2979 2980 2981 2982 2971 2983 2984 2985 2986 2987 2972 2988 2989 2990 2991 2992 2993 2997 2998 2999 2994 3000 3001 3002 2995 3003 3004 3005 2996 3006 3007 3008 3009 3013 3010 3014 3011 3015 3012 3016 3017
43 1 1 1 413 416 417 414 2968 2967 2966 2965 2964 2963 2962 3018 3019 3020 3021 3022 3023 3024 3025 3026 3027 3028 3029 3030 3031 2779 2778 2777 2776 2775 2774 2773 3032 3036 3037 3038 3039 3040 3033 3041 3042 3043 3044 3045 3034 3046 3047 3048 3049 3050 3035 3051 3052 3053 3054 3055 3056 3060 3061 3062 3057 3063 3064 3065 3058 3066 3067 3068 3059 3069 3070 3071 3072 3076 3073 3077 3074 3078 3075 3079 3080
44 1 1 1 414 417 203 204 3031 3030 3029 3028 3027 3026 3025 3081 3082 3083 3084 3085 3086 3087 277 278 279 280 281 282 283 2842 2841 2840 2839 2838 2837 2836 3088 3092 3093 3094 3095 3096 3089 3097 3098 3099 3100 3101 3090 3102 3103 3104 3105 3106 3091 3107 3108 3109 3110 3111 3112 3116 3117 3118 3113 3119 3120 3121 3114 3122 3123 3124 3115 3125 3126 3127 3128 3132 3129 3133 3130 3134 3131 3135 3136
45 1 1 1 15 16 418 415 101 102 103 104 105 106 107 3137 3138 3139 3140 3141 3142 3143 3144 3145 3146 3147 3148 3149 3150 2898 2897 2896 2895 2894 2893 2892 3151 3155 3156 3157 3158 3159 3152 3160 3161 3162 3163 3164 3153 3165 3166 3167 3168 3169 3154 3170 3171 3172 3173 3174 3175 3179 3180 3181 3176 3182 3183 3184 3177 3185 3186 3187 3178 3188 3189 3190 3191 3195 3192 3196 3193 3197 3194 3198 3199
46 1 1 1 415 418 419 416 3150 3149 3148 3147 3146 3145 3144 3200 3201 3202 3203 3204 3205 3206 3207 3208 3209 3210 3211 3212 3213 2961 2960 2959 2958 2957 2956 2955 3214 3218 3219 3220 3221 3222 3215 3223 3224 3225 3226 3227 3216 3228 3229 3230 3231 3232 3217 3233 3234 3235 3236 3237 3238 3242 3243 3244 3239 3245 3246 3247 3240 3248 3249 3250 3241 3251 3252 3253 3254 3258 3255 3259 3256 3260 3257 3261 3262
47 1 1 1 416 419 420 417 3213 3212 3211 3210 3209 3208 3207 3263 3264 3265 3266 3267 3268 3269 3270 3271 3272 3273 3274 3275 3276 3024 3023 3022 3021 3020 3019 3018 3277 3281 3282 3283 3284 3285 3278 3286 3287 3288 3289 3290 3279 3291 3292 3293 3294 3295 3280 3296 3297 3298 3299 3300 3301 3305 3306 3307 3302 3308 3309 3310 3303 3311 3312 3313 3304 3314 3315 3316 3317 3321 3318 3322 3319 3323 3320 3324 3325
48 1 1 1 417 420 202 203 3276 3275 3274 3273 3272 3271 3270 3326 3327 3328 3329 3330 3331 3332 270 271 272 273 274 275 276 3087 3086 3085 3084 3083 3082 3081 3333 3337 3338 3339 3340 3341 3334 3342 3343 3344 3345 3346 3335 3347 3348 3349 3350 3351 3336 3352 3353 3354 3355 3356 3357 3361 3362 3363 3358 3364 3365 3366 3359 3367 3368 3369 3360 3370 3371 3372 3373 3377 3374 3378 3375 3379 3376 3380 3381
49 1 1 1 16 17 421 418 108 109 110 111 112 113 114 3382 3383 3384 3385 3386 3387 3388 3389 3390 3391 3392 3393 3394 3395 3143 3142 3141 3140 3139 3138 3137 3396 3400 3401 3402 3403 3404 3397 3405 3406 3407 3408 3409 3398 3410 3411 3412 3413 3414 3399 3415 3416 3417 3418 3419 3420 3424 3425 3426 3421 3427 3428 3429 3422 3430 3431 3432 3423 3433 3434 3435 3436 3440 3437 3441 3438 3442 3439 3443 3444
50 1 1 1 418 421 422 419 3395 3394 3393 3392 3391 3390 3389 3445 3446 3447 3448 3449 3450 3451 3452 3453 3454 3455 3456 3457 3458 3206 3205 3204 3203 3202 3201 3200 3459 3463 3464 3465 3466 3467 3460 3468 3469 3470 3471 3472 3461 3473 3474 3475 3476 3477 3462 3478 3479 3480 3481 3482 3483 3487 3488 3489 3484 3490 3491 3492 3485 3493 3494 3495 3486 3496 3497 3498 3499 3503 3500 3504 3501 3505 3502 3506 3507
51 1 1 1 419 422 423 420 3458 3457 3456 3455 3454 3453 3452 3508 3509 3510 3511 3512 3513 3514 3515 3516 3517 3518 3519 3520 3521 3269 3268 3267 3266 3265 3264 3263 3522 3526 3527 3528 3529 3530 3523 3531 3532 3533 3534 3535 3524 3536 3537 3538 3539 3540 3525 3541 3542 3543 3544 3545 3546 3550 3551 3552 3547 3553 3554 3555 3548 3556 3557 3558 3549 3559 3560 3561 3562 3566 3563 3567 3564 3568 3565 3569 3570
52 1 1 1 420 423 201 202 3521 3520 3519 3518 3517 3516 3515 3571 3572 3573 3574 3575 3576 3577 263 264 265 266 267 268 269 3332 3331 3330 3329 3328 3327 3326 3578 3582 3583 3584 3585 3586 3579 3587 3588 3589 3590 3591 3580 3592 3593 3594 3595 3596 3581 3597 3598 3599 3600 3601 3602 3606 3607 3608 3603 3609 3610 3611 3604 3612 3613 3614 3605 3615 3616 3617 3618 3622 3619 3623 3620 3624 3621 3625 3626
53 1 1 1 17 18 424 421 115 116 117 118 119 120 121 3627 3628 3629 3630 3631 3632 3633 3634 3635 3636 3637 3638 3639 3640 3388 3387 3386 3385 3384 3383 3382 3641 3645 3646 3647 3648 3649 3642 3650 3651 3652 3653 3654 3643 3655 3656 3657 3658 3659 3644 3660 3661 3662 3663 3664 3665 3669 3670 3671 3666 3672 3673 3674 3667 3675 3676 3677 3668 3678 3679 3680 3681 3685 3682 3686 3683 3687 3684 3688 3689
54 1 1 1 421 424 425 422 3640 3639 3638 3637 3636 3635 3634 3690 3691 3692 3693 3694 3695 3696 3697 3698 3699 3700 3701 3702 3703 3451 3450 3449 3448 3447 3446 3445 3704 3708 3709 3710 3711 3712 3705 3713 3714 3715 3716 3717 3706 3718 3719 3720 3721 3722 3707 3723 3724 3725 3726 3727 3728 3732 3733 3734 3729 3735 3736 3737 3730 3738 3739 3740 3731 3741 3742 3743 3744 3748 3745 3749 3746 3750 3747 3751 3752
55 1 1 1 422 425 426 423 3703 3702 3701 3700 3699 3698 3697 3753 3754 3755 3756 3757 3758 3759 3760 3761 3762 3763 3764 3765 3766 3514 3513 3512 3511 3510 3509 3508 3767 3771 3772 3773 3774 3775 3768 3776 3777 3778 3779 3780 3769 3781 3782 3783 3784 3785 3770 3786 3787 3788 3789 3790 3791 3795 3796 3797 3792 3798 3799 3800 3793 3801 3802 3803 3794 3804 3805 3806 3807 3811 3808 3812 3809 3813 3810 3814 3815
56 1 1 1 423 426 200 201 3766 3765 3764 3763 3762 3761 3760 3816 3817 3818 3819 3820 3821 3822 256 257 258 259 260 261 262 3577 3576 3575 3574 3573 3572 3571 3823 3827 3828 3829 3830 3831 3824 3832 3833 3834 3835 3836 3825 3837 3838 3839 3840 3841 3826 3842 3843 3844 3845 3846 3847 3851 3852 3853 3848 3854 3855 3856 3849 3857 3858 3859 3850 3860 3861 3862 3863 3867 3864 3868 3865 3869 3866 3870 3871
57 1 1 1 18 19 427 424 122 123 124 125 126 127 128 3872 3873 3874 3875 3876 3877 3878 3879 3880 3881 3882 3883 3884 3885 3633 3632 3631 3630 3629 3628 3627 3886 3890 3891 3892 3893 3894 3887 3895 3896 3897 3898 3899 3888 3900 3901 3902 3903 3904 3889 3905 3906 3907 3908 3909 3910 3914 3915 3916 3911 3917 3918 3919 3912 3920 3921 3922 3913 3923 3924 3925 3926 3930 3927 3931 3928 3932 3929 3933 3934
58 1 1 1 424 427 428 425 3885 3884 3883 3882 3881 3880 3879 3935 3936 3937 3938 3939 3940 3941 3942 3943 3944 3945 3946 3947 3948 3696 3695 3694 3693 3692 3691 3690 3949 3953 3954 3955 3956 3957 3950 3958 3959 3960 3961 3962 3951 3963 3964 3965 3966 3967 3952 3968 3969 3970 3971 3972 3973 3977 3978 3979 3974 3980 3981 3982 3975 3983 3984 3985 3976 3986 3987 3988 3989 3993 3990 3994 3991 3995 3992 3996 3997
59 1 1 1 425 428 429 426 3948 3947 3946 3945 3944 3943 3942 3998 3999 4000 4001 4002 4003 4004 4005 4006 4007 4008 4009 4010 4011 3759 3758 3757 3756 3755 3754 3753 4012 4016 4017 4018 4019 4020 4013 4021 4022 4023 4024 4025 4014 4026 4027 4028 4029 4030 4015 4031 4032 4033 4034 4035 4036 4040 4041 4042 4037 4043 4044 4045 4038 4046 4047 4048 4039 4049 4050 4051 4052 4056 4053 4057 4054 4058 4055 4059 4060
60 1 1 1 426 429 199 200 4011 4010 4009 4008 4007 4006 4005 4061 4062 4063 4064 4065 4066 4067 249 250 251 252 253 254 255 3822 3821 3820 3819 3818 3817 3816 4068 4072 4073 4074 4075 4076 4069 4077 4078 4079 4080 4081 4070 4082 4083 4084 4085 4086 4071 4087 4088 4089 4090 4091 4092 4096 4097 4098 4093 4099 4100 4101 4094 4102 4103 4104 4095 4105 4106 4107 4108 4112 4109 4113 4110 4114 4111 4115 4116
61 1 1 1 19 20 430 427 129 130 131 132 133 134 135 4117 4118 4119 4120 4121 4122 4123 4124 4125 4126 4127 4128 4129 4130 3878 3877 3876 3875 3874 3873 3872 4131 4135 4136 4137 4138 4139 4132 4140 4141 4142 4143 4144 4133 4145 4146 4147 4148 4149 4134 4150 4151 4152 4153 4154 4155 4159 4160 4161 4156 4162 4163 4164 4157 4165 4166 4167 4158 4168 4169 4170 4171 4175 4172 4176 4173 4177 4174 4178 4179
62 1 1 1 427 430 431 428 4130 4129 4128 4127 4126 4125 4124 4180 4181 4182 4183 4184 4185 4186 4187 4188 4189 4190 4191 4192 4193 3941 3940 3939 3938 3937 3936 3935 4194 4198 4199 4200 4201 4202 4195 4203 4204 4205 4206 4207 4196 4208 4209 4210 4211 4212 4197 4213 4214 4215 4216 4217 4218 4222 4223 4224 4219 4225 4226 4227 4220 4228 4229 4230 4221 4231 4232 4233 4234 4238 4235 4239 4236 4240 4237 4241 4242
63 1 1 1 428 431 432 429 4193 4192 4191 4190 4189 4188 4187 4243 4244 4245 4246 4247 4248 4249 4250 4251 4252 4253 4254 4255 4256 4004 4003 4002 4001 4000 3999 3998 4257 4261 4262 4263 4264 4265 4258 4266 4267 4268 4269 4270 4259 4271 4272 4273 4274 4275 4260 4276 4277 4278 4279 4280 4281 4285 4286 4287 4282 4288 4289 4290 4283 4291 4292 4293 4284 4294 4295 4296 4297 4301 4298 4302 4299 4303 4300 4304 4305
64 1 1 1 429 432 198 199 4256 4255 4254 4253 4252 4251 4250 4306 4307 4308 4309 4310 4311 4312 242 243 244 245 246 247 248 4067 4066 4065 4064 4063 4062 4061 4313 4317 4318 4319 4320 4321 4314 4322 4323 4324 4325 4326 4315 4327 4328 4329 4330 4331 4316 4332 4333 4334 4335 4336 4337 4341 4342 4343 4338 4344 4345 4346 4339 4347 4348 4349 4340 4350 4351 4352 4353 4357 4354 4358 4355 4359 4356 4360 4361
65 1 1 1 20 21 433 430 136 137 138 139 140 141 142 4362 4363 4364 4365 4366 4367 4368 4369 4370 4371 4372 4373 4374 4375 4123 4122 4121 4120 4119 4118 4117 4376 4380 4381 4382 4383 4384 4377 4385 4386 4387 4388 4389 4378 4390 4391 4392 4393 4394 4379 4395 4396 4397 4398 4399 4400 4404 4405 4406 4401 4407 4408 4409 4402 4410 4411 4412 4403 4413 4414 4415 4416 4420 4417 4421 4418 4422 4419 4423 4424
66 1 1 1 430 433 434 431 4375 4374 4373 4372 4371 4370 4369 4425 4426 4427 4428 4429 4430 4431 4432 4433 4434 4435 4436 4437 4438 4186 4185 4184 4183 4182 4181 4180 4439 4443 4444 4445 4446 4447 4440 4448 4449 4450 4451 4452 4441 4453 4454 4455 4456 4457 4442 4458 4459 4460 4461 4462 4463 4467 4468 4469 4464 4470 4471 4472 4465 4473 4474 4475 4466 4476 4477 4478 4479 4483 4480 4484 4481 4485 4482 4486 4487
67 1 1 1 431 434 435 432 4438 4437 4436 4435 4434 4433 4432 4488 4489 4490 4491 4492 4493 4494 4495 4496 4497 4498 4499 4500 4501 4249 4248 4247 4246 4245 4244 4243 4502 4506 4507 4508 4509 4510 4503 4511 4512 4513 4514 4515 4504 4516 4517 4518 4519 4520 4505 4521 4522 4523 4524 4525 4526 4530 4531 4532 4527 4533 4534 4535 4528 4536 4537 4538 4529 4539 4540 4541 4542 4546 4543 4547 4544 4548 4545 4549 4550
68 1 1 1 432 435 197 198 4501 4500 4499 4498 4497 4496 4495 4551 4552 4553 4554 4555 4556 4557 235 236 237 238 239 240 241 4312 4311 4310 4309 4308 4307 4306 4558 4562 4563 4564 4565 4566 4559 4567 4568 4569 4570 4571 4560 4572 4573 4574 4575 4576 4561 4577 4578 4579 4580 4581 4582 4586 4587 4588 4583 4589 4590 4591 4584 4592 4593 4594 4585 4595 4596 4597 4598 4602 4599 4603 4600 4604 4601 4605 4606
69 1 1 1 21 22 436 433 143 144 145 146 147 148 149 4607 4608 4609 4610 4611 4612 4613 4614 4615 4616 4617 4618 4619 4620 4368 4367 4366 4365 4364 4363 4362 4621 4625 4626 4627 4628 4629 4622 4630 4631 4632 4633 4634 4623 4635 4636 4637 4638 4639 4624 4640 4641 4642 4643 4644 4645 4649 4650 4651 4646 4652 4653 4654 4647 4655 4656 4657 4648 4658 4659 4660 4661 4665 4662 4666 4663 4667 4664 4668 4669
70 1 1 1 433 436 437 434 4620 4619 4618 4617 4616 4615 4614 4670 4671 4672 4673 4674 4675 4676 4677 4678 4679 4680 4681 4682 4683 4431 4430 4429 4428 4427 4426 4425 4684 4688 4689 4690 4691 4692 4685 4693 4694 4695 4696 4697 4686 4698 4699 4700 4701 4702 4687 4703 4704 4705 4706 4707 4708 4712 4713 4714 4709 4715 4716 4717 4710 4718 4719 4720 4711 4721 4722 4723 4724 4728 4725 4729 4726 4730 4727 4731 4732
71 1 1 1 434 437 438 435 4683 4682 4681 4680 4679 4678 4677 4733 4734 4735 4736 4737 4738 4739 4740 4741 4742 4743 4744 4745 4746 4494 4493 4492 4491 4490 4489 4488 4747 4751 4752 4753 4754 4755 4748 4756 4757 4758 4759 4760 4749 4761 4762 4763 4764 4765 4750 4766 4767 4768 4769 4770 4771 4775 4776 4777 4772 4778 4779 4780 4773 4781 4782 4783 4774 4784 4785 4786 4787 4791 4788 4792 4789 4793 4790 4794 4795
72 1 1 1 435 438 196 197 4746 4745 4744 4743 4742 4741 4740 4796 4797 4798 4799 4800 4801 4802 228 229 230 231 232 233 234 4557 4556 4555 4554 4553 4552 4551 4803 4807 4808 4809 4810 4811 4804 4812 4813 4814 4815 4816 4805 4817 4818 4819 4820 4821 4806 4822 4823 4824 4825 4826 4827 4831 4832 4833 4828 4834 4835 4836 4829 4837 4838 4839 4830 4840 4841 4842 4843 4847 4844 4848 4845 4849 4846 4850 4851
73 1 1 1 22 23 439 436 150 151 152 153 154 155 156 4852 4853 4854 4855 4856 4857 4858 4859 4860 4861 4862 4863 4864 4865 4613 4612 4611 4610 4609 4608 4607 4866 4870 4871 4872 4873 4874 4867 4875 4876 4877 4878 4879 4868 4880 4881 4882 4883 4884 4869 4885 4886 4887 4888 4889 4890 4894 4895 4896 4891 4897 4898 4899 4892 4900 4901 4902 4893 4903 4904 4905 4906 4910 4907 4911 4908 4912 4909 4913 4914
74 1 1 1 436 439 440 437 4865 4864 4863 4862 4861 4860 4859 4915 4916 4917 4918 4919 4920 4921 4922 4923 4924 4925 4926 4927 4928 4676 4675 4674 4673 4672 4671 4670 4929 4933 4934 4935 4936 4937 4930 4938 4939 4940 4941 4942 4931 4943 4944 4945 4946 4947 4932 4948 4949 4950 4951 4952 4953 4957 4958 4959 4954 4960 4961 4962 4955 4963 4964 4965 4956 4966 4967 4968 4969 4973 4970 4974 4971 4975 4972 4976 4977
75 1 1 1 437 440 441 438 4928 4927 4926 4925 4924 4923 4922 4978 4979 4980 4981 4982 4983 4984 4985 4986 4987 4988 4989 4990 4991 4739 4738 4737 4736 4735 4734 4733 4992 4996 4997 4998 4999 5000 4993 5001 5002 5003 5004 5005 4994 5006 5007 5008 5009 5010 4995 5011 5012 5013 5014 5015 5016 5020 5021 5022 5017 5023 5024 5025 5018 5026 5027 5028 5019 5029 5030 5031 5032 5036 5033 5037 5034 5038 5035 5039 5040
76 1 1 1 438 441 195 196 4991 4990 4989 4988 4987 4986 4985 5041 5042 5043 5044 5045 5046 5047 221 222 223 224 225 226 227 4802 4801 4800 4799 4798 4797 4796 5048 5052 5053 5054 5055 5056 5049 5057 5058 5059 5060 5061 5050 5062 5063 5064 5065 5066 5051 5067 5068 5069 5070 5071 5072 5076 5077 5078 5073 5079 5080 5081 5074 5082 5083 5084 5075 5085 5086 5087 5088 5092 5089 5093 5090 5094 5091 5095 5096
77 1 1 1 23 2 164 439 157 158 159 160 161 162 163 167 168 169 170 171 172 173 5097 5098 5099 5100 5101 5102 5103 4858 4857 4856 4855 4854 4853 4852 5104 5108 5109 5110 5111 5112 5105 5113 5114 5115 5116 5117 5106 5118 5119 5120 5121 5122 5107 5123 5124 5125 5126 5127 5128 5132 5133 5134 5129 5135 5136 5137 5130 5138 5139 5140 5131 5141 5142 5143 5144 5148 5145 5149 5146 5150 5147 5151 5152
78 1 1 1 439 164 165 440 5103 5102 5101 5100 5099 5098 5097 174 175 176 177 178 179 180 5153 5154 5155 5156 5157 5158 5159 4921 4920 4919 4918 4917 4916 4915 5160 5164 5165 5166 5167 5168 5161 5169 5170 5171 5172 5173 5162 5174 5175 5176 5177 5178 5163 5179 5180 5181 5182 5183 5184 5188 5189 5190 5185 5191 5192 5193 5186 5194 5195 5196 5187 5197 5198 5199 5200 5204 5201 5205 5202 5206 5203 5207 5208
79 1 1 1 440 165 166 441 5159 5158 5157 5156 5155 5154 5153 181 182 183 184 185 186 187 5209 5210 5211 5212 5213 5214 5215 4984 4983 4982 4981 4980 4979 4978 5216 5220 5221 5222 5223 5224 5217 5225 5226 5227 5228 5229 5218 5230 5231 5232 5233 5234 5219 5235 5236 5237 5238 5239 5240 5244 5245 5246 5241 5247 5248 5249 5242 5250 5251 5252 5243 5253 5254 5255 5256 5260 5257 5261 5258 5262 5259 5263 5264
80 1 1 1 441 166 3 195 5215 5214 5213 5212 5211 5210 5209 188 189 190 191 192 193 194 214 215 216 217 218 219 220 5047 5046 5045 5044 5043 5042 5041 5265 5269 5270 5271 5272 5273 5266 5274 5275 5276 5277 5278 5267 5279 5280 5281 5282 5283 5268 5284 5285 5286 5287 5288 5289 5293 5294 5295 5290 5296 5297 5298 5291 5299 5300 5301 5292 5302 5303 5304 5305 5309 5306 5310 5307 5311 5308 5312 5313
