1 5 636 536 44 45 46 47 48 850 851 852 853 854 855 856 857 858 859 572 573 574 575 576 860 864 865 866 861 867 868 869 862 870 871 872 863 873 874 875 876 880 877 881 878 882 879 883 884
5 6 634 636 49 50 51 52 53 885 886 887 888 889 890 891 892 893 894 854 853 852 851 850 895 899 900 901 896 902 903 904 897 905 906 907 898 908 909 910 911 915 912 916 913 917 914 918 919
636 634 577 635 894 893 892 891 890 920 921 922 923 924 925 926 927 928 929 930 931 932 933 934 935 939 940 941 936 942 943 944 937 945 946 947 938 948 949 950 951 955 952 956 953 957 954 958 959
536 636 635 535 859 858 857 856 855 934 933 932 931 930 960 961 962 963 964 567 568 569 570 571 965 969 970 971 966 972 973 974 967 975 976 977 968 978 979 980 981 985 982 986 983 987 984 988 989
535 635 639 534 964 963 962 961 960 990 991 992 993 994 995 996 997 998 999 562 563 564 565 566 1000 1004 1005 1006 1001 1007 1008 1009 1002 1010 1011 1012 1003 1013 1014 1015 1016 1020 1017 1021 1018 1022 1019 1023 1024
635 577 637 639 929 928 927 926 925 1025 1026 1027 1028 1029 1030 1031 1032 1033 1034 994 993 992 991 990 1035 1039 1040 1041 1036 1042 1043 1044 1037 1045 1046 1047 1038 1048 1049 1050 1051 1055 1052 1056 1053 1057 1054 1058 1059
639 637 578 638 1034 1033 1032 1031 1030 1060 1061 1062 1063 1064 1065 1066 1067 1068 1069 1070 1071 1072 1073 1074 1075 1079 1080 1081 1076 1082 1083 1084 1077 1085 1086 1087 1078 1088 1089 1090 1091 1095 1092 1096 1093 1097 1094 1098 1099
534 639 638 533 999 998 997 996 995 1074 1073 1072 1071 1070 1100 1101 1102 1103 1104 557 558 559 560 561 1105 1109 1110 1111 1106 1112 1113 1114 1107 1115 1116 1117 1108 1118 1119 1120 1121 1125 1122 1126 1123 1127 1124 1128 1129
533 638 642 532 1104 1103 1102 1101 1100 1130 1131 1132 1133 1134 1135 1136 1137 1138 1139 552 553 554 555 556 1140 1144 1145 1146 1141 1147 1148 1149 1142 1150 1151 1152 1143 1153 1154 1155 1156 1160 1157 1161 1158 1162 1159 1163 1164
638 578 640 642 1069 1068 1067 1066 1065 1165 1166 1167 1168 1169 1170 1171 1172 1173 1174 1134 1133 1132 1131 1130 1175 1179 1180 1181 1176 1182 1183 1184 1177 1185 1186 1187 1178 1188 1189 1190 1191 1195 1192 1196 1193 1197 1194 1198 1199
642 640 579 641 1174 1173 1172 1171 1170 1200 1201 1202 1203 1204 1205 1206 1207 1208 1209 1210 1211 1212 1213 1214 1215 1219 1220 1221 1216 1222 1223 1224 1217 1225 1226 1227 1218 1228 1229 1230 1231 1235 1232 1236 1233 1237 1234 1238 1239
532 642 641 531 1139 1138 1137 1136 1135 1214 1213 1212 1211 1210 1240 1241 1242 1243 1244 547 548 549 550 551 1245 1249 1250 1251 1246 1252 1253 1254 1247 1255 1256 1257 1248 1258 1259 1260 1261 1265 1262 1266 1263 1267 1264 1268 1269
531 641 644 530 1244 1243 1242 1241 1240 1270 1271 1272 1273 1274 1275 1276 1277 1278 1279 542 543 544 545 546 1280 1284 1285 1286 1281 1287 1288 1289 1282 1290 1291 1292 1283 1293 1294 1295 1296 1300 1297 1301 1298 1302 1299 1303 1304
641 579 643 644 1209 1208 1207 1206 1205 1305 1306 1307 1308 1309 1310 1311 1312 1313 1314 1274 1273 1272 1271 1270 1315 1319 1320 1321 1316 1322 1323 1324 1317 1325 1326 1327 1318 1328 1329 1330 1331 1335 1332 1336 1333 1337 1334 1338 1339
644 643 328 329 1314 1313 1312 1311 1310 1340 1341 1342 1343 1344 520 521 522 523 524 1345 1346 1347 1348 1349 1350 1354 1355 1356 1351 1357 1358 1359 1352 1360 1361 1362 1353 1363 1364 1365 1366 1370 1367 1371 1368 1372 1369 1373 1374
530 644 329 4 1279 1278 1277 1276 1275 1349 1348 1347 1346 1345 525 526 527 528 529 537 538 539 540 541 1375 1379 1380 1381 1376 1382 1383 1384 1377 1385 1386 1387 1378 1388 1389 1390 1391 1395 1392 1396 1393 1397 1394 1398 1399
6 7 647 634 54 55 56 57 58 1400 1401 1402 1403 1404 1405 1406 1407 1408 1409 889 888 887 886 885 1410 1414 1415 1416 1411 1417 1418 1419 1412 1420 1421 1422 1413 1423 1424 1425 1426 1430 1427 1431 1428 1432 1429 1433 1434
7 8 645 647 59 60 61 62 63 1435 1436 1437 1438 1439 1440 1441 1442 1443 1444 1404 1403 1402 1401 1400 1445 1449 1450 1451 1446 1452 1453 1454 1447 1455 1456 1457 1448 1458 1459 1460 1461 1465 1462 1466 1463 1467 1464 1468 1469
647 645 580 646 1444 1443 1442 1441 1440 1470 1471 1472 1473 1474 1475 1476 1477 1478 1479 1480 1481 1482 1483 1484 1485 1489 1490 1491 1486 1492 1493 1494 1487 1495 1496 1497 1488 1498 1499 1500 1501 1505 1502 1506 1503 1507 1504 1508 1509
634 647 646 577 1409 1408 1407 1406 1405 1484 1483 1482 1481 1480 1510 1511 1512 1513 1514 924 923 922 921 920 1515 1519 1520 1521 1516 1522 1523 1524 1517 1525 1526 1527 1518 1528 1529 1530 1531 1535 1532 1536 1533 1537 1534 1538 1539
577 646 650 637 1514 1513 1512 1511 1510 1540 1541 1542 1543 1544 1545 1546 1547 1548 1549 1029 1028 1027 1026 1025 1550 1554 1555 1556 1551 1557 1558 1559 1552 1560 1561 1562 1553 1563 1564 1565 1566 1570 1567 1571 1568 1572 1569 1573 1574
646 580 648 650 1479 1478 1477 1476 1475 1575 1576 1577 1578 1579 1580 1581 1582 1583 1584 1544 1543 1542 1541 1540 1585 1589 1590 1591 1586 1592 1593 1594 1587 1595 1596 1597 1588 1598 1599 1600 1601 1605 1602 1606 1603 1607 1604 1608 1609
650 648 581 649 1584 1583 1582 1581 1580 1610 1611 1612 1613 1614 1615 1616 1617 1618 1619 1620 1621 1622 1623 1624 1625 1629 1630 1631 1626 1632 1633 1634 1627 1635 1636 1637 1628 1638 1639 1640 1641 1645 1642 1646 1643 1647 1644 1648 1649
637 650 649 578 1549 1548 1547 1546 1545 1624 1623 1622 1621 1620 1650 1651 1652 1653 1654 1064 1063 1062 1061 1060 1655 1659 1660 1661 1656 1662 1663 1664 1657 1665 1666 1667 1658 1668 1669 1670 1671 1675 1672 1676 1673 1677 1674 1678 1679
578 649 653 640 1654 1653 1652 1651 1650 1680 1681 1682 1683 1684 1685 1686 1687 1688 1689 1169 1168 1167 1166 1165 1690 1694 1695 1696 1691 1697 1698 1699 1692 1700 1701 1702 1693 1703 1704 1705 1706 1710 1707 1711 1708 1712 1709 1713 1714
649 581 651 653 1619 1618 1617 1616 1615 1715 1716 1717 1718 1719 1720 1721 1722 1723 1724 1684 1683 1682 1681 1680 1725 1729 1730 1731 1726 1732 1733 1734 1727 1735 1736 1737 1728 1738 1739 1740 1741 1745 1742 1746 1743 1747 1744 1748 1749
653 651 582 652 1724 1723 1722 1721 1720 1750 1751 1752 1753 1754 1755 1756 1757 1758 1759 1760 1761 1762 1763 1764 1765 1769 1770 1771 1766 1772 1773 1774 1767 1775 1776 1777 1768 1778 1779 1780 1781 1785 1782 1786 1783 1787 1784 1788 1789
640 653 652 579 1689 1688 1687 1686 1685 1764 1763 1762 1761 1760 1790 1791 1792 1793 1794 1204 1203 1202 1201 1200 1795 1799 1800 1801 1796 1802 1803 1804 1797 1805 1806 1807 1798 1808 1809 1810 1811 1815 1812 1816 1813 1817 1814 1818 1819
579 652 655 643 1794 1793 1792 1791 1790 1820 1821 1822 1823 1824 1825 1826 1827 1828 1829 1309 1308 1307 1306 1305 1830 1834 1835 1836 1831 1837 1838 1839 1832 1840 1841 1842 1833 1843 1844 1845 1846 1850 1847 1851 1848 1852 1849 1853 1854
652 582 654 655 1759 1758 1757 1756 1755 1855 1856 1857 1858 1859 1860 1861 1862 1863 1864 1824 1823 1822 1821 1820 1865 1869 1870 1871 1866 1872 1873 1874 1867 1875 1876 1877 1868 1878 1879 1880 1881 1885 1882 1886 1883 1887 1884 1888 1889
655 654 326 327 1864 1863 1862 1861 1860 1890 1891 1892 1893 1894 510 511 512 513 514 1895 1896 1897 1898 1899 1900 1904 1905 1906 1901 1907 1908 1909 1902 1910 1911 1912 1903 1913 1914 1915 1916 1920 1917 1921 1918 1922 1919 1923 1924
643 655 327 328 1829 1828 1827 1826 1825 1899 1898 1897 1896 1895 515 516 517 518 519 1344 1343 1342 1341 1340 1925 1929 1930 1931 1926 1932 1933 1934 1927 1935 1936 1937 1928 1938 1939 1940 1941 1945 1942 1946 1943 1947 1944 1948 1949
8 9 658 645 64 65 66 67 68 1950 1951 1952 1953 1954 1955 1956 1957 1958 1959 1439 1438 1437 1436 1435 1960 1964 1965 1966 1961 1967 1968 1969 1962 1970 1971 1972 1963 1973 1974 1975 1976 1980 1977 1981 1978 1982 1979 1983 1984
9 10 656 658 69 70 71 72 73 1985 1986 1987 1988 1989 1990 1991 1992 1993 1994 1954 1953 1952 1951 1950 1995 1999 2000 2001 1996 2002 2003 2004 1997 2005 2006 2007 1998 2008 2009 2010 2011 2015 2012 2016 2013 2017 2014 2018 2019
658 656 583 657 1994 1993 1992 1991 1990 2020 2021 2022 2023 2024 2025 2026 2027 2028 2029 2030 2031 2032 2033 2034 2035 2039 2040 2041 2036 2042 2043 2044 2037 2045 2046 2047 2038 2048 2049 2050 2051 2055 2052 2056 2053 2057 2054 2058 2059
645 658 657 580 1959 1958 1957 1956 1955 2034 2033 2032 2031 2030 2060 2061 2062 2063 2064 1474 1473 1472 1471 1470 2065 2069 2070 2071 2066 2072 2073 2074 2067 2075 2076 2077 2068 2078 2079 2080 2081 2085 2082 2086 2083 2087 2084 2088 2089
580 657 661 648 2064 2063 2062 2061 2060 2090 2091 2092 2093 2094 2095 2096 2097 2098 2099 1579 1578 1577 1576 1575 2100 2104 2105 2106 2101 2107 2108 2109 2102 2110 2111 2112 2103 2113 2114 2115 2116 2120 2117 2121 2118 2122 2119 2123 2124
657 583 659 661 2029 2028 2027 2026 2025 2125 2126 2127 2128 2129 2130 2131 2132 2133 2134 2094 2093 2092 2091 2090 2135 2139 2140 2141 2136 2142 2143 2144 2137 2145 2146 2147 2138 2148 2149 2150 2151 2155 2152 2156 2153 2157 2154 2158 2159
661 659 584 660 2134 2133 2132 2131 2130 2160 2161 2162 2163 2164 2165 2166 2167 2168 2169 2170 2171 2172 2173 2174 2175 2179 2180 2181 2176 2182 2183 2184 2177 2185 2186 2187 2178 2188 2189 2190 2191 2195 2192 2196 2193 2197 2194 2198 2199
648 661 660 581 2099 2098 2097 2096 2095 2174 2173 2172 2171 2170 2200 2201 2202 2203 2204 1614 1613 1612 1611 1610 2205 2209 2210 2211 2206 2212 2213 2214 2207 2215 2216 2217 2208 2218 2219 2220 2221 2225 2222 2226 2223 2227 2224 2228 2229
581 660 664 651 2204 2203 2202 2201 2200 2230 2231 2232 2233 2234 2235 2236 2237 2238 2239 1719 1718 1717 1716 1715 2240 2244 2245 2246 2241 2247 2248 2249 2242 2250 2251 2252 2243 2253 2254 2255 2256 2260 2257 2261 2258 2262 2259 2263 2264
660 584 662 664 2169 2168 2167 2166 2165 2265 2266 2267 2268 2269 2270 2271 2272 2273 2274 2234 2233 2232 2231 2230 2275 2279 2280 2281 2276 2282 2283 2284 2277 2285 2286 2287 2278 2288 2289 2290 2291 2295 2292 2296 2293 2297 2294 2298 2299
664 662 585 663 2274 2273 2272 2271 2270 2300 2301 2302 2303 2304 2305 2306 2307 2308 2309 2310 2311 2312 2313 2314 2315 2319 2320 2321 2316 2322 2323 2324 2317 2325 2326 2327 2318 2328 2329 2330 2331 2335 2332 2336 2333 2337 2334 2338 2339
651 664 663 582 2239 2238 2237 2236 2235 2314 2313 2312 2311 2310 2340 2341 2342 2343 2344 1754 1753 1752 1751 1750 2345 2349 2350 2351 2346 2352 2353 2354 2347 2355 2356 2357 2348 2358 2359 2360 2361 2365 2362 2366 2363 2367 2364 2368 2369
582 663 666 654 2344 2343 2342 2341 2340 2370 2371 2372 2373 2374 2375 2376 2377 2378 2379 1859 1858 1857 1856 1855 2380 2384 2385 2386 2381 2387 2388 2389 2382 2390 2391 2392 2383 2393 2394 2395 2396 2400 2397 2401 2398 2402 2399 2403 2404
663 585 665 666 2309 2308 2307 2306 2305 2405 2406 2407 2408 2409 2410 2411 2412 2413 2414 2374 2373 2372 2371 2370 2415 2419 2420 2421 2416 2422 2423 2424 2417 2425 2426 2427 2418 2428 2429 2430 2431 2435 2432 2436 2433 2437 2434 2438 2439
666 665 324 325 2414 2413 2412 2411 2410 2440 2441 2442 2443 2444 500 501 502 503 504 2445 2446 2447 2448 2449 2450 2454 2455 2456 2451 2457 2458 2459 2452 2460 2461 2462 2453 2463 2464 2465 2466 2470 2467 2471 2468 2472 2469 2473 2474
654 666 325 326 2379 2378 2377 2376 2375 2449 2448 2447 2446 2445 505 506 507 508 509 1894 1893 1892 1891 1890 2475 2479 2480 2481 2476 2482 2483 2484 2477 2485 2486 2487 2478 2488 2489 2490 2491 2495 2492 2496 2493 2497 2494 2498 2499
10 11 669 656 74 75 76 77 78 2500 2501 2502 2503 2504 2505 2506 2507 2508 2509 1989 1988 1987 1986 1985 2510 2514 2515 2516 2511 2517 2518 2519 2512 2520 2521 2522 2513 2523 2524 2525 2526 2530 2527 2531 2528 2532 2529 2533 2534
11 12 667 669 79 80 81 82 83 2535 2536 2537 2538 2539 2540 2541 2542 2543 2544 2504 2503 2502 2501 2500 2545 2549 2550 2551 2546 2552 2553 2554 2547 2555 2556 2557 2548 2558 2559 2560 2561 2565 2562 2566 2563 2567 2564 2568 2569
669 667 586 668 2544 2543 2542 2541 2540 2570 2571 2572 2573 2574 2575 2576 2577 2578 2579 2580 2581 2582 2583 2584 2585 2589 2590 2591 2586 2592 2593 2594 2587 2595 2596 2597 2588 2598 2599 2600 2601 2605 2602 2606 2603 2607 2604 2608 2609
656 669 668 583 2509 2508 2507 2506 2505 2584 2583 2582 2581 2580 2610 2611 2612 2613 2614 2024 2023 2022 2021 2020 2615 2619 2620 2621 2616 2622 2623 2624 2617 2625 2626 2627 2618 2628 2629 2630 2631 2635 2632 2636 2633 2637 2634 2638 2639
583 668 672 659 2614 2613 2612 2611 2610 2640 2641 2642 2643 2644 2645 2646 2647 2648 2649 2129 2128 2127 2126 2125 2650 2654 2655 2656 2651 2657 2658 2659 2652 2660 2661 2662 2653 2663 2664 2665 2666 2670 2667 2671 2668 2672 2669 2673 2674
668 586 670 672 2579 2578 2577 2576 2575 2675 2676 2677 2678 2679 2680 2681 2682 2683 2684 2644 2643 2642 2641 2640 2685 2689 2690 2691 2686 2692 2693 2694 2687 2695 2696 2697 2688 2698 2699 2700 2701 2705 2702 2706 2703 2707 2704 2708 2709
672 670 587 671 2684 2683 2682 2681 2680 2710 2711 2712 2713 2714 2715 2716 2717 2718 2719 2720 2721 2722 2723 2724 2725 2729 2730 2731 2726 2732 2733 2734 2727 2735 2736 2737 2728 2738 2739 2740 2741 2745 2742 2746 2743 2747 2744 2748 2749
659 672 671 584 2649 2648 2647 2646 2645 2724 2723 2722 2721 2720 2750 2751 2752 2753 2754 2164 2163 2162 2161 2160 2755 2759 2760 2761 2756 2762 2763 2764 2757 2765 2766 2767 2758 2768 2769 2770 2771 2775 2772 2776 2773 2777 2774 2778 2779
584 671 675 662 2754 2753 2752 2751 2750 2780 2781 2782 2783 2784 2785 2786 2787 2788 2789 2269 2268 2267 2266 2265 2790 2794 2795 2796 2791 2797 2798 2799 2792 2800 2801 2802 2793 2803 2804 2805 2806 2810 2807 2811 2808 2812 2809 2813 2814
671 587 673 675 2719 2718 2717 2716 2715 2815 2816 2817 2818 2819 2820 2821 2822 2823 2824 2784 2783 2782 2781 2780 2825 2829 2830 2831 2826 2832 2833 2834 2827 2835 2836 2837 2828 2838 2839 2840 2841 2845 2842 2846 2843 2847 2844 2848 2849
675 673 588 674 2824 2823 2822 2821 2820 2850 2851 2852 2853 2854 2855 2856 2857 2858 2859 2860 2861 2862 2863 2864 2865 2869 2870 2871 2866 2872 2873 2874 2867 2875 2876 2877 2868 2878 2879 2880 2881 2885 2882 2886 2883 2887 2884 2888 2889
662 675 674 585 2789 2788 2787 2786 2785 2864 2863 2862 2861 2860 2890 2891 2892 2893 2894 2304 2303 2302 2301 2300 2895 2899 2900 2901 2896 2902 2903 2904 2897 2905 2906 2907 2898 2908 2909 2910 2911 2915 2912 2916 2913 2917 2914 2918 2919
585 674 677 665 2894 2893 2892 2891 2890 2920 2921 2922 2923 2924 2925 2926 2927 2928 2929 2409 2408 2407 2406 2405 2930 2934 2935 2936 2931 2937 2938 2939 2932 2940 2941 2942 2933 2943 2944 2945 2946 2950 2947 2951 2948 2952 2949 2953 2954
674 588 676 677 2859 2858 2857 2856 2855 2955 2956 2957 2958 2959 2960 2961 2962 2963 2964 2924 2923 2922 2921 2920 2965 2969 2970 2971 2966 2972 2973 2974 2967 2975 2976 2977 2968 2978 2979 2980 2981 2985 2982 2986 2983 2987 2984 2988 2989
677 676 322 323 2964 2963 2962 2961 2960 2990 2991 2992 2993 2994 490 491 492 493 494 2995 2996 2997 2998 2999 3000 3004 3005 3006 3001 3007 3008 3009 3002 3010 3011 3012 3003 3013 3014 3015 3016 3020 3017 3021 3018 3022 3019 3023 3024
665 677 323 324 2929 2928 2927 2926 2925 2999 2998 2997 2996 2995 495 496 497 498 499 2444 2443 2442 2441 2440 3025 3029 3030 3031 3026 3032 3033 3034 3027 3035 3036 3037 3028 3038 3039 3040 3041 3045 3042 3046 3043 3047 3044 3048 3049
12 13 680 667 84 85 86 87 88 3050 3051 3052 3053 3054 3055 3056 3057 3058 3059 2539 2538 2537 2536 2535 3060 3064 3065 3066 3061 3067 3068 3069 3062 3070 3071 3072 3063 3073 3074 3075 3076 3080 3077 3081 3078 3082 3079 3083 3084
13 14 678 680 89 90 91 92 93 3085 3086 3087 3088 3089 3090 3091 3092 3093 3094 3054 3053 3052 3051 3050 3095 3099 3100 3101 3096 3102 3103 3104 3097 3105 3106 3107 3098 3108 3109 3110 3111 3115 3112 3116 3113 3117 3114 3118 3119
680 678 589 679 3094 3093 3092 3091 3090 3120 3121 3122 3123 3124 3125 3126 3127 3128 3129 3130 3131 3132 3133 3134 3135 3139 3140 3141 3136 3142 3143 3144 3137 3145 3146 3147 3138 3148 3149 3150 3151 3155 3152 3156 3153 3157 3154 3158 3159
667 680 679 586 3059 3058 3057 3056 3055 3134 3133 3132 3131 3130 3160 3161 3162 3163 3164 2574 2573 2572 2571 2570 3165 3169 3170 3171 3166 3172 3173 3174 3167 3175 3176 3177 3168 3178 3179 3180 3181 3185 3182 3186 3183 3187 3184 3188 3189
586 679 683 670 3164 3163 3162 3161 3160 3190 3191 3192 3193 3194 3195 3196 3197 3198 3199 2679 2678 2677 2676 2675 3200 3204 3205 3206 3201 3207 3208 3209 3202 3210 3211 3212 3203 3213 3214 3215 3216 3220 3217 3221 3218 3222 3219 3223 3224
679 589 681 683 3129 3128 3127 3126 3125 3225 3226 3227 3228 3229 3230 3231 3232 3233 3234 3194 3193 3192 3191 3190 3235 3239 3240 3241 3236 3242 3243 3244 3237 3245 3246 3247 3238 3248 3249 3250 3251 3255 3252 3256 3253 3257 3254 3258 3259
683 681 590 682 3234 3233 3232 3231 3230 3260 3261 3262 3263 3264 3265 3266 3267 3268 3269 3270 3271 3272 3273 3274 3275 3279 3280 3281 3276 3282 3283 3284 3277 3285 3286 3287 3278 3288 3289 3290 3291 3295 3292 3296 3293 3297 3294 3298 3299
670 683 682 587 3199 3198 3197 3196 3195 3274 3273 3272 3271 3270 3300 3301 3302 3303 3304 2714 2713 2712 2711 2710 3305 3309 3310 3311 3306 3312 3313 3314 3307 3315 3316 3317 3308 3318 3319 3320 3321 3325 3322 3326 3323 3327 3324 3328 3329
587 682 686 673 3304 3303 3302 3301 3300 3330 3331 3332 3333 3334 3335 3336 3337 3338 3339 2819 2818 2817 2816 2815 3340 3344 3345 3346 3341 3347 3348 3349 3342 3350 3351 3352 3343 3353 3354 3355 3356 3360 3357 3361 3358 3362 3359 3363 3364
682 590 684 686 3269 3268 3267 3266 3265 3365 3366 3367 3368 3369 3370 3371 3372 3373 3374 3334 3333 3332 3331 3330 3375 3379 3380 3381 3376 3382 3383 3384 3377 3385 3386 3387 3378 3388 3389 3390 3391 3395 3392 3396 3393 3397 3394 3398 3399
686 684 591 685 3374 3373 3372 3371 3370 3400 3401 3402 3403 3404 3405 3406 3407 3408 3409 3410 3411 3412 3413 3414 3415 3419 3420 3421 3416 3422 3423 3424 3417 3425 3426 3427 3418 3428 3429 3430 3431 3435 3432 3436 3433 3437 3434 3438 3439
673 686 685 588 3339 3338 3337 3336 3335 3414 3413 3412 3411 3410 3440 3441 3442 3443 3444 2854 2853 2852 2851 2850 3445 3449 3450 3451 3446 3452 3453 3454 3447 3455 3456 3457 3448 3458 3459 3460 3461 3465 3462 3466 3463 3467 3464 3468 3469
588 685 688 676 3444 3443 3442 3441 3440 3470 3471 3472 3473 3474 3475 3476 3477 3478 3479 2959 2958 2957 2956 2955 3480 3484 3485 3486 3481 3487 3488 3489 3482 3490 3491 3492 3483 3493 3494 3495 3496 3500 3497 3501 3498 3502 3499 3503 3504
685 591 687 688 3409 3408 3407 3406 3405 3505 3506 3507 3508 3509 3510 3511 3512 3513 3514 3474 3473 3472 3471 3470 3515 3519 3520 3521 3516 3522 3523 3524 3517 3525 3526 3527 3518 3528 3529 3530 3531 3535 3532 3536 3533 3537 3534 3538 3539
688 687 320 321 3514 3513 3512 3511 3510 3540 3541 3542 3543 3544 480 481 482 483 484 3545 3546 3547 3548 3549 3550 3554 3555 3556 3551 3557 3558 3559 3552 3560 3561 3562 3553 3563 3564 3565 3566 3570 3567 3571 3568 3572 3569 3573 3574
676 688 321 322 3479 3478 3477 3476 3475 3549 3548 3547 3546 3545 485 486 487 488 489 2994 2993 2992 2991 2990 3575 3579 3580 3581 3576 3582 3583 3584 3577 3585 3586 3587 3578 3588 3589 3590 3591 3595 3592 3596 3593 3597 3594 3598 3599
14 15 691 678 94 95 96 97 98 3600 3601 3602 3603 3604 3605 3606 3607 3608 3609 3089 3088 3087 3086 3085 3610 3614 3615 3616 3611 3617 3618 3619 3612 3620 3621 3622 3613 3623 3624 3625 3626 3630 3627 3631 3628 3632 3629 3633 3634
15 16 689 691 99 100 101 102 103 3635 3636 3637 3638 3639 3640 3641 3642 3643 3644 3604 3603 3602 3601 3600 3645 3649 3650 3651 3646 3652 3653 3654 3647 3655 3656 3657 3648 3658 3659 3660 3661 3665 3662 3666 3663 3667 3664 3668 3669
691 689 592 690 3644 3643 3642 3641 3640 3670 3671 3672 3673 3674 3675 3676 3677 3678 3679 3680 3681 3682 3683 3684 3685 3689 3690 3691 3686 3692 3693 3694 3687 3695 3696 3697 3688 3698 3699 3700 3701 3705 3702 3706 3703 3707 3704 3708 3709
678 691 690 589 3609 3608 3607 3606 3605 3684 3683 3682 3681 3680 3710 3711 3712 3713 3714 3124 3123 3122 3121 3120 3715 3719 3720 3721 3716 3722 3723 3724 3717 3725 3726 3727 3718 3728 3729 3730 3731 3735 3732 3736 3733 3737 3734 3738 3739
589 690 694 681 3714 3713 3712 3711 3710 3740 3741 3742 3743 3744 3745 3746 3747 3748 3749 3229 3228 3227 3226 3225 3750 3754 3755 3756 3751 3757 3758 3759 3752 3760 3761 3762 3753 3763 3764 3765 3766 3770 3767 3771 3768 3772 3769 3773 3774
690 592 692 694 3679 3678 3677 3676 3675 3775 3776 3777 3778 3779 3780 3781 3782 3783 3784 3744 3743 3742 3741 3740 3785 3789 3790 3791 3786 3792 3793 3794 3787 3795 3796 3797 3788 3798 3799 3800 3801 3805 3802 3806 3803 3807 3804 3808 3809
694 692 593 693 3784 3783 3782 3781 3780 3810 3811 3812 3813 3814 3815 3816 3817 3818 3819 3820 3821 3822 3823 3824 3825 3829 3830 3831 3826 3832 3833 3834 3827 3835 3836 3837 3828 3838 3839 3840 3841 3845 3842 3846 3843 3847 3844 3848 3849
681 694 693 590 3749 3748 3747 3746 3745 3824 3823 3822 3821 3820 3850 3851 3852 3853 3854 3264 3263 3262 3261 3260 3855 3859 3860 3861 3856 3862 3863 3864 3857 3865 3866 3867 3858 3868 3869 3870 3871 3875 3872 3876 3873 3877 3874 3878 3879
590 693 697 684 3854 3853 3852 3851 3850 3880 3881 3882 3883 3884 3885 3886 3887 3888 3889 3369 3368 3367 3366 3365 3890 3894 3895 3896 3891 3897 3898 3899 3892 3900 3901 3902 3893 3903 3904 3905 3906 3910 3907 3911 3908 3912 3909 3913 3914
693 593 695 697 3819 3818 3817 3816 3815 3915 3916 3917 3918 3919 3920 3921 3922 3923 3924 3884 3883 3882 3881 3880 3925 3929 3930 3931 3926 3932 3933 3934 3927 3935 3936 3937 3928 3938 3939 3940 3941 3945 3942 3946 3943 3947 3944 3948 3949
697 695 594 696 3924 3923 3922 3921 3920 3950 3951 3952 3953 3954 3955 3956 3957 3958 3959 3960 3961 3962 3963 3964 3965 3969 3970 3971 3966 3972 3973 3974 3967 3975 3976 3977 3968 3978 3979 3980 3981 3985 3982 3986 3983 3987 3984 3988 3989
684 697 696 591 3889 3888 3887 3886 3885 3964 3963 3962 3961 3960 3990 3991 3992 3993 3994 3404 3403 3402 3401 3400 3995 3999 4000 4001 3996 4002 4003 4004 3997 4005 4006 4007 3998 4008 4009 4010 4011 4015 4012 4016 4013 4017 4014 4018 4019
591 696 699 687 3994 3993 3992 3991 3990 4020 4021 4022 4023 4024 4025 4026 4027 4028 4029 3509 3508 3507 3506 3505 4030 4034 4035 4036 4031 4037 4038 4039 4032 4040 4041 4042 4033 4043 4044 4045 4046 4050 4047 4051 4048 4052 4049 4053 4054
696 594 698 699 3959 3958 3957 3956 3955 4055 4056 4057 4058 4059 4060 4061 4062 4063 4064 4024 4023 4022 4021 4020 4065 4069 4070 4071 4066 4072 4073 4074 4067 4075 4076 4077 4068 4078 4079 4080 4081 4085 4082 4086 4083 4087 4084 4088 4089
699 698 318 319 4064 4063 4062 4061 4060 4090 4091 4092 4093 4094 470 471 472 473 474 4095 4096 4097 4098 4099 4100 4104 4105 4106 4101 4107 4108 4109 4102 4110 4111 4112 4103 4113 4114 4115 4116 4120 4117 4121 4118 4122 4119 4123 4124
687 699 319 320 4029 4028 4027 4026 4025 4099 4098 4097 4096 4095 475 476 477 478 479 3544 3543 3542 3541 3540 4125 4129 4130 4131 4126 4132 4133 4134 4127 4135 4136 4137 4128 4138 4139 4140 4141 4145 4142 4146 4143 4147 4144 4148 4149
16 17 702 689 104 105 106 107 108 4150 4151 4152 4153 4154 4155 4156 4157 4158 4159 3639 3638 3637 3636 3635 4160 4164 4165 4166 4161 4167 4168 4169 4162 4170 4171 4172 4163 4173 4174 4175 4176 4180 4177 4181 4178 4182 4179 4183 4184
17 18 700 702 109 110 111 112 113 4185 4186 4187 4188 4189 4190 4191 4192 4193 4194 4154 4153 4152 4151 4150 4195 4199 4200 4201 4196 4202 4203 4204 4197 4205 4206 4207 4198 4208 4209 4210 4211 4215 4212 4216 4213 4217 4214 4218 4219
702 700 595 701 4194 4193 4192 4191 4190 4220 4221 4222 4223 4224 4225 4226 4227 4228 4229 4230 4231 4232 4233 4234 4235 4239 4240 4241 4236 4242 4243 4244 4237 4245 4246 4247 4238 4248 4249 4250 4251 4255 4252 4256 4253 4257 4254 4258 4259
689 702 701 592 4159 4158 4157 4156 4155 4234 4233 4232 4231 4230 4260 4261 4262 4263 4264 3674 3673 3672 3671 3670 4265 4269 4270 4271 4266 4272 4273 4274 4267 4275 4276 4277 4268 4278 4279 4280 4281 4285 4282 4286 4283 4287 4284 4288 4289
592 701 705 692 4264 4263 4262 4261 4260 4290 4291 4292 4293 4294 4295 4296 4297 4298 4299 3779 3778 3777 3776 3775 4300 4304 4305 4306 4301 4307 4308 4309 4302 4310 4311 4312 4303 4313 4314 4315 4316 4320 4317 4321 4318 4322 4319 4323 4324
701 595 703 705 4229 4228 4227 4226 4225 4325 4326 4327 4328 4329 4330 4331 4332 4333 4334 4294 4293 4292 4291 4290 4335 4339 4340 4341 4336 4342 4343 4344 4337 4345 4346 4347 4338 4348 4349 4350 4351 4355 4352 4356 4353 4357 4354 4358 4359
705 703 596 704 4334 4333 4332 4331 4330 4360 4361 4362 4363 4364 4365 4366 4367 4368 4369 4370 4371 4372 4373 4374 4375 4379 4380 4381 4376 4382 4383 4384 4377 4385 4386 4387 4378 4388 4389 4390 4391 4395 4392 4396 4393 4397 4394 4398 4399
692 705 704 593 4299 4298 4297 4296 4295 4374 4373 4372 4371 4370 4400 4401 4402 4403 4404 3814 3813 3812 3811 3810 4405 4409 4410 4411 4406 4412 4413 4414 4407 4415 4416 4417 4408 4418 4419 4420 4421 4425 4422 4426 4423 4427 4424 4428 4429
593 704 708 695 4404 4403 4402 4401 4400 4430 4431 4432 4433 4434 4435 4436 4437 4438 4439 3919 3918 3917 3916 3915 4440 4444 4445 4446 4441 4447 4448 4449 4442 4450 4451 4452 4443 4453 4454 4455 4456 4460 4457 4461 4458 4462 4459 4463 4464
704 596 706 708 4369 4368 4367 4366 4365 4465 4466 4467 4468 4469 4470 4471 4472 4473 4474 4434 4433 4432 4431 4430 4475 4479 4480 4481 4476 4482 4483 4484 4477 4485 4486 4487 4478 4488 4489 4490 4491 4495 4492 4496 4493 4497 4494 4498 4499
708 706 597 707 4474 4473 4472 4471 4470 4500 4501 4502 4503 4504 4505 4506 4507 4508 4509 4510 4511 4512 4513 4514 4515 4519 4520 4521 4516 4522 4523 4524 4517 4525 4526 4527 4518 4528 4529 4530 4531 4535 4532 4536 4533 4537 4534 4538 4539
695 708 707 594 4439 4438 4437 4436 4435 4514 4513 4512 4511 4510 4540 4541 4542 4543 4544 3954 3953 3952 3951 3950 4545 4549 4550 4551 4546 4552 4553 4554 4547 4555 4556 4557 4548 4558 4559 4560 4561 4565 4562 4566 4563 4567 4564 4568 4569
594 707 710 698 4544 4543 4542 4541 4540 4570 4571 4572 4573 4574 4575 4576 4577 4578 4579 4059 4058 4057 4056 4055 4580 4584 4585 4586 4581 4587 4588 4589 4582 4590 4591 4592 4583 4593 4594 4595 4596 4600 4597 4601 4598 4602 4599 4603 4604
707 597 709 710 4509 4508 4507 4506 4505 4605 4606 4607 4608 4609 4610 4611 4612 4613 4614 4574 4573 4572 4571 4570 4615 4619 4620 4621 4616 4622 4623 4624 4617 4625 4626 4627 4618 4628 4629 4630 4631 4635 4632 4636 4633 4637 4634 4638 4639
710 709 316 317 4614 4613 4612 4611 4610 4640 4641 4642 4643 4644 460 461 462 463 464 4645 4646 4647 4648 4649 4650 4654 4655 4656 4651 4657 4658 4659 4652 4660 4661 4662 4653 4663 4664 4665 4666 4670 4667 4671 4668 4672 4669 4673 4674
698 710 317 318 4579 4578 4577 4576 4575 4649 4648 4647 4646 4645 465 466 467 468 469 4094 4093 4092 4091 4090 4675 4679 4680 4681 4676 4682 4683 4684 4677 4685 4686 4687 4678 4688 4689 4690 4691 4695 4692 4696 4693 4697 4694 4698 4699
18 19 713 700 114 115 116 117 118 4700 4701 4702 4703 4704 4705 4706 4707 4708 4709 4189 4188 4187 4186 4185 4710 4714 4715 4716 4711 4717 4718 4719 4712 4720 4721 4722 4713 4723 4724 4725 4726 4730 4727 4731 4728 4732 4729 4733 4734
19 20 711 713 119 120 121 122 123 4735 4736 4737 4738 4739 4740 4741 4742 4743 4744 4704 4703 4702 4701 4700 4745 4749 4750 4751 4746 4752 4753 4754 4747 4755 4756 4757 4748 4758 4759 4760 4761 4765 4762 4766 4763 4767 4764 4768 4769
713 711 598 712 4744 4743 4742 4741 4740 4770 4771 4772 4773 4774 4775 4776 4777 4778 4779 4780 4781 4782 4783 4784 4785 4789 4790 4791 4786 4792 4793 4794 4787 4795 4796 4797 4788 4798 4799 4800 4801 4805 4802 4806 4803 4807 4804 4808 4809
700 713 712 595 4709 4708 4707 4706 4705 4784 4783 4782 4781 4780 4810 4811 4812 4813 4814 4224 4223 4222 4221 4220 4815 4819 4820 4821 4816 4822 4823 4824 4817 4825 4826 4827 4818 4828 4829 4830 4831 4835 4832 4836 4833 4837 4834 4838 4839
595 712 716 703 4814 4813 4812 4811 4810 4840 4841 4842 4843 4844 4845 4846 4847 4848 4849 4329 4328 4327 4326 4325 4850 4854 4855 4856 4851 4857 4858 4859 4852 4860 4861 4862 4853 4863 4864 4865 4866 4870 4867 4871 4868 4872 4869 4873 4874
712 598 714 716 4779 4778 4777 4776 4775 4875 4876 4877 4878 4879 4880 4881 4882 4883 4884 4844 4843 4842 4841 4840 4885 4889 4890 4891 4886 4892 4893 4894 4887 4895 4896 4897 4888 4898 4899 4900 4901 4905 4902 4906 4903 4907 4904 4908 4909
716 714 599 715 4884 4883 4882 4881 4880 4910 4911 4912 4913 4914 4915 4916 4917 4918 4919 4920 4921 4922 4923 4924 4925 4929 4930 4931 4926 4932 4933 4934 4927 4935 4936 4937 4928 4938 4939 4940 4941 4945 4942 4946 4943 4947 4944 4948 4949
703 716 715 596 4849 4848 4847 4846 4845 4924 4923 4922 4921 4920 4950 4951 4952 4953 4954 4364 4363 4362 4361 4360 4955 4959 4960 4961 4956 4962 4963 4964 4957 4965 4966 4967 4958 4968 4969 4970 4971 4975 4972 4976 4973 4977 4974 4978 4979
596 715 719 706 4954 4953 4952 4951 4950 4980 4981 4982 4983 4984 4985 4986 4987 4988 4989 4469 4468 4467 4466 4465 4990 4994 4995 4996 4991 4997 4998 4999 4992 5000 5001 5002 4993 5003 5004 5005 5006 5010 5007 5011 5008 5012 5009 5013 5014
715 599 717 719 4919 4918 4917 4916 4915 5015 5016 5017 5018 5019 5020 5021 5022 5023 5024 4984 4983 4982 4981 4980 5025 5029 5030 5031 5026 5032 5033 5034 5027 5035 5036 5037 5028 5038 5039 5040 5041 5045 5042 5046 5043 5047 5044 5048 5049
719 717 600 718 5024 5023 5022 5021 5020 5050 5051 5052 5053 5054 5055 5056 5057 5058 5059 5060 5061 5062 5063 5064 5065 5069 5070 5071 5066 5072 5073 5074 5067 5075 5076 5077 5068 5078 5079 5080 5081 5085 5082 5086 5083 5087 5084 5088 5089
706 719 718 597 4989 4988 4987 4986 4985 5064 5063 5062 5061 5060 5090 5091 5092 5093 5094 4504 4503 4502 4501 4500 5095 5099 5100 5101 5096 5102 5103 5104 5097 5105 5106 5107 5098 5108 5109 5110 5111 5115 5112 5116 5113 5117 5114 5118 5119
597 718 721 709 5094 5093 5092 5091 5090 5120 5121 5122 5123 5124 5125 5126 5127 5128 5129 4609 4608 4607 4606 4605 5130 5134 5135 5136 5131 5137 5138 5139 5132 5140 5141 5142 5133 5143 5144 5145 5146 5150 5147 5151 5148 5152 5149 5153 5154
718 600 720 721 5059 5058 5057 5056 5055 5155 5156 5157 5158 5159 5160 5161 5162 5163 5164 5124 5123 5122 5121 5120 5165 5169 5170 5171 5166 5172 5173 5174 5167 5175 5176 5177 5168 5178 5179 5180 5181 5185 5182 5186 5183 5187 5184 5188 5189
721 720 314 315 5164 5163 5162 5161 5160 5190 5191 5192 5193 5194 450 451 452 453 454 5195 5196 5197 5198 5199 5200 5204 5205 5206 5201 5207 5208 5209 5202 5210 5211 5212 5203 5213 5214 5215 5216 5220 5217 5221 5218 5222 5219 5223 5224
709 721 315 316 5129 5128 5127 5126 5125 5199 5198 5197 5196 5195 455 456 457 458 459 4644 4643 4642 4641 4640 5225 5229 5230 5231 5226 5232 5233 5234 5227 5235 5236 5237 5228 5238 5239 5240 5241 5245 5242 5246 5243 5247 5244 5248 5249
20 21 724 711 124 125 126 127 128 5250 5251 5252 5253 5254 5255 5256 5257 5258 5259 4739 4738 4737 4736 4735 5260 5264 5265 5266 5261 5267 5268 5269 5262 5270 5271 5272 5263 5273 5274 5275 5276 5280 5277 5281 5278 5282 5279 5283 5284
21 22 722 724 129 130 131 132 133 5285 5286 5287 5288 5289 5290 5291 5292 5293 5294 5254 5253 5252 5251 5250 5295 5299 5300 5301 5296 5302 5303 5304 5297 5305 5306 5307 5298 5308 5309 5310 5311 5315 5312 5316 5313 5317 5314 5318 5319
724 722 601 723 5294 5293 5292 5291 5290 5320 5321 5322 5323 5324 5325 5326 5327 5328 5329 5330 5331 5332 5333 5334 5335 5339 5340 5341 5336 5342 5343 5344 5337 5345 5346 5347 5338 5348 5349 5350 5351 5355 5352 5356 5353 5357 5354 5358 5359
711 724 723 598 5259 5258 5257 5256 5255 5334 5333 5332 5331 5330 5360 5361 5362 5363 5364 4774 4773 4772 4771 4770 5365 5369 5370 5371 5366 5372 5373 5374 5367 5375 5376 5377 5368 5378 5379 5380 5381 5385 5382 5386 5383 5387 5384 5388 5389
598 723 727 714 5364 5363 5362 5361 5360 5390 5391 5392 5393 5394 5395 5396 5397 5398 5399 4879 4878 4877 4876 4875 5400 5404 5405 5406 5401 5407 5408 5409 5402 5410 5411 5412 5403 5413 5414 5415 5416 5420 5417 5421 5418 5422 5419 5423 5424
723 601 725 727 5329 5328 5327 5326 5325 5425 5426 5427 5428 5429 5430 5431 5432 5433 5434 5394 5393 5392 5391 5390 5435 5439 5440 5441 5436 5442 5443 5444 5437 5445 5446 5447 5438 5448 5449 5450 5451 5455 5452 5456 5453 5457 5454 5458 5459
727 725 602 726 5434 5433 5432 5431 5430 5460 5461 5462 5463 5464 5465 5466 5467 5468 5469 5470 5471 5472 5473 5474 5475 5479 5480 5481 5476 5482 5483 5484 5477 5485 5486 5487 5478 5488 5489 5490 5491 5495 5492 5496 5493 5497 5494 5498 5499
714 727 726 599 5399 5398 5397 5396 5395 5474 5473 5472 5471 5470 5500 5501 5502 5503 5504 4914 4913 4912 4911 4910 5505 5509 5510 5511 5506 5512 5513 5514 5507 5515 5516 5517 5508 5518 5519 5520 5521 5525 5522 5526 5523 5527 5524 5528 5529
599 726 730 717 5504 5503 5502 5501 5500 5530 5531 5532 5533 5534 5535 5536 5537 5538 5539 5019 5018 5017 5016 5015 5540 5544 5545 5546 5541 5547 5548 5549 5542 5550 5551 5552 5543 5553 5554 5555 5556 5560 5557 5561 5558 5562 5559 5563 5564
726 602 728 730 5469 5468 5467 5466 5465 5565 5566 5567 5568 5569 5570 5571 5572 5573 5574 5534 5533 5532 5531 5530 5575 5579 5580 5581 5576 5582 5583 5584 5577 5585 5586 5587 5578 5588 5589 5590 5591 5595 5592 5596 5593 5597 5594 5598 5599
730 728 603 729 5574 5573 5572 5571 5570 5600 5601 5602 5603 5604 5605 5606 5607 5608 5609 5610 5611 5612 5613 5614 5615 5619 5620 5621 5616 5622 5623 5624 5617 5625 5626 5627 5618 5628 5629 5630 5631 5635 5632 5636 5633 5637 5634 5638 5639
717 730 729 600 5539 5538 5537 5536 5535 5614 5613 5612 5611 5610 5640 5641 5642 5643 5644 5054 5053 5052 5051 5050 5645 5649 5650 5651 5646 5652 5653 5654 5647 5655 5656 5657 5648 5658 5659 5660 5661 5665 5662 5666 5663 5667 5664 5668 5669
600 729 732 720 5644 5643 5642 5641 5640 5670 5671 5672 5673 5674 5675 5676 5677 5678 5679 5159 5158 5157 5156 5155 5680 5684 5685 5686 5681 5687 5688 5689 5682 5690 5691 5692 5683 5693 5694 5695 5696 5700 5697 5701 5698 5702 5699 5703 5704
729 603 731 732 5609 5608 5607 5606 5605 5705 5706 5707 5708 5709 5710 5711 5712 5713 5714 5674 5673 5672 5671 5670 5715 5719 5720 5721 5716 5722 5723 5724 5717 5725 5726 5727 5718 5728 5729 5730 5731 5735 5732 5736 5733 5737 5734 5738 5739
732 731 312 313 5714 5713 5712 5711 5710 5740 5741 5742 5743 5744 440 441 442 443 444 5745 5746 5747 5748 5749 5750 5754 5755 5756 5751 5757 5758 5759 5752 5760 5761 5762 5753 5763 5764 5765 5766 5770 5767 5771 5768 5772 5769 5773 5774
720 732 313 314 5679 5678 5677 5676 5675 5749 5748 5747 5746 5745 445 446 447 448 449 5194 5193 5192 5191 5190 5775 5779 5780 5781 5776 5782 5783 5784 5777 5785 5786 5787 5778 5788 5789 5790 5791 5795 5792 5796 5793 5797 5794 5798 5799
22 23 735 722 134 135 136 137 138 5800 5801 5802 5803 5804 5805 5806 5807 5808 5809 5289 5288 5287 5286 5285 5810 5814 5815 5816 5811 5817 5818 5819 5812 5820 5821 5822 5813 5823 5824 5825 5826 5830 5827 5831 5828 5832 5829 5833 5834
23 24 733 735 139 140 141 142 143 5835 5836 5837 5838 5839 5840 5841 5842 5843 5844 5804 5803 5802 5801 5800 5845 5849 5850 5851 5846 5852 5853 5854 5847 5855 5856 5857 5848 5858 5859 5860 5861 5865 5862 5866 5863 5867 5864 5868 5869
735 733 604 734 5844 5843 5842 5841 5840 5870 5871 5872 5873 5874 5875 5876 5877 5878 5879 5880 5881 5882 5883 5884 5885 5889 5890 5891 5886 5892 5893 5894 5887 5895 5896 5897 5888 5898 5899 5900 5901 5905 5902 5906 5903 5907 5904 5908 5909
722 735 734 601 5809 5808 5807 5806 5805 5884 5883 5882 5881 5880 5910 5911 5912 5913 5914 5324 5323 5322 5321 5320 5915 5919 5920 5921 5916 5922 5923 5924 5917 5925 5926 5927 5918 5928 5929 5930 5931 5935 5932 5936 5933 5937 5934 5938 5939
601 734 738 725 5914 5913 5912 5911 5910 5940 5941 5942 5943 5944 5945 5946 5947 5948 5949 5429 5428 5427 5426 5425 5950 5954 5955 5956 5951 5957 5958 5959 5952 5960 5961 5962 5953 5963 5964 5965 5966 5970 5967 5971 5968 5972 5969 5973 5974
734 604 736 738 5879 5878 5877 5876 5875 5975 5976 5977 5978 5979 5980 5981 5982 5983 5984 5944 5943 5942 5941 5940 5985 5989 5990 5991 5986 5992 5993 5994 5987 5995 5996 5997 5988 5998 5999 6000 6001 6005 6002 6006 6003 6007 6004 6008 6009
738 736 605 737 5984 5983 5982 5981 5980 6010 6011 6012 6013 6014 6015 6016 6017 6018 6019 6020 6021 6022 6023 6024 6025 6029 6030 6031 6026 6032 6033 6034 6027 6035 6036 6037 6028 6038 6039 6040 6041 6045 6042 6046 6043 6047 6044 6048 6049
725 738 737 602 5949 5948 5947 5946 5945 6024 6023 6022 6021 6020 6050 6051 6052 6053 6054 5464 5463 5462 5461 5460 6055 6059 6060 6061 6056 6062 6063 6064 6057 6065 6066 6067 6058 6068 6069 6070 6071 6075 6072 6076 6073 6077 6074 6078 6079
602 737 741 728 6054 6053 6052 6051 6050 6080 6081 6082 6083 6084 6085 6086 6087 6088 6089 5569 5568 5567 5566 5565 6090 6094 6095 6096 6091 6097 6098 6099 6092 6100 6101 6102 6093 6103 6104 6105 6106 6110 6107 6111 6108 6112 6109 6113 6114
737 605 739 741 6019 6018 6017 6016 6015 6115 6116 6117 6118 6119 6120 6121 6122 6123 6124 6084 6083 6082 6081 6080 6125 6129 6130 6131 6126 6132 6133 6134 6127 6135 6136 6137 6128 6138 6139 6140 6141 6145 6142 6146 6143 6147 6144 6148 6149
741 739 606 740 6124 6123 6122 6121 6120 6150 6151 6152 6153 6154 6155 6156 6157 6158 6159 6160 6161 6162 6163 6164 6165 6169 6170 6171 6166 6172 6173 6174 6167 6175 6176 6177 6168 6178 6179 6180 6181 6185 6182 6186 6183 6187 6184 6188 6189
728 741 740 603 6089 6088 6087 6086 6085 6164 6163 6162 6161 6160 6190 6191 6192 6193 6194 5604 5603 5602 5601 5600 6195 6199 6200 6201 6196 6202 6203 6204 6197 6205 6206 6207 6198 6208 6209 6210 6211 6215 6212 6216 6213 6217 6214 6218 6219
603 740 743 731 6194 6193 6192 6191 6190 6220 6221 6222 6223 6224 6225 6226 6227 6228 6229 5709 5708 5707 5706 5705 6230 6234 6235 6236 6231 6237 6238 6239 6232 6240 6241 6242 6233 6243 6244 6245 6246 6250 6247 6251 6248 6252 6249 6253 6254
740 606 742 743 6159 6158 6157 6156 6155 6255 6256 6257 6258 6259 6260 6261 6262 6263 6264 6224 6223 6222 6221 6220 6265 6269 6270 6271 6266 6272 6273 6274 6267 6275 6276 6277 6268 6278 6279 6280 6281 6285 6282 6286 6283 6287 6284 6288 6289
743 742 310 311 6264 6263 6262 6261 6260 6290 6291 6292 6293 6294 430 431 432 433 434 6295 6296 6297 6298 6299 6300 6304 6305 6306 6301 6307 6308 6309 6302 6310 6311 6312 6303 6313 6314 6315 6316 6320 6317 6321 6318 6322 6319 6323 6324
731 743 311 312 6229 6228 6227 6226 6225 6299 6298 6297 6296 6295 435 436 437 438 439 5744 5743 5742 5741 5740 6325 6329 6330 6331 6326 6332 6333 6334 6327 6335 6336 6337 6328 6338 6339 6340 6341 6345 6342 6346 6343 6347 6344 6348 6349
24 25 746 733 144 145 146 147 148 6350 6351 6352 6353 6354 6355 6356 6357 6358 6359 5839 5838 5837 5836 5835 6360 6364 6365 6366 6361 6367 6368 6369 6362 6370 6371 6372 6363 6373 6374 6375 6376 6380 6377 6381 6378 6382 6379 6383 6384
25 26 744 746 149 150 151 152 153 6385 6386 6387 6388 6389 6390 6391 6392 6393 6394 6354 6353 6352 6351 6350 6395 6399 6400 6401 6396 6402 6403 6404 6397 6405 6406 6407 6398 6408 6409 6410 6411 6415 6412 6416 6413 6417 6414 6418 6419
746 744 607 745 6394 6393 6392 6391 6390 6420 6421 6422 6423 6424 6425 6426 6427 6428 6429 6430 6431 6432 6433 6434 6435 6439 6440 6441 6436 6442 6443 6444 6437 6445 6446 6447 6438 6448 6449 6450 6451 6455 6452 6456 6453 6457 6454 6458 6459
733 746 745 604 6359 6358 6357 6356 6355 6434 6433 6432 6431 6430 6460 6461 6462 6463 6464 5874 5873 5872 5871 5870 6465 6469 6470 6471 6466 6472 6473 6474 6467 6475 6476 6477 6468 6478 6479 6480 6481 6485 6482 6486 6483 6487 6484 6488 6489
604 745 749 736 6464 6463 6462 6461 6460 6490 6491 6492 6493 6494 6495 6496 6497 6498 6499 5979 5978 5977 5976 5975 6500 6504 6505 6506 6501 6507 6508 6509 6502 6510 6511 6512 6503 6513 6514 6515 6516 6520 6517 6521 6518 6522 6519 6523 6524
745 607 747 749 6429 6428 6427 6426 6425 6525 6526 6527 6528 6529 6530 6531 6532 6533 6534 6494 6493 6492 6491 6490 6535 6539 6540 6541 6536 6542 6543 6544 6537 6545 6546 6547 6538 6548 6549 6550 6551 6555 6552 6556 6553 6557 6554 6558 6559
749 747 608 748 6534 6533 6532 6531 6530 6560 6561 6562 6563 6564 6565 6566 6567 6568 6569 6570 6571 6572 6573 6574 6575 6579 6580 6581 6576 6582 6583 6584 6577 6585 6586 6587 6578 6588 6589 6590 6591 6595 6592 6596 6593 6597 6594 6598 6599
736 749 748 605 6499 6498 6497 6496 6495 6574 6573 6572 6571 6570 6600 6601 6602 6603 6604 6014 6013 6012 6011 6010 6605 6609 6610 6611 6606 6612 6613 6614 6607 6615 6616 6617 6608 6618 6619 6620 6621 6625 6622 6626 6623 6627 6624 6628 6629
605 748 752 739 6604 6603 6602 6601 6600 6630 6631 6632 6633 6634 6635 6636 6637 6638 6639 6119 6118 6117 6116 6115 6640 6644 6645 6646 6641 6647 6648 6649 6642 6650 6651 6652 6643 6653 6654 6655 6656 6660 6657 6661 6658 6662 6659 6663 6664
748 608 750 752 6569 6568 6567 6566 6565 6665 6666 6667 6668 6669 6670 6671 6672 6673 6674 6634 6633 6632 6631 6630 6675 6679 6680 6681 6676 6682 6683 6684 6677 6685 6686 6687 6678 6688 6689 6690 6691 6695 6692 6696 6693 6697 6694 6698 6699
752 750 609 751 6674 6673 6672 6671 6670 6700 6701 6702 6703 6704 6705 6706 6707 6708 6709 6710 6711 6712 6713 6714 6715 6719 6720 6721 6716 6722 6723 6724 6717 6725 6726 6727 6718 6728 6729 6730 6731 6735 6732 6736 6733 6737 6734 6738 6739
739 752 751 606 6639 6638 6637 6636 6635 6714 6713 6712 6711 6710 6740 6741 6742 6743 6744 6154 6153 6152 6151 6150 6745 6749 6750 6751 6746 6752 6753 6754 6747 6755 6756 6757 6748 6758 6759 6760 6761 6765 6762 6766 6763 6767 6764 6768 6769
606 751 754 742 6744 6743 6742 6741 6740 6770 6771 6772 6773 6774 6775 6776 6777 6778 6779 6259 6258 6257 6256 6255 6780 6784 6785 6786 6781 6787 6788 6789 6782 6790 6791 6792 6783 6793 6794 6795 6796 6800 6797 6801 6798 6802 6799 6803 6804
751 609 753 754 6709 6708 6707 6706 6705 6805 6806 6807 6808 6809 6810 6811 6812 6813 6814 6774 6773 6772 6771 6770 6815 6819 6820 6821 6816 6822 6823 6824 6817 6825 6826 6827 6818 6828 6829 6830 6831 6835 6832 6836 6833 6837 6834 6838 6839
754 753 308 309 6814 6813 6812 6811 6810 6840 6841 6842 6843 6844 420 421 422 423 424 6845 6846 6847 6848 6849 6850 6854 6855 6856 6851 6857 6858 6859 6852 6860 6861 6862 6853 6863 6864 6865 6866 6870 6867 6871 6868 6872 6869 6873 6874
742 754 309 310 6779 6778 6777 6776 6775 6849 6848 6847 6846 6845 425 426 427 428 429 6294 6293 6292 6291 6290 6875 6879 6880 6881 6876 6882 6883 6884 6877 6885 6886 6887 6878 6888 6889 6890 6891 6895 6892 6896 6893 6897 6894 6898 6899
26 27 757 744 154 155 156 157 158 6900 6901 6902 6903 6904 6905 6906 6907 6908 6909 6389 6388 6387 6386 6385 6910 6914 6915 6916 6911 6917 6918 6919 6912 6920 6921 6922 6913 6923 6924 6925 6926 6930 6927 6931 6928 6932 6929 6933 6934
27 28 755 757 159 160 161 162 163 6935 6936 6937 6938 6939 6940 6941 6942 6943 6944 6904 6903 6902 6901 6900 6945 6949 6950 6951 6946 6952 6953 6954 6947 6955 6956 6957 6948 6958 6959 6960 6961 6965 6962 6966 6963 6967 6964 6968 6969
757 755 610 756 6944 6943 6942 6941 6940 6970 6971 6972 6973 6974 6975 6976 6977 6978 6979 6980 6981 6982 6983 6984 6985 6989 6990 6991 6986 6992 6993 6994 6987 6995 6996 6997 6988 6998 6999 7000 7001 7005 7002 7006 7003 7007 7004 7008 7009
744 757 756 607 6909 6908 6907 6906 6905 6984 6983 6982 6981 6980 7010 7011 7012 7013 7014 6424 6423 6422 6421 6420 7015 7019 7020 7021 7016 7022 7023 7024 7017 7025 7026 7027 7018 7028 7029 7030 7031 7035 7032 7036 7033 7037 7034 7038 7039
607 756 760 747 7014 7013 7012 7011 7010 7040 7041 7042 7043 7044 7045 7046 7047 7048 7049 6529 6528 6527 6526 6525 7050 7054 7055 7056 7051 7057 7058 7059 7052 7060 7061 7062 7053 7063 7064 7065 7066 7070 7067 7071 7068 7072 7069 7073 7074
756 610 758 760 6979 6978 6977 6976 6975 7075 7076 7077 7078 7079 7080 7081 7082 7083 7084 7044 7043 7042 7041 7040 7085 7089 7090 7091 7086 7092 7093 7094 7087 7095 7096 7097 7088 7098 7099 7100 7101 7105 7102 7106 7103 7107 7104 7108 7109
760 758 611 759 7084 7083 7082 7081 7080 7110 7111 7112 7113 7114 7115 7116 7117 7118 7119 7120 7121 7122 7123 7124 7125 7129 7130 7131 7126 7132 7133 7134 7127 7135 7136 7137 7128 7138 7139 7140 7141 7145 7142 7146 7143 7147 7144 7148 7149
747 760 759 608 7049 7048 7047 7046 7045 7124 7123 7122 7121 7120 7150 7151 7152 7153 7154 6564 6563 6562 6561 6560 7155 7159 7160 7161 7156 7162 7163 7164 7157 7165 7166 7167 7158 7168 7169 7170 7171 7175 7172 7176 7173 7177 7174 7178 7179
608 759 763 750 7154 7153 7152 7151 7150 7180 7181 7182 7183 7184 7185 7186 7187 7188 7189 6669 6668 6667 6666 6665 7190 7194 7195 7196 7191 7197 7198 7199 7192 7200 7201 7202 7193 7203 7204 7205 7206 7210 7207 7211 7208 7212 7209 7213 7214
759 611 761 763 7119 7118 7117 7116 7115 7215 7216 7217 7218 7219 7220 7221 7222 7223 7224 7184 7183 7182 7181 7180 7225 7229 7230 7231 7226 7232 7233 7234 7227 7235 7236 7237 7228 7238 7239 7240 7241 7245 7242 7246 7243 7247 7244 7248 7249
763 761 612 762 7224 7223 7222 7221 7220 7250 7251 7252 7253 7254 7255 7256 7257 7258 7259 7260 7261 7262 7263 7264 7265 7269 7270 7271 7266 7272 7273 7274 7267 7275 7276 7277 7268 7278 7279 7280 7281 7285 7282 7286 7283 7287 7284 7288 7289
750 763 762 609 7189 7188 7187 7186 7185 7264 7263 7262 7261 7260 7290 7291 7292 7293 7294 6704 6703 6702 6701 6700 7295 7299 7300 7301 7296 7302 7303 7304 7297 7305 7306 7307 7298 7308 7309 7310 7311 7315 7312 7316 7313 7317 7314 7318 7319
609 762 765 753 7294 7293 7292 7291 7290 7320 7321 7322 7323 7324 7325 7326 7327 7328 7329 6809 6808 6807 6806 6805 7330 7334 7335 7336 7331 7337 7338 7339 7332 7340 7341 7342 7333 7343 7344 7345 7346 7350 7347 7351 7348 7352 7349 7353 7354
762 612 764 765 7259 7258 7257 7256 7255 7355 7356 7357 7358 7359 7360 7361 7362 7363 7364 7324 7323 7322 7321 7320 7365 7369 7370 7371 7366 7372 7373 7374 7367 7375 7376 7377 7368 7378 7379 7380 7381 7385 7382 7386 7383 7387 7384 7388 7389
765 764 306 307 7364 7363 7362 7361 7360 7390 7391 7392 7393 7394 410 411 412 413 414 7395 7396 7397 7398 7399 7400 7404 7405 7406 7401 7407 7408 7409 7402 7410 7411 7412 7403 7413 7414 7415 7416 7420 7417 7421 7418 7422 7419 7423 7424
753 765 307 308 7329 7328 7327 7326 7325 7399 7398 7397 7396 7395 415 416 417 418 419 6844 6843 6842 6841 6840 7425 7429 7430 7431 7426 7432 7433 7434 7427 7435 7436 7437 7428 7438 7439 7440 7441 7445 7442 7446 7443 7447 7444 7448 7449
28 29 768 755 164 165 166 167 168 7450 7451 7452 7453 7454 7455 7456 7457 7458 7459 6939 6938 6937 6936 6935 7460 7464 7465 7466 7461 7467 7468 7469 7462 7470 7471 7472 7463 7473 7474 7475 7476 7480 7477 7481 7478 7482 7479 7483 7484
29 30 766 768 169 170 171 172 173 7485 7486 7487 7488 7489 7490 7491 7492 7493 7494 7454 7453 7452 7451 7450 7495 7499 7500 7501 7496 7502 7503 7504 7497 7505 7506 7507 7498 7508 7509 7510 7511 7515 7512 7516 7513 7517 7514 7518 7519
768 766 613 767 7494 7493 7492 7491 7490 7520 7521 7522 7523 7524 7525 7526 7527 7528 7529 7530 7531 7532 7533 7534 7535 7539 7540 7541 7536 7542 7543 7544 7537 7545 7546 7547 7538 7548 7549 7550 7551 7555 7552 7556 7553 7557 7554 7558 7559
755 768 767 610 7459 7458 7457 7456 7455 7534 7533 7532 7531 7530 7560 7561 7562 7563 7564 6974 6973 6972 6971 6970 7565 7569 7570 7571 7566 7572 7573 7574 7567 7575 7576 7577 7568 7578 7579 7580 7581 7585 7582 7586 7583 7587 7584 7588 7589
610 767 771 758 7564 7563 7562 7561 7560 7590 7591 7592 7593 7594 7595 7596 7597 7598 7599 7079 7078 7077 7076 7075 7600 7604 7605 7606 7601 7607 7608 7609 7602 7610 7611 7612 7603 7613 7614 7615 7616 7620 7617 7621 7618 7622 7619 7623 7624
767 613 769 771 7529 7528 7527 7526 7525 7625 7626 7627 7628 7629 7630 7631 7632 7633 7634 7594 7593 7592 7591 7590 7635 7639 7640 7641 7636 7642 7643 7644 7637 7645 7646 7647 7638 7648 7649 7650 7651 7655 7652 7656 7653 7657 7654 7658 7659
771 769 614 770 7634 7633 7632 7631 7630 7660 7661 7662 7663 7664 7665 7666 7667 7668 7669 7670 7671 7672 7673 7674 7675 7679 7680 7681 7676 7682 7683 7684 7677 7685 7686 7687 7678 7688 7689 7690 7691 7695 7692 7696 7693 7697 7694 7698 7699
758 771 770 611 7599 7598 7597 7596 7595 7674 7673 7672 7671 7670 7700 7701 7702 7703 7704 7114 7113 7112 7111 7110 7705 7709 7710 7711 7706 7712 7713 7714 7707 7715 7716 7717 7708 7718 7719 7720 7721 7725 7722 7726 7723 7727 7724 7728 7729
611 770 774 761 7704 7703 7702 7701 7700 7730 7731 7732 7733 7734 7735 7736 7737 7738 7739 7219 7218 7217 7216 7215 7740 7744 7745 7746 7741 7747 7748 7749 7742 7750 7751 7752 7743 7753 7754 7755 7756 7760 7757 7761 7758 7762 7759 7763 7764
770 614 772 774 7669 7668 7667 7666 7665 7765 7766 7767 7768 7769 7770 7771 7772 7773 7774 7734 7733 7732 7731 7730 7775 7779 7780 7781 7776 7782 7783 7784 7777 7785 7786 7787 7778 7788 7789 7790 7791 7795 7792 7796 7793 7797 7794 7798 7799
774 772 615 773 7774 7773 7772 7771 7770 7800 7801 7802 7803 7804 7805 7806 7807 7808 7809 7810 7811 7812 7813 7814 7815 7819 7820 7821 7816 7822 7823 7824 7817 7825 7826 7827 7818 7828 7829 7830 7831 7835 7832 7836 7833 7837 7834 7838 7839
761 774 773 612 7739 7738 7737 7736 7735 7814 7813 7812 7811 7810 7840 7841 7842 7843 7844 7254 7253 7252 7251 7250 7845 7849 7850 7851 7846 7852 7853 7854 7847 7855 7856 7857 7848 7858 7859 7860 7861 7865 7862 7866 7863 7867 7864 7868 7869
612 773 776 764 7844 7843 7842 7841 7840 7870 7871 7872 7873 7874 7875 7876 7877 7878 7879 7359 7358 7357 7356 7355 7880 7884 7885 7886 7881 7887 7888 7889 7882 7890 7891 7892 7883 7893 7894 7895 7896 7900 7897 7901 7898 7902 7899 7903 7904
773 615 775 776 7809 7808 7807 7806 7805 7905 7906 7907 7908 7909 7910 7911 7912 7913 7914 7874 7873 7872 7871 7870 7915 7919 7920 7921 7916 7922 7923 7924 7917 7925 7926 7927 7918 7928 7929 7930 7931 7935 7932 7936 7933 7937 7934 7938 7939
776 775 304 305 7914 7913 7912 7911 7910 7940 7941 7942 7943 7944 400 401 402 403 404 7945 7946 7947 7948 7949 7950 7954 7955 7956 7951 7957 7958 7959 7952 7960 7961 7962 7953 7963 7964 7965 7966 7970 7967 7971 7968 7972 7969 7973 7974
764 776 305 306 7879 7878 7877 7876 7875 7949 7948 7947 7946 7945 405 406 407 408 409 7394 7393 7392 7391 7390 7975 7979 7980 7981 7976 7982 7983 7984 7977 7985 7986 7987 7978 7988 7989 7990 7991 7995 7992 7996 7993 7997 7994 7998 7999
30 31 779 766 174 175 176 177 178 8000 8001 8002 8003 8004 8005 8006 8007 8008 8009 7489 7488 7487 7486 7485 8010 8014 8015 8016 8011 8017 8018 8019 8012 8020 8021 8022 8013 8023 8024 8025 8026 8030 8027 8031 8028 8032 8029 8033 8034
31 32 777 779 179 180 181 182 183 8035 8036 8037 8038 8039 8040 8041 8042 8043 8044 8004 8003 8002 8001 8000 8045 8049 8050 8051 8046 8052 8053 8054 8047 8055 8056 8057 8048 8058 8059 8060 8061 8065 8062 8066 8063 8067 8064 8068 8069
779 777 616 778 8044 8043 8042 8041 8040 8070 8071 8072 8073 8074 8075 8076 8077 8078 8079 8080 8081 8082 8083 8084 8085 8089 8090 8091 8086 8092 8093 8094 8087 8095 8096 8097 8088 8098 8099 8100 8101 8105 8102 8106 8103 8107 8104 8108 8109
766 779 778 613 8009 8008 8007 8006 8005 8084 8083 8082 8081 8080 8110 8111 8112 8113 8114 7524 7523 7522 7521 7520 8115 8119 8120 8121 8116 8122 8123 8124 8117 8125 8126 8127 8118 8128 8129 8130 8131 8135 8132 8136 8133 8137 8134 8138 8139
613 778 782 769 8114 8113 8112 8111 8110 8140 8141 8142 8143 8144 8145 8146 8147 8148 8149 7629 7628 7627 7626 7625 8150 8154 8155 8156 8151 8157 8158 8159 8152 8160 8161 8162 8153 8163 8164 8165 8166 8170 8167 8171 8168 8172 8169 8173 8174
778 616 780 782 8079 8078 8077 8076 8075 8175 8176 8177 8178 8179 8180 8181 8182 8183 8184 8144 8143 8142 8141 8140 8185 8189 8190 8191 8186 8192 8193 8194 8187 8195 8196 8197 8188 8198 8199 8200 8201 8205 8202 8206 8203 8207 8204 8208 8209
782 780 617 781 8184 8183 8182 8181 8180 8210 8211 8212 8213 8214 8215 8216 8217 8218 8219 8220 8221 8222 8223 8224 8225 8229 8230 8231 8226 8232 8233 8234 8227 8235 8236 8237 8228 8238 8239 8240 8241 8245 8242 8246 8243 8247 8244 8248 8249
769 782 781 614 8149 8148 8147 8146 8145 8224 8223 8222 8221 8220 8250 8251 8252 8253 8254 7664 7663 7662 7661 7660 8255 8259 8260 8261 8256 8262 8263 8264 8257 8265 8266 8267 8258 8268 8269 8270 8271 8275 8272 8276 8273 8277 8274 8278 8279
614 781 785 772 8254 8253 8252 8251 8250 8280 8281 8282 8283 8284 8285 8286 8287 8288 8289 7769 7768 7767 7766 7765 8290 8294 8295 8296 8291 8297 8298 8299 8292 8300 8301 8302 8293 8303 8304 8305 8306 8310 8307 8311 8308 8312 8309 8313 8314
781 617 783 785 8219 8218 8217 8216 8215 8315 8316 8317 8318 8319 8320 8321 8322 8323 8324 8284 8283 8282 8281 8280 8325 8329 8330 8331 8326 8332 8333 8334 8327 8335 8336 8337 8328 8338 8339 8340 8341 8345 8342 8346 8343 8347 8344 8348 8349
785 783 618 784 8324 8323 8322 8321 8320 8350 8351 8352 8353 8354 8355 8356 8357 8358 8359 8360 8361 8362 8363 8364 8365 8369 8370 8371 8366 8372 8373 8374 8367 8375 8376 8377 8368 8378 8379 8380 8381 8385 8382 8386 8383 8387 8384 8388 8389
772 785 784 615 8289 8288 8287 8286 8285 8364 8363 8362 8361 8360 8390 8391 8392 8393 8394 7804 7803 7802 7801 7800 8395 8399 8400 8401 8396 8402 8403 8404 8397 8405 8406 8407 8398 8408 8409 8410 8411 8415 8412 8416 8413 8417 8414 8418 8419
615 784 787 775 8394 8393 8392 8391 8390 8420 8421 8422 8423 8424 8425 8426 8427 8428 8429 7909 7908 7907 7906 7905 8430 8434 8435 8436 8431 8437 8438 8439 8432 8440 8441 8442 8433 8443 8444 8445 8446 8450 8447 8451 8448 8452 8449 8453 8454
784 618 786 787 8359 8358 8357 8356 8355 8455 8456 8457 8458 8459 8460 8461 8462 8463 8464 8424 8423 8422 8421 8420 8465 8469 8470 8471 8466 8472 8473 8474 8467 8475 8476 8477 8468 8478 8479 8480 8481 8485 8482 8486 8483 8487 8484 8488 8489
787 786 302 303 8464 8463 8462 8461 8460 8490 8491 8492 8493 8494 390 391 392 393 394 8495 8496 8497 8498 8499 8500 8504 8505 8506 8501 8507 8508 8509 8502 8510 8511 8512 8503 8513 8514 8515 8516 8520 8517 8521 8518 8522 8519 8523 8524
775 787 303 304 8429 8428 8427 8426 8425 8499 8498 8497 8496 8495 395 396 397 398 399 7944 7943 7942 7941 7940 8525 8529 8530 8531 8526 8532 8533 8534 8527 8535 8536 8537 8528 8538 8539 8540 8541 8545 8542 8546 8543 8547 8544 8548 8549
32 33 790 777 184 185 186 187 188 8550 8551 8552 8553 8554 8555 8556 8557 8558 8559 8039 8038 8037 8036 8035 8560 8564 8565 8566 8561 8567 8568 8569 8562 8570 8571 8572 8563 8573 8574 8575 8576 8580 8577 8581 8578 8582 8579 8583 8584
33 34 788 790 189 190 191 192 193 8585 8586 8587 8588 8589 8590 8591 8592 8593 8594 8554 8553 8552 8551 8550 8595 8599 8600 8601 8596 8602 8603 8604 8597 8605 8606 8607 8598 8608 8609 8610 8611 8615 8612 8616 8613 8617 8614 8618 8619
790 788 619 789 8594 8593 8592 8591 8590 8620 8621 8622 8623 8624 8625 8626 8627 8628 8629 8630 8631 8632 8633 8634 8635 8639 8640 8641 8636 8642 8643 8644 8637 8645 8646 8647 8638 8648 8649 8650 8651 8655 8652 8656 8653 8657 8654 8658 8659
777 790 789 616 8559 8558 8557 8556 8555 8634 8633 8632 8631 8630 8660 8661 8662 8663 8664 8074 8073 8072 8071 8070 8665 8669 8670 8671 8666 8672 8673 8674 8667 8675 8676 8677 8668 8678 8679 8680 8681 8685 8682 8686 8683 8687 8684 8688 8689
616 789 793 780 8664 8663 8662 8661 8660 8690 8691 8692 8693 8694 8695 8696 8697 8698 8699 8179 8178 8177 8176 8175 8700 8704 8705 8706 8701 8707 8708 8709 8702 8710 8711 8712 8703 8713 8714 8715 8716 8720 8717 8721 8718 8722 8719 8723 8724
789 619 791 793 8629 8628 8627 8626 8625 8725 8726 8727 8728 8729 8730 8731 8732 8733 8734 8694 8693 8692 8691 8690 8735 8739 8740 8741 8736 8742 8743 8744 8737 8745 8746 8747 8738 8748 8749 8750 8751 8755 8752 8756 8753 8757 8754 8758 8759
793 791 620 792 8734 8733 8732 8731 8730 8760 8761 8762 8763 8764 8765 8766 8767 8768 8769 8770 8771 8772 8773 8774 8775 8779 8780 8781 8776 8782 8783 8784 8777 8785 8786 8787 8778 8788 8789 8790 8791 8795 8792 8796 8793 8797 8794 8798 8799
780 793 792 617 8699 8698 8697 8696 8695 8774 8773 8772 8771 8770 8800 8801 8802 8803 8804 8214 8213 8212 8211 8210 8805 8809 8810 8811 8806 8812 8813 8814 8807 8815 8816 8817 8808 8818 8819 8820 8821 8825 8822 8826 8823 8827 8824 8828 8829
617 792 796 783 8804 8803 8802 8801 8800 8830 8831 8832 8833 8834 8835 8836 8837 8838 8839 8319 8318 8317 8316 8315 8840 8844 8845 8846 8841 8847 8848 8849 8842 8850 8851 8852 8843 8853 8854 8855 8856 8860 8857 8861 8858 8862 8859 8863 8864
792 620 794 796 8769 8768 8767 8766 8765 8865 8866 8867 8868 8869 8870 8871 8872 8873 8874 8834 8833 8832 8831 8830 8875 8879 8880 8881 8876 8882 8883 8884 8877 8885 8886 8887 8878 8888 8889 8890 8891 8895 8892 8896 8893 8897 8894 8898 8899
796 794 621 795 8874 8873 8872 8871 8870 8900 8901 8902 8903 8904 8905 8906 8907 8908 8909 8910 8911 8912 8913 8914 8915 8919 8920 8921 8916 8922 8923 8924 8917 8925 8926 8927 8918 8928 8929 8930 8931 8935 8932 8936 8933 8937 8934 8938 8939
783 796 795 618 8839 8838 8837 8836 8835 8914 8913 8912 8911 8910 8940 8941 8942 8943 8944 8354 8353 8352 8351 8350 8945 8949 8950 8951 8946 8952 8953 8954 8947 8955 8956 8957 8948 8958 8959 8960 8961 8965 8962 8966 8963 8967 8964 8968 8969
618 795 798 786 8944 8943 8942 8941 8940 8970 8971 8972 8973 8974 8975 8976 8977 8978 8979 8459 8458 8457 8456 8455 8980 8984 8985 8986 8981 8987 8988 8989 8982 8990 8991 8992 8983 8993 8994 8995 8996 9000 8997 9001 8998 9002 8999 9003 9004
795 621 797 798 8909 8908 8907 8906 8905 9005 9006 9007 9008 9009 9010 9011 9012 9013 9014 8974 8973 8972 8971 8970 9015 9019 9020 9021 9016 9022 9023 9024 9017 9025 9026 9027 9018 9028 9029 9030 9031 9035 9032 9036 9033 9037 9034 9038 9039
798 797 300 301 9014 9013 9012 9011 9010 9040 9041 9042 9043 9044 380 381 382 383 384 9045 9046 9047 9048 9049 9050 9054 9055 9056 9051 9057 9058 9059 9052 9060 9061 9062 9053 9063 9064 9065 9066 9070 9067 9071 9068 9072 9069 9073 9074
786 798 301 302 8979 8978 8977 8976 8975 9049 9048 9047 9046 9045 385 386 387 388 389 8494 8493 8492 8491 8490 9075 9079 9080 9081 9076 9082 9083 9084 9077 9085 9086 9087 9078 9088 9089 9090 9091 9095 9092 9096 9093 9097 9094 9098 9099
34 35 801 788 194 195 196 197 198 9100 9101 9102 9103 9104 9105 9106 9107 9108 9109 8589 8588 8587 8586 8585 9110 9114 9115 9116 9111 9117 9118 9119 9112 9120 9121 9122 9113 9123 9124 9125 9126 9130 9127 9131 9128 9132 9129 9133 9134
35 36 799 801 199 200 201 202 203 9135 9136 9137 9138 9139 9140 9141 9142 9143 9144 9104 9103 9102 9101 9100 9145 9149 9150 9151 9146 9152 9153 9154 9147 9155 9156 9157 9148 9158 9159 9160 9161 9165 9162 9166 9163 9167 9164 9168 9169
801 799 622 800 9144 9143 9142 9141 9140 9170 9171 9172 9173 9174 9175 9176 9177 9178 9179 9180 9181 9182 9183 9184 9185 9189 9190 9191 9186 9192 9193 9194 9187 9195 9196 9197 9188 9198 9199 9200 9201 9205 9202 9206 9203 9207 9204 9208 9209
788 801 800 619 9109 9108 9107 9106 9105 9184 9183 9182 9181 9180 9210 9211 9212 9213 9214 8624 8623 8622 8621 8620 9215 9219 9220 9221 9216 9222 9223 9224 9217 9225 9226 9227 9218 9228 9229 9230 9231 9235 9232 9236 9233 9237 9234 9238 9239
619 800 804 791 9214 9213 9212 9211 9210 9240 9241 9242 9243 9244 9245 9246 9247 9248 9249 8729 8728 8727 8726 8725 9250 9254 9255 9256 9251 9257 9258 9259 9252 9260 9261 9262 9253 9263 9264 9265 9266 9270 9267 9271 9268 9272 9269 9273 9274
800 622 802 804 9179 9178 9177 9176 9175 9275 9276 9277 9278 9279 9280 9281 9282 9283 9284 9244 9243 9242 9241 9240 9285 9289 9290 9291 9286 9292 9293 9294 9287 9295 9296 9297 9288 9298 9299 9300 9301 9305 9302 9306 9303 9307 9304 9308 9309
804 802 623 803 9284 9283 9282 9281 9280 9310 9311 9312 9313 9314 9315 9316 9317 9318 9319 9320 9321 9322 9323 9324 9325 9329 9330 9331 9326 9332 9333 9334 9327 9335 9336 9337 9328 9338 9339 9340 9341 9345 9342 9346 9343 9347 9344 9348 9349
791 804 803 620 9249 9248 9247 9246 9245 9324 9323 9322 9321 9320 9350 9351 9352 9353 9354 8764 8763 8762 8761 8760 9355 9359 9360 9361 9356 9362 9363 9364 9357 9365 9366 9367 9358 9368 9369 9370 9371 9375 9372 9376 9373 9377 9374 9378 9379
620 803 807 794 9354 9353 9352 9351 9350 9380 9381 9382 9383 9384 9385 9386 9387 9388 9389 8869 8868 8867 8866 8865 9390 9394 9395 9396 9391 9397 9398 9399 9392 9400 9401 9402 9393 9403 9404 9405 9406 9410 9407 9411 9408 9412 9409 9413 9414
803 623 805 807 9319 9318 9317 9316 9315 9415 9416 9417 9418 9419 9420 9421 9422 9423 9424 9384 9383 9382 9381 9380 9425 9429 9430 9431 9426 9432 9433 9434 9427 9435 9436 9437 9428 9438 9439 9440 9441 9445 9442 9446 9443 9447 9444 9448 9449
807 805 624 806 9424 9423 9422 9421 9420 9450 9451 9452 9453 9454 9455 9456 9457 9458 9459 9460 9461 9462 9463 9464 9465 9469 9470 9471 9466 9472 9473 9474 9467 9475 9476 9477 9468 9478 9479 9480 9481 9485 9482 9486 9483 9487 9484 9488 9489
794 807 806 621 9389 9388 9387 9386 9385 9464 9463 9462 9461 9460 9490 9491 9492 9493 9494 8904 8903 8902 8901 8900 9495 9499 9500 9501 9496 9502 9503 9504 9497 9505 9506 9507 9498 9508 9509 9510 9511 9515 9512 9516 9513 9517 9514 9518 9519
621 806 809 797 9494 9493 9492 9491 9490 9520 9521 9522 9523 9524 9525 9526 9527 9528 9529 9009 9008 9007 9006 9005 9530 9534 9535 9536 9531 9537 9538 9539 9532 9540 9541 9542 9533 9543 9544 9545 9546 9550 9547 9551 9548 9552 9549 9553 9554
806 624 808 809 9459 9458 9457 9456 9455 9555 9556 9557 9558 9559 9560 9561 9562 9563 9564 9524 9523 9522 9521 9520 9565 9569 9570 9571 9566 9572 9573 9574 9567 9575 9576 9577 9568 9578 9579 9580 9581 9585 9582 9586 9583 9587 9584 9588 9589
809 808 298 299 9564 9563 9562 9561 9560 9590 9591 9592 9593 9594 370 371 372 373 374 9595 9596 9597 9598 9599 9600 9604 9605 9606 9601 9607 9608 9609 9602 9610 9611 9612 9603 9613 9614 9615 9616 9620 9617 9621 9618 9622 9619 9623 9624
797 809 299 300 9529 9528 9527 9526 9525 9599 9598 9597 9596 9595 375 376 377 378 379 9044 9043 9042 9041 9040 9625 9629 9630 9631 9626 9632 9633 9634 9627 9635 9636 9637 9628 9638 9639 9640 9641 9645 9642 9646 9643 9647 9644 9648 9649
36 37 812 799 204 205 206 207 208 9650 9651 9652 9653 9654 9655 9656 9657 9658 9659 9139 9138 9137 9136 9135 9660 9664 9665 9666 9661 9667 9668 9669 9662 9670 9671 9672 9663 9673 9674 9675 9676 9680 9677 9681 9678 9682 9679 9683 9684
37 38 810 812 209 210 211 212 213 9685 9686 9687 9688 9689 9690 9691 9692 9693 9694 9654 9653 9652 9651 9650 9695 9699 9700 9701 9696 9702 9703 9704 9697 9705 9706 9707 9698 9708 9709 9710 9711 9715 9712 9716 9713 9717 9714 9718 9719
812 810 625 811 9694 9693 9692 9691 9690 9720 9721 9722 9723 9724 9725 9726 9727 9728 9729 9730 9731 9732 9733 9734 9735 9739 9740 9741 9736 9742 9743 9744 9737 9745 9746 9747 9738 9748 9749 9750 9751 9755 9752 9756 9753 9757 9754 9758 9759
799 812 811 622 9659 9658 9657 9656 9655 9734 9733 9732 9731 9730 9760 9761 9762 9763 9764 9174 9173 9172 9171 9170 9765 9769 9770 9771 9766 9772 9773 9774 9767 9775 9776 9777 9768 9778 9779 9780 9781 9785 9782 9786 9783 9787 9784 9788 9789
622 811 815 802 9764 9763 9762 9761 9760 9790 9791 9792 9793 9794 9795 9796 9797 9798 9799 9279 9278 9277 9276 9275 9800 9804 9805 9806 9801 9807 9808 9809 9802 9810 9811 9812 9803 9813 9814 9815 9816 9820 9817 9821 9818 9822 9819 9823 9824
811 625 813 815 9729 9728 9727 9726 9725 9825 9826 9827 9828 9829 9830 9831 9832 9833 9834 9794 9793 9792 9791 9790 9835 9839 9840 9841 9836 9842 9843 9844 9837 9845 9846 9847 9838 9848 9849 9850 9851 9855 9852 9856 9853 9857 9854 9858 9859
815 813 626 814 9834 9833 9832 9831 9830 9860 9861 9862 9863 9864 9865 9866 9867 9868 9869 9870 9871 9872 9873 9874 9875 9879 9880 9881 9876 9882 9883 9884 9877 9885 9886 9887 9878 9888 9889 9890 9891 9895 9892 9896 9893 9897 9894 9898 9899
802 815 814 623 9799 9798 9797 9796 9795 9874 9873 9872 9871 9870 9900 9901 9902 9903 9904 9314 9313 9312 9311 9310 9905 9909 9910 9911 9906 9912 9913 9914 9907 9915 9916 9917 9908 9918 9919 9920 9921 9925 9922 9926 9923 9927 9924 9928 9929
623 814 818 805 9904 9903 9902 9901 9900 9930 9931 9932 9933 9934 9935 9936 9937 9938 9939 9419 9418 9417 9416 9415 9940 9944 9945 9946 9941 9947 9948 9949 9942 9950 9951 9952 9943 9953 9954 9955 9956 9960 9957 9961 9958 9962 9959 9963 9964
814 626 816 818 9869 9868 9867 9866 9865 9965 9966 9967 9968 9969 9970 9971 9972 9973 9974 9934 9933 9932 9931 9930 9975 9979 9980 9981 9976 9982 9983 9984 9977 9985 9986 9987 9978 9988 9989 9990 9991 9995 9992 9996 9993 9997 9994 9998 9999
818 816 627 817 9974 9973 9972 9971 9970 10000 10001 10002 10003 10004 10005 10006 10007 10008 10009 10010 10011 10012 10013 10014 10015 10019 10020 10021 10016 10022 10023 10024 10017 10025 10026 10027 10018 10028 10029 10030 10031 10035 10032 10036 10033 10037 10034 10038 10039
805 818 817 624 9939 9938 9937 9936 9935 10014 10013 10012 10011 10010 10040 10041 10042 10043 10044 9454 9453 9452 9451 9450 10045 10049 10050 10051 10046 10052 10053 10054 10047 10055 10056 10057 10048 10058 10059 10060 10061 10065 10062 10066 10063 10067 10064 10068 10069
624 817 820 808 10044 10043 10042 10041 10040 10070 10071 10072 10073 10074 10075 10076 10077 10078 10079 9559 9558 9557 9556 9555 10080 10084 10085 10086 10081 10087 10088 10089 10082 10090 10091 10092 10083 10093 10094 10095 10096 10100 10097 10101 10098 10102 10099 10103 10104
817 627 819 820 10009 10008 10007 10006 10005 10105 10106 10107 10108 10109 10110 10111 10112 10113 10114 10074 10073 10072 10071 10070 10115 10119 10120 10121 10116 10122 10123 10124 10117 10125 10126 10127 10118 10128 10129 10130 10131 10135 10132 10136 10133 10137 10134 10138 10139
820 819 296 297 10114 10113 10112 10111 10110 10140 10141 10142 10143 10144 360 361 362 363 364 10145 10146 10147 10148 10149 10150 10154 10155 10156 10151 10157 10158 10159 10152 10160 10161 10162 10153 10163 10164 10165 10166 10170 10167 10171 10168 10172 10169 10173 10174
808 820 297 298 10079 10078 10077 10076 10075 10149 10148 10147 10146 10145 365 366 367 368 369 9594 9593 9592 9591 9590 10175 10179 10180 10181 10176 10182 10183 10184 10177 10185 10186 10187 10178 10188 10189 10190 10191 10195 10192 10196 10193 10197 10194 10198 10199
38 39 823 810 214 215 216 217 218 10200 10201 10202 10203 10204 10205 10206 10207 10208 10209 9689 9688 9687 9686 9685 10210 10214 10215 10216 10211 10217 10218 10219 10212 10220 10221 10222 10213 10223 10224 10225 10226 10230 10227 10231 10228 10232 10229 10233 10234
39 40 821 823 219 220 221 222 223 10235 10236 10237 10238 10239 10240 10241 10242 10243 10244 10204 10203 10202 10201 10200 10245 10249 10250 10251 10246 10252 10253 10254 10247 10255 10256 10257 10248 10258 10259 10260 10261 10265 10262 10266 10263 10267 10264 10268 10269
823 821 628 822 10244 10243 10242 10241 10240 10270 10271 10272 10273 10274 10275 10276 10277 10278 10279 10280 10281 10282 10283 10284 10285 10289 10290 10291 10286 10292 10293 10294 10287 10295 10296 10297 10288 10298 10299 10300 10301 10305 10302 10306 10303 10307 10304 10308 10309
810 823 822 625 10209 10208 10207 10206 10205 10284 10283 10282 10281 10280 10310 10311 10312 10313 10314 9724 9723 9722 9721 9720 10315 10319 10320 10321 10316 10322 10323 10324 10317 10325 10326 10327 10318 10328 10329 10330 10331 10335 10332 10336 10333 10337 10334 10338 10339
625 822 826 813 10314 10313 10312 10311 10310 10340 10341 10342 10343 10344 10345 10346 10347 10348 10349 9829 9828 9827 9826 9825 10350 10354 10355 10356 10351 10357 10358 10359 10352 10360 10361 10362 10353 10363 10364 10365 10366 10370 10367 10371 10368 10372 10369 10373 10374
822 628 824 826 10279 10278 10277 10276 10275 10375 10376 10377 10378 10379 10380 10381 10382 10383 10384 10344 10343 10342 10341 10340 10385 10389 10390 10391 10386 10392 10393 10394 10387 10395 10396 10397 10388 10398 10399 10400 10401 10405 10402 10406 10403 10407 10404 10408 10409
826 824 629 825 10384 10383 10382 10381 10380 10410 10411 10412 10413 10414 10415 10416 10417 10418 10419 10420 10421 10422 10423 10424 10425 10429 10430 10431 10426 10432 10433 10434 10427 10435 10436 10437 10428 10438 10439 10440 10441 10445 10442 10446 10443 10447 10444 10448 10449
813 826 825 626 10349 10348 10347 10346 10345 10424 10423 10422 10421 10420 10450 10451 10452 10453 10454 9864 9863 9862 9861 9860 10455 10459 10460 10461 10456 10462 10463 10464 10457 10465 10466 10467 10458 10468 10469 10470 10471 10475 10472 10476 10473 10477 10474 10478 10479
626 825 829 816 10454 10453 10452 10451 10450 10480 10481 10482 10483 10484 10485 10486 10487 10488 10489 9969 9968 9967 9966 9965 10490 10494 10495 10496 10491 10497 10498 10499 10492 10500 10501 10502 10493 10503 10504 10505 10506 10510 10507 10511 10508 10512 10509 10513 10514
825 629 827 829 10419 10418 10417 10416 10415 10515 10516 10517 10518 10519 10520 10521 10522 10523 10524 10484 10483 10482 10481 10480 10525 10529 10530 10531 10526 10532 10533 10534 10527 10535 10536 10537 10528 10538 10539 10540 10541 10545 10542 10546 10543 10547 10544 10548 10549
829 827 630 828 10524 10523 10522 10521 10520 10550 10551 10552 10553 10554 10555 10556 10557 10558 10559 10560 10561 10562 10563 10564 10565 10569 10570 10571 10566 10572 10573 10574 10567 10575 10576 10577 10568 10578 10579 10580 10581 10585 10582 10586 10583 10587 10584 10588 10589
816 829 828 627 10489 10488 10487 10486 10485 10564 10563 10562 10561 10560 10590 10591 10592 10593 10594 10004 10003 10002 10001 10000 10595 10599 10600 10601 10596 10602 10603 10604 10597 10605 10606 10607 10598 10608 10609 10610 10611 10615 10612 10616 10613 10617 10614 10618 10619
627 828 831 819 10594 10593 10592 10591 10590 10620 10621 10622 10623 10624 10625 10626 10627 10628 10629 10109 10108 10107 10106 10105 10630 10634 10635 10636 10631 10637 10638 10639 10632 10640 10641 10642 10633 10643 10644 10645 10646 10650 10647 10651 10648 10652 10649 10653 10654
828 630 830 831 10559 10558 10557 10556 10555 10655 10656 10657 10658 10659 10660 10661 10662 10663 10664 10624 10623 10622 10621 10620 10665 10669 10670 10671 10666 10672 10673 10674 10667 10675 10676 10677 10668 10678 10679 10680 10681 10685 10682 10686 10683 10687 10684 10688 10689
831 830 294 295 10664 10663 10662 10661 10660 10690 10691 10692 10693 10694 350 351 352 353 354 10695 10696 10697 10698 10699 10700 10704 10705 10706 10701 10707 10708 10709 10702 10710 10711 10712 10703 10713 10714 10715 10716 10720 10717 10721 10718 10722 10719 10723 10724
819 831 295 296 10629 10628 10627 10626 10625 10699 10698 10697 10696 10695 355 356 357 358 359 10144 10143 10142 10141 10140 10725 10729 10730 10731 10726 10732 10733 10734 10727 10735 10736 10737 10728 10738 10739 10740 10741 10745 10742 10746 10743 10747 10744 10748 10749
40 41 834 821 224 225 226 227 228 10750 10751 10752 10753 10754 10755 10756 10757 10758 10759 10239 10238 10237 10236 10235 10760 10764 10765 10766 10761 10767 10768 10769 10762 10770 10771 10772 10763 10773 10774 10775 10776 10780 10777 10781 10778 10782 10779 10783 10784
41 42 832 834 229 230 231 232 233 10785 10786 10787 10788 10789 10790 10791 10792 10793 10794 10754 10753 10752 10751 10750 10795 10799 10800 10801 10796 10802 10803 10804 10797 10805 10806 10807 10798 10808 10809 10810 10811 10815 10812 10816 10813 10817 10814 10818 10819
834 832 631 833 10794 10793 10792 10791 10790 10820 10821 10822 10823 10824 10825 10826 10827 10828 10829 10830 10831 10832 10833 10834 10835 10839 10840 10841 10836 10842 10843 10844 10837 10845 10846 10847 10838 10848 10849 10850 10851 10855 10852 10856 10853 10857 10854 10858 10859
821 834 833 628 10759 10758 10757 10756 10755 10834 10833 10832 10831 10830 10860 10861 10862 10863 10864 10274 10273 10272 10271 10270 10865 10869 10870 10871 10866 10872 10873 10874 10867 10875 10876 10877 10868 10878 10879 10880 10881 10885 10882 10886 10883 10887 10884 10888 10889
628 833 837 824 10864 10863 10862 10861 10860 10890 10891 10892 10893 10894 10895 10896 10897 10898 10899 10379 10378 10377 10376 10375 10900 10904 10905 10906 10901 10907 10908 10909 10902 10910 10911 10912 10903 10913 10914 10915 10916 10920 10917 10921 10918 10922 10919 10923 10924
833 631 835 837 10829 10828 10827 10826 10825 10925 10926 10927 10928 10929 10930 10931 10932 10933 10934 10894 10893 10892 10891 10890 10935 10939 10940 10941 10936 10942 10943 10944 10937 10945 10946 10947 10938 10948 10949 10950 10951 10955 10952 10956 10953 10957 10954 10958 10959
837 835 632 836 10934 10933 10932 10931 10930 10960 10961 10962 10963 10964 10965 10966 10967 10968 10969 10970 10971 10972 10973 10974 10975 10979 10980 10981 10976 10982 10983 10984 10977 10985 10986 10987 10978 10988 10989 10990 10991 10995 10992 10996 10993 10997 10994 10998 10999
824 837 836 629 10899 10898 10897 10896 10895 10974 10973 10972 10971 10970 11000 11001 11002 11003 11004 10414 10413 10412 10411 10410 11005 11009 11010 11011 11006 11012 11013 11014 11007 11015 11016 11017 11008 11018 11019 11020 11021 11025 11022 11026 11023 11027 11024 11028 11029
629 836 840 827 11004 11003 11002 11001 11000 11030 11031 11032 11033 11034 11035 11036 11037 11038 11039 10519 10518 10517 10516 10515 11040 11044 11045 11046 11041 11047 11048 11049 11042 11050 11051 11052 11043 11053 11054 11055 11056 11060 11057 11061 11058 11062 11059 11063 11064
836 632 838 840 10969 10968 10967 10966 10965 11065 11066 11067 11068 11069 11070 11071 11072 11073 11074 11034 11033 11032 11031 11030 11075 11079 11080 11081 11076 11082 11083 11084 11077 11085 11086 11087 11078 11088 11089 11090 11091 11095 11092 11096 11093 11097 11094 11098 11099
840 838 633 839 11074 11073 11072 11071 11070 11100 11101 11102 11103 11104 11105 11106 11107 11108 11109 11110 11111 11112 11113 11114 11115 11119 11120 11121 11116 11122 11123 11124 11117 11125 11126 11127 11118 11128 11129 11130 11131 11135 11132 11136 11133 11137 11134 11138 11139
827 840 839 630 11039 11038 11037 11036 11035 11114 11113 11112 11111 11110 11140 11141 11142 11143 11144 10554 10553 10552 10551 10550 11145 11149 11150 11151 11146 11152 11153 11154 11147 11155 11156 11157 11148 11158 11159 11160 11161 11165 11162 11166 11163 11167 11164 11168 11169
630 839 842 830 11144 11143 11142 11141 11140 11170 11171 11172 11173 11174 11175 11176 11177 11178 11179 10659 10658 10657 10656 10655 11180 11184 11185 11186 11181 11187 11188 11189 11182 11190 11191 11192 11183 11193 11194 11195 11196 11200 11197 11201 11198 11202 11199 11203 11204
839 633 841 842 11109 11108 11107 11106 11105 11205 11206 11207 11208 11209 11210 11211 11212 11213 11214 11174 11173 11172 11171 11170 11215 11219 11220 11221 11216 11222 11223 11224 11217 11225 11226 11227 11218 11228 11229 11230 11231 11235 11232 11236 11233 11237 11234 11238 11239
842 841 292 293 11214 11213 11212 11211 11210 11240 11241 11242 11243 11244 340 341 342 343 344 11245 11246 11247 11248 11249 11250 11254 11255 11256 11251 11257 11258 11259 11252 11260 11261 11262 11253 11263 11264 11265 11266 11270 11267 11271 11268 11272 11269 11273 11274
830 842 293 294 11179 11178 11177 11176 11175 11249 11248 11247 11246 11245 345 346 347 348 349 10694 10693 10692 10691 10690 11275 11279 11280 11281 11276 11282 11283 11284 11277 11285 11286 11287 11278 11288 11289 11290 11291 11295 11292 11296 11293 11297 11294 11298 11299
42 43 844 832 234 235 236 237 238 11300 11301 11302 11303 11304 11305 11306 11307 11308 11309 10789 10788 10787 10786 10785 11310 11314 11315 11316 11311 11317 11318 11319 11312 11320 11321 11322 11313 11323 11324 11325 11326 11330 11327 11331 11328 11332 11329 11333 11334
43 2 244 844 239 240 241 242 243 251 252 253 254 255 11335 11336 11337 11338 11339 11304 11303 11302 11301 11300 11340 11344 11345 11346 11341 11347 11348 11349 11342 11350 11351 11352 11343 11353 11354 11355 11356 11360 11357 11361 11358 11362 11359 11363 11364
844 244 245 843 11339 11338 11337 11336 11335 256 257 258 259 260 11365 11366 11367 11368 11369 11370 11371 11372 11373 11374 11375 11379 11380 11381 11376 11382 11383 11384 11377 11385 11386 11387 11378 11388 11389 11390 11391 11395 11392 11396 11393 11397 11394 11398 11399
832 844 843 631 11309 11308 11307 11306 11305 11374 11373 11372 11371 11370 11400 11401 11402 11403 11404 10824 10823 10822 10821 10820 11405 11409 11410 11411 11406 11412 11413 11414 11407 11415 11416 11417 11408 11418 11419 11420 11421 11425 11422 11426 11423 11427 11424 11428 11429
631 843 846 835 11404 11403 11402 11401 11400 11430 11431 11432 11433 11434 11435 11436 11437 11438 11439 10929 10928 10927 10926 10925 11440 11444 11445 11446 11441 11447 11448 11449 11442 11450 11451 11452 11443 11453 11454 11455 11456 11460 11457 11461 11458 11462 11459 11463 11464
843 245 246 846 11369 11368 11367 11366 11365 261 262 263 264 265 11465 11466 11467 11468 11469 11434 11433 11432 11431 11430 11470 11474 11475 11476 11471 11477 11478 11479 11472 11480 11481 11482 11473 11483 11484 11485 11486 11490 11487 11491 11488 11492 11489 11493 11494
846 246 247 845 11469 11468 11467 11466 11465 266 267 268 269 270 11495 11496 11497 11498 11499 11500 11501 11502 11503 11504 11505 11509 11510 11511 11506 11512 11513 11514 11507 11515 11516 11517 11508 11518 11519 11520 11521 11525 11522 11526 11523 11527 11524 11528 11529
835 846 845 632 11439 11438 11437 11436 11435 11504 11503 11502 11501 11500 11530 11531 11532 11533 11534 10964 10963 10962 10961 10960 11535 11539 11540 11541 11536 11542 11543 11544 11537 11545 11546 11547 11538 11548 11549 11550 11551 11555 11552 11556 11553 11557 11554 11558 11559
632 845 848 838 11534 11533 11532 11531 11530 11560 11561 11562 11563 11564 11565 11566 11567 11568 11569 11069 11068 11067 11066 11065 11570 11574 11575 11576 11571 11577 11578 11579 11572 11580 11581 11582 11573 11583 11584 11585 11586 11590 11587 11591 11588 11592 11589 11593 11594
845 247 248 848 11499 11498 11497 11496 11495 271 272 273 274 275 11595 11596 11597 11598 11599 11564 11563 11562 11561 11560 11600 11604 11605 11606 11601 11607 11608 11609 11602 11610 11611 11612 11603 11613 11614 11615 11616 11620 11617 11621 11618 11622 11619 11623 11624
848 248 249 847 11599 11598 11597 11596 11595 276 277 278 279 280 11625 11626 11627 11628 11629 11630 11631 11632 11633 11634 11635 11639 11640 11641 11636 11642 11643 11644 11637 11645 11646 11647 11638 11648 11649 11650 11651 11655 11652 11656 11653 11657 11654 11658 11659
838 848 847 633 11569 11568 11567 11566 11565 11634 11633 11632 11631 11630 11660 11661 11662 11663 11664 11104 11103 11102 11101 11100 11665 11669 11670 11671 11666 11672 11673 11674 11667 11675 11676 11677 11668 11678 11679 11680 11681 11685 11682 11686 11683 11687 11684 11688 11689
633 847 849 841 11664 11663 11662 11661 11660 11690 11691 11692 11693 11694 11695 11696 11697 11698 11699 11209 11208 11207 11206 11205 11700 11704 11705 11706 11701 11707 11708 11709 11702 11710 11711 11712 11703 11713 11714 11715 11716 11720 11717 11721 11718 11722 11719 11723 11724
847 249 250 849 11629 11628 11627 11626 11625 281 282 283 284 285 11725 11726 11727 11728 11729 11694 11693 11692 11691 11690 11730 11734 11735 11736 11731 11737 11738 11739 11732 11740 11741 11742 11733 11743 11744 11745 11746 11750 11747 11751 11748 11752 11749 11753 11754
849 250 3 291 11729 11728 11727 11726 11725 286 287 288 289 290 330 331 332 333 334 11755 11756 11757 11758 11759 11760 11764 11765 11766 11761 11767 11768 11769 11762 11770 11771 11772 11763 11773 11774 11775 11776 11780 11777 11781 11778 11782 11779 11783 11784
841 849 291 292 11699 11698 11697 11696 11695 11759 11758 11757 11756 11755 335 336 337 338 339 11244 11243 11242 11241 11240 11785 11789 11790 11791 11786 11792 11793 11794 11787 11795 11796 11797 11788 11798 11799 11800 11801 11805 11802 11806 11803 11807 11804 11808 11809
