1 1 1 1 1 5 562 264
2 1 1 1 5 6 560 562
3 1 1 1 562 560 265 561
4 1 1 1 264 562 561 263
5 1 1 1 263 561 565 262
6 1 1 1 561 265 563 565
7 1 1 1 565 563 266 564
8 1 1 1 262 565 564 261
9 1 1 1 261 564 568 260
10 1 1 1 564 266 566 568
11 1 1 1 568 566 267 567
12 1 1 1 260 568 567 259
13 1 1 1 259 567 571 258
14 1 1 1 567 267 569 571
15 1 1 1 571 569 268 570
16 1 1 1 258 571 570 257
17 1 1 1 257 570 574 256
18 1 1 1 570 268 572 574
19 1 1 1 574 572 269 573
20 1 1 1 256 574 573 255
21 1 1 1 255 573 576 254
22 1 1 1 573 269 575 576
23 1 1 1 576 575 252 253
24 1 1 1 254 576 253 4
25 1 1 1 6 7 579 560
26 1 1 1 7 8 577 579
27 1 1 1 579 577 270 578
28 1 1 1 560 579 578 265
29 1 1 1 265 578 582 563
30 1 1 1 578 270 580 582
31 1 1 1 582 580 271 581
32 1 1 1 563 582 581 266
33 1 1 1 266 581 585 566
34 1 1 1 581 271 583 585
35 1 1 1 585 583 272 584
36 1 1 1 566 585 584 267
37 1 1 1 267 584 588 569
38 1 1 1 584 272 586 588
39 1 1 1 588 586 273 587
40 1 1 1 569 588 587 268
41 1 1 1 268 587 591 572
42 1 1 1 587 273 589 591
43 1 1 1 591 589 274 590
44 1 1 1 572 591 590 269
45 1 1 1 269 590 593 575
46 1 1 1 590 274 592 593
47 1 1 1 593 592 250 251
48 1 1 1 575 593 251 252
49 1 1 1 8 9 596 577
50 1 1 1 9 10 594 596
51 1 1 1 596 594 275 595
52 1 1 1 577 596 595 270
53 1 1 1 270 595 599 580
54 1 1 1 595 275 597 599
55 1 1 1 599 597 276 598
56 1 1 1 580 599 598 271
57 1 1 1 271 598 602 583
58 1 1 1 598 276 600 602
59 1 1 1 602 600 277 601
60 1 1 1 583 602 601 272
61 1 1 1 272 601 605 586
62 1 1 1 601 277 603 605
63 1 1 1 605 603 278 604
64 1 1 1 586 605 604 273
65 1 1 1 273 604 608 589
66 1 1 1 604 278 606 608
67 1 1 1 608 606 279 607
68 1 1 1 589 608 607 274
69 1 1 1 274 607 610 592
70 1 1 1 607 279 609 610
71 1 1 1 610 609 248 249
72 1 1 1 592 610 249 250
73 1 1 1 10 11 613 594
74 1 1 1 11 12 611 613
75 1 1 1 613 611 280 612
76 1 1 1 594 613 612 275
77 1 1 1 275 612 616 597
78 1 1 1 612 280 614 616
79 1 1 1 616 614 281 615
80 1 1 1 597 616 615 276
81 1 1 1 276 615 619 600
82 1 1 1 615 281 617 619
83 1 1 1 619 617 282 618
84 1 1 1 600 619 618 277
85 1 1 1 277 618 622 603
86 1 1 1 618 282 620 622
87 1 1 1 622 620 283 621
88 1 1 1 603 622 621 278
89 1 1 1 278 621 625 606
90 1 1 1 621 283 623 625
91 1 1 1 625 623 284 624
92 1 1 1 606 625 624 279
93 1 1 1 279 624 627 609
94 1 1 1 624 284 626 627
95 1 1 1 627 626 246 247
96 1 1 1 609 627 247 248
97 1 1 1 12 13 630 611
98 1 1 1 13 14 628 630
99 1 1 1 630 628 285 629
100 1 1 1 611 630 629 280
101 1 1 1 280 629 633 614
102 1 1 1 629 285 631 633
103 1 1 1 633 631 286 632
104 1 1 1 614 633 632 281
105 1 1 1 281 632 636 617
106 1 1 1 632 286 634 636
107 1 1 1 636 634 287 635
108 1 1 1 617 636 635 282
109 1 1 1 282 635 639 620
110 1 1 1 635 287 637 639
111 1 1 1 639 637 288 638
112 1 1 1 620 639 638 283
113 1 1 1 283 638 642 623
114 1 1 1 638 288 640 642
115 1 1 1 642 640 289 641
116 1 1 1 623 642 641 284
117 1 1 1 284 641 644 626
118 1 1 1 641 289 643 644
119 1 1 1 644 643 244 245
120 1 1 1 626 644 245 246
121 1 1 1 14 15 647 628
122 1 1 1 15 16 645 647
123 1 1 1 647 645 290 646
124 1 1 1 628 647 646 285
125 1 1 1 285 646 650 631
126 1 1 1 646 290 648 650
127 1 1 1 650 648 291 649
128 1 1 1 631 650 649 286
129 1 1 1 286 649 653 634
130 1 1 1 649 291 651 653
131 1 1 1 653 651 292 652
132 1 1 1 634 653 652 287
133 1 1 1 287 652 656 637
134 1 1 1 652 292 654 656
135 1 1 1 656 654 293 655
136 1 1 1 637 656 655 288
137 1 1 1 288 655 659 640
138 1 1 1 655 293 657 659
139 1 1 1 659 657 294 658
140 1 1 1 640 659 658 289
141 1 1 1 289 658 661 643
142 1 1 1 658 294 660 661
143 1 1 1 661 660 242 243
144 1 1 1 643 661 243 244
145 1 1 1 16 17 664 645
146 1 1 1 17 18 662 664
147 1 1 1 664 662 295 663
148 1 1 1 645 664 663 290
149 1 1 1 290 663 667 648
150 1 1 1 663 295 665 667
151 1 1 1 667 665 296 666
152 1 1 1 648 667 666 291
153 1 1 1 291 666 670 651
154 1 1 1 666 296 668 670
155 1 1 1 670 668 297 669
156 1 1 1 651 670 669 292
157 1 1 1 292 669 673 654
158 1 1 1 669 297 671 673
159 1 1 1 673 671 298 672
160 1 1 1 654 673 672 293
161 1 1 1 293 672 676 657
162 1 1 1 672 298 674 676
163 1 1 1 676 674 299 675
164 1 1 1 657 676 675 294
165 1 1 1 294 675 678 660
166 1 1 1 675 299 677 678
167 1 1 1 678 677 240 241
168 1 1 1 660 678 241 242
169 1 1 1 18 19 681 662
170 1 1 1 19 20 679 681
171 1 1 1 681 679 300 680
172 1 1 1 662 681 680 295
173 1 1 1 295 680 684 665
174 1 1 1 680 300 682 684
175 1 1 1 684 682 301 683
176 1 1 1 665 684 683 296
177 1 1 1 296 683 687 668
178 1 1 1 683 301 685 687
179 1 1 1 687 685 302 686
180 1 1 1 668 687 686 297
181 1 1 1 297 686 690 671
182 1 1 1 686 302 688 690
183 1 1 1 690 688 303 689
184 1 1 1 671 690 689 298
185 1 1 1 298 689 693 674
186 1 1 1 689 303 691 693
187 1 1 1 693 691 304 692
188 1 1 1 674 693 692 299
189 1 1 1 299 692 695 677
190 1 1 1 692 304 694 695
191 1 1 1 695 694 238 239
192 1 1 1 677 695 239 240
193 1 1 1 20 21 698 679
194 1 1 1 21 22 696 698
195 1 1 1 698 696 305 697
196 1 1 1 679 698 697 300
197 1 1 1 300 697 701 682
198 1 1 1 697 305 699 701
199 1 1 1 701 699 306 700
200 1 1 1 682 701 700 301
201 1 1 1 301 700 704 685
202 1 1 1 700 306 702 704
203 1 1 1 704 702 307 703
204 1 1 1 685 704 703 302
205 1 1 1 302 703 707 688
206 1 1 1 703 307 705 707
207 1 1 1 707 705 308 706
208 1 1 1 688 707 706 303
209 1 1 1 303 706 710 691
210 1 1 1 706 308 708 710
211 1 1 1 710 708 309 709
212 1 1 1 691 710 709 304
213 1 1 1 304 709 712 694
214 1 1 1 709 309 711 712
215 1 1 1 712 711 236 237
216 1 1 1 694 712 237 238
217 1 1 1 22 23 715 696
218 1 1 1 23 24 713 715
219 1 1 1 715 713 310 714
220 1 1 1 696 715 714 305
221 1 1 1 305 714 718 699
222 1 1 1 714 310 716 718
223 1 1 1 718 716 311 717
224 1 1 1 699 718 717 306
225 1 1 1 306 717 721 702
226 1 1 1 717 311 719 721
227 1 1 1 721 719 312 720
228 1 1 1 702 721 720 307
229 1 1 1 307 720 724 705
230 1 1 1 720 312 722 724
231 1 1 1 724 722 313 723
232 1 1 1 705 724 723 308
233 1 1 1 308 723 727 708
234 1 1 1 723 313 725 727
235 1 1 1 727 725 314 726
236 1 1 1 708 727 726 309
237 1 1 1 309 726 729 711
238 1 1 1 726 314 728 729
239 1 1 1 729 728 234 235
240 1 1 1 711 729 235 236
241 1 1 1 24 25 732 713
242 1 1 1 25 26 730 732
243 1 1 1 732 730 315 731
244 1 1 1 713 732 731 310
245 1 1 1 310 731 735 716
246 1 1 1 731 315 733 735
247 1 1 1 735 733 316 734
248 1 1 1 716 735 734 311
249 1 1 1 311 734 738 719
250 1 1 1 734 316 736 738
251 1 1 1 738 736 317 737
252 1 1 1 719 738 737 312
253 1 1 1 312 737 741 722
254 1 1 1 737 317 739 741
255 1 1 1 741 739 318 740
256 1 1 1 722 741 740 313
257 1 1 1 313 740 744 725
258 1 1 1 740 318 742 744
259 1 1 1 744 742 319 743
260 1 1 1 725 744 743 314
261 1 1 1 314 743 746 728
262 1 1 1 743 319 745 746
263 1 1 1 746 745 232 233
264 1 1 1 728 746 233 234
265 1 1 1 26 27 749 730
266 1 1 1 27 28 747 749
267 1 1 1 749 747 320 748
268 1 1 1 730 749 748 315
269 1 1 1 315 748 752 733
270 1 1 1 748 320 750 752
271 1 1 1 752 750 321 751
272 1 1 1 733 752 751 316
273 1 1 1 316 751 755 736
274 1 1 1 751 321 753 755
275 1 1 1 755 753 322 754
276 1 1 1 736 755 754 317
277 1 1 1 317 754 758 739
278 1 1 1 754 322 756 758
279 1 1 1 758 756 323 757
280 1 1 1 739 758 757 318
281 1 1 1 318 757 761 742
282 1 1 1 757 323 759 761
283 1 1 1 761 759 324 760
284 1 1 1 742 761 760 319
285 1 1 1 319 760 763 745
286 1 1 1 760 324 762 763
287 1 1 1 763 762 230 231
288 1 1 1 745 763 231 232
289 1 1 1 28 29 766 747
290 1 1 1 29 30 764 766
291 1 1 1 766 764 325 765
292 1 1 1 747 766 765 320
293 1 1 1 320 765 769 750
294 1 1 1 765 325 767 769
295 1 1 1 769 767 326 768
296 1 1 1 750 769 768 321
297 1 1 1 321 768 772 753
298 1 1 1 768 326 770 772
299 1 1 1 772 770 327 771
300 1 1 1 753 772 771 322
301 1 1 1 322 771 775 756
302 1 1 1 771 327 773 775
303 1 1 1 775 773 328 774
304 1 1 1 756 775 774 323
305 1 1 1 323 774 778 759
306 1 1 1 774 328 776 778
307 1 1 1 778 776 329 777
308 1 1 1 759 778 777 324
309 1 1 1 324 777 780 762
310 1 1 1 777 329 779 780
311 1 1 1 780 779 228 229
312 1 1 1 762 780 229 230
313 1 1 1 30 31 783 764
314 1 1 1 31 32 781 783
315 1 1 1 783 781 330 782
316 1 1 1 764 783 782 325
317 1 1 1 325 782 786 767
318 1 1 1 782 330 784 786
319 1 1 1 786 784 331 785
320 1 1 1 767 786 785 326
321 1 1 1 326 785 789 770
322 1 1 1 785 331 787 789
323 1 1 1 789 787 332 788
324 1 1 1 770 789 788 327
325 1 1 1 327 788 792 773
326 1 1 1 788 332 790 792
327 1 1 1 792 790 333 791
328 1 1 1 773 792 791 328
329 1 1 1 328 791 795 776
330 1 1 1 791 333 793 795
331 1 1 1 795 793 334 794
332 1 1 1 776 795 794 329
333 1 1 1 329 794 797 779
334 1 1 1 794 334 796 797
335 1 1 1 797 796 226 227
336 1 1 1 779 797 227 228
337 1 1 1 32 33 800 781
338 1 1 1 33 34 798 800
339 1 1 1 800 798 335 799
340 1 1 1 781 800 799 330
341 1 1 1 330 799 803 784
342 1 1 1 799 335 801 803
343 1 1 1 803 801 336 802
344 1 1 1 784 803 802 331
345 1 1 1 331 802 806 787
346 1 1 1 802 336 804 806
347 1 1 1 806 804 337 805
348 1 1 1 787 806 805 332
349 1 1 1 332 805 809 790
350 1 1 1 805 337 807 809
351 1 1 1 809 807 338 808
352 1 1 1 790 809 808 333
353 1 1 1 333 808 812 793
354 1 1 1 808 338 810 812
355 1 1 1 812 810 339 811
356 1 1 1 793 812 811 334
357 1 1 1 334 811 814 796
358 1 1 1 811 339 813 814
359 1 1 1 814 813 224 225
360 1 1 1 796 814 225 226
361 1 1 1 34 35 817 798
362 1 1 1 35 36 815 817
363 1 1 1 817 815 340 816
364 1 1 1 798 817 816 335
365 1 1 1 335 816 820 801
366 1 1 1 816 340 818 820
367 1 1 1 820 818 341 819
368 1 1 1 801 820 819 336
369 1 1 1 336 819 823 804
370 1 1 1 819 341 821 823
371 1 1 1 823 821 342 822
372 1 1 1 804 823 822 337
373 1 1 1 337 822 826 807
374 1 1 1 822 342 824 826
375 1 1 1 826 824 343 825
376 1 1 1 807 826 825 338
377 1 1 1 338 825 829 810
378 1 1 1 825 343 827 829
379 1 1 1 829 827 344 828
380 1 1 1 810 829 828 339
381 1 1 1 339 828 831 813
382 1 1 1 828 344 830 831
383 1 1 1 831 830 222 223
384 1 1 1 813 831 223 224
385 1 1 1 36 37 834 815
386 1 1 1 37 38 832 834
387 1 1 1 834 832 345 833
388 1 1 1 815 834 833 340
389 1 1 1 340 833 837 818
390 1 1 1 833 345 835 837
391 1 1 1 837 835 346 836
392 1 1 1 818 837 836 341
393 1 1 1 341 836 840 821
394 1 1 1 836 346 838 840
395 1 1 1 840 838 347 839
396 1 1 1 821 840 839 342
397 1 1 1 342 839 843 824
398 1 1 1 839 347 841 843
399 1 1 1 843 841 348 842
400 1 1 1 824 843 842 343
401 1 1 1 343 842 846 827
402 1 1 1 842 348 844 846
403 1 1 1 846 844 349 845
404 1 1 1 827 846 845 344
405 1 1 1 344 845 848 830
406 1 1 1 845 349 847 848
407 1 1 1 848 847 220 221
408 1 1 1 830 848 221 222
409 1 1 1 38 39 851 832
410 1 1 1 39 40 849 851
411 1 1 1 851 849 350 850
412 1 1 1 832 851 850 345
413 1 1 1 345 850 854 835
414 1 1 1 850 350 852 854
415 1 1 1 854 852 351 853
416 1 1 1 835 854 853 346
417 1 1 1 346 853 857 838
418 1 1 1 853 351 855 857
419 1 1 1 857 855 352 856
420 1 1 1 838 857 856 347
421 1 1 1 347 856 860 841
422 1 1 1 856 352 858 860
423 1 1 1 860 858 353 859
424 1 1 1 841 860 859 348
425 1 1 1 348 859 863 844
426 1 1 1 859 353 861 863
427 1 1 1 863 861 354 862
428 1 1 1 844 863 862 349
429 1 1 1 349 862 865 847
430 1 1 1 862 354 864 865
431 1 1 1 865 864 218 219
432 1 1 1 847 865 219 220
433 1 1 1 40 41 868 849
434 1 1 1 41 42 866 868
435 1 1 1 868 866 355 867
436 1 1 1 849 868 867 350
437 1 1 1 350 867 871 852
438 1 1 1 867 355 869 871
439 1 1 1 871 869 356 870
440 1 1 1 852 871 870 351
441 1 1 1 351 870 874 855
442 1 1 1 870 356 872 874
443 1 1 1 874 872 357 873
444 1 1 1 855 874 873 352
445 1 1 1 352 873 877 858
446 1 1 1 873 357 875 877
447 1 1 1 877 875 358 876
448 1 1 1 858 877 876 353
449 1 1 1 353 876 880 861
450 1 1 1 876 358 878 880
451 1 1 1 880 878 359 879
452 1 1 1 861 880 879 354
453 1 1 1 354 879 882 864
454 1 1 1 879 359 881 882
455 1 1 1 882 881 216 217
456 1 1 1 864 882 217 218
457 1 1 1 42 43 885 866
458 1 1 1 43 44 883 885
459 1 1 1 885 883 360 884
460 1 1 1 866 885 884 355
461 1 1 1 355 884 888 869
462 1 1 1 884 360 886 888
463 1 1 1 888 886 361 887
464 1 1 1 869 888 887 356
465 1 1 1 356 887 891 872
466 1 1 1 887 361 889 891
467 1 1 1 891 889 362 890
468 1 1 1 872 891 890 357
469 1 1 1 357 890 894 875
470 1 1 1 890 362 892 894
471 1 1 1 894 892 363 893
472 1 1 1 875 894 893 358
473 1 1 1 358 893 897 878
474 1 1 1 893 363 895 897
475 1 1 1 897 895 364 896
476 1 1 1 878 897 896 359
477 1 1 1 359 896 899 881
478 1 1 1 896 364 898 899
479 1 1 1 899 898 214 215
480 1 1 1 881 899 215 216
481 1 1 1 44 45 902 883
482 1 1 1 45 46 900 902
483 1 1 1 902 900 365 901
484 1 1 1 883 902 901 360
485 1 1 1 360 901 905 886
486 1 1 1 901 365 903 905
487 1 1 1 905 903 366 904
488 1 1 1 886 905 904 361
489 1 1 1 361 904 908 889
490 1 1 1 904 366 906 908
491 1 1 1 908 906 367 907
492 1 1 1 889 908 907 362
493 1 1 1 362 907 911 892
494 1 1 1 907 367 909 911
495 1 1 1 911 909 368 910
496 1 1 1 892 911 910 363
497 1 1 1 363 910 914 895
498 1 1 1 910 368 912 914
499 1 1 1 914 912 369 913
500 1 1 1 895 914 913 364
501 1 1 1 364 913 916 898
502 1 1 1 913 369 915 916
503 1 1 1 916 915 212 213
504 1 1 1 898 916 213 214
505 1 1 1 46 47 919 900
506 1 1 1 47 48 917 919
507 1 1 1 919 917 370 918
508 1 1 1 900 919 918 365
509 1 1 1 365 918 922 903
510 1 1 1 918 370 920 922
511 1 1 1 922 920 371 921
512 1 1 1 903 922 921 366
513 1 1 1 366 921 925 906
514 1 1 1 921 371 923 925
515 1 1 1 925 923 372 924
516 1 1 1 906 925 924 367
517 1 1 1 367 924 928 909
518 1 1 1 924 372 926 928
519 1 1 1 928 926 373 927
520 1 1 1 909 928 927 368
521 1 1 1 368 927 931 912
522 1 1 1 927 373 929 931
523 1 1 1 931 929 374 930
524 1 1 1 912 931 930 369
525 1 1 1 369 930 933 915
526 1 1 1 930 374 932 933
527 1 1 1 933 932 210 211
528 1 1 1 915 933 211 212
529 1 1 1 48 49 936 917
530 1 1 1 49 50 934 936
531 1 1 1 936 934 375 935
532 1 1 1 917 936 935 370
533 1 1 1 370 935 939 920
534 1 1 1 935 375 937 939
535 1 1 1 939 937 376 938
536 1 1 1 920 939 938 371
537 1 1 1 371 938 942 923
538 1 1 1 938 376 940 942
539 1 1 1 942 940 377 941
540 1 1 1 923 942 941 372
541 1 1 1 372 941 945 926
542 1 1 1 941 377 943 945
543 1 1 1 945 943 378 944
544 1 1 1 926 945 944 373
545 1 1 1 373 944 948 929
546 1 1 1 944 378 946 948
547 1 1 1 948 946 379 947
548 1 1 1 929 948 947 374
549 1 1 1 374 947 950 932
550 1 1 1 947 379 949 950
551 1 1 1 950 949 208 209
552 1 1 1 932 950 209 210
553 1 1 1 50 51 953 934
554 1 1 1 51 52 951 953
555 1 1 1 953 951 380 952
556 1 1 1 934 953 952 375
557 1 1 1 375 952 956 937
558 1 1 1 952 380 954 956
559 1 1 1 956 954 381 955
560 1 1 1 937 956 955 376
561 1 1 1 376 955 959 940
562 1 1 1 955 381 957 959
563 1 1 1 959 957 382 958
564 1 1 1 940 959 958 377
565 1 1 1 377 958 962 943
566 1 1 1 958 382 960 962
567 1 1 1 962 960 383 961
568 1 1 1 943 962 961 378
569 1 1 1 378 961 965 946
570 1 1 1 961 383 963 965
571 1 1 1 965 963 384 964
572 1 1 1 946 965 964 379
573 1 1 1 379 964 967 949
574 1 1 1 964 384 966 967
575 1 1 1 967 966 206 207
576 1 1 1 949 967 207 208
577 1 1 1 52 53 970 951
578 1 1 1 53 54 968 970
579 1 1 1 970 968 385 969
580 1 1 1 951 970 969 380
581 1 1 1 380 969 973 954
582 1 1 1 969 385 971 973
583 1 1 1 973 971 386 972
584 1 1 1 954 973 972 381
585 1 1 1 381 972 976 957
586 1 1 1 972 386 974 976
587 1 1 1 976 974 387 975
588 1 1 1 957 976 975 382
589 1 1 1 382 975 979 960
590 1 1 1 975 387 977 979
591 1 1 1 979 977 388 978
592 1 1 1 960 979 978 383
593 1 1 1 383 978 982 963
594 1 1 1 978 388 980 982
595 1 1 1 982 980 389 981
596 1 1 1 963 982 981 384
597 1 1 1 384 981 984 966
598 1 1 1 981 389 983 984
599 1 1 1 984 983 204 205
600 1 1 1 966 984 205 206
601 1 1 1 54 55 987 968
602 1 1 1 55 56 985 987
603 1 1 1 987 985 390 986
604 1 1 1 968 987 986 385
605 1 1 1 385 986 990 971
606 1 1 1 986 390 988 990
607 1 1 1 990 988 391 989
608 1 1 1 971 990 989 386
609 1 1 1 386 989 993 974
610 1 1 1 989 391 991 993
611 1 1 1 993 991 392 992
612 1 1 1 974 993 992 387
613 1 1 1 387 992 996 977
614 1 1 1 992 392 994 996
615 1 1 1 996 994 393 995
616 1 1 1 977 996 995 388
617 1 1 1 388 995 999 980
618 1 1 1 995 393 997 999
619 1 1 1 999 997 394 998
620 1 1 1 980 999 998 389
621 1 1 1 389 998 1001 983
622 1 1 1 998 394 1000 1001
623 1 1 1 1001 1000 202 203
624 1 1 1 983 1001 203 204
625 1 1 1 56 57 1004 985
626 1 1 1 57 58 1002 1004
627 1 1 1 1004 1002 395 1003
628 1 1 1 985 1004 1003 390
629 1 1 1 390 1003 1007 988
630 1 1 1 1003 395 1005 1007
631 1 1 1 1007 1005 396 1006
632 1 1 1 988 1007 1006 391
633 1 1 1 391 1006 1010 991
634 1 1 1 1006 396 1008 1010
635 1 1 1 1010 1008 397 1009
636 1 1 1 991 1010 1009 392
637 1 1 1 392 1009 1013 994
638 1 1 1 1009 397 1011 1013
639 1 1 1 1013 1011 398 1012
640 1 1 1 994 1013 1012 393
641 1 1 1 393 1012 1016 997
642 1 1 1 1012 398 1014 1016
643 1 1 1 1016 1014 399 1015
644 1 1 1 997 1016 1015 394
645 1 1 1 394 1015 1018 1000
646 1 1 1 1015 399 1017 1018
647 1 1 1 1018 1017 200 201
648 1 1 1 1000 1018 201 202
649 1 1 1 58 59 1021 1002
650 1 1 1 59 60 1019 1021
651 1 1 1 1021 1019 400 1020
652 1 1 1 1002 1021 1020 395
653 1 1 1 395 1020 1024 1005
654 1 1 1 1020 400 1022 1024
655 1 1 1 1024 1022 401 1023
656 1 1 1 1005 1024 1023 396
657 1 1 1 396 1023 1027 1008
658 1 1 1 1023 401 1025 1027
659 1 1 1 1027 1025 402 1026
660 1 1 1 1008 1027 1026 397
661 1 1 1 397 1026 1030 1011
662 1 1 1 1026 402 1028 1030
663 1 1 1 1030 1028 403 1029
664 1 1 1 1011 1030 1029 398
665 1 1 1 398 1029 1033 1014
666 1 1 1 1029 403 1031 1033
667 1 1 1 1033 1031 404 1032
668 1 1 1 1014 1033 1032 399
669 1 1 1 399 1032 1035 1017
670 1 1 1 1032 404 1034 1035
671 1 1 1 1035 1034 198 199
672 1 1 1 1017 1035 199 200
673 1 1 1 60 61 1038 1019
674 1 1 1 61 62 1036 1038
675 1 1 1 1038 1036 405 1037
676 1 1 1 1019 1038 1037 400
677 1 1 1 400 1037 1041 1022
678 1 1 1 1037 405 1039 1041
679 1 1 1 1041 1039 406 1040
680 1 1 1 1022 1041 1040 401
681 1 1 1 401 1040 1044 1025
682 1 1 1 1040 406 1042 1044
683 1 1 1 1044 1042 407 1043
684 1 1 1 1025 1044 1043 402
685 1 1 1 402 1043 1047 1028
686 1 1 1 1043 407 1045 1047
687 1 1 1 1047 1045 408 1046
688 1 1 1 1028 1047 1046 403
689 1 1 1 403 1046 1050 1031
690 1 1 1 1046 408 1048 1050
691 1 1 1 1050 1048 409 1049
692 1 1 1 1031 1050 1049 404
693 1 1 1 404 1049 1052 1034
694 1 1 1 1049 409 1051 1052
695 1 1 1 1052 1051 196 197
696 1 1 1 1034 1052 197 198
697 1 1 1 62 63 1055 1036
698 1 1 1 63 64 1053 1055
699 1 1 1 1055 1053 410 1054
700 1 1 1 1036 1055 1054 405
701 1 1 1 405 1054 1058 1039
702 1 1 1 1054 410 1056 1058
703 1 1 1 1058 1056 411 1057
704 1 1 1 1039 1058 1057 406
705 1 1 1 406 1057 1061 1042
706 1 1 1 1057 411 1059 1061
707 1 1 1 1061 1059 412 1060
708 1 1 1 1042 1061 1060 407
709 1 1 1 407 1060 1064 1045
710 1 1 1 1060 412 1062 1064
711 1 1 1 1064 1062 413 1063
712 1 1 1 1045 1064 1063 408
713 1 1 1 408 1063 1067 1048
714 1 1 1 1063 413 1065 1067
715 1 1 1 1067 1065 414 1066
716 1 1 1 1048 1067 1066 409
717 1 1 1 409 1066 1069 1051
718 1 1 1 1066 414 1068 1069
719 1 1 1 1069 1068 194 195
720 1 1 1 1051 1069 195 196
721 1 1 1 64 65 1072 1053
722 1 1 1 65 66 1070 1072
723 1 1 1 1072 1070 415 1071
724 1 1 1 1053 1072 1071 410
725 1 1 1 410 1071 1075 1056
726 1 1 1 1071 415 1073 1075
727 1 1 1 1075 1073 416 1074
728 1 1 1 1056 1075 1074 411
729 1 1 1 411 1074 1078 1059
730 1 1 1 1074 416 1076 1078
731 1 1 1 1078 1076 417 1077
732 1 1 1 1059 1078 1077 412
733 1 1 1 412 1077 1081 1062
734 1 1 1 1077 417 1079 1081
735 1 1 1 1081 1079 418 1080
736 1 1 1 1062 1081 1080 413
737 1 1 1 413 1080 1084 1065
738 1 1 1 1080 418 1082 1084
739 1 1 1 1084 1082 419 1083
740 1 1 1 1065 1084 1083 414
741 1 1 1 414 1083 1086 1068
742 1 1 1 1083 419 1085 1086
743 1 1 1 1086 1085 192 193
744 1 1 1 1068 1086 193 194
745 1 1 1 66 67 1089 1070
746 1 1 1 67 68 1087 1089
747 1 1 1 1089 1087 420 1088
748 1 1 1 1070 1089 1088 415
749 1 1 1 415 1088 1092 1073
750 1 1 1 1088 420 1090 1092
751 1 1 1 1092 1090 421 1091
752 1 1 1 1073 1092 1091 416
753 1 1 1 416 1091 1095 1076
754 1 1 1 1091 421 1093 1095
755 1 1 1 1095 1093 422 1094
756 1 1 1 1076 1095 1094 417
757 1 1 1 417 1094 1098 1079
758 1 1 1 1094 422 1096 1098
759 1 1 1 1098 1096 423 1097
760 1 1 1 1079 1098 1097 418
761 1 1 1 418 1097 1101 1082
762 1 1 1 1097 423 1099 1101
763 1 1 1 1101 1099 424 1100
764 1 1 1 1082 1101 1100 419
765 1 1 1 419 1100 1103 1085
766 1 1 1 1100 424 1102 1103
767 1 1 1 1103 1102 190 191
768 1 1 1 1085 1103 191 192
769 1 1 1 68 69 1106 1087
770 1 1 1 69 70 1104 1106
771 1 1 1 1106 1104 425 1105
772 1 1 1 1087 1106 1105 420
773 1 1 1 420 1105 1109 1090
774 1 1 1 1105 425 1107 1109
775 1 1 1 1109 1107 426 1108
776 1 1 1 1090 1109 1108 421
777 1 1 1 421 1108 1112 1093
778 1 1 1 1108 426 1110 1112
779 1 1 1 1112 1110 427 1111
780 1 1 1 1093 1112 1111 422
781 1 1 1 422 1111 1115 1096
782 1 1 1 1111 427 1113 1115
783 1 1 1 1115 1113 428 1114
784 1 1 1 1096 1115 1114 423
785 1 1 1 423 1114 1118 1099
786 1 1 1 1114 428 1116 1118
787 1 1 1 1118 1116 429 1117
788 1 1 1 1099 1118 1117 424
789 1 1 1 424 1117 1120 1102
790 1 1 1 1117 429 1119 1120
791 1 1 1 1120 1119 188 189
792 1 1 1 1102 1120 189 190
793 1 1 1 70 71 1123 1104
794 1 1 1 71 72 1121 1123
795 1 1 1 1123 1121 430 1122
796 1 1 1 1104 1123 1122 425
797 1 1 1 425 1122 1126 1107
798 1 1 1 1122 430 1124 1126
799 1 1 1 1126 1124 431 1125
800 1 1 1 1107 1126 1125 426
801 1 1 1 426 1125 1129 1110
802 1 1 1 1125 431 1127 1129
803 1 1 1 1129 1127 432 1128
804 1 1 1 1110 1129 1128 427
805 1 1 1 427 1128 1132 1113
806 1 1 1 1128 432 1130 1132
807 1 1 1 1132 1130 433 1131
808 1 1 1 1113 1132 1131 428
809 1 1 1 428 1131 1135 1116
810 1 1 1 1131 433 1133 1135
811 1 1 1 1135 1133 434 1134
812 1 1 1 1116 1135 1134 429
813 1 1 1 429 1134 1137 1119
814 1 1 1 1134 434 1136 1137
815 1 1 1 1137 1136 186 187
816 1 1 1 1119 1137 187 188
817 1 1 1 72 73 1140 1121
818 1 1 1 73 74 1138 1140
819 1 1 1 1140 1138 435 1139
820 1 1 1 1121 1140 1139 430
821 1 1 1 430 1139 1143 1124
822 1 1 1 1139 435 1141 1143
823 1 1 1 1143 1141 436 1142
824 1 1 1 1124 1143 1142 431
825 1 1 1 431 1142 1146 1127
826 1 1 1 1142 436 1144 1146
827 1 1 1 1146 1144 437 1145
828 1 1 1 1127 1146 1145 432
829 1 1 1 432 1145 1149 1130
830 1 1 1 1145 437 1147 1149
831 1 1 1 1149 1147 438 1148
832 1 1 1 1130 1149 1148 433
833 1 1 1 433 1148 1152 1133
834 1 1 1 1148 438 1150 1152
835 1 1 1 1152 1150 439 1151
836 1 1 1 1133 1152 1151 434
837 1 1 1 434 1151 1154 1136
838 1 1 1 1151 439 1153 1154
839 1 1 1 1154 1153 184 185
840 1 1 1 1136 1154 185 186
841 1 1 1 74 75 1157 1138
842 1 1 1 75 76 1155 1157
843 1 1 1 1157 1155 440 1156
844 1 1 1 1138 1157 1156 435
845 1 1 1 435 1156 1160 1141
846 1 1 1 1156 440 1158 1160
847 1 1 1 1160 1158 441 1159
848 1 1 1 1141 1160 1159 436
849 1 1 1 436 1159 1163 1144
850 1 1 1 1159 441 1161 1163
851 1 1 1 1163 1161 442 1162
852 1 1 1 1144 1163 1162 437
853 1 1 1 437 1162 1166 1147
854 1 1 1 1162 442 1164 1166
855 1 1 1 1166 1164 443 1165
856 1 1 1 1147 1166 1165 438
857 1 1 1 438 1165 1169 1150
858 1 1 1 1165 443 1167 1169
859 1 1 1 1169 1167 444 1168
860 1 1 1 1150 1169 1168 439
861 1 1 1 439 1168 1171 1153
862 1 1 1 1168 444 1170 1171
863 1 1 1 1171 1170 182 183
864 1 1 1 1153 1171 183 184
865 1 1 1 76 77 1174 1155
866 1 1 1 77 78 1172 1174
867 1 1 1 1174 1172 445 1173
868 1 1 1 1155 1174 1173 440
869 1 1 1 440 1173 1177 1158
870 1 1 1 1173 445 1175 1177
871 1 1 1 1177 1175 446 1176
872 1 1 1 1158 1177 1176 441
873 1 1 1 441 1176 1180 1161
874 1 1 1 1176 446 1178 1180
875 1 1 1 1180 1178 447 1179
876 1 1 1 1161 1180 1179 442
877 1 1 1 442 1179 1183 1164
878 1 1 1 1179 447 1181 1183
879 1 1 1 1183 1181 448 1182
880 1 1 1 1164 1183 1182 443
881 1 1 1 443 1182 1186 1167
882 1 1 1 1182 448 1184 1186
883 1 1 1 1186 1184 449 1185
884 1 1 1 1167 1186 1185 444
885 1 1 1 444 1185 1188 1170
886 1 1 1 1185 449 1187 1188
887 1 1 1 1188 1187 180 181
888 1 1 1 1170 1188 181 182
889 1 1 1 78 79 1191 1172
890 1 1 1 79 80 1189 1191
891 1 1 1 1191 1189 450 1190
892 1 1 1 1172 1191 1190 445
893 1 1 1 445 1190 1194 1175
894 1 1 1 1190 450 1192 1194
895 1 1 1 1194 1192 451 1193
896 1 1 1 1175 1194 1193 446
897 1 1 1 446 1193 1197 1178
898 1 1 1 1193 451 1195 1197
899 1 1 1 1197 1195 452 1196
900 1 1 1 1178 1197 1196 447
901 1 1 1 447 1196 1200 1181
902 1 1 1 1196 452 1198 1200
903 1 1 1 1200 1198 453 1199
904 1 1 1 1181 1200 1199 448
905 1 1 1 448 1199 1203 1184
906 1 1 1 1199 453 1201 1203
907 1 1 1 1203 1201 454 1202
908 1 1 1 1184 1203 1202 449
909 1 1 1 449 1202 1205 1187
910 1 1 1 1202 454 1204 1205
911 1 1 1 1205 1204 178 179
912 1 1 1 1187 1205 179 180
913 1 1 1 80 81 1208 1189
914 1 1 1 81 82 1206 1208
915 1 1 1 1208 1206 455 1207
916 1 1 1 1189 1208 1207 450
917 1 1 1 450 1207 1211 1192
918 1 1 1 1207 455 1209 1211
919 1 1 1 1211 1209 456 1210
920 1 1 1 1192 1211 1210 451
921 1 1 1 451 1210 1214 1195
922 1 1 1 1210 456 1212 1214
923 1 1 1 1214 1212 457 1213
924 1 1 1 1195 1214 1213 452
925 1 1 1 452 1213 1217 1198
926 1 1 1 1213 457 1215 1217
927 1 1 1 1217 1215 458 1216
928 1 1 1 1198 1217 1216 453
929 1 1 1 453 1216 1220 1201
930 1 1 1 1216 458 1218 1220
931 1 1 1 1220 1218 459 1219
932 1 1 1 1201 1220 1219 454
933 1 1 1 454 1219 1222 1204
934 1 1 1 1219 459 1221 1222
935 1 1 1 1222 1221 176 177
936 1 1 1 1204 1222 177 178
937 1 1 1 82 83 1225 1206
938 1 1 1 83 84 1223 1225
939 1 1 1 1225 1223 460 1224
940 1 1 1 1206 1225 1224 455
941 1 1 1 455 1224 1228 1209
942 1 1 1 1224 460 1226 1228
943 1 1 1 1228 1226 461 1227
944 1 1 1 1209 1228 1227 456
945 1 1 1 456 1227 1231 1212
946 1 1 1 1227 461 1229 1231
947 1 1 1 1231 1229 462 1230
948 1 1 1 1212 1231 1230 457
949 1 1 1 457 1230 1234 1215
950 1 1 1 1230 462 1232 1234
951 1 1 1 1234 1232 463 1233
952 1 1 1 1215 1234 1233 458
953 1 1 1 458 1233 1237 1218
954 1 1 1 1233 463 1235 1237
955 1 1 1 1237 1235 464 1236
956 1 1 1 1218 1237 1236 459
957 1 1 1 459 1236 1239 1221
958 1 1 1 1236 464 1238 1239
959 1 1 1 1239 1238 174 175
960 1 1 1 1221 1239 175 176
961 1 1 1 84 85 1242 1223
962 1 1 1 85 86 1240 1242
963 1 1 1 1242 1240 465 1241
964 1 1 1 1223 1242 1241 460
965 1 1 1 460 1241 1245 1226
966 1 1 1 1241 465 1243 1245
967 1 1 1 1245 1243 466 1244
968 1 1 1 1226 1245 1244 461
969 1 1 1 461 1244 1248 1229
970 1 1 1 1244 466 1246 1248
971 1 1 1 1248 1246 467 1247
972 1 1 1 1229 1248 1247 462
973 1 1 1 462 1247 1251 1232
974 1 1 1 1247 467 1249 1251
975 1 1 1 1251 1249 468 1250
976 1 1 1 1232 1251 1250 463
977 1 1 1 463 1250 1254 1235
978 1 1 1 1250 468 1252 1254
979 1 1 1 1254 1252 469 1253
980 1 1 1 1235 1254 1253 464
981 1 1 1 464 1253 1256 1238
982 1 1 1 1253 469 1255 1256
983 1 1 1 1256 1255 172 173
984 1 1 1 1238 1256 173 174
985 1 1 1 86 87 1259 1240
986 1 1 1 87 88 1257 1259
987 1 1 1 1259 1257 470 1258
988 1 1 1 1240 1259 1258 465
989 1 1 1 465 1258 1262 1243
990 1 1 1 1258 470 1260 1262
991 1 1 1 1262 1260 471 1261
992 1 1 1 1243 1262 1261 466
993 1 1 1 466 1261 1265 1246
994 1 1 1 1261 471 1263 1265
995 1 1 1 1265 1263 472 1264
996 1 1 1 1246 1265 1264 467
997 1 1 1 467 1264 1268 1249
998 1 1 1 1264 472 1266 1268
999 1 1 1 1268 1266 473 1267
1000 1 1 1 1249 1268 1267 468
1001 1 1 1 468 1267 1271 1252
1002 1 1 1 1267 473 1269 1271
1003 1 1 1 1271 1269 474 1270
1004 1 1 1 1252 1271 1270 469
1005 1 1 1 469 1270 1273 1255
1006 1 1 1 1270 474 1272 1273
1007 1 1 1 1273 1272 170 171
1008 1 1 1 1255 1273 171 172
1009 1 1 1 88 89 1276 1257
1010 1 1 1 89 90 1274 1276
1011 1 1 1 1276 1274 475 1275
1012 1 1 1 1257 1276 1275 470
1013 1 1 1 470 1275 1279 1260
1014 1 1 1 1275 475 1277 1279
1015 1 1 1 1279 1277 476 1278
1016 1 1 1 1260 1279 1278 471
1017 1 1 1 471 1278 1282 1263
1018 1 1 1 1278 476 1280 1282
1019 1 1 1 1282 1280 477 1281
1020 1 1 1 1263 1282 1281 472
1021 1 1 1 472 1281 1285 1266
1022 1 1 1 1281 477 1283 1285
1023 1 1 1 1285 1283 478 1284
1024 1 1 1 1266 1285 1284 473
1025 1 1 1 473 1284 1288 1269
1026 1 1 1 1284 478 1286 1288
1027 1 1 1 1288 1286 479 1287
1028 1 1 1 1269 1288 1287 474
1029 1 1 1 474 1287 1290 1272
1030 1 1 1 1287 479 1289 1290
1031 1 1 1 1290 1289 168 169
1032 1 1 1 1272 1290 169 170
1033 1 1 1 90 91 1293 1274
1034 1 1 1 91 92 1291 1293
1035 1 1 1 1293 1291 480 1292
1036 1 1 1 1274 1293 1292 475
1037 1 1 1 475 1292 1296 1277
1038 1 1 1 1292 480 1294 1296
1039 1 1 1 1296 1294 481 1295
1040 1 1 1 1277 1296 1295 476
1041 1 1 1 476 1295 1299 1280
1042 1 1 1 1295 481 1297 1299
1043 1 1 1 1299 1297 482 1298
1044 1 1 1 1280 1299 1298 477
1045 1 1 1 477 1298 1302 1283
1046 1 1 1 1298 482 1300 1302
1047 1 1 1 1302 1300 483 1301
1048 1 1 1 1283 1302 1301 478
1049 1 1 1 478 1301 1305 1286
1050 1 1 1 1301 483 1303 1305
1051 1 1 1 1305 1303 484 1304
1052 1 1 1 1286 1305 1304 479
1053 1 1 1 479 1304 1307 1289
1054 1 1 1 1304 484 1306 1307
1055 1 1 1 1307 1306 166 167
1056 1 1 1 1289 1307 167 168
1057 1 1 1 92 93 1310 1291
1058 1 1 1 93 94 1308 1310
1059 1 1 1 1310 1308 485 1309
1060 1 1 1 1291 1310 1309 480
1061 1 1 1 480 1309 1313 1294
1062 1 1 1 1309 485 1311 1313
1063 1 1 1 1313 1311 486 1312
1064 1 1 1 1294 1313 1312 481
1065 1 1 1 481 1312 1316 1297
1066 1 1 1 1312 486 1314 1316
1067 1 1 1 1316 1314 487 1315
1068 1 1 1 1297 1316 1315 482
1069 1 1 1 482 1315 1319 1300
1070 1 1 1 1315 487 1317 1319
1071 1 1 1 1319 1317 488 1318
1072 1 1 1 1300 1319 1318 483
1073 1 1 1 483 1318 1322 1303
1074 1 1 1 1318 488 1320 1322
1075 1 1 1 1322 1320 489 1321
1076 1 1 1 1303 1322 1321 484
1077 1 1 1 484 1321 1324 1306
1078 1 1 1 1321 489 1323 1324
1079 1 1 1 1324 1323 164 165
1080 1 1 1 1306 1324 165 166
1081 1 1 1 94 95 1327 1308
1082 1 1 1 95 96 1325 1327
1083 1 1 1 1327 1325 490 1326
1084 1 1 1 1308 1327 1326 485
1085 1 1 1 485 1326 1330 1311
1086 1 1 1 1326 490 1328 1330
1087 1 1 1 1330 1328 491 1329
1088 1 1 1 1311 1330 1329 486
1089 1 1 1 486 1329 1333 1314
1090 1 1 1 1329 491 1331 1333
1091 1 1 1 1333 1331 492 1332
1092 1 1 1 1314 1333 1332 487
1093 1 1 1 487 1332 1336 1317
1094 1 1 1 1332 492 1334 1336
1095 1 1 1 1336 1334 493 1335
1096 1 1 1 1317 1336 1335 488
1097 1 1 1 488 1335 1339 1320
1098 1 1 1 1335 493 1337 1339
1099 1 1 1 1339 1337 494 1338
1100 1 1 1 1320 1339 1338 489
1101 1 1 1 489 1338 1341 1323
1102 1 1 1 1338 494 1340 1341
1103 1 1 1 1341 1340 162 163
1104 1 1 1 1323 1341 163 164
1105 1 1 1 96 97 1344 1325
1106 1 1 1 97 98 1342 1344
1107 1 1 1 1344 1342 495 1343
1108 1 1 1 1325 1344 1343 490
1109 1 1 1 490 1343 1347 1328
1110 1 1 1 1343 495 1345 1347
1111 1 1 1 1347 1345 496 1346
1112 1 1 1 1328 1347 1346 491
1113 1 1 1 491 1346 1350 1331
1114 1 1 1 1346 496 1348 1350
1115 1 1 1 1350 1348 497 1349
1116 1 1 1 1331 1350 1349 492
1117 1 1 1 492 1349 1353 1334
1118 1 1 1 1349 497 1351 1353
1119 1 1 1 1353 1351 498 1352
1120 1 1 1 1334 1353 1352 493
1121 1 1 1 493 1352 1356 1337
1122 1 1 1 1352 498 1354 1356
1123 1 1 1 1356 1354 499 1355
1124 1 1 1 1337 1356 1355 494
1125 1 1 1 494 1355 1358 1340
1126 1 1 1 1355 499 1357 1358
1127 1 1 1 1358 1357 160 161
1128 1 1 1 1340 1358 161 162
1129 1 1 1 98 99 1361 1342
1130 1 1 1 99 100 1359 1361
1131 1 1 1 1361 1359 500 1360
1132 1 1 1 1342 1361 1360 495
1133 1 1 1 495 1360 1364 1345
1134 1 1 1 1360 500 1362 1364
1135 1 1 1 1364 1362 501 1363
1136 1 1 1 1345 1364 1363 496
1137 1 1 1 496 1363 1367 1348
1138 1 1 1 1363 501 1365 1367
1139 1 1 1 1367 1365 502 1366
1140 1 1 1 1348 1367 1366 497
1141 1 1 1 497 1366 1370 1351
1142 1 1 1 1366 502 1368 1370
1143 1 1 1 1370 1368 503 1369
1144 1 1 1 1351 1370 1369 498
1145 1 1 1 498 1369 1373 1354
1146 1 1 1 1369 503 1371 1373
1147 1 1 1 1373 1371 504 1372
1148 1 1 1 1354 1373 1372 499
1149 1 1 1 499 1372 1375 1357
1150 1 1 1 1372 504 1374 1375
1151 1 1 1 1375 1374 158 159
1152 1 1 1 1357 1375 159 160
1153 1 1 1 100 101 1378 1359
1154 1 1 1 101 102 1376 1378
1155 1 1 1 1378 1376 505 1377
1156 1 1 1 1359 1378 1377 500
1157 1 1 1 500 1377 1381 1362
1158 1 1 1 1377 505 1379 1381
1159 1 1 1 1381 1379 506 1380
1160 1 1 1 1362 1381 1380 501
1161 1 1 1 501 1380 1384 1365
1162 1 1 1 1380 506 1382 1384
1163 1 1 1 1384 1382 507 1383
1164 1 1 1 1365 1384 1383 502
1165 1 1 1 502 1383 1387 1368
1166 1 1 1 1383 507 1385 1387
1167 1 1 1 1387 1385 508 1386
1168 1 1 1 1368 1387 1386 503
1169 1 1 1 503 1386 1390 1371
1170 1 1 1 1386 508 1388 1390
1171 1 1 1 1390 1388 509 1389
1172 1 1 1 1371 1390 1389 504
1173 1 1 1 504 1389 1392 1374
1174 1 1 1 1389 509 1391 1392
1175 1 1 1 1392 1391 156 157
1176 1 1 1 1374 1392 157 158
1177 1 1 1 102 103 1395 1376
1178 1 1 1 103 104 1393 1395
1179 1 1 1 1395 1393 510 1394
1180 1 1 1 1376 1395 1394 505
1181 1 1 1 505 1394 1398 1379
1182 1 1 1 1394 510 1396 1398
1183 1 1 1 1398 1396 511 1397
1184 1 1 1 1379 1398 1397 506
1185 1 1 1 506 1397 1401 1382
1186 1 1 1 1397 511 1399 1401
1187 1 1 1 1401 1399 512 1400
1188 1 1 1 1382 1401 1400 507
1189 1 1 1 507 1400 1404 1385
1190 1 1 1 1400 512 1402 1404
1191 1 1 1 1404 1402 513 1403
1192 1 1 1 1385 1404 1403 508
1193 1 1 1 508 1403 1407 1388
1194 1 1 1 1403 513 1405 1407
1195 1 1 1 1407 1405 514 1406
1196 1 1 1 1388 1407 1406 509
1197 1 1 1 509 1406 1409 1391
1198 1 1 1 1406 514 1408 1409
1199 1 1 1 1409 1408 154 155
1200 1 1 1 1391 1409 155 156
1201 1 1 1 104 105 1412 1393
1202 1 1 1 105 106 1410 1412
1203 1 1 1 1412 1410 515 1411
1204 1 1 1 1393 1412 1411 510
1205 1 1 1 510 1411 1415 1396
1206 1 1 1 1411 515 1413 1415
1207 1 1 1 1415 1413 516 1414
1208 1 1 1 1396 1415 1414 511
1209 1 1 1 511 1414 1418 1399
1210 1 1 1 1414 516 1416 1418
1211 1 1 1 1418 1416 517 1417
1212 1 1 1 1399 1418 1417 512
1213 1 1 1 512 1417 1421 1402
1214 1 1 1 1417 517 1419 1421
1215 1 1 1 1421 1419 518 1420
1216 1 1 1 1402 1421 1420 513
1217 1 1 1 513 1420 1424 1405
1218 1 1 1 1420 518 1422 1424
1219 1 1 1 1424 1422 519 1423
1220 1 1 1 1405 1424 1423 514
1221 1 1 1 514 1423 1426 1408
1222 1 1 1 1423 519 1425 1426
1223 1 1 1 1426 1425 152 153
1224 1 1 1 1408 1426 153 154
1225 1 1 1 106 107 1429 1410
1226 1 1 1 107 108 1427 1429
1227 1 1 1 1429 1427 520 1428
1228 1 1 1 1410 1429 1428 515
1229 1 1 1 515 1428 1432 1413
1230 1 1 1 1428 520 1430 1432
1231 1 1 1 1432 1430 521 1431
1232 1 1 1 1413 1432 1431 516
1233 1 1 1 516 1431 1435 1416
1234 1 1 1 1431 521 1433 1435
1235 1 1 1 1435 1433 522 1434
1236 1 1 1 1416 1435 1434 517
1237 1 1 1 517 1434 1438 1419
1238 1 1 1 1434 522 1436 1438
1239 1 1 1 1438 1436 523 1437
1240 1 1 1 1419 1438 1437 518
1241 1 1 1 518 1437 1441 1422
1242 1 1 1 1437 523 1439 1441
1243 1 1 1 1441 1439 524 1440
1244 1 1 1 1422 1441 1440 519
1245 1 1 1 519 1440 1443 1425
1246 1 1 1 1440 524 1442 1443
1247 1 1 1 1443 1442 150 151
1248 1 1 1 1425 1443 151 152
1249 1 1 1 108 109 1446 1427
1250 1 1 1 109 110 1444 1446
1251 1 1 1 1446 1444 525 1445
1252 1 1 1 1427 1446 1445 520
1253 1 1 1 520 1445 1449 1430
1254 1 1 1 1445 525 1447 1449
1255 1 1 1 1449 1447 526 1448
1256 1 1 1 1430 1449 1448 521
1257 1 1 1 521 1448 1452 1433
1258 1 1 1 1448 526 1450 1452
1259 1 1 1 1452 1450 527 1451
1260 1 1 1 1433 1452 1451 522
1261 1 1 1 522 1451 1455 1436
1262 1 1 1 1451 527 1453 1455
1263 1 1 1 1455 1453 528 1454
1264 1 1 1 1436 1455 1454 523
1265 1 1 1 523 1454 1458 1439
1266 1 1 1 1454 528 1456 1458
1267 1 1 1 1458 1456 529 1457
1268 1 1 1 1439 1458 1457 524
1269 1 1 1 524 1457 1460 1442
1270 1 1 1 1457 529 1459 1460
1271 1 1 1 1460 1459 148 149
1272 1 1 1 1442 1460 149 150
1273 1 1 1 110 111 1463 1444
1274 1 1 1 111 112 1461 1463
1275 1 1 1 1463 1461 530 1462
1276 1 1 1 1444 1463 1462 525
1277 1 1 1 525 1462 1466 1447
1278 1 1 1 1462 530 1464 1466
1279 1 1 1 1466 1464 531 1465
1280 1 1 1 1447 1466 1465 526
1281 1 1 1 526 1465 1469 1450
1282 1 1 1 1465 531 1467 1469
1283 1 1 1 1469 1467 532 1468
1284 1 1 1 1450 1469 1468 527
1285 1 1 1 527 1468 1472 1453
1286 1 1 1 1468 532 1470 1472
1287 1 1 1 1472 1470 533 1471
1288 1 1 1 1453 1472 1471 528
1289 1 1 1 528 1471 1475 1456
1290 1 1 1 1471 533 1473 1475
1291 1 1 1 1475 1473 534 1474
1292 1 1 1 1456 1475 1474 529
1293 1 1 1 529 1474 1477 1459
1294 1 1 1 1474 534 1476 1477
1295 1 1 1 1477 1476 146 147
1296 1 1 1 1459 1477 147 148
1297 1 1 1 112 113 1480 1461
1298 1 1 1 113 114 1478 1480
1299 1 1 1 1480 1478 535 1479
1300 1 1 1 1461 1480 1479 530
1301 1 1 1 530 1479 1483 1464
1302 1 1 1 1479 535 1481 1483
1303 1 1 1 1483 1481 536 1482
1304 1 1 1 1464 1483 1482 531
1305 1 1 1 531 1482 1486 1467
1306 1 1 1 1482 536 1484 1486
1307 1 1 1 1486 1484 537 1485
1308 1 1 1 1467 1486 1485 532
1309 1 1 1 532 1485 1489 1470
1310 1 1 1 1485 537 1487 1489
1311 1 1 1 1489 1487 538 1488
1312 1 1 1 1470 1489 1488 533
1313 1 1 1 533 1488 1492 1473
1314 1 1 1 1488 538 1490 1492
1315 1 1 1 1492 1490 539 1491
1316 1 1 1 1473 1492 1491 534
1317 1 1 1 534 1491 1494 1476
1318 1 1 1 1491 539 1493 1494
1319 1 1 1 1494 1493 144 145
1320 1 1 1 1476 1494 145 146
1321 1 1 1 114 115 1497 1478
1322 1 1 1 115 116 1495 1497
1323 1 1 1 1497 1495 540 1496
1324 1 1 1 1478 1497 1496 535
1325 1 1 1 535 1496 1500 1481
1326 1 1 1 1496 540 1498 1500
1327 1 1 1 1500 1498 541 1499
1328 1 1 1 1481 1500 1499 536
1329 1 1 1 536 1499 1503 1484
1330 1 1 1 1499 541 1501 1503
1331 1 1 1 1503 1501 542 1502
1332 1 1 1 1484 1503 1502 537
1333 1 1 1 537 1502 1506 1487
1334 1 1 1 1502 542 1504 1506
1335 1 1 1 1506 1504 543 1505
1336 1 1 1 1487 1506 1505 538
1337 1 1 1 538 1505 1509 1490
1338 1 1 1 1505 543 1507 1509
1339 1 1 1 1509 1507 544 1508
1340 1 1 1 1490 1509 1508 539
1341 1 1 1 539 1508 1511 1493
1342 1 1 1 1508 544 1510 1511
1343 1 1 1 1511 1510 142 143
1344 1 1 1 1493 1511 143 144
1345 1 1 1 116 117 1514 1495
1346 1 1 1 117 118 1512 1514
1347 1 1 1 1514 1512 545 1513
1348 1 1 1 1495 1514 1513 540
1349 1 1 1 540 1513 1517 1498
1350 1 1 1 1513 545 1515 1517
1351 1 1 1 1517 1515 546 1516
1352 1 1 1 1498 1517 1516 541
1353 1 1 1 541 1516 1520 1501
1354 1 1 1 1516 546 1518 1520
1355 1 1 1 1520 1518 547 1519
1356 1 1 1 1501 1520 1519 542
1357 1 1 1 542 1519 1523 1504
1358 1 1 1 1519 547 1521 1523
1359 1 1 1 1523 1521 548 1522
1360 1 1 1 1504 1523 1522 543
1361 1 1 1 543 1522 1526 1507
1362 1 1 1 1522 548 1524 1526
1363 1 1 1 1526 1524 549 1525
1364 1 1 1 1507 1526 1525 544
1365 1 1 1 544 1525 1528 1510
1366 1 1 1 1525 549 1527 1528
1367 1 1 1 1528 1527 140 141
1368 1 1 1 1510 1528 141 142
1369 1 1 1 118 119 1531 1512
1370 1 1 1 119 120 1529 1531
1371 1 1 1 1531 1529 550 1530
1372 1 1 1 1512 1531 1530 545
1373 1 1 1 545 1530 1534 1515
1374 1 1 1 1530 550 1532 1534
1375 1 1 1 1534 1532 551 1533
1376 1 1 1 1515 1534 1533 546
1377 1 1 1 546 1533 1537 1518
1378 1 1 1 1533 551 1535 1537
1379 1 1 1 1537 1535 552 1536
1380 1 1 1 1518 1537 1536 547
1381 1 1 1 547 1536 1540 1521
1382 1 1 1 1536 552 1538 1540
1383 1 1 1 1540 1538 553 1539
1384 1 1 1 1521 1540 1539 548
1385 1 1 1 548 1539 1543 1524
1386 1 1 1 1539 553 1541 1543
1387 1 1 1 1543 1541 554 1542
1388 1 1 1 1524 1543 1542 549
1389 1 1 1 549 1542 1545 1527
1390 1 1 1 1542 554 1544 1545
1391 1 1 1 1545 1544 138 139
1392 1 1 1 1527 1545 139 140
1393 1 1 1 120 121 1548 1529
1394 1 1 1 121 122 1546 1548
1395 1 1 1 1548 1546 555 1547
1396 1 1 1 1529 1548 1547 550
1397 1 1 1 550 1547 1551 1532
1398 1 1 1 1547 555 1549 1551
1399 1 1 1 1551 1549 556 1550
1400 1 1 1 1532 1551 1550 551
1401 1 1 1 551 1550 1554 1535
1402 1 1 1 1550 556 1552 1554
1403 1 1 1 1554 1552 557 1553
1404 1 1 1 1535 1554 1553 552
1405 1 1 1 552 1553 1557 1538
1406 1 1 1 1553 557 1555 1557
1407 1 1 1 1557 1555 558 1556
1408 1 1 1 1538 1557 1556 553
1409 1 1 1 553 1556 1560 1541
1410 1 1 1 1556 558 1558 1560
1411 1 1 1 1560 1558 559 1559
1412 1 1 1 1541 1560 1559 554
1413 1 1 1 554 1559 1562 1544
1414 1 1 1 1559 559 1561 1562
1415 1 1 1 1562 1561 136 137
1416 1 1 1 1544 1562 137 138
1417 1 1 1 122 123 1564 1546
1418 1 1 1 123 2 124 1564
1419 1 1 1 1564 124 125 1563
1420 1 1 1 1546 1564 1563 555
1421 1 1 1 555 1563 1566 1549
1422 1 1 1 1563 125 126 1566
1423 1 1 1 1566 126 127 1565
1424 1 1 1 1549 1566 1565 556
1425 1 1 1 556 1565 1568 1552
1426 1 1 1 1565 127 128 1568
1427 1 1 1 1568 128 129 1567
1428 1 1 1 1552 1568 1567 557
1429 1 1 1 557 1567 1570 1555
1430 1 1 1 1567 129 130 1570
1431 1 1 1 1570 130 131 1569
1432 1 1 1 1555 1570 1569 558
1433 1 1 1 558 1569 1572 1558
1434 1 1 1 1569 131 132 1572
1435 1 1 1 1572 132 133 1571
1436 1 1 1 1558 1572 1571 559
1437 1 1 1 559 1571 1573 1561
1438 1 1 1 1571 133 134 1573
1439 1 1 1 1573 134 3 135
1440 1 1 1 1561 1573 135 136
