1 1 1 1 1 5 133 132
2 1 1 1 132 133 134 131
3 1 1 1 131 134 135 130
4 1 1 1 130 135 136 129
5 1 1 1 129 136 137 128
6 1 1 1 128 137 127 4
7 1 1 1 5 6 138 133
8 1 1 1 133 138 139 134
9 1 1 1 134 139 140 135
10 1 1 1 135 140 141 136
11 1 1 1 136 141 142 137
12 1 1 1 137 142 126 127
13 1 1 1 6 7 143 138
14 1 1 1 138 143 144 139
15 1 1 1 139 144 145 140
16 1 1 1 140 145 146 141
17 1 1 1 141 146 147 142
18 1 1 1 142 147 125 126
19 1 1 1 7 8 148 143
20 1 1 1 143 148 149 144
21 1 1 1 144 149 150 145
22 1 1 1 145 150 151 146
23 1 1 1 146 151 152 147
24 1 1 1 147 152 124 125
25 1 1 1 8 9 153 148
26 1 1 1 148 153 154 149
27 1 1 1 149 154 155 150
28 1 1 1 150 155 156 151
29 1 1 1 151 156 157 152
30 1 1 1 152 157 123 124
31 1 1 1 9 10 158 153
32 1 1 1 153 158 159 154
33 1 1 1 154 159 160 155
34 1 1 1 155 160 161 156
35 1 1 1 156 161 162 157
36 1 1 1 157 162 122 123
37 1 1 1 10 11 163 158
38 1 1 1 158 163 164 159
39 1 1 1 159 164 165 160
40 1 1 1 160 165 166 161
41 1 1 1 161 166 167 162
42 1 1 1 162 167 121 122
43 1 1 1 11 12 168 163
44 1 1 1 163 168 169 164
45 1 1 1 164 169 170 165
46 1 1 1 165 170 171 166
47 1 1 1 166 171 172 167
48 1 1 1 167 172 120 121
49 1 1 1 12 13 173 168
50 1 1 1 168 173 174 169
51 1 1 1 169 174 175 170
52 1 1 1 170 175 176 171
53 1 1 1 171 176 177 172
54 1 1 1 172 177 119 120
55 1 1 1 13 14 178 173
56 1 1 1 173 178 179 174
57 1 1 1 174 179 180 175
58 1 1 1 175 180 181 176
59 1 1 1 176 181 182 177
60 1 1 1 177 182 118 119
61 1 1 1 14 15 183 178
62 1 1 1 178 183 184 179
63 1 1 1 179 184 185 180
64 1 1 1 180 185 186 181
65 1 1 1 181 186 187 182
66 1 1 1 182 187 117 118
67 1 1 1 15 16 188 183
68 1 1 1 183 188 189 184
69 1 1 1 184 189 190 185
70 1 1 1 185 190 191 186
71 1 1 1 186 191 192 187
72 1 1 1 187 192 116 117
73 1 1 1 16 17 193 188
74 1 1 1 188 193 194 189
75 1 1 1 189 194 195 190
76 1 1 1 190 195 196 191
77 1 1 1 191 196 197 192
78 1 1 1 192 197 115 116
79 1 1 1 17 18 198 193
80 1 1 1 193 198 199 194
81 1 1 1 194 199 200 195
82 1 1 1 195 200 201 196
83 1 1 1 196 201 202 197
84 1 1 1 197 202 114 115
85 1 1 1 18 19 203 198
86 1 1 1 198 203 204 199
87 1 1 1 199 204 205 200
88 1 1 1 200 205 206 201
89 1 1 1 201 206 207 202
90 1 1 1 202 207 113 114
91 1 1 1 19 20 208 203
92 1 1 1 203 208 209 204
93 1 1 1 204 209 210 205
94 1 1 1 205 210 211 206
95 1 1 1 206 211 212 207
96 1 1 1 207 212 112 113
97 1 1 1 20 21 213 208
98 1 1 1 208 213 214 209
99 1 1 1 209 214 215 210
100 1 1 1 210 215 216 211
101 1 1 1 211 216 217 212
102 1 1 1 212 217 111 112
103 1 1 1 21 22 218 213
104 1 1 1 213 218 219 214
105 1 1 1 214 219 220 215
106 1 1 1 215 220 221 216
107 1 1 1 216 221 222 217
108 1 1 1 217 222 110 111
109 1 1 1 22 23 223 218
110 1 1 1 218 223 224 219
111 1 1 1 219 224 225 220
112 1 1 1 220 225 226 221
113 1 1 1 221 226 227 222
114 1 1 1 222 227 109 110
115 1 1 1 23 24 228 223
116 1 1 1 223 228 229 224
117 1 1 1 224 229 230 225
118 1 1 1 225 230 231 226
119 1 1 1 226 231 232 227
120 1 1 1 227 232 108 109
121 1 1 1 24 25 233 228
122 1 1 1 228 233 234 229
123 1 1 1 229 234 235 230
124 1 1 1 230 235 236 231
125 1 1 1 231 236 237 232
126 1 1 1 232 237 107 108
127 1 1 1 25 26 238 233
128 1 1 1 233 238 239 234
129 1 1 1 234 239 240 235
130 1 1 1 235 240 241 236
131 1 1 1 236 241 242 237
132 1 1 1 237 242 106 107
133 1 1 1 26 27 243 238
134 1 1 1 238 243 244 239
135 1 1 1 239 244 245 240
136 1 1 1 240 245 246 241
137 1 1 1 241 246 247 242
138 1 1 1 242 247 105 106
139 1 1 1 27 28 248 243
140 1 1 1 243 248 249 244
141 1 1 1 244 249 250 245
142 1 1 1 245 250 251 246
143 1 1 1 246 251 252 247
144 1 1 1 247 252 104 105
145 1 1 1 28 29 253 248
146 1 1 1 248 253 254 249
147 1 1 1 249 254 255 250
148 1 1 1 250 255 256 251
149 1 1 1 251 256 257 252
150 1 1 1 252 257 103 104
151 1 1 1 29 30 258 253
152 1 1 1 253 258 259 254
153 1 1 1 254 259 260 255
154 1 1 1 255 260 261 256
155 1 1 1 256 261 262 257
156 1 1 1 257 262 102 103
157 1 1 1 30 31 263 258
158 1 1 1 258 263 264 259
159 1 1 1 259 264 265 260
160 1 1 1 260 265 266 261
161 1 1 1 261 266 267 262
162 1 1 1 262 267 101 102
163 1 1 1 31 32 268 263
164 1 1 1 263 268 269 264
165 1 1 1 264 269 270 265
166 1 1 1 265 270 271 266
167 1 1 1 266 271 272 267
168 1 1 1 267 272 100 101
169 1 1 1 32 33 273 268
170 1 1 1 268 273 274 269
171 1 1 1 269 274 275 270
172 1 1 1 270 275 276 271
173 1 1 1 271 276 277 272
174 1 1 1 272 277 99 100
175 1 1 1 33 34 278 273
176 1 1 1 273 278 279 274
177 1 1 1 274 279 280 275
178 1 1 1 275 280 281 276
179 1 1 1 276 281 282 277
180 1 1 1 277 282 98 99
181 1 1 1 34 35 283 278
182 1 1 1 278 283 284 279
183 1 1 1 279 284 285 280
184 1 1 1 280 285 286 281
185 1 1 1 281 286 287 282
186 1 1 1 282 287 97 98
187 1 1 1 35 36 288 283
188 1 1 1 283 288 289 284
189 1 1 1 284 289 290 285
190 1 1 1 285 290 291 286
191 1 1 1 286 291 292 287
192 1 1 1 287 292 96 97
193 1 1 1 36 37 293 288
194 1 1 1 288 293 294 289
195 1 1 1 289 294 295 290
196 1 1 1 290 295 296 291
197 1 1 1 291 296 297 292
198 1 1 1 292 297 95 96
199 1 1 1 37 38 298 293
200 1 1 1 293 298 299 294
201 1 1 1 294 299 300 295
202 1 1 1 295 300 301 296
203 1 1 1 296 301 302 297
204 1 1 1 297 302 94 95
205 1 1 1 38 39 303 298
206 1 1 1 298 303 304 299
207 1 1 1 299 304 305 300
208 1 1 1 300 305 306 301
209 1 1 1 301 306 307 302
210 1 1 1 302 307 93 94
211 1 1 1 39 40 308 303
212 1 1 1 303 308 309 304
213 1 1 1 304 309 310 305
214 1 1 1 305 310 311 306
215 1 1 1 306 311 312 307
216 1 1 1 307 312 92 93
217 1 1 1 40 41 313 308
218 1 1 1 308 313 314 309
219 1 1 1 309 314 315 310
220 1 1 1 310 315 316 311
221 1 1 1 311 316 317 312
222 1 1 1 312 317 91 92
223 1 1 1 41 42 318 313
224 1 1 1 313 318 319 314
225 1 1 1 314 319 320 315
226 1 1 1 315 320 321 316
227 1 1 1 316 321 322 317
228 1 1 1 317 322 90 91
229 1 1 1 42 43 323 318
230 1 1 1 318 323 324 319
231 1 1 1 319 324 325 320
232 1 1 1 320 325 326 321
233 1 1 1 321 326 327 322
234 1 1 1 322 327 89 90
235 1 1 1 43 44 328 323
236 1 1 1 323 328 329 324
237 1 1 1 324 329 330 325
238 1 1 1 325 330 331 326
239 1 1 1 326 331 332 327
240 1 1 1 327 332 88 89
241 1 1 1 44 45 333 328
242 1 1 1 328 333 334 329
243 1 1 1 329 334 335 330
244 1 1 1 330 335 336 331
245 1 1 1 331 336 337 332
246 1 1 1 332 337 87 88
247 1 1 1 45 46 338 333
248 1 1 1 333 338 339 334
249 1 1 1 334 339 340 335
250 1 1 1 335 340 341 336
251 1 1 1 336 341 342 337
252 1 1 1 337 342 86 87
253 1 1 1 46 47 343 338
254 1 1 1 338 343 344 339
255 1 1 1 339 344 345 340
256 1 1 1 340 345 346 341
257 1 1 1 341 346 347 342
258 1 1 1 342 347 85 86
259 1 1 1 47 48 348 343
260 1 1 1 343 348 349 344
261 1 1 1 344 349 350 345
262 1 1 1 345 350 351 346
263 1 1 1 346 351 352 347
264 1 1 1 347 352 84 85
265 1 1 1 48 49 353 348
266 1 1 1 348 353 354 349
267 1 1 1 349 354 355 350
268 1 1 1 350 355 356 351
269 1 1 1 351 356 357 352
270 1 1 1 352 357 83 84
271 1 1 1 49 50 358 353
272 1 1 1 353 358 359 354
273 1 1 1 354 359 360 355
274 1 1 1 355 360 361 356
275 1 1 1 356 361 362 357
276 1 1 1 357 362 82 83
277 1 1 1 50 51 363 358
278 1 1 1 358 363 364 359
279 1 1 1 359 364 365 360
280 1 1 1 360 365 366 361
281 1 1 1 361 366 367 362
282 1 1 1 362 367 81 82
283 1 1 1 51 52 368 363
284 1 1 1 363 368 369 364
285 1 1 1 364 369 370 365
286 1 1 1 365 370 371 366
287 1 1 1 366 371 372 367
288 1 1 1 367 372 80 81
289 1 1 1 52 53 373 368
290 1 1 1 368 373 374 369
291 1 1 1 369 374 375 370
292 1 1 1 370 375 376 371
293 1 1 1 371 376 377 372
294 1 1 1 372 377 79 80
295 1 1 1 53 54 378 373
296 1 1 1 373 378 379 374
297 1 1 1 374 379 380 375
298 1 1 1 375 380 381 376
299 1 1 1 376 381 382 377
300 1 1 1 377 382 78 79
301 1 1 1 54 55 383 378
302 1 1 1 378 383 384 379
303 1 1 1 379 384 385 380
304 1 1 1 380 385 386 381
305 1 1 1 381 386 387 382
306 1 1 1 382 387 77 78
307 1 1 1 55 56 388 383
308 1 1 1 383 388 389 384
309 1 1 1 384 389 390 385
310 1 1 1 385 390 391 386
311 1 1 1 386 391 392 387
312 1 1 1 387 392 76 77
313 1 1 1 56 57 393 388
314 1 1 1 388 393 394 389
315 1 1 1 389 394 395 390
316 1 1 1 390 395 396 391
317 1 1 1 391 396 397 392
318 1 1 1 392 397 75 76
319 1 1 1 57 58 398 393
320 1 1 1 393 398 399 394
321 1 1 1 394 399 400 395
322 1 1 1 395 400 401 396
323 1 1 1 396 401 402 397
324 1 1 1 397 402 74 75
325 1 1 1 58 59 403 398
326 1 1 1 398 403 404 399
327 1 1 1 399 404 405 400
328 1 1 1 400 405 406 401
329 1 1 1 401 406 407 402
330 1 1 1 402 407 73 74
331 1 1 1 59 60 408 403
332 1 1 1 403 408 409 404
333 1 1 1 404 409 410 405
334 1 1 1 405 410 411 406
335 1 1 1 406 411 412 407
336 1 1 1 407 412 72 73
337 1 1 1 60 61 413 408
338 1 1 1 408 413 414 409
339 1 1 1 409 414 415 410
340 1 1 1 410 415 416 411
341 1 1 1 411 416 417 412
342 1 1 1 412 417 71 72
343 1 1 1 61 62 418 413
344 1 1 1 413 418 419 414
345 1 1 1 414 419 420 415
346 1 1 1 415 420 421 416
347 1 1 1 416 421 422 417
348 1 1 1 417 422 70 71
349 1 1 1 62 63 423 418
350 1 1 1 418 423 424 419
351 1 1 1 419 424 425 420
352 1 1 1 420 425 426 421
353 1 1 1 421 426 427 422
354 1 1 1 422 427 69 70
355 1 1 1 63 2 64 423
356 1 1 1 423 64 65 424
357 1 1 1 424 65 66 425
358 1 1 1 425 66 67 426
359 1 1 1 426 67 68 427
360 1 1 1 427 68 3 69
