1 1 1 1 1 5 444 360 44 45 46 658 659 660 661 662 663 382 383 384 664 668 665 669 666 670 667 671 672
2 1 1 1 5 6 442 444 47 48 49 673 674 675 676 677 678 660 659 658 679 683 680 684 681 685 682 686 687
3 1 1 1 444 442 385 443 678 677 676 688 689 690 691 692 693 694 695 696 697 701 698 702 699 703 700 704 705
4 1 1 1 360 444 443 359 663 662 661 696 695 694 706 707 708 379 380 381 709 713 710 714 711 715 712 716 717
5 1 1 1 359 443 447 358 708 707 706 718 719 720 721 722 723 376 377 378 724 728 725 729 726 730 727 731 732
6 1 1 1 443 385 445 447 693 692 691 733 734 735 736 737 738 720 719 718 739 743 740 744 741 745 742 746 747
7 1 1 1 447 445 386 446 738 737 736 748 749 750 751 752 753 754 755 756 757 761 758 762 759 763 760 764 765
8 1 1 1 358 447 446 357 723 722 721 756 755 754 766 767 768 373 374 375 769 773 770 774 771 775 772 776 777
9 1 1 1 357 446 450 356 768 767 766 778 779 780 781 782 783 370 371 372 784 788 785 789 786 790 787 791 792
10 1 1 1 446 386 448 450 753 752 751 793 794 795 796 797 798 780 779 778 799 803 800 804 801 805 802 806 807
11 1 1 1 450 448 387 449 798 797 796 808 809 810 811 812 813 814 815 816 817 821 818 822 819 823 820 824 825
12 1 1 1 356 450 449 355 783 782 781 816 815 814 826 827 828 367 368 369 829 833 830 834 831 835 832 836 837
13 1 1 1 355 449 452 354 828 827 826 838 839 840 841 842 843 364 365 366 844 848 845 849 846 850 847 851 852
14 1 1 1 449 387 451 452 813 812 811 853 854 855 856 857 858 840 839 838 859 863 860 864 861 865 862 866 867
15 1 1 1 452 451 232 233 858 857 856 868 869 870 348 349 350 871 872 873 874 878 875 879 876 880 877 881 882
16 1 1 1 354 452 233 4 843 842 841 873 872 871 351 352 353 361 362 363 883 887 884 888 885 889 886 890 891
17 1 1 1 6 7 455 442 50 51 52 892 893 894 895 896 897 675 674 673 898 902 899 903 900 904 901 905 906
18 1 1 1 7 8 453 455 53 54 55 907 908 909 910 911 912 894 893 892 913 917 914 918 915 919 916 920 921
19 1 1 1 455 453 388 454 912 911 910 922 923 924 925 926 927 928 929 930 931 935 932 936 933 937 934 938 939
20 1 1 1 442 455 454 385 897 896 895 930 929 928 940 941 942 690 689 688 943 947 944 948 945 949 946 950 951
21 1 1 1 385 454 458 445 942 941 940 952 953 954 955 956 957 735 734 733 958 962 959 963 960 964 961 965 966
22 1 1 1 454 388 456 458 927 926 925 967 968 969 970 971 972 954 953 952 973 977 974 978 975 979 976 980 981
23 1 1 1 458 456 389 457 972 971 970 982 983 984 985 986 987 988 989 990 991 995 992 996 993 997 994 998 999
24 1 1 1 445 458 457 386 957 956 955 990 989 988 1000 1001 1002 750 749 748 1003 1007 1004 1008 1005 1009 1006 1010 1011
25 1 1 1 386 457 461 448 1002 1001 1000 1012 1013 1014 1015 1016 1017 795 794 793 1018 1022 1019 1023 1020 1024 1021 1025 1026
26 1 1 1 457 389 459 461 987 986 985 1027 1028 1029 1030 1031 1032 1014 1013 1012 1033 1037 1034 1038 1035 1039 1036 1040 1041
27 1 1 1 461 459 390 460 1032 1031 1030 1042 1043 1044 1045 1046 1047 1048 1049 1050 1051 1055 1052 1056 1053 1057 1054 1058 1059
28 1 1 1 448 461 460 387 1017 1016 1015 1050 1049 1048 1060 1061 1062 810 809 808 1063 1067 1064 1068 1065 1069 1066 1070 1071
29 1 1 1 387 460 463 451 1062 1061 1060 1072 1073 1074 1075 1076 1077 855 854 853 1078 1082 1079 1083 1080 1084 1081 1085 1086
30 1 1 1 460 390 462 463 1047 1046 1045 1087 1088 1089 1090 1091 1092 1074 1073 1072 1093 1097 1094 1098 1095 1099 1096 1100 1101
31 1 1 1 463 462 230 231 1092 1091 1090 1102 1103 1104 342 343 344 1105 1106 1107 1108 1112 1109 1113 1110 1114 1111 1115 1116
32 1 1 1 451 463 231 232 1077 1076 1075 1107 1106 1105 345 346 347 870 869 868 1117 1121 1118 1122 1119 1123 1120 1124 1125
33 1 1 1 8 9 466 453 56 57 58 1126 1127 1128 1129 1130 1131 909 908 907 1132 1136 1133 1137 1134 1138 1135 1139 1140
34 1 1 1 9 10 464 466 59 60 61 1141 1142 1143 1144 1145 1146 1128 1127 1126 1147 1151 1148 1152 1149 1153 1150 1154 1155
35 1 1 1 466 464 391 465 1146 1145 1144 1156 1157 1158 1159 1160 1161 1162 1163 1164 1165 1169 1166 1170 1167 1171 1168 1172 1173
36 1 1 1 453 466 465 388 1131 1130 1129 1164 1163 1162 1174 1175 1176 924 923 922 1177 1181 1178 1182 1179 1183 1180 1184 1185
37 1 1 1 388 465 469 456 1176 1175 1174 1186 1187 1188 1189 1190 1191 969 968 967 1192 1196 1193 1197 1194 1198 1195 1199 1200
38 1 1 1 465 391 467 469 1161 1160 1159 1201 1202 1203 1204 1205 1206 1188 1187 1186 1207 1211 1208 1212 1209 1213 1210 1214 1215
39 1 1 1 469 467 392 468 1206 1205 1204 1216 1217 1218 1219 1220 1221 1222 1223 1224 1225 1229 1226 1230 1227 1231 1228 1232 1233
40 1 1 1 456 469 468 389 1191 1190 1189 1224 1223 1222 1234 1235 1236 984 983 982 1237 1241 1238 1242 1239 1243 1240 1244 1245
41 1 1 1 389 468 472 459 1236 1235 1234 1246 1247 1248 1249 1250 1251 1029 1028 1027 1252 1256 1253 1257 1254 1258 1255 1259 1260
42 1 1 1 468 392 470 472 1221 1220 1219 1261 1262 1263 1264 1265 1266 1248 1247 1246 1267 1271 1268 1272 1269 1273 1270 1274 1275
43 1 1 1 472 470 393 471 1266 1265 1264 1276 1277 1278 1279 1280 1281 1282 1283 1284 1285 1289 1286 1290 1287 1291 1288 1292 1293
44 1 1 1 459 472 471 390 1251 1250 1249 1284 1283 1282 1294 1295 1296 1044 1043 1042 1297 1301 1298 1302 1299 1303 1300 1304 1305
45 1 1 1 390 471 474 462 1296 1295 1294 1306 1307 1308 1309 1310 1311 1089 1088 1087 1312 1316 1313 1317 1314 1318 1315 1319 1320
46 1 1 1 471 393 473 474 1281 1280 1279 1321 1322 1323 1324 1325 1326 1308 1307 1306 1327 1331 1328 1332 1329 1333 1330 1334 1335
47 1 1 1 474 473 228 229 1326 1325 1324 1336 1337 1338 336 337 338 1339 1340 1341 1342 1346 1343 1347 1344 1348 1345 1349 1350
48 1 1 1 462 474 229 230 1311 1310 1309 1341 1340 1339 339 340 341 1104 1103 1102 1351 1355 1352 1356 1353 1357 1354 1358 1359
49 1 1 1 10 11 477 464 62 63 64 1360 1361 1362 1363 1364 1365 1143 1142 1141 1366 1370 1367 1371 1368 1372 1369 1373 1374
50 1 1 1 11 12 475 477 65 66 67 1375 1376 1377 1378 1379 1380 1362 1361 1360 1381 1385 1382 1386 1383 1387 1384 1388 1389
51 1 1 1 477 475 394 476 1380 1379 1378 1390 1391 1392 1393 1394 1395 1396 1397 1398 1399 1403 1400 1404 1401 1405 1402 1406 1407
52 1 1 1 464 477 476 391 1365 1364 1363 1398 1397 1396 1408 1409 1410 1158 1157 1156 1411 1415 1412 1416 1413 1417 1414 1418 1419
53 1 1 1 391 476 480 467 1410 1409 1408 1420 1421 1422 1423 1424 1425 1203 1202 1201 1426 1430 1427 1431 1428 1432 1429 1433 1434
54 1 1 1 476 394 478 480 1395 1394 1393 1435 1436 1437 1438 1439 1440 1422 1421 1420 1441 1445 1442 1446 1443 1447 1444 1448 1449
55 1 1 1 480 478 395 479 1440 1439 1438 1450 1451 1452 1453 1454 1455 1456 1457 1458 1459 1463 1460 1464 1461 1465 1462 1466 1467
56 1 1 1 467 480 479 392 1425 1424 1423 1458 1457 1456 1468 1469 1470 1218 1217 1216 1471 1475 1472 1476 1473 1477 1474 1478 1479
57 1 1 1 392 479 483 470 1470 1469 1468 1480 1481 1482 1483 1484 1485 1263 1262 1261 1486 1490 1487 1491 1488 1492 1489 1493 1494
58 1 1 1 479 395 481 483 1455 1454 1453 1495 1496 1497 1498 1499 1500 1482 1481 1480 1501 1505 1502 1506 1503 1507 1504 1508 1509
59 1 1 1 483 481 396 482 1500 1499 1498 1510 1511 1512 1513 1514 1515 1516 1517 1518 1519 1523 1520 1524 1521 1525 1522 1526 1527
60 1 1 1 470 483 482 393 1485 1484 1483 1518 1517 1516 1528 1529 1530 1278 1277 1276 1531 1535 1532 1536 1533 1537 1534 1538 1539
61 1 1 1 393 482 485 473 1530 1529 1528 1540 1541 1542 1543 1544 1545 1323 1322 1321 1546 1550 1547 1551 1548 1552 1549 1553 1554
62 1 1 1 482 396 484 485 1515 1514 1513 1555 1556 1557 1558 1559 1560 1542 1541 1540 1561 1565 1562 1566 1563 1567 1564 1568 1569
63 1 1 1 485 484 226 227 1560 1559 1558 1570 1571 1572 330 331 332 1573 1574 1575 1576 1580 1577 1581 1578 1582 1579 1583 1584
64 1 1 1 473 485 227 228 1545 1544 1543 1575 1574 1573 333 334 335 1338 1337 1336 1585 1589 1586 1590 1587 1591 1588 1592 1593
65 1 1 1 12 13 488 475 68 69 70 1594 1595 1596 1597 1598 1599 1377 1376 1375 1600 1604 1601 1605 1602 1606 1603 1607 1608
66 1 1 1 13 14 486 488 71 72 73 1609 1610 1611 1612 1613 1614 1596 1595 1594 1615 1619 1616 1620 1617 1621 1618 1622 1623
67 1 1 1 488 486 397 487 1614 1613 1612 1624 1625 1626 1627 1628 1629 1630 1631 1632 1633 1637 1634 1638 1635 1639 1636 1640 1641
68 1 1 1 475 488 487 394 1599 1598 1597 1632 1631 1630 1642 1643 1644 1392 1391 1390 1645 1649 1646 1650 1647 1651 1648 1652 1653
69 1 1 1 394 487 491 478 1644 1643 1642 1654 1655 1656 1657 1658 1659 1437 1436 1435 1660 1664 1661 1665 1662 1666 1663 1667 1668
70 1 1 1 487 397 489 491 1629 1628 1627 1669 1670 1671 1672 1673 1674 1656 1655 1654 1675 1679 1676 1680 1677 1681 1678 1682 1683
71 1 1 1 491 489 398 490 1674 1673 1672 1684 1685 1686 1687 1688 1689 1690 1691 1692 1693 1697 1694 1698 1695 1699 1696 1700 1701
72 1 1 1 478 491 490 395 1659 1658 1657 1692 1691 1690 1702 1703 1704 1452 1451 1450 1705 1709 1706 1710 1707 1711 1708 1712 1713
73 1 1 1 395 490 494 481 1704 1703 1702 1714 1715 1716 1717 1718 1719 1497 1496 1495 1720 1724 1721 1725 1722 1726 1723 1727 1728
74 1 1 1 490 398 492 494 1689 1688 1687 1729 1730 1731 1732 1733 1734 1716 1715 1714 1735 1739 1736 1740 1737 1741 1738 1742 1743
75 1 1 1 494 492 399 493 1734 1733 1732 1744 1745 1746 1747 1748 1749 1750 1751 1752 1753 1757 1754 1758 1755 1759 1756 1760 1761
76 1 1 1 481 494 493 396 1719 1718 1717 1752 1751 1750 1762 1763 1764 1512 1511 1510 1765 1769 1766 1770 1767 1771 1768 1772 1773
77 1 1 1 396 493 496 484 1764 1763 1762 1774 1775 1776 1777 1778 1779 1557 1556 1555 1780 1784 1781 1785 1782 1786 1783 1787 1788
78 1 1 1 493 399 495 496 1749 1748 1747 1789 1790 1791 1792 1793 1794 1776 1775 1774 1795 1799 1796 1800 1797 1801 1798 1802 1803
79 1 1 1 496 495 224 225 1794 1793 1792 1804 1805 1806 324 325 326 1807 1808 1809 1810 1814 1811 1815 1812 1816 1813 1817 1818
80 1 1 1 484 496 225 226 1779 1778 1777 1809 1808 1807 327 328 329 1572 1571 1570 1819 1823 1820 1824 1821 1825 1822 1826 1827
81 1 1 1 14 15 499 486 74 75 76 1828 1829 1830 1831 1832 1833 1611 1610 1609 1834 1838 1835 1839 1836 1840 1837 1841 1842
82 1 1 1 15 16 497 499 77 78 79 1843 1844 1845 1846 1847 1848 1830 1829 1828 1849 1853 1850 1854 1851 1855 1852 1856 1857
83 1 1 1 499 497 400 498 1848 1847 1846 1858 1859 1860 1861 1862 1863 1864 1865 1866 1867 1871 1868 1872 1869 1873 1870 1874 1875
84 1 1 1 486 499 498 397 1833 1832 1831 1866 1865 1864 1876 1877 1878 1626 1625 1624 1879 1883 1880 1884 1881 1885 1882 1886 1887
85 1 1 1 397 498 502 489 1878 1877 1876 1888 1889 1890 1891 1892 1893 1671 1670 1669 1894 1898 1895 1899 1896 1900 1897 1901 1902
86 1 1 1 498 400 500 502 1863 1862 1861 1903 1904 1905 1906 1907 1908 1890 1889 1888 1909 1913 1910 1914 1911 1915 1912 1916 1917
87 1 1 1 502 500 401 501 1908 1907 1906 1918 1919 1920 1921 1922 1923 1924 1925 1926 1927 1931 1928 1932 1929 1933 1930 1934 1935
88 1 1 1 489 502 501 398 1893 1892 1891 1926 1925 1924 1936 1937 1938 1686 1685 1684 1939 1943 1940 1944 1941 1945 1942 1946 1947
89 1 1 1 398 501 505 492 1938 1937 1936 1948 1949 1950 1951 1952 1953 1731 1730 1729 1954 1958 1955 1959 1956 1960 1957 1961 1962
90 1 1 1 501 401 503 505 1923 1922 1921 1963 1964 1965 1966 1967 1968 1950 1949 1948 1969 1973 1970 1974 1971 1975 1972 1976 1977
91 1 1 1 505 503 402 504 1968 1967 1966 1978 1979 1980 1981 1982 1983 1984 1985 1986 1987 1991 1988 1992 1989 1993 1990 1994 1995
92 1 1 1 492 505 504 399 1953 1952 1951 1986 1985 1984 1996 1997 1998 1746 1745 1744 1999 2003 2000 2004 2001 2005 2002 2006 2007
93 1 1 1 399 504 507 495 1998 1997 1996 2008 2009 2010 2011 2012 2013 1791 1790 1789 2014 2018 2015 2019 2016 2020 2017 2021 2022
94 1 1 1 504 402 506 507 1983 1982 1981 2023 2024 2025 2026 2027 2028 2010 2009 2008 2029 2033 2030 2034 2031 2035 2032 2036 2037
95 1 1 1 507 506 222 223 2028 2027 2026 2038 2039 2040 318 319 320 2041 2042 2043 2044 2048 2045 2049 2046 2050 2047 2051 2052
96 1 1 1 495 507 223 224 2013 2012 2011 2043 2042 2041 321 322 323 1806 1805 1804 2053 2057 2054 2058 2055 2059 2056 2060 2061
97 1 1 1 16 17 510 497 80 81 82 2062 2063 2064 2065 2066 2067 1845 1844 1843 2068 2072 2069 2073 2070 2074 2071 2075 2076
98 1 1 1 17 18 508 510 83 84 85 2077 2078 2079 2080 2081 2082 2064 2063 2062 2083 2087 2084 2088 2085 2089 2086 2090 2091
99 1 1 1 510 508 403 509 2082 2081 2080 2092 2093 2094 2095 2096 2097 2098 2099 2100 2101 2105 2102 2106 2103 2107 2104 2108 2109
100 1 1 1 497 510 509 400 2067 2066 2065 2100 2099 2098 2110 2111 2112 1860 1859 1858 2113 2117 2114 2118 2115 2119 2116 2120 2121
101 1 1 1 400 509 513 500 2112 2111 2110 2122 2123 2124 2125 2126 2127 1905 1904 1903 2128 2132 2129 2133 2130 2134 2131 2135 2136
102 1 1 1 509 403 511 513 2097 2096 2095 2137 2138 2139 2140 2141 2142 2124 2123 2122 2143 2147 2144 2148 2145 2149 2146 2150 2151
103 1 1 1 513 511 404 512 2142 2141 2140 2152 2153 2154 2155 2156 2157 2158 2159 2160 2161 2165 2162 2166 2163 2167 2164 2168 2169
104 1 1 1 500 513 512 401 2127 2126 2125 2160 2159 2158 2170 2171 2172 1920 1919 1918 2173 2177 2174 2178 2175 2179 2176 2180 2181
105 1 1 1 401 512 516 503 2172 2171 2170 2182 2183 2184 2185 2186 2187 1965 1964 1963 2188 2192 2189 2193 2190 2194 2191 2195 2196
106 1 1 1 512 404 514 516 2157 2156 2155 2197 2198 2199 2200 2201 2202 2184 2183 2182 2203 2207 2204 2208 2205 2209 2206 2210 2211
107 1 1 1 516 514 405 515 2202 2201 2200 2212 2213 2214 2215 2216 2217 2218 2219 2220 2221 2225 2222 2226 2223 2227 2224 2228 2229
108 1 1 1 503 516 515 402 2187 2186 2185 2220 2219 2218 2230 2231 2232 1980 1979 1978 2233 2237 2234 2238 2235 2239 2236 2240 2241
109 1 1 1 402 515 518 506 2232 2231 2230 2242 2243 2244 2245 2246 2247 2025 2024 2023 2248 2252 2249 2253 2250 2254 2251 2255 2256
110 1 1 1 515 405 517 518 2217 2216 2215 2257 2258 2259 2260 2261 2262 2244 2243 2242 2263 2267 2264 2268 2265 2269 2266 2270 2271
111 1 1 1 518 517 220 221 2262 2261 2260 2272 2273 2274 312 313 314 2275 2276 2277 2278 2282 2279 2283 2280 2284 2281 2285 2286
112 1 1 1 506 518 221 222 2247 2246 2245 2277 2276 2275 315 316 317 2040 2039 2038 2287 2291 2288 2292 2289 2293 2290 2294 2295
113 1 1 1 18 19 521 508 86 87 88 2296 2297 2298 2299 2300 2301 2079 2078 2077 2302 2306 2303 2307 2304 2308 2305 2309 2310
114 1 1 1 19 20 519 521 89 90 91 2311 2312 2313 2314 2315 2316 2298 2297 2296 2317 2321 2318 2322 2319 2323 2320 2324 2325
115 1 1 1 521 519 406 520 2316 2315 2314 2326 2327 2328 2329 2330 2331 2332 2333 2334 2335 2339 2336 2340 2337 2341 2338 2342 2343
116 1 1 1 508 521 520 403 2301 2300 2299 2334 2333 2332 2344 2345 2346 2094 2093 2092 2347 2351 2348 2352 2349 2353 2350 2354 2355
117 1 1 1 403 520 524 511 2346 2345 2344 2356 2357 2358 2359 2360 2361 2139 2138 2137 2362 2366 2363 2367 2364 2368 2365 2369 2370
118 1 1 1 520 406 522 524 2331 2330 2329 2371 2372 2373 2374 2375 2376 2358 2357 2356 2377 2381 2378 2382 2379 2383 2380 2384 2385
119 1 1 1 524 522 407 523 2376 2375 2374 2386 2387 2388 2389 2390 2391 2392 2393 2394 2395 2399 2396 2400 2397 2401 2398 2402 2403
120 1 1 1 511 524 523 404 2361 2360 2359 2394 2393 2392 2404 2405 2406 2154 2153 2152 2407 2411 2408 2412 2409 2413 2410 2414 2415
121 1 1 1 404 523 527 514 2406 2405 2404 2416 2417 2418 2419 2420 2421 2199 2198 2197 2422 2426 2423 2427 2424 2428 2425 2429 2430
122 1 1 1 523 407 525 527 2391 2390 2389 2431 2432 2433 2434 2435 2436 2418 2417 2416 2437 2441 2438 2442 2439 2443 2440 2444 2445
123 1 1 1 527 525 408 526 2436 2435 2434 2446 2447 2448 2449 2450 2451 2452 2453 2454 2455 2459 2456 2460 2457 2461 2458 2462 2463
124 1 1 1 514 527 526 405 2421 2420 2419 2454 2453 2452 2464 2465 2466 2214 2213 2212 2467 2471 2468 2472 2469 2473 2470 2474 2475
125 1 1 1 405 526 529 517 2466 2465 2464 2476 2477 2478 2479 2480 2481 2259 2258 2257 2482 2486 2483 2487 2484 2488 2485 2489 2490
126 1 1 1 526 408 528 529 2451 2450 2449 2491 2492 2493 2494 2495 2496 2478 2477 2476 2497 2501 2498 2502 2499 2503 2500 2504 2505
127 1 1 1 529 528 218 219 2496 2495 2494 2506 2507 2508 306 307 308 2509 2510 2511 2512 2516 2513 2517 2514 2518 2515 2519 2520
128 1 1 1 517 529 219 220 2481 2480 2479 2511 2510 2509 309 310 311 2274 2273 2272 2521 2525 2522 2526 2523 2527 2524 2528 2529
129 1 1 1 20 21 532 519 92 93 94 2530 2531 2532 2533 2534 2535 2313 2312 2311 2536 2540 2537 2541 2538 2542 2539 2543 2544
130 1 1 1 21 22 530 532 95 96 97 2545 2546 2547 2548 2549 2550 2532 2531 2530 2551 2555 2552 2556 2553 2557 2554 2558 2559
131 1 1 1 532 530 409 531 2550 2549 2548 2560 2561 2562 2563 2564 2565 2566 2567 2568 2569 2573 2570 2574 2571 2575 2572 2576 2577
132 1 1 1 519 532 531 406 2535 2534 2533 2568 2567 2566 2578 2579 2580 2328 2327 2326 2581 2585 2582 2586 2583 2587 2584 2588 2589
133 1 1 1 406 531 535 522 2580 2579 2578 2590 2591 2592 2593 2594 2595 2373 2372 2371 2596 2600 2597 2601 2598 2602 2599 2603 2604
134 1 1 1 531 409 533 535 2565 2564 2563 2605 2606 2607 2608 2609 2610 2592 2591 2590 2611 2615 2612 2616 2613 2617 2614 2618 2619
135 1 1 1 535 533 410 534 2610 2609 2608 2620 2621 2622 2623 2624 2625 2626 2627 2628 2629 2633 2630 2634 2631 2635 2632 2636 2637
136 1 1 1 522 535 534 407 2595 2594 2593 2628 2627 2626 2638 2639 2640 2388 2387 2386 2641 2645 2642 2646 2643 2647 2644 2648 2649
137 1 1 1 407 534 538 525 2640 2639 2638 2650 2651 2652 2653 2654 2655 2433 2432 2431 2656 2660 2657 2661 2658 2662 2659 2663 2664
138 1 1 1 534 410 536 538 2625 2624 2623 2665 2666 2667 2668 2669 2670 2652 2651 2650 2671 2675 2672 2676 2673 2677 2674 2678 2679
139 1 1 1 538 536 411 537 2670 2669 2668 2680 2681 2682 2683 2684 2685 2686 2687 2688 2689 2693 2690 2694 2691 2695 2692 2696 2697
140 1 1 1 525 538 537 408 2655 2654 2653 2688 2687 2686 2698 2699 2700 2448 2447 2446 2701 2705 2702 2706 2703 2707 2704 2708 2709
141 1 1 1 408 537 540 528 2700 2699 2698 2710 2711 2712 2713 2714 2715 2493 2492 2491 2716 2720 2717 2721 2718 2722 2719 2723 2724
142 1 1 1 537 411 539 540 2685 2684 2683 2725 2726 2727 2728 2729 2730 2712 2711 2710 2731 2735 2732 2736 2733 2737 2734 2738 2739
143 1 1 1 540 539 216 217 2730 2729 2728 2740 2741 2742 300 301 302 2743 2744 2745 2746 2750 2747 2751 2748 2752 2749 2753 2754
144 1 1 1 528 540 217 218 2715 2714 2713 2745 2744 2743 303 304 305 2508 2507 2506 2755 2759 2756 2760 2757 2761 2758 2762 2763
145 1 1 1 22 23 543 530 98 99 100 2764 2765 2766 2767 2768 2769 2547 2546 2545 2770 2774 2771 2775 2772 2776 2773 2777 2778
146 1 1 1 23 24 541 543 101 102 103 2779 2780 2781 2782 2783 2784 2766 2765 2764 2785 2789 2786 2790 2787 2791 2788 2792 2793
147 1 1 1 543 541 412 542 2784 2783 2782 2794 2795 2796 2797 2798 2799 2800 2801 2802 2803 2807 2804 2808 2805 2809 2806 2810 2811
148 1 1 1 530 543 542 409 2769 2768 2767 2802 2801 2800 2812 2813 2814 2562 2561 2560 2815 2819 2816 2820 2817 2821 2818 2822 2823
149 1 1 1 409 542 546 533 2814 2813 2812 2824 2825 2826 2827 2828 2829 2607 2606 2605 2830 2834 2831 2835 2832 2836 2833 2837 2838
150 1 1 1 542 412 544 546 2799 2798 2797 2839 2840 2841 2842 2843 2844 2826 2825 2824 2845 2849 2846 2850 2847 2851 2848 2852 2853
151 1 1 1 546 544 413 545 2844 2843 2842 2854 2855 2856 2857 2858 2859 2860 2861 2862 2863 2867 2864 2868 2865 2869 2866 2870 2871
152 1 1 1 533 546 545 410 2829 2828 2827 2862 2861 2860 2872 2873 2874 2622 2621 2620 2875 2879 2876 2880 2877 2881 2878 2882 2883
153 1 1 1 410 545 549 536 2874 2873 2872 2884 2885 2886 2887 2888 2889 2667 2666 2665 2890 2894 2891 2895 2892 2896 2893 2897 2898
154 1 1 1 545 413 547 549 2859 2858 2857 2899 2900 2901 2902 2903 2904 2886 2885 2884 2905 2909 2906 2910 2907 2911 2908 2912 2913
155 1 1 1 549 547 414 548 2904 2903 2902 2914 2915 2916 2917 2918 2919 2920 2921 2922 2923 2927 2924 2928 2925 2929 2926 2930 2931
156 1 1 1 536 549 548 411 2889 2888 2887 2922 2921 2920 2932 2933 2934 2682 2681 2680 2935 2939 2936 2940 2937 2941 2938 2942 2943
157 1 1 1 411 548 551 539 2934 2933 2932 2944 2945 2946 2947 2948 2949 2727 2726 2725 2950 2954 2951 2955 2952 2956 2953 2957 2958
158 1 1 1 548 414 550 551 2919 2918 2917 2959 2960 2961 2962 2963 2964 2946 2945 2944 2965 2969 2966 2970 2967 2971 2968 2972 2973
159 1 1 1 551 550 214 215 2964 2963 2962 2974 2975 2976 294 295 296 2977 2978 2979 2980 2984 2981 2985 2982 2986 2983 2987 2988
160 1 1 1 539 551 215 216 2949 2948 2947 2979 2978 2977 297 298 299 2742 2741 2740 2989 2993 2990 2994 2991 2995 2992 2996 2997
161 1 1 1 24 25 554 541 104 105 106 2998 2999 3000 3001 3002 3003 2781 2780 2779 3004 3008 3005 3009 3006 3010 3007 3011 3012
162 1 1 1 25 26 552 554 107 108 109 3013 3014 3015 3016 3017 3018 3000 2999 2998 3019 3023 3020 3024 3021 3025 3022 3026 3027
163 1 1 1 554 552 415 553 3018 3017 3016 3028 3029 3030 3031 3032 3033 3034 3035 3036 3037 3041 3038 3042 3039 3043 3040 3044 3045
164 1 1 1 541 554 553 412 3003 3002 3001 3036 3035 3034 3046 3047 3048 2796 2795 2794 3049 3053 3050 3054 3051 3055 3052 3056 3057
165 1 1 1 412 553 557 544 3048 3047 3046 3058 3059 3060 3061 3062 3063 2841 2840 2839 3064 3068 3065 3069 3066 3070 3067 3071 3072
166 1 1 1 553 415 555 557 3033 3032 3031 3073 3074 3075 3076 3077 3078 3060 3059 3058 3079 3083 3080 3084 3081 3085 3082 3086 3087
167 1 1 1 557 555 416 556 3078 3077 3076 3088 3089 3090 3091 3092 3093 3094 3095 3096 3097 3101 3098 3102 3099 3103 3100 3104 3105
168 1 1 1 544 557 556 413 3063 3062 3061 3096 3095 3094 3106 3107 3108 2856 2855 2854 3109 3113 3110 3114 3111 3115 3112 3116 3117
169 1 1 1 413 556 560 547 3108 3107 3106 3118 3119 3120 3121 3122 3123 2901 2900 2899 3124 3128 3125 3129 3126 3130 3127 3131 3132
170 1 1 1 556 416 558 560 3093 3092 3091 3133 3134 3135 3136 3137 3138 3120 3119 3118 3139 3143 3140 3144 3141 3145 3142 3146 3147
171 1 1 1 560 558 417 559 3138 3137 3136 3148 3149 3150 3151 3152 3153 3154 3155 3156 3157 3161 3158 3162 3159 3163 3160 3164 3165
172 1 1 1 547 560 559 414 3123 3122 3121 3156 3155 3154 3166 3167 3168 2916 2915 2914 3169 3173 3170 3174 3171 3175 3172 3176 3177
173 1 1 1 414 559 562 550 3168 3167 3166 3178 3179 3180 3181 3182 3183 2961 2960 2959 3184 3188 3185 3189 3186 3190 3187 3191 3192
174 1 1 1 559 417 561 562 3153 3152 3151 3193 3194 3195 3196 3197 3198 3180 3179 3178 3199 3203 3200 3204 3201 3205 3202 3206 3207
175 1 1 1 562 561 212 213 3198 3197 3196 3208 3209 3210 288 289 290 3211 3212 3213 3214 3218 3215 3219 3216 3220 3217 3221 3222
176 1 1 1 550 562 213 214 3183 3182 3181 3213 3212 3211 291 292 293 2976 2975 2974 3223 3227 3224 3228 3225 3229 3226 3230 3231
177 1 1 1 26 27 565 552 110 111 112 3232 3233 3234 3235 3236 3237 3015 3014 3013 3238 3242 3239 3243 3240 3244 3241 3245 3246
178 1 1 1 27 28 563 565 113 114 115 3247 3248 3249 3250 3251 3252 3234 3233 3232 3253 3257 3254 3258 3255 3259 3256 3260 3261
179 1 1 1 565 563 418 564 3252 3251 3250 3262 3263 3264 3265 3266 3267 3268 3269 3270 3271 3275 3272 3276 3273 3277 3274 3278 3279
180 1 1 1 552 565 564 415 3237 3236 3235 3270 3269 3268 3280 3281 3282 3030 3029 3028 3283 3287 3284 3288 3285 3289 3286 3290 3291
181 1 1 1 415 564 568 555 3282 3281 3280 3292 3293 3294 3295 3296 3297 3075 3074 3073 3298 3302 3299 3303 3300 3304 3301 3305 3306
182 1 1 1 564 418 566 568 3267 3266 3265 3307 3308 3309 3310 3311 3312 3294 3293 3292 3313 3317 3314 3318 3315 3319 3316 3320 3321
183 1 1 1 568 566 419 567 3312 3311 3310 3322 3323 3324 3325 3326 3327 3328 3329 3330 3331 3335 3332 3336 3333 3337 3334 3338 3339
184 1 1 1 555 568 567 416 3297 3296 3295 3330 3329 3328 3340 3341 3342 3090 3089 3088 3343 3347 3344 3348 3345 3349 3346 3350 3351
185 1 1 1 416 567 571 558 3342 3341 3340 3352 3353 3354 3355 3356 3357 3135 3134 3133 3358 3362 3359 3363 3360 3364 3361 3365 3366
186 1 1 1 567 419 569 571 3327 3326 3325 3367 3368 3369 3370 3371 3372 3354 3353 3352 3373 3377 3374 3378 3375 3379 3376 3380 3381
187 1 1 1 571 569 420 570 3372 3371 3370 3382 3383 3384 3385 3386 3387 3388 3389 3390 3391 3395 3392 3396 3393 3397 3394 3398 3399
188 1 1 1 558 571 570 417 3357 3356 3355 3390 3389 3388 3400 3401 3402 3150 3149 3148 3403 3407 3404 3408 3405 3409 3406 3410 3411
189 1 1 1 417 570 573 561 3402 3401 3400 3412 3413 3414 3415 3416 3417 3195 3194 3193 3418 3422 3419 3423 3420 3424 3421 3425 3426
190 1 1 1 570 420 572 573 3387 3386 3385 3427 3428 3429 3430 3431 3432 3414 3413 3412 3433 3437 3434 3438 3435 3439 3436 3440 3441
191 1 1 1 573 572 210 211 3432 3431 3430 3442 3443 3444 282 283 284 3445 3446 3447 3448 3452 3449 3453 3450 3454 3451 3455 3456
192 1 1 1 561 573 211 212 3417 3416 3415 3447 3446 3445 285 286 287 3210 3209 3208 3457 3461 3458 3462 3459 3463 3460 3464 3465
193 1 1 1 28 29 576 563 116 117 118 3466 3467 3468 3469 3470 3471 3249 3248 3247 3472 3476 3473 3477 3474 3478 3475 3479 3480
194 1 1 1 29 30 574 576 119 120 121 3481 3482 3483 3484 3485 3486 3468 3467 3466 3487 3491 3488 3492 3489 3493 3490 3494 3495
195 1 1 1 576 574 421 575 3486 3485 3484 3496 3497 3498 3499 3500 3501 3502 3503 3504 3505 3509 3506 3510 3507 3511 3508 3512 3513
196 1 1 1 563 576 575 418 3471 3470 3469 3504 3503 3502 3514 3515 3516 3264 3263 3262 3517 3521 3518 3522 3519 3523 3520 3524 3525
197 1 1 1 418 575 579 566 3516 3515 3514 3526 3527 3528 3529 3530 3531 3309 3308 3307 3532 3536 3533 3537 3534 3538 3535 3539 3540
198 1 1 1 575 421 577 579 3501 3500 3499 3541 3542 3543 3544 3545 3546 3528 3527 3526 3547 3551 3548 3552 3549 3553 3550 3554 3555
199 1 1 1 579 577 422 578 3546 3545 3544 3556 3557 3558 3559 3560 3561 3562 3563 3564 3565 3569 3566 3570 3567 3571 3568 3572 3573
200 1 1 1 566 579 578 419 3531 3530 3529 3564 3563 3562 3574 3575 3576 3324 3323 3322 3577 3581 3578 3582 3579 3583 3580 3584 3585
201 1 1 1 419 578 582 569 3576 3575 3574 3586 3587 3588 3589 3590 3591 3369 3368 3367 3592 3596 3593 3597 3594 3598 3595 3599 3600
202 1 1 1 578 422 580 582 3561 3560 3559 3601 3602 3603 3604 3605 3606 3588 3587 3586 3607 3611 3608 3612 3609 3613 3610 3614 3615
203 1 1 1 582 580 423 581 3606 3605 3604 3616 3617 3618 3619 3620 3621 3622 3623 3624 3625 3629 3626 3630 3627 3631 3628 3632 3633
204 1 1 1 569 582 581 420 3591 3590 3589 3624 3623 3622 3634 3635 3636 3384 3383 3382 3637 3641 3638 3642 3639 3643 3640 3644 3645
205 1 1 1 420 581 584 572 3636 3635 3634 3646 3647 3648 3649 3650 3651 3429 3428 3427 3652 3656 3653 3657 3654 3658 3655 3659 3660
206 1 1 1 581 423 583 584 3621 3620 3619 3661 3662 3663 3664 3665 3666 3648 3647 3646 3667 3671 3668 3672 3669 3673 3670 3674 3675
207 1 1 1 584 583 208 209 3666 3665 3664 3676 3677 3678 276 277 278 3679 3680 3681 3682 3686 3683 3687 3684 3688 3685 3689 3690
208 1 1 1 572 584 209 210 3651 3650 3649 3681 3680 3679 279 280 281 3444 3443 3442 3691 3695 3692 3696 3693 3697 3694 3698 3699
209 1 1 1 30 31 587 574 122 123 124 3700 3701 3702 3703 3704 3705 3483 3482 3481 3706 3710 3707 3711 3708 3712 3709 3713 3714
210 1 1 1 31 32 585 587 125 126 127 3715 3716 3717 3718 3719 3720 3702 3701 3700 3721 3725 3722 3726 3723 3727 3724 3728 3729
211 1 1 1 587 585 424 586 3720 3719 3718 3730 3731 3732 3733 3734 3735 3736 3737 3738 3739 3743 3740 3744 3741 3745 3742 3746 3747
212 1 1 1 574 587 586 421 3705 3704 3703 3738 3737 3736 3748 3749 3750 3498 3497 3496 3751 3755 3752 3756 3753 3757 3754 3758 3759
213 1 1 1 421 586 590 577 3750 3749 3748 3760 3761 3762 3763 3764 3765 3543 3542 3541 3766 3770 3767 3771 3768 3772 3769 3773 3774
214 1 1 1 586 424 588 590 3735 3734 3733 3775 3776 3777 3778 3779 3780 3762 3761 3760 3781 3785 3782 3786 3783 3787 3784 3788 3789
215 1 1 1 590 588 425 589 3780 3779 3778 3790 3791 3792 3793 3794 3795 3796 3797 3798 3799 3803 3800 3804 3801 3805 3802 3806 3807
216 1 1 1 577 590 589 422 3765 3764 3763 3798 3797 3796 3808 3809 3810 3558 3557 3556 3811 3815 3812 3816 3813 3817 3814 3818 3819
217 1 1 1 422 589 593 580 3810 3809 3808 3820 3821 3822 3823 3824 3825 3603 3602 3601 3826 3830 3827 3831 3828 3832 3829 3833 3834
218 1 1 1 589 425 591 593 3795 3794 3793 3835 3836 3837 3838 3839 3840 3822 3821 3820 3841 3845 3842 3846 3843 3847 3844 3848 3849
219 1 1 1 593 591 426 592 3840 3839 3838 3850 3851 3852 3853 3854 3855 3856 3857 3858 3859 3863 3860 3864 3861 3865 3862 3866 3867
220 1 1 1 580 593 592 423 3825 3824 3823 3858 3857 3856 3868 3869 3870 3618 3617 3616 3871 3875 3872 3876 3873 3877 3874 3878 3879
221 1 1 1 423 592 595 583 3870 3869 3868 3880 3881 3882 3883 3884 3885 3663 3662 3661 3886 3890 3887 3891 3888 3892 3889 3893 3894
222 1 1 1 592 426 594 595 3855 3854 3853 3895 3896 3897 3898 3899 3900 3882 3881 3880 3901 3905 3902 3906 3903 3907 3904 3908 3909
223 1 1 1 595 594 206 207 3900 3899 3898 3910 3911 3912 270 271 272 3913 3914 3915 3916 3920 3917 3921 3918 3922 3919 3923 3924
224 1 1 1 583 595 207 208 3885 3884 3883 3915 3914 3913 273 274 275 3678 3677 3676 3925 3929 3926 3930 3927 3931 3928 3932 3933
225 1 1 1 32 33 598 585 128 129 130 3934 3935 3936 3937 3938 3939 3717 3716 3715 3940 3944 3941 3945 3942 3946 3943 3947 3948
226 1 1 1 33 34 596 598 131 132 133 3949 3950 3951 3952 3953 3954 3936 3935 3934 3955 3959 3956 3960 3957 3961 3958 3962 3963
227 1 1 1 598 596 427 597 3954 3953 3952 3964 3965 3966 3967 3968 3969 3970 3971 3972 3973 3977 3974 3978 3975 3979 3976 3980 3981
228 1 1 1 585 598 597 424 3939 3938 3937 3972 3971 3970 3982 3983 3984 3732 3731 3730 3985 3989 3986 3990 3987 3991 3988 3992 3993
229 1 1 1 424 597 601 588 3984 3983 3982 3994 3995 3996 3997 3998 3999 3777 3776 3775 4000 4004 4001 4005 4002 4006 4003 4007 4008
230 1 1 1 597 427 599 601 3969 3968 3967 4009 4010 4011 4012 4013 4014 3996 3995 3994 4015 4019 4016 4020 4017 4021 4018 4022 4023
231 1 1 1 601 599 428 600 4014 4013 4012 4024 4025 4026 4027 4028 4029 4030 4031 4032 4033 4037 4034 4038 4035 4039 4036 4040 4041
232 1 1 1 588 601 600 425 3999 3998 3997 4032 4031 4030 4042 4043 4044 3792 3791 3790 4045 4049 4046 4050 4047 4051 4048 4052 4053
233 1 1 1 425 600 604 591 4044 4043 4042 4054 4055 4056 4057 4058 4059 3837 3836 3835 4060 4064 4061 4065 4062 4066 4063 4067 4068
234 1 1 1 600 428 602 604 4029 4028 4027 4069 4070 4071 4072 4073 4074 4056 4055 4054 4075 4079 4076 4080 4077 4081 4078 4082 4083
235 1 1 1 604 602 429 603 4074 4073 4072 4084 4085 4086 4087 4088 4089 4090 4091 4092 4093 4097 4094 4098 4095 4099 4096 4100 4101
236 1 1 1 591 604 603 426 4059 4058 4057 4092 4091 4090 4102 4103 4104 3852 3851 3850 4105 4109 4106 4110 4107 4111 4108 4112 4113
237 1 1 1 426 603 606 594 4104 4103 4102 4114 4115 4116 4117 4118 4119 3897 3896 3895 4120 4124 4121 4125 4122 4126 4123 4127 4128
238 1 1 1 603 429 605 606 4089 4088 4087 4129 4130 4131 4132 4133 4134 4116 4115 4114 4135 4139 4136 4140 4137 4141 4138 4142 4143
239 1 1 1 606 605 204 205 4134 4133 4132 4144 4145 4146 264 265 266 4147 4148 4149 4150 4154 4151 4155 4152 4156 4153 4157 4158
240 1 1 1 594 606 205 206 4119 4118 4117 4149 4148 4147 267 268 269 3912 3911 3910 4159 4163 4160 4164 4161 4165 4162 4166 4167
241 1 1 1 34 35 609 596 134 135 136 4168 4169 4170 4171 4172 4173 3951 3950 3949 4174 4178 4175 4179 4176 4180 4177 4181 4182
242 1 1 1 35 36 607 609 137 138 139 4183 4184 4185 4186 4187 4188 4170 4169 4168 4189 4193 4190 4194 4191 4195 4192 4196 4197
243 1 1 1 609 607 430 608 4188 4187 4186 4198 4199 4200 4201 4202 4203 4204 4205 4206 4207 4211 4208 4212 4209 4213 4210 4214 4215
244 1 1 1 596 609 608 427 4173 4172 4171 4206 4205 4204 4216 4217 4218 3966 3965 3964 4219 4223 4220 4224 4221 4225 4222 4226 4227
245 1 1 1 427 608 612 599 4218 4217 4216 4228 4229 4230 4231 4232 4233 4011 4010 4009 4234 4238 4235 4239 4236 4240 4237 4241 4242
246 1 1 1 608 430 610 612 4203 4202 4201 4243 4244 4245 4246 4247 4248 4230 4229 4228 4249 4253 4250 4254 4251 4255 4252 4256 4257
247 1 1 1 612 610 431 611 4248 4247 4246 4258 4259 4260 4261 4262 4263 4264 4265 4266 4267 4271 4268 4272 4269 4273 4270 4274 4275
248 1 1 1 599 612 611 428 4233 4232 4231 4266 4265 4264 4276 4277 4278 4026 4025 4024 4279 4283 4280 4284 4281 4285 4282 4286 4287
249 1 1 1 428 611 615 602 4278 4277 4276 4288 4289 4290 4291 4292 4293 4071 4070 4069 4294 4298 4295 4299 4296 4300 4297 4301 4302
250 1 1 1 611 431 613 615 4263 4262 4261 4303 4304 4305 4306 4307 4308 4290 4289 4288 4309 4313 4310 4314 4311 4315 4312 4316 4317
251 1 1 1 615 613 432 614 4308 4307 4306 4318 4319 4320 4321 4322 4323 4324 4325 4326 4327 4331 4328 4332 4329 4333 4330 4334 4335
252 1 1 1 602 615 614 429 4293 4292 4291 4326 4325 4324 4336 4337 4338 4086 4085 4084 4339 4343 4340 4344 4341 4345 4342 4346 4347
253 1 1 1 429 614 617 605 4338 4337 4336 4348 4349 4350 4351 4352 4353 4131 4130 4129 4354 4358 4355 4359 4356 4360 4357 4361 4362
254 1 1 1 614 432 616 617 4323 4322 4321 4363 4364 4365 4366 4367 4368 4350 4349 4348 4369 4373 4370 4374 4371 4375 4372 4376 4377
255 1 1 1 617 616 202 203 4368 4367 4366 4378 4379 4380 258 259 260 4381 4382 4383 4384 4388 4385 4389 4386 4390 4387 4391 4392
256 1 1 1 605 617 203 204 4353 4352 4351 4383 4382 4381 261 262 263 4146 4145 4144 4393 4397 4394 4398 4395 4399 4396 4400 4401
257 1 1 1 36 37 620 607 140 141 142 4402 4403 4404 4405 4406 4407 4185 4184 4183 4408 4412 4409 4413 4410 4414 4411 4415 4416
258 1 1 1 37 38 618 620 143 144 145 4417 4418 4419 4420 4421 4422 4404 4403 4402 4423 4427 4424 4428 4425 4429 4426 4430 4431
259 1 1 1 620 618 433 619 4422 4421 4420 4432 4433 4434 4435 4436 4437 4438 4439 4440 4441 4445 4442 4446 4443 4447 4444 4448 4449
260 1 1 1 607 620 619 430 4407 4406 4405 4440 4439 4438 4450 4451 4452 4200 4199 4198 4453 4457 4454 4458 4455 4459 4456 4460 4461
261 1 1 1 430 619 623 610 4452 4451 4450 4462 4463 4464 4465 4466 4467 4245 4244 4243 4468 4472 4469 4473 4470 4474 4471 4475 4476
262 1 1 1 619 433 621 623 4437 4436 4435 4477 4478 4479 4480 4481 4482 4464 4463 4462 4483 4487 4484 4488 4485 4489 4486 4490 4491
263 1 1 1 623 621 434 622 4482 4481 4480 4492 4493 4494 4495 4496 4497 4498 4499 4500 4501 4505 4502 4506 4503 4507 4504 4508 4509
264 1 1 1 610 623 622 431 4467 4466 4465 4500 4499 4498 4510 4511 4512 4260 4259 4258 4513 4517 4514 4518 4515 4519 4516 4520 4521
265 1 1 1 431 622 626 613 4512 4511 4510 4522 4523 4524 4525 4526 4527 4305 4304 4303 4528 4532 4529 4533 4530 4534 4531 4535 4536
266 1 1 1 622 434 624 626 4497 4496 4495 4537 4538 4539 4540 4541 4542 4524 4523 4522 4543 4547 4544 4548 4545 4549 4546 4550 4551
267 1 1 1 626 624 435 625 4542 4541 4540 4552 4553 4554 4555 4556 4557 4558 4559 4560 4561 4565 4562 4566 4563 4567 4564 4568 4569
268 1 1 1 613 626 625 432 4527 4526 4525 4560 4559 4558 4570 4571 4572 4320 4319 4318 4573 4577 4574 4578 4575 4579 4576 4580 4581
269 1 1 1 432 625 628 616 4572 4571 4570 4582 4583 4584 4585 4586 4587 4365 4364 4363 4588 4592 4589 4593 4590 4594 4591 4595 4596
270 1 1 1 625 435 627 628 4557 4556 4555 4597 4598 4599 4600 4601 4602 4584 4583 4582 4603 4607 4604 4608 4605 4609 4606 4610 4611
271 1 1 1 628 627 200 201 4602 4601 4600 4612 4613 4614 252 253 254 4615 4616 4617 4618 4622 4619 4623 4620 4624 4621 4625 4626
272 1 1 1 616 628 201 202 4587 4586 4585 4617 4616 4615 255 256 257 4380 4379 4378 4627 4631 4628 4632 4629 4633 4630 4634 4635
273 1 1 1 38 39 631 618 146 147 148 4636 4637 4638 4639 4640 4641 4419 4418 4417 4642 4646 4643 4647 4644 4648 4645 4649 4650
274 1 1 1 39 40 629 631 149 150 151 4651 4652 4653 4654 4655 4656 4638 4637 4636 4657 4661 4658 4662 4659 4663 4660 4664 4665
275 1 1 1 631 629 436 630 4656 4655 4654 4666 4667 4668 4669 4670 4671 4672 4673 4674 4675 4679 4676 4680 4677 4681 4678 4682 4683
276 1 1 1 618 631 630 433 4641 4640 4639 4674 4673 4672 4684 4685 4686 4434 4433 4432 4687 4691 4688 4692 4689 4693 4690 4694 4695
277 1 1 1 433 630 634 621 4686 4685 4684 4696 4697 4698 4699 4700 4701 4479 4478 4477 4702 4706 4703 4707 4704 4708 4705 4709 4710
278 1 1 1 630 436 632 634 4671 4670 4669 4711 4712 4713 4714 4715 4716 4698 4697 4696 4717 4721 4718 4722 4719 4723 4720 4724 4725
279 1 1 1 634 632 437 633 4716 4715 4714 4726 4727 4728 4729 4730 4731 4732 4733 4734 4735 4739 4736 4740 4737 4741 4738 4742 4743
280 1 1 1 621 634 633 434 4701 4700 4699 4734 4733 4732 4744 4745 4746 4494 4493 4492 4747 4751 4748 4752 4749 4753 4750 4754 4755
281 1 1 1 434 633 637 624 4746 4745 4744 4756 4757 4758 4759 4760 4761 4539 4538 4537 4762 4766 4763 4767 4764 4768 4765 4769 4770
282 1 1 1 633 437 635 637 4731 4730 4729 4771 4772 4773 4774 4775 4776 4758 4757 4756 4777 4781 4778 4782 4779 4783 4780 4784 4785
283 1 1 1 637 635 438 636 4776 4775 4774 4786 4787 4788 4789 4790 4791 4792 4793 4794 4795 4799 4796 4800 4797 4801 4798 4802 4803
284 1 1 1 624 637 636 435 4761 4760 4759 4794 4793 4792 4804 4805 4806 4554 4553 4552 4807 4811 4808 4812 4809 4813 4810 4814 4815
285 1 1 1 435 636 639 627 4806 4805 4804 4816 4817 4818 4819 4820 4821 4599 4598 4597 4822 4826 4823 4827 4824 4828 4825 4829 4830
286 1 1 1 636 438 638 639 4791 4790 4789 4831 4832 4833 4834 4835 4836 4818 4817 4816 4837 4841 4838 4842 4839 4843 4840 4844 4845
287 1 1 1 639 638 198 199 4836 4835 4834 4846 4847 4848 246 247 248 4849 4850 4851 4852 4856 4853 4857 4854 4858 4855 4859 4860
288 1 1 1 627 639 199 200 4821 4820 4819 4851 4850 4849 249 250 251 4614 4613 4612 4861 4865 4862 4866 4863 4867 4864 4868 4869
289 1 1 1 40 41 642 629 152 153 154 4870 4871 4872 4873 4874 4875 4653 4652 4651 4876 4880 4877 4881 4878 4882 4879 4883 4884
290 1 1 1 41 42 640 642 155 156 157 4885 4886 4887 4888 4889 4890 4872 4871 4870 4891 4895 4892 4896 4893 4897 4894 4898 4899
291 1 1 1 642 640 439 641 4890 4889 4888 4900 4901 4902 4903 4904 4905 4906 4907 4908 4909 4913 4910 4914 4911 4915 4912 4916 4917
292 1 1 1 629 642 641 436 4875 4874 4873 4908 4907 4906 4918 4919 4920 4668 4667 4666 4921 4925 4922 4926 4923 4927 4924 4928 4929
293 1 1 1 436 641 645 632 4920 4919 4918 4930 4931 4932 4933 4934 4935 4713 4712 4711 4936 4940 4937 4941 4938 4942 4939 4943 4944
294 1 1 1 641 439 643 645 4905 4904 4903 4945 4946 4947 4948 4949 4950 4932 4931 4930 4951 4955 4952 4956 4953 4957 4954 4958 4959
295 1 1 1 645 643 440 644 4950 4949 4948 4960 4961 4962 4963 4964 4965 4966 4967 4968 4969 4973 4970 4974 4971 4975 4972 4976 4977
296 1 1 1 632 645 644 437 4935 4934 4933 4968 4967 4966 4978 4979 4980 4728 4727 4726 4981 4985 4982 4986 4983 4987 4984 4988 4989
297 1 1 1 437 644 648 635 4980 4979 4978 4990 4991 4992 4993 4994 4995 4773 4772 4771 4996 5000 4997 5001 4998 5002 4999 5003 5004
298 1 1 1 644 440 646 648 4965 4964 4963 5005 5006 5007 5008 5009 5010 4992 4991 4990 5011 5015 5012 5016 5013 5017 5014 5018 5019
299 1 1 1 648 646 441 647 5010 5009 5008 5020 5021 5022 5023 5024 5025 5026 5027 5028 5029 5033 5030 5034 5031 5035 5032 5036 5037
300 1 1 1 635 648 647 438 4995 4994 4993 5028 5027 5026 5038 5039 5040 4788 4787 4786 5041 5045 5042 5046 5043 5047 5044 5048 5049
301 1 1 1 438 647 650 638 5040 5039 5038 5050 5051 5052 5053 5054 5055 4833 4832 4831 5056 5060 5057 5061 5058 5062 5059 5063 5064
302 1 1 1 647 441 649 650 5025 5024 5023 5065 5066 5067 5068 5069 5070 5052 5051 5050 5071 5075 5072 5076 5073 5077 5074 5078 5079
303 1 1 1 650 649 196 197 5070 5069 5068 5080 5081 5082 240 241 242 5083 5084 5085 5086 5090 5087 5091 5088 5092 5089 5093 5094
304 1 1 1 638 650 197 198 5055 5054 5053 5085 5084 5083 243 244 245 4848 4847 4846 5095 5099 5096 5100 5097 5101 5098 5102 5103
305 1 1 1 42 43 652 640 158 159 160 5104 5105 5106 5107 5108 5109 4887 4886 4885 5110 5114 5111 5115 5112 5116 5113 5117 5118
306 1 1 1 43 2 164 652 161 162 163 171 172 173 5119 5120 5121 5106 5105 5104 5122 5126 5123 5127 5124 5128 5125 5129 5130
307 1 1 1 652 164 165 651 5121 5120 5119 174 175 176 5131 5132 5133 5134 5135 5136 5137 5141 5138 5142 5139 5143 5140 5144 5145
308 1 1 1 640 652 651 439 5109 5108 5107 5136 5135 5134 5146 5147 5148 4902 4901 4900 5149 5153 5150 5154 5151 5155 5152 5156 5157
309 1 1 1 439 651 654 643 5148 5147 5146 5158 5159 5160 5161 5162 5163 4947 4946 4945 5164 5168 5165 5169 5166 5170 5167 5171 5172
310 1 1 1 651 165 166 654 5133 5132 5131 177 178 179 5173 5174 5175 5160 5159 5158 5176 5180 5177 5181 5178 5182 5179 5183 5184
311 1 1 1 654 166 167 653 5175 5174 5173 180 181 182 5185 5186 5187 5188 5189 5190 5191 5195 5192 5196 5193 5197 5194 5198 5199
312 1 1 1 643 654 653 440 5163 5162 5161 5190 5189 5188 5200 5201 5202 4962 4961 4960 5203 5207 5204 5208 5205 5209 5206 5210 5211
313 1 1 1 440 653 656 646 5202 5201 5200 5212 5213 5214 5215 5216 5217 5007 5006 5005 5218 5222 5219 5223 5220 5224 5221 5225 5226
314 1 1 1 653 167 168 656 5187 5186 5185 183 184 185 5227 5228 5229 5214 5213 5212 5230 5234 5231 5235 5232 5236 5233 5237 5238
315 1 1 1 656 168 169 655 5229 5228 5227 186 187 188 5239 5240 5241 5242 5243 5244 5245 5249 5246 5250 5247 5251 5248 5252 5253
316 1 1 1 646 656 655 441 5217 5216 5215 5244 5243 5242 5254 5255 5256 5022 5021 5020 5257 5261 5258 5262 5259 5263 5260 5264 5265
317 1 1 1 441 655 657 649 5256 5255 5254 5266 5267 5268 5269 5270 5271 5067 5066 5065 5272 5276 5273 5277 5274 5278 5275 5279 5280
318 1 1 1 655 169 170 657 5241 5240 5239 189 190 191 5281 5282 5283 5268 5267 5266 5284 5288 5285 5289 5286 5290 5287 5291 5292
319 1 1 1 657 170 3 195 5283 5282 5281 192 193 194 234 235 236 5293 5294 5295 5296 5300 5297 5301 5298 5302 5299 5303 5304
320 1 1 1 649 657 195 196 5271 5270 5269 5295 5294 5293 237 238 239 5082 5081 5080 5305 5309 5306 5310 5307 5311 5308 5312 5313
