0,0,0,0
5,0,0,0
5,1,0,0
0,1,0,0
0.25,0,-1.091705611,-0.756048491
0.5,0,-1.805475206,-1.859654305
0.75,0,-2.266586951,-3.239765229
1,0,-2.486020202,-4.773614207
1.25,0,-2.476716509,-6.33452628
1.5,0,-2.25945078,-7.801931678
1.75,0,-1.863252889,-9.067605792
2,0,-1.32490805,-10.04090523
2.25,0,-0.6877779731,-10.65336664
2.5,0,1.802138556e-12,-10.86234799
2.75,0,0.6877779731,-10.65336664
3,0,1.32490805,-10.04090523
3.25,0,1.863252889,-9.067605792
3.5,0,2.25945078,-7.801931678
3.75,0,2.476716509,-6.33452628
4,0,2.486020202,-4.773614207
4.25,0,2.266586951,-3.239765229
4.5,0,1.805475206,-1.859654305
4.75,0,1.091705611,-0.756048491
0.05,0,-0.2940401839,-0.1333779628
0.1,0,-0.5202486728,-0.2674515055
0.15,0,-0.7259148298,-0.4144902031
0.2,0,-0.9161082257,-0.5774268605
0.3,0,-1.255798405,-0.9491862039
0.35,0,-1.408858582,-1.157088174
0.4,0,-1.551316448,-1.378630089
0.45,0,-1.683470763,-1.613061608
0.55,0,-1.917452246,-2.117197832
0.6,0,-2.019502233,-2.385049688
0.65,0,-2.1116336,-2.662067555
0.7,0,-2.193995195,-2.947184359
0.8,0,-2.329489533,-3.538071117
0.85,0,-2.382816845,-3.841827332
0.9,0,-2.426550281,-4.149616891
0.95,0,-2.460951677,-4.460338956
1.05,0,-2.501906824,-5.087227948
1.1,0,-2.508804005,-5.4014284
1.15,0,-2.506697379,-5.71457854
1.2,0,-2.495999808,-6.025620697
1.3,0,-2.449081361,-6.638606264
1.35,0,-2.41337147,-6.938738816
1.4,0,-2.36957665,-7.233088296
1.45,0,-2.318266803,-7.520696405
1.55,0,-2.193446015,-8.073673259
1.6,0,-2.12061092,-8.337470589
1.65,0,-2.040939288,-8.591332851
1.7,0,-1.95514966,-8.83445151
1.8,0,-1.765643528,-9.287334951
1.85,0,-1.662750968,-9.49584357
1.9,0,-1.554573185,-9.69105298
1.95,0,-1.441955045,-9.872349301
2.05,0,-1.203890242,-10.1930549
2.1,0,-1.079384973,-10.33158745
2.15,0,-0.9513943846,-10.45442204
2.2,0,-0.8208551095,-10.56117504
2.3,0,-0.5526647202,-10.72729056
2.35,0,-0.416030401,-10.78620246
2.4,0,-0.2778809199,-10.82811499
2.45,0,-0.1392011542,-10.85289765
2.55,0,0.1392011542,-10.85289765
2.6,0,0.2778809199,-10.82811499
2.65,0,0.416030401,-10.78620246
2.7,0,0.5526647202,-10.72729056
2.8,0,0.8208551095,-10.56117504
2.85,0,0.9513943846,-10.45442204
2.9,0,1.079384973,-10.33158745
2.95,0,1.203890242,-10.1930549
3.05,0,1.441955045,-9.872349301
3.1,0,1.554573185,-9.69105298
3.15,0,1.662750968,-9.49584357
3.2,0,1.765643528,-9.287334951
3.3,0,1.95514966,-8.83445151
3.35,0,2.040939288,-8.591332851
3.4,0,2.12061092,-8.337470589
3.45,0,2.193446015,-8.073673259
3.55,0,2.318266803,-7.520696405
3.6,0,2.36957665,-7.233088296
3.65,0,2.41337147,-6.938738816
3.7,0,2.449081361,-6.638606264
3.8,0,2.495999808,-6.025620697
3.85,0,2.506697379,-5.71457854
3.9,0,2.508804005,-5.4014284
3.95,0,2.501906824,-5.087227948
4.05,0,2.460951677,-4.460338956
4.1,0,2.426550281,-4.149616891
4.15,0,2.382816845,-3.841827332
4.2,0,2.329489533,-3.538071117
4.3,0,2.193995195,-2.947184358
4.35,0,2.1116336,-2.662067555
4.4,0,2.019502233,-2.385049688
4.45,0,1.917452246,-2.117197832
4.55,0,1.683470763,-1.613061608
4.6,0,1.551316448,-1.378630089
4.65,0,1.408858582,-1.157088174
4.7,0,1.255798405,-0.9491862039
4.8,0,0.9161082257,-0.5774268605
4.85,0,0.7259148298,-0.4144902031
4.9,0,0.5202486728,-0.2674515055
4.95,0,0.2940401839,-0.1333779628
5,0.25,0,0
5,0.5,0,0
5,0.75,0,0
5,0.05,0,0
5,0.1,0,0
5,0.15,0,0
5,0.2,0,0
5,0.3,0,0
5,0.35,0,0
5,0.4,0,0
5,0.45,0,0
5,0.55,0,0
5,0.6,0,0
5,0.65,0,0
5,0.7,0,0
5,0.8,0,0
5,0.85,0,0
5,0.9,0,0
5,0.95,0,0
4.75,1,-1.091705611,-0.7560484911
4.5,1,-1.805475206,-1.859654305
4.25,1,-2.266586951,-3.239765229
4,1,-2.486020202,-4.773614207
3.75,1,-2.476716509,-6.33452628
3.5,1,-2.25945078,-7.801931678
3.25,1,-1.863252889,-9.067605793
3,1,-1.32490805,-10.04090523
2.75,1,-0.6877779731,-10.65336664
2.5,1,1.306742338e-12,-10.86234799
2.25,1,0.6877779731,-10.65336664
2,1,1.32490805,-10.04090523
1.75,1,1.863252889,-9.067605792
1.5,1,2.25945078,-7.801931678
1.25,1,2.476716509,-6.33452628
1,1,2.486020202,-4.773614207
0.75,1,2.266586951,-3.239765229
0.5,1,1.805475206,-1.859654305
0.25,1,1.091705611,-0.756048491
4.95,1,-0.2940401839,-0.1333779628
4.9,1,-0.5202486728,-0.2674515055
4.85,1,-0.7259148298,-0.4144902031
4.8,1,-0.9161082257,-0.5774268605
4.7,1,-1.255798405,-0.9491862039
4.65,1,-1.408858582,-1.157088174
4.6,1,-1.551316448,-1.378630089
4.55,1,-1.683470763,-1.613061608
4.45,1,-1.917452246,-2.117197832
4.4,1,-2.019502233,-2.385049688
4.35,1,-2.1116336,-2.662067555
4.3,1,-2.193995195,-2.947184358
4.2,1,-2.329489533,-3.538071117
4.15,1,-2.382816845,-3.841827332
4.1,1,-2.426550281,-4.149616891
4.05,1,-2.460951677,-4.460338956
3.95,1,-2.501906824,-5.087227948
3.9,1,-2.508804005,-5.4014284
3.85,1,-2.506697379,-5.71457854
3.8,1,-2.495999808,-6.025620697
3.7,1,-2.449081361,-6.638606264
3.65,1,-2.41337147,-6.938738816
3.6,1,-2.36957665,-7.233088296
3.55,1,-2.318266803,-7.520696405
3.45,1,-2.193446015,-8.073673259
3.4,1,-2.12061092,-8.337470589
3.35,1,-2.040939288,-8.591332851
3.3,1,-1.95514966,-8.83445151
3.2,1,-1.765643528,-9.287334951
3.15,1,-1.662750968,-9.49584357
3.1,1,-1.554573185,-9.69105298
3.05,1,-1.441955045,-9.872349301
2.95,1,-1.203890242,-10.1930549
2.9,1,-1.079384973,-10.33158745
2.85,1,-0.9513943846,-10.45442204
2.8,1,-0.8208551095,-10.56117504
2.7,1,-0.5526647202,-10.72729056
2.65,1,-0.416030401,-10.78620246
2.6,1,-0.2778809199,-10.82811499
2.55,1,-0.1392011542,-10.85289765
2.45,1,0.1392011542,-10.85289765
2.4,1,0.2778809199,-10.82811499
2.35,1,0.416030401,-10.78620246
2.3,1,0.5526647202,-10.72729056
2.2,1,0.8208551095,-10.56117504
2.15,1,0.9513943846,-10.45442204
2.1,1,1.079384973,-10.33158745
2.05,1,1.203890242,-10.1930549
1.95,1,1.441955045,-9.872349301
1.9,1,1.554573185,-9.69105298
1.85,1,1.662750968,-9.49584357
1.8,1,1.765643528,-9.287334951
1.7,1,1.95514966,-8.83445151
1.65,1,2.040939288,-8.591332851
1.6,1,2.12061092,-8.337470589
1.55,1,2.193446015,-8.073673259
1.45,1,2.318266803,-7.520696405
1.4,1,2.36957665,-7.233088296
1.35,1,2.41337147,-6.938738816
1.3,1,2.449081361,-6.638606264
1.2,1,2.495999808,-6.025620697
1.15,1,2.506697379,-5.71457854
1.1,1,2.508804005,-5.4014284
1.05,1,2.501906824,-5.087227948
0.95,1,2.460951677,-4.460338956
0.9,1,2.426550281,-4.149616891
0.85,1,2.382816845,-3.841827332
0.8,1,2.329489533,-3.538071117
0.7,1,2.193995195,-2.947184358
0.65,1,2.1116336,-2.662067555
0.6,1,2.019502233,-2.385049688
0.55,1,1.917452246,-2.117197832
0.45,1,1.683470763,-1.613061608
0.4,1,1.551316448,-1.378630089
0.35,1,1.408858582,-1.157088174
0.3,1,1.255798405,-0.9491862039
0.2,1,0.9161082257,-0.5774268605
0.15,1,0.7259148298,-0.4144902031
0.1,1,0.5202486728,-0.2674515055
0.05,1,0.2940401839,-0.1333779628
0,0.75,0,0
0,0.5,0,0
0,0.25,0,0
0,0.95,0,0
0,0.9,0,0
0,0.85,0,0
0,0.8,0,0
0,0.7,0,0
0,0.65,0,0
0,0.6,0,0
0,0.55,0,0
0,0.45,0,0
0,0.4,0,0
0,0.35,0,0
0,0.3,0,0
0,0.2,0,0
0,0.15,0,0
0,0.1,0,0
0,0.05,0,0
0.25,0.25,-0.4201943113,-0.6732024963
0.25,0.5,0,-0.6593589615
0.25,0.75,0.4201943113,-0.6732024963
0.5,0.25,-0.7698013736,-1.793513915
0.5,0.5,9.133439708e-14,-1.772968062
0.5,0.75,0.7698013736,-1.793513915
0.75,0.25,-1.004587429,-3.198528943
0.75,0.5,2.56267006e-13,-3.183747316
0.75,0.75,1.004587429,-3.198528943
1,0.25,-1.121958968,-4.756897505
1,0.5,2.973224455e-13,-4.749442301
1,0.75,1.121958968,-4.756897505
1.25,0.25,-1.128720952,-6.340273512
1.25,0.5,2.340341107e-13,-6.339537535
1.25,0.75,1.128720952,-6.340273512
1.5,0.25,-1.035609768,-7.82732275
1.5,0.5,2.702121053e-13,-7.832357535
1.5,0.75,1.035609768,-7.82732275
1.75,0.25,-0.8569772223,-9.109141066
1.75,0.5,2.41148119e-13,-9.118851231
1.75,0.75,0.8569772223,-9.109141066
2,0.25,-0.6106318894,-10.09447131
2,0.5,1.320796335e-13,-10.10763058
2,0.75,0.6106318894,-10.09447131
2.25,0.25,-0.3173359897,-10.71436134
2.25,0.5,-9.236245458e-14,-10.72963644
2.25,0.75,0.3173359897,-10.71436134
2.5,0.25,5.525738397e-13,-10.92585498
2.5,0.5,-3.63076751e-13,-10.94184333
2.5,0.75,-3.741169523e-13,-10.92585498
2.75,0.25,0.3173359897,-10.71436134
2.75,0.5,-8.188368501e-13,-10.72963644
2.75,0.75,-0.3173359897,-10.71436134
3,0.25,0.6106318894,-10.09447131
3,0.5,-1.264764363e-12,-10.10763058
3,0.75,-0.6106318894,-10.09447131
3.25,0.25,0.8569772223,-9.109141066
3.25,0.5,-1.610746722e-12,-9.118851231
3.25,0.75,-0.8569772223,-9.109141066
3.5,0.25,1.035609768,-7.82732275
3.5,0.5,-1.889450766e-12,-7.832357534
3.5,0.75,-1.035609768,-7.82732275
3.75,0.25,1.128720952,-6.340273512
3.75,0.5,-1.94505213e-12,-6.339537535
3.75,0.75,-1.128720952,-6.340273512
4,0.25,1.121958968,-4.756897505
4,0.5,-1.692041773e-12,-4.749442301
4,0.75,-1.121958968,-4.756897505
4.25,0.25,1.004587429,-3.198528943
4.25,0.5,-1.223927535e-12,-3.183747316
4.25,0.75,-1.004587429,-3.198528943
4.5,0.25,0.7698013735,-1.793513915
4.5,0.5,-5.510728156e-13,-1.772968062
4.5,0.75,-0.7698013736,-1.793513915
4.75,0.25,0.4201943113,-0.6732024963
4.75,0.5,-2.516369475e-13,-0.6593589615
4.75,0.75,-0.4201943113,-0.6732024963
0.25,0.05,-0.9181342045,-0.73158452
0.25,0.1,-0.7679585247,-0.7111143028
0.25,0.15,-0.6374191456,-0.6944171728
0.25,0.2,-0.5228467279,-0.6820820298
0.2,0.25,-0.339197402,-0.4959834525
0.15,0.25,-0.2557854396,-0.3376648808
0.1,0.25,-0.1712280058,-0.2007344142
0.05,0.25,-0.08567304596,-0.08744347125
0.05,0.05,-0.2044083932,-0.1041114889
0.2,0.05,-0.7587049197,-0.5513626839
0.2,0.2,-0.4228566907,-0.5031943056
0.05,0.2,-0.1066196755,-0.08755614567
0.1,0.05,-0.4039113067,-0.2384361766
0.15,0.05,-0.5880079394,-0.387033183
0.2,0.1,-0.6279882319,-0.5302750033
0.2,0.15,-0.5176740053,-0.5143229984
0.15,0.2,-0.3194234266,-0.3427017547
0.1,0.2,-0.2136767946,-0.2031532427
0.05,0.15,-0.1314439483,-0.08899971573
0.05,0.1,-0.1620279756,-0.09300713447
0.1,0.1,-0.3226621618,-0.2183724512
0.15,0.1,-0.4793460773,-0.3658207444
0.15,0.15,-0.3921908572,-0.3513783829
0.1,0.15,-0.2627683483,-0.2082009859
0.25,0.3,-0.326817115,-0.6673018887
0.25,0.35,-0.2398769727,-0.663388707
0.25,0.4,-0.1575363136,-0.6610156984
0.25,0.45,-0.07807164276,-0.659745998
0.2,0.5,-1.305424621e-13,-0.4862936149
0.15,0.5,-7.37983396e-14,-0.3329005052
0.1,0.5,-4.572424033e-14,-0.2002636923
0.05,0.5,-3.85128458e-14,-0.08918846205
0.05,0.3,-0.06666452692,-0.08776834329
0.2,0.3,-0.263436637,-0.4914304173
0.2,0.45,-0.06286913755,-0.4865126138
0.05,0.45,-0.01594944073,-0.08907532373
0.1,0.3,-0.1328821223,-0.199887105
0.15,0.3,-0.1986125856,-0.3350285714
0.2,0.35,-0.1932636266,-0.4887500771
0.2,0.4,-0.1268805413,-0.4872513542
0.15,0.45,-0.04739665053,-0.3329444862
0.1,0.45,-0.03173883473,-0.2001806428
0.05,0.4,-0.03216923997,-0.08875506403
0.05,0.35,-0.04895499442,-0.08828604781
0.1,0.35,-0.09751842448,-0.1997942331
0.15,0.35,-0.1456830345,-0.3337157135
0.15,0.4,-0.09564851891,-0.3331492261
0.1,0.4,-0.06404303076,-0.1999795412
0.25,0.55,0.07807164276,-0.659745998
0.25,0.6,0.1575363136,-0.6610156984
0.25,0.65,0.2398769727,-0.663388707
0.25,0.7,0.326817115,-0.6673018887
0.2,0.75,0.339197402,-0.4959834524
0.15,0.75,0.2557854396,-0.3376648808
0.1,0.75,0.1712280058,-0.2007344142
0.05,0.75,0.08567304596,-0.08744347125
0.05,0.55,0.01594944073,-0.08907532373
0.2,0.55,0.06286913755,-0.4865126138
0.2,0.7,0.263436637,-0.4914304173
0.05,0.7,0.06666452692,-0.08776834329
0.1,0.55,0.03173883473,-0.2001806428
0.15,0.55,0.04739665053,-0.3329444862
0.2,0.6,0.1268805413,-0.4872513542
0.2,0.65,0.1932636266,-0.4887500771
0.15,0.7,0.1986125856,-0.3350285714
0.1,0.7,0.1328821223,-0.199887105
0.05,0.65,0.04895499442,-0.08828604781
0.05,0.6,0.03216923997,-0.08875506403
0.1,0.6,0.06404303076,-0.1999795412
0.15,0.6,0.09564851891,-0.3331492261
0.15,0.65,0.1456830345,-0.3337157135
0.1,0.65,0.09751842448,-0.1997942331
0.25,0.8,0.5228467279,-0.6820820298
0.25,0.85,0.6374191456,-0.6944171728
0.25,0.9,0.7679585247,-0.7111143028
0.25,0.95,0.9181342045,-0.73158452
0.05,0.8,0.1066196755,-0.08755614567
0.2,0.8,0.4228566907,-0.5031943056
0.2,0.95,0.7587049197,-0.5513626839
0.05,0.95,0.2044083932,-0.1041114889
0.1,0.8,0.2136767946,-0.2031532427
0.15,0.8,0.3194234266,-0.3427017547
0.2,0.85,0.5176740053,-0.5143229984
0.2,0.9,0.6279882319,-0.5302750033
0.15,0.95,0.5880079394,-0.387033183
0.1,0.95,0.4039113067,-0.2384361766
0.05,0.9,0.1620279756,-0.09300713447
0.05,0.85,0.1314439483,-0.08899971573
0.1,0.85,0.2627683483,-0.2082009859
0.15,0.85,0.3921908572,-0.3513783829
0.15,0.9,0.4793460773,-0.3658207444
0.1,0.9,0.3226621618,-0.2183724512
0.5,0.05,-1.563692967,-1.842798523
0.5,0.1,-1.341429394,-1.827678515
0.5,0.15,-1.13652352,-1.814376691
0.5,0.2,-0.9467392667,-1.802955292
0.45,0.25,-0.7086143479,-1.542354353
0.4,0.25,-0.6428320502,-1.303683133
0.35,0.25,-0.5726267771,-1.078480851
0.3,0.25,-0.498321447,-0.8679530253
0.3,0.05,-1.06666399,-0.9266177766
0.45,0.05,-1.453412327,-1.594851143
0.45,0.2,-0.8731023575,-1.552234215
0.3,0.2,-0.6183032311,-0.8776374502
0.35,0.05,-1.205128936,-1.135951966
0.4,0.05,-1.333953825,-1.35896848
0.45,0.1,-1.243149831,-1.578538145
0.45,0.15,-1.050489103,-1.56430304
0.4,0.2,-0.7937288479,-1.31379192
0.35,0.2,-0.7087300368,-1.088583397
0.3,0.15,-0.7509195465,-0.8905442343
0.3,0.1,-0.8993092345,-0.9068872743
0.35,0.1,-1.022213231,-1.117323718
0.4,0.1,-1.136779936,-1.341480657
0.4,0.15,-0.9575322567,-1.32638669
0.35,0.15,-0.85765537,-1.101487632
0.5,0.3,-0.6034255553,-1.785893024
0.5,0.35,-0.4453958742,-1.780145885
0.5,0.4,-0.2935381991,-1.77611634
0.5,0.45,-0.1457578955,-1.773727815
0.45,0.5,-2.154791523e-13,-1.5215431
0.4,0.5,-1.116189911e-13,-1.283206899
0.35,0.5,-6.465393732e-14,-1.059161101
0.3,0.5,-4.342878567e-14,-0.8507464942
0.3,0.3,-0.3880711419,-0.860926074
0.45,0.3,-0.5546550468,-1.53454936
0.45,0.45,-0.1336732784,-1.52231288
0.3,0.45,-0.0928697378,-0.8512930035
0.35,0.3,-0.4467308171,-1.070896278
0.4,0.3,-0.5023554306,-1.29584611
0.45,0.35,-0.4089525193,-1.528712172
0.45,0.4,-0.2693191205,-1.524677304
0.4,0.45,-0.1207779812,-1.283934496
0.35,0.45,-0.1071454697,-1.059816865
0.3,0.4,-0.1873486391,-0.8530109474
0.3,0.35,-0.2851311548,-0.856109122
0.35,0.35,-0.328597522,-1.065469185
0.4,0.35,-0.3699583963,-1.290103536
0.4,0.4,-0.2434483215,-1.286197006
0.35,0.4,-0.2160634769,-1.061867582
0.5,0.55,0.1457578955,-1.773727815
0.5,0.6,0.2935381991,-1.77611634
0.5,0.65,0.4453958742,-1.780145885
0.5,0.7,0.6034255553,-1.785893024
0.45,0.75,0.7086143479,-1.542354353
0.4,0.75,0.6428320502,-1.303683133
0.35,0.75,0.5726267771,-1.078480851
0.3,0.75,0.498321447,-0.8679530253
0.3,0.55,0.0928697378,-0.8512930035
0.45,0.55,0.1336732784,-1.52231288
0.45,0.7,0.5546550468,-1.53454936
0.3,0.7,0.3880711419,-0.860926074
0.35,0.55,0.1071454697,-1.059816865
0.4,0.55,0.1207779812,-1.283934496
0.45,0.6,0.2693191205,-1.524677304
0.45,0.65,0.4089525193,-1.528712172
0.4,0.7,0.5023554306,-1.29584611
0.35,0.7,0.4467308171,-1.070896278
0.3,0.65,0.2851311548,-0.856109122
0.3,0.6,0.1873486391,-0.8530109474
0.35,0.6,0.2160634769,-1.061867582
0.4,0.6,0.2434483215,-1.286197006
0.4,0.65,0.3699583963,-1.290103536
0.35,0.65,0.328597522,-1.065469185
0.5,0.8,0.9467392667,-1.802955292
0.5,0.85,1.13652352,-1.814376691
0.5,0.9,1.341429394,-1.827678515
0.5,0.95,1.563692967,-1.842798523
0.3,0.8,0.6183032311,-0.8776374502
0.45,0.8,0.8731023575,-1.552234215
0.45,0.95,1.453412327,-1.594851143
0.3,0.95,1.06666399,-0.9266177766
0.35,0.8,0.7087300368,-1.088583397
0.4,0.8,0.7937288479,-1.31379192
0.45,0.85,1.050489103,-1.56430304
0.45,0.9,1.243149831,-1.578538145
0.4,0.95,1.333953825,-1.35896848
0.35,0.95,1.205128936,-1.135951966
0.3,0.9,0.8993092345,-0.9068872743
0.3,0.85,0.7509195465,-0.8905442343
0.35,0.85,0.85765537,-1.101487632
0.4,0.85,0.9575322567,-1.32638669
0.4,0.9,1.136779936,-1.341480657
0.35,0.9,1.022213231,-1.117323718
0.75,0.05,-1.981025501,-3.229687377
0.75,0.1,-1.714170198,-3.220529251
0.75,0.15,-1.463880703,-3.212214729
0.75,0.2,-1.228054938,-3.204817517
0.7,0.25,-0.9671544704,-2.90099797
0.65,0.25,-0.9249708163,-2.610776031
0.6,0.25,-0.8780149552,-2.328725807
0.55,0.25,-0.8262844863,-2.055923254
0.55,0.05,-1.664924204,-2.101788241
0.7,0.05,-1.915178632,-2.935901417
0.7,0.2,-1.183327106,-2.908018018
0.55,0.2,-1.014585292,-2.064867119
0.6,0.05,-1.757195418,-2.370997936
0.65,0.05,-1.840595918,-2.649374133
0.7,0.1,-1.655219252,-2.925560799
0.7,0.15,-1.411974863,-2.916237903
0.65,0.2,-1.132862689,-2.61845561
0.6,0.2,-1.076623207,-2.33705757
0.55,0.15,-1.21565356,-2.075536211
0.55,0.1,-1.4317038,-2.087871319
0.6,0.1,-1.514051407,-2.35827665
0.65,0.1,-1.588532543,-2.637848857
0.65,0.15,-1.353336601,-2.627517117
0.6,0.15,-1.287910307,-2.346938562
0.75,0.3,-0.7913936866,-3.193198098
0.75,0.35,-0.5863957655,-3.189082304
0.75,0.4,-0.3875288743,-3.186104253
0.75,0.45,-0.1927457049,-3.184285221
0.7,0.5,-2.046068628e-13,-2.884786275
0.65,0.5,-7.349106278e-14,-2.593208064
0.6,0.5,-1.856876864e-14,-2.309929582
0.55,0.5,-4.971463158e-15,-2.036105466
0.55,0.3,-0.6485391287,-2.048673604
0.7,0.3,-0.7613464823,-2.895176008
0.7,0.45,-0.1851957528,-2.88542285
0.55,0.45,-0.1569802545,-2.036867002
0.6,0.3,-0.6899173747,-2.321893651
0.65,0.3,-0.7275239954,-2.604422999
0.7,0.35,-0.5638050962,-2.890641753
0.7,0.4,-0.372443493,-2.887386818
0.65,0.45,-0.1767146213,-2.593881603
0.6,0.45,-0.1673063055,-2.310651459
0.55,0.4,-0.31601102,-2.039201069
0.55,0.35,-0.4791632325,-2.043120798
0.6,0.35,-0.5101797726,-2.316634465
0.65,0.35,-0.5383985922,-2.599511888
0.65,0.4,-0.3554912126,-2.595998597
0.6,0.4,-0.3366732402,-2.312893617
0.75,0.55,0.1927457049,-3.184285221
0.75,0.6,0.3875288743,-3.186104253
0.75,0.65,0.5863957655,-3.189082304
0.75,0.7,0.7913936866,-3.193198098
0.7,0.75,0.9671544704,-2.90099797
0.65,0.75,0.9249708163,-2.610776031
0.6,0.75,0.8780149552,-2.328725807
0.55,0.75,0.8262844863,-2.055923254
0.55,0.55,0.1569802545,-2.036867002
0.7,0.55,0.1851957528,-2.88542285
0.7,0.7,0.7613464823,-2.895176008
0.55,0.7,0.6485391287,-2.048673604
0.6,0.55,0.1673063055,-2.310651459
0.65,0.55,0.1767146213,-2.593881603
0.7,0.6,0.372443493,-2.887386818
0.7,0.65,0.5638050962,-2.890641753
0.65,0.7,0.7275239954,-2.604422999
0.6,0.7,0.6899173747,-2.321893651
0.55,0.65,0.4791632325,-2.043120798
0.55,0.6,0.31601102,-2.039201069
0.6,0.6,0.3366732402,-2.312893617
0.65,0.6,0.3554912126,-2.595998597
0.65,0.65,0.5383985922,-2.599511888
0.6,0.65,0.5101797726,-2.316634465
0.75,0.8,1.228054938,-3.204817517
0.75,0.85,1.463880703,-3.212214729
0.75,0.9,1.714170198,-3.220529251
0.75,0.95,1.981025501,-3.229687377
0.55,0.8,1.014585292,-2.064867119
0.7,0.8,1.183327106,-2.908018018
0.7,0.95,1.915178632,-2.935901417
0.55,0.95,1.664924204,-2.101788241
0.6,0.8,1.076623207,-2.33705757
0.65,0.8,1.132862689,-2.61845561
0.7,0.85,1.411974863,-2.916237903
0.7,0.9,1.655219252,-2.925560799
0.65,0.95,1.840595918,-2.649374133
0.6,0.95,1.757195418,-2.370997936
0.55,0.9,1.4317038,-2.087871319
0.55,0.85,1.21565356,-2.075536211
0.6,0.85,1.287910307,-2.346938562
0.65,0.85,1.353336601,-2.627517117
0.65,0.9,1.588532543,-2.637848857
0.6,0.9,1.514051407,-2.35827665
1,0.05,-2.181925152,-4.76999108
1,0.1,-1.89551168,-4.766523394
1,0.15,-1.624715203,-4.763076671
1,0.2,-1.367530004,-4.75976307
0.95,0.25,-1.107614396,-4.439026076
0.9,0.25,-1.088765097,-4.123380201
0.85,0.25,-1.065346113,-3.810674656
0.8,0.25,-1.037305225,-3.501982523
0.8,0.05,-2.038206373,-3.529481547
0.95,0.05,-2.158550997,-4.455685816
0.95,0.2,-1.350640095,-4.442628076
0.8,0.2,-1.267091947,-3.507624812
0.85,0.05,-2.086788986,-3.83450436
0.9,0.05,-2.126882344,-4.143587092
0.95,0.1,-1.874082207,-4.451103542
0.95,0.15,-1.605455929,-4.446707383
0.9,0.2,-1.32832008,-4.127629279
0.85,0.2,-1.300492585,-3.815611496
0.8,0.15,-1.509114006,-3.514166544
0.8,0.1,-1.765452227,-3.521485591
0.85,0.1,-1.809147147,-3.827660354
0.9,0.1,-1.845322456,-4.137884503
0.9,0.15,-1.579827034,-4.132528089
0.85,0.15,-1.547736623,-3.82132918
1,0.3,-0.8860373781,-4.754221464
1,0.35,-0.6578124337,-4.752175663
1,0.4,-0.4353452942,-4.750638038
1,0.45,-0.2167153806,-4.749655917
0.95,0.5,-2.392382255e-13,-4.430134251
0.9,0.5,-3.392418371e-14,-4.113026015
0.85,0.5,6.387942512e-14,-3.798843427
0.8,0.5,8.958833511e-14,-3.488670255
0.8,0.3,-0.8176861675,-3.497238166
0.95,0.3,-0.8743829902,-4.435900229
0.95,0.45,-0.213727364,-4.430478913
0.8,0.45,-0.1993664595,-3.489192835
0.85,0.3,-0.8402548168,-3.806456796
0.9,0.3,-0.8591394511,-4.119696372
0.95,0.35,-0.6489677444,-4.433423433
0.95,0.4,-0.4293990597,-4.431602063
0.9,0.45,-0.2098474029,-4.113406284
0.85,0.45,-0.2050647055,-3.799289487
0.8,0.4,-0.4007525829,-3.490828404
0.8,0.35,-0.6061827599,-3.493519692
0.85,0.35,-0.6231889464,-3.803160951
0.9,0.35,-0.6374373863,-4.11681784
0.9,0.4,-0.4216689756,-4.114708168
0.85,0.4,-0.4121251207,-3.800760474
1,0.55,0.2167153806,-4.749655917
1,0.6,0.4353452942,-4.750638038
1,0.65,0.6578124337,-4.752175663
1,0.7,0.8860373781,-4.754221464
0.95,0.75,1.107614396,-4.439026076
0.9,0.75,1.088765097,-4.123380201
0.85,0.75,1.065346113,-3.810674656
0.8,0.75,1.037305225,-3.501982523
0.8,0.55,0.1993664595,-3.489192835
0.95,0.55,0.213727364,-4.430478913
0.95,0.7,0.8743829902,-4.435900229
0.8,0.7,0.8176861675,-3.497238166
0.85,0.55,0.2050647055,-3.799289487
0.9,0.55,0.2098474029,-4.113406284
0.95,0.6,0.4293990597,-4.431602063
0.95,0.65,0.6489677444,-4.433423433
0.9,0.7,0.8591394511,-4.119696372
0.85,0.7,0.8402548168,-3.806456796
0.8,0.65,0.6061827599,-3.493519692
0.8,0.6,0.4007525829,-3.490828404
0.85,0.6,0.4121251207,-3.800760474
0.9,0.6,0.4216689756,-4.114708168
0.9,0.65,0.6374373863,-4.11681784
0.85,0.65,0.6231889464,-3.803160951
1,0.8,1.367530004,-4.75976307
1,0.85,1.624715203,-4.763076671
1,0.9,1.89551168,-4.766523394
1,0.95,2.181925152,-4.76999108
0.8,0.8,1.267091947,-3.507624812
0.95,0.8,1.350640095,-4.442628076
0.95,0.95,2.158550997,-4.455685816
0.8,0.95,2.038206373,-3.529481547
0.85,0.8,1.300492585,-3.815611496
0.9,0.8,1.32832008,-4.127629279
0.95,0.85,1.605455929,-4.446707383
0.95,0.9,1.874082207,-4.451103542
0.9,0.95,2.126882344,-4.143587092
0.85,0.95,2.086788986,-3.83450436
0.8,0.9,1.765452227,-3.521485591
0.8,0.85,1.509114006,-3.514166544
0.85,0.85,1.547736623,-3.82132918
0.9,0.85,1.579827034,-4.132528089
0.9,0.9,1.845322456,-4.137884503
0.85,0.9,1.809147147,-3.827660354
1.25,0.05,-2.178721432,-6.336849208
1.25,0.1,-1.8967931,-6.338607538
1.25,0.15,-1.629036602,-6.3396077
1.25,0.2,-1.373619794,-6.340011896
1.2,0.25,-1.135754772,-6.027333822
1.15,0.25,-1.138685023,-5.711783137
1.1,0.25,-1.137416285,-5.394131912
1.05,0.25,-1.131869888,-5.075401637
1.05,0.05,-2.197115692,-5.085109421
1.2,0.05,-2.194886775,-6.027140937
1.2,0.2,-1.382519578,-6.027770072
1.05,0.2,-1.37907071,-5.077694594
1.1,0.05,-2.20423513,-5.400448729
1.15,0.05,-2.203457821,-5.714790678
1.2,0.1,-1.910219288,-6.027887506
1.2,0.15,-1.640054206,-6.028032969
1.15,0.2,-1.386467403,-5.712786783
1.1,0.2,-1.385350506,-5.395762107
1.05,0.15,-1.637699536,-5.080198204
1.05,0.1,-1.909716774,-5.082721719
1.1,0.1,-1.916823958,-5.39912701
1.15,0.1,-1.916938458,-5.714517573
1.15,0.15,-1.645256083,-5.713793836
1.1,0.15,-1.644506448,-5.397513401
1.25,0.3,-0.8925540466,-6.340013975
1.25,0.35,-0.6633469579,-6.339868205
1.25,0.4,-0.4393434038,-6.339655953
1.25,0.45,-0.2188070912,-6.339443281
1.2,0.5,-3.562341682e-13,-6.025327314
1.15,0.5,-1.008181472e-13,-5.708465202
1.1,0.5,3.109087263e-14,-5.38946823
1.05,0.5,6.703745025e-14,-5.069359313
1.05,0.3,-0.8941570869,-5.073313769
1.2,0.3,-0.8979289703,-6.02671782
1.2,0.45,-0.2200460576,-6.025390256
1.05,0.45,-0.2188253643,-5.069587032
1.1,0.3,-0.8988014289,-5.392518117
1.15,0.3,-0.9000367514,-5.710653008
1.2,0.35,-0.6672318241,-6.026175272
1.2,0.4,-0.4418630146,-6.025712295
1.15,0.45,-0.2204735401,-5.708546747
1.1,0.45,-0.2200735113,-5.389611724
1.05,0.4,-0.4395342785,-5.070378573
1.05,0.35,-0.664013908,-5.071637606
1.1,0.35,-0.6676200497,-5.391239793
1.15,0.35,-0.6686720172,-5.709755347
1.15,0.4,-0.4427610765,-5.709033922
1.1,0.4,-0.441992924,-5.390252923
1.25,0.55,0.2188070912,-6.339443281
1.25,0.6,0.4393434038,-6.339655953
1.25,0.65,0.6633469579,-6.339868205
1.25,0.7,0.8925540466,-6.340013975
1.2,0.75,1.135754772,-6.027333822
1.15,0.75,1.138685023,-5.711783137
1.1,0.75,1.137416285,-5.394131912
1.05,0.75,1.131869888,-5.075401637
1.05,0.55,0.2188253643,-5.069587032
1.2,0.55,0.2200460576,-6.025390256
1.2,0.7,0.8979289703,-6.02671782
1.05,0.7,0.8941570869,-5.073313769
1.1,0.55,0.2200735113,-5.389611724
1.15,0.55,0.2204735401,-5.708546747
1.2,0.6,0.4418630146,-6.025712295
1.2,0.65,0.6672318241,-6.026175272
1.15,0.7,0.9000367514,-5.710653008
1.1,0.7,0.8988014289,-5.392518117
1.05,0.65,0.664013908,-5.071637606
1.05,0.6,0.4395342785,-5.070378573
1.1,0.6,0.441992924,-5.390252923
1.15,0.6,0.4427610765,-5.709033922
1.15,0.65,0.6686720172,-5.709755347
1.1,0.65,0.6676200497,-5.391239793
1.25,0.8,1.373619794,-6.340011896
1.25,0.85,1.629036602,-6.3396077
1.25,0.9,1.8967931,-6.338607538
1.25,0.95,2.178721432,-6.336849208
1.05,0.8,1.37907071,-5.077694594
1.2,0.8,1.382519578,-6.027770072
1.2,0.95,2.194886775,-6.027140937
1.05,0.95,2.197115692,-5.085109421
1.1,0.8,1.385350506,-5.395762107
1.15,0.8,1.386467403,-5.712786783
1.2,0.85,1.640054206,-6.028032969
1.2,0.9,1.910219288,-6.027887506
1.15,0.95,2.203457821,-5.714790678
1.1,0.95,2.20423513,-5.400448729
1.05,0.9,1.909716774,-5.082721719
1.05,0.85,1.637699536,-5.080198204
1.1,0.85,1.644506448,-5.397513401
1.15,0.85,1.645256083,-5.713793836
1.15,0.9,1.916938458,-5.714517573
1.1,0.9,1.916823958,-5.39912701
1.5,0.05,-1.990272806,-7.809489778
1.5,0.1,-1.734915308,-7.815836516
1.5,0.15,-1.491737849,-7.820719133
1.5,0.2,-1.259159612,-7.824350317
1.45,0.25,-1.061585387,-7.542758107
1.4,0.25,-1.084003616,-7.251201513
1.35,0.25,-1.102737835,-6.952915267
1.3,0.25,-1.117682927,-6.648821233
1.3,0.05,-2.155125709,-6.642419945
1.45,0.05,-2.041631503,-7.52772224
1.45,0.2,-1.290931091,-7.540427827
1.3,0.2,-1.359883496,-6.648097548
1.35,0.05,-2.124265236,-6.943517807
1.4,0.05,-2.086385898,-7.238916885
1.45,0.1,-1.77932509,-7.533194453
1.45,0.15,-1.529635724,-7.537344011
1.4,0.2,-1.318405701,-7.249340015
1.35,0.2,-1.341433942,-6.95159691
1.3,0.15,-1.612338645,-6.646959803
1.3,0.1,-1.87681697,-6.645140483
1.35,0.1,-1.850469801,-6.947184097
1.4,0.1,-1.817899816,-7.24350425
1.4,0.15,-1.562483356,-7.246902991
1.35,0.15,-1.590098875,-6.949805888
1.5,0.3,-0.8195516195,-7.829138421
1.5,0.35,-0.6094619375,-7.830627056
1.5,0.4,-0.4038328088,-7.83155041
1.5,0.45,-0.2011755507,-7.831993364
1.45,0.5,-3.181583844e-13,-7.546725636
1.4,0.5,-2.985851155e-14,-7.254053841
1.35,0.5,7.07316902e-14,-6.954612258
1.3,0.5,4.01611083e-14,-6.649323488
1.3,0.3,-0.8839891262,-6.6491201
1.45,0.3,-0.8400036343,-7.544323716
1.45,0.45,-0.2061523319,-7.546542963
1.3,0.45,-0.2167766509,-6.649282742
1.35,0.3,-0.872316108,-6.953610305
1.4,0.3,-0.857625029,-7.252311786
1.45,0.35,-0.6246105483,-7.545460241
1.45,0.4,-0.4138402744,-7.546173335
1.4,0.45,-0.2104263565,-7.253870278
1.35,0.45,-0.2139769313,-6.954483011
1.3,0.4,-0.4352395899,-6.649314058
1.3,0.35,-0.6570779921,-6.649282796
1.35,0.35,-0.6484907868,-6.954123743
1.4,0.35,-0.6376407278,-7.253152563
1.4,0.4,-0.4224451986,-7.25364649
1.35,0.4,-0.4295888748,-6.954390356
1.5,0.55,0.2011755507,-7.831993364
1.5,0.6,0.4038328088,-7.83155041
1.5,0.65,0.6094619375,-7.830627056
1.5,0.7,0.8195516195,-7.829138421
1.45,0.75,1.061585387,-7.542758107
1.4,0.75,1.084003616,-7.251201513
1.35,0.75,1.102737835,-6.952915267
1.3,0.75,1.117682927,-6.648821233
1.3,0.55,0.2167766509,-6.649282742
1.45,0.55,0.2061523319,-7.546542963
1.45,0.7,0.8400036343,-7.544323716
1.3,0.7,0.8839891262,-6.6491201
1.35,0.55,0.2139769313,-6.954483011
1.4,0.55,0.2104263565,-7.253870278
1.45,0.6,0.4138402744,-7.546173335
1.45,0.65,0.6246105483,-7.545460241
1.4,0.7,0.857625029,-7.252311786
1.35,0.7,0.872316108,-6.953610305
1.3,0.65,0.6570779921,-6.649282796
1.3,0.6,0.4352395899,-6.649314058
1.35,0.6,0.4295888748,-6.954390356
1.4,0.6,0.4224451986,-7.25364649
1.4,0.65,0.6376407278,-7.253152563
1.35,0.65,0.6484907868,-6.954123743
1.5,0.8,1.259159612,-7.824350317
1.5,0.85,1.491737849,-7.820719133
1.5,0.9,1.734915308,-7.815836516
1.5,0.95,1.990272806,-7.809489778
1.3,0.8,1.359883496,-6.648097548
1.45,0.8,1.290931091,-7.540427827
1.45,0.95,2.041631503,-7.52772224
1.3,0.95,2.155125709,-6.642419945
1.35,0.8,1.341433942,-6.95159691
1.4,0.8,1.318405701,-7.249340015
1.45,0.85,1.529635724,-7.537344011
1.45,0.9,1.77932509,-7.533194453
1.4,0.95,2.086385898,-7.238916885
1.35,0.95,2.124265236,-6.943517807
1.3,0.9,1.87681697,-6.645140483
1.3,0.85,1.612338645,-6.646959803
1.35,0.85,1.590098875,-6.949805888
1.4,0.85,1.562483356,-7.246902991
1.4,0.9,1.817899816,-7.24350425
1.35,0.9,1.850469801,-6.947184097
1.75,0.05,-1.642618247,-9.079488166
1.75,0.1,-1.432961152,-9.089617366
1.75,0.15,-1.232972691,-9.097687065
1.75,0.2,-1.04139463,-9.10395548
1.7,0.25,-0.8987377241,-8.873487936
1.65,0.25,-0.9376289111,-8.627119134
1.6,0.25,-0.9734946466,-8.370020781
1.55,0.25,-1.006204343,-8.102968579
1.55,0.05,-1.932526443,-8.082665247
1.7,0.05,-1.723396854,-8.846102146
1.7,0.2,-1.092238358,-8.868870311
1.55,0.2,-1.223242022,-8.099660934
1.6,0.05,-1.868610606,-8.347212468
1.65,0.05,-1.798839994,-8.60194189
1.7,0.1,-1.50324844,-8.855527283
1.7,0.15,-1.293302031,-8.863011297
1.65,0.2,-1.139613649,-8.622857346
1.6,0.2,-1.183336564,-8.366202524
1.55,0.15,-1.448966465,-8.0953932
1.55,0.1,-1.684880075,-8.089822142
1.6,0.1,-1.629449743,-8.355161074
1.65,0.1,-1.568814469,-8.610650051
1.65,0.15,-1.349553264,-8.617527543
1.6,0.15,-1.40150135,-8.361400727
1.75,0.3,-0.6784997684,-9.112638274
1.75,0.35,-0.5047530466,-9.115452801
1.75,0.4,-0.3345408971,-9.117294315
1.75,0.45,-0.1666835498,-9.118264863
1.7,0.5,-1.938051864e-13,-8.882361671
1.65,0.5,2.185674633e-13,-8.63510198
1.6,0.5,3.510598113e-13,-8.37706743
1.55,0.5,2.328222557e-13,-8.109034445
1.55,0.3,-0.7963687341,-8.105301025
1.7,0.3,-0.7115094077,-8.876848839
1.7,0.45,-0.174770694,-8.881976683
1.55,0.45,-0.195521906,-8.108764715
1.6,0.3,-0.7705593081,-8.372660395
1.65,0.3,-0.7422366067,-8.630095246
1.7,0.35,-0.5292792139,-8.879364972
1.7,0.4,-0.3507803376,-8.881041805
1.65,0.45,-0.1822910034,-8.634696301
1.6,0.45,-0.1892193837,-8.376706492
1.55,0.4,-0.39247037,-8.108153235
1.55,0.35,-0.5922733272,-8.107027742
1.6,0.35,-0.5731282246,-8.374682169
1.65,0.35,-0.5520959734,-8.632382629
1.65,0.4,-0.3658908688,-8.633884785
1.6,0.4,-0.3798005158,-8.37600051
1.75,0.55,0.1666835498,-9.118264863
1.75,0.6,0.3345408971,-9.117294315
1.75,0.65,0.5047530466,-9.115452801
1.75,0.7,0.6784997684,-9.112638274
1.7,0.75,0.8987377241,-8.873487936
1.65,0.75,0.9376289111,-8.627119134
1.6,0.75,0.9734946466,-8.370020781
1.55,0.75,1.006204343,-8.102968579
1.55,0.55,0.195521906,-8.108764715
1.7,0.55,0.174770694,-8.881976683
1.7,0.7,0.7115094077,-8.876848839
1.55,0.7,0.7963687341,-8.105301025
1.6,0.55,0.1892193837,-8.376706492
1.65,0.55,0.1822910034,-8.634696301
1.7,0.6,0.3507803376,-8.881041805
1.7,0.65,0.5292792139,-8.879364972
1.65,0.7,0.7422366067,-8.630095246
1.6,0.7,0.7705593081,-8.372660395
1.55,0.65,0.5922733272,-8.107027742
1.55,0.6,0.39247037,-8.108153235
1.6,0.6,0.3798005158,-8.37600051
1.65,0.6,0.3658908688,-8.633884785
1.65,0.65,0.5520959734,-8.632382629
1.6,0.65,0.5731282246,-8.374682169
1.75,0.8,1.04139463,-9.10395548
1.75,0.85,1.232972691,-9.097687065
1.75,0.9,1.432961152,-9.089617366
1.75,0.95,1.642618247,-9.079488166
1.55,0.8,1.223242022,-8.099660934
1.7,0.8,1.092238358,-8.868870311
1.7,0.95,1.723396854,-8.846102146
1.55,0.95,1.932526443,-8.082665247
1.6,0.8,1.183336564,-8.366202524
1.65,0.8,1.139613649,-8.622857346
1.7,0.85,1.293302031,-8.863011297
1.7,0.9,1.50324844,-8.855527283
1.65,0.95,1.798839994,-8.60194189
1.6,0.95,1.868610606,-8.347212468
1.55,0.9,1.684880075,-8.089822142
1.55,0.85,1.448966465,-8.0953932
1.6,0.85,1.40150135,-8.361400727
1.65,0.85,1.349553264,-8.617527543
1.65,0.9,1.568814469,-8.610650051
1.6,0.9,1.629449743,-8.355161074
2,0.05,-1.168590675,-10.05602158
2,0.1,-1.019901387,-10.06897555
2,0.15,-0.8779278273,-10.07941828
2,0.2,-0.7417944541,-10.08764411
1.95,0.25,-0.6643582247,-9.924347411
1.9,0.25,-0.7160276021,-9.74062511
1.85,0.25,-0.7654591616,-9.54300377
1.8,0.25,-0.8125005595,-9.332071233
1.8,0.05,-1.556768225,-9.300543375
1.95,0.05,-1.271719879,-9.887548967
1.95,0.2,-0.8071025557,-9.917994292
1.8,0.2,-0.9872656286,-9.326688878
1.85,0.05,-1.466112148,-9.509552012
1.9,0.05,-1.371024415,-9.705410048
1.95,0.1,-1.109835763,-9.899998382
1.95,0.15,-0.9552777529,-9.910025306
1.9,0.2,-0.869922206,-9.734503118
1.85,0.2,-0.9300409002,-9.537210822
1.8,0.15,-1.168779521,-9.319901441
1.8,0.1,-1.358210603,-9.311298903
1.85,0.1,-1.279272429,-9.520914046
1.9,0.1,-1.19637352,-9.717339467
1.9,0.15,-1.029701927,-9.726927164
1.85,0.15,-1.100939392,-9.530026798
2,0.3,-0.483591857,-10.09920901
2,0.35,-0.3598344211,-10.10300261
2,0.4,-0.2385291378,-10.10552049
2,0.45,-0.1188574736,-10.10687834
1.95,0.5,-6.268012379e-14,-9.93692574
1.9,0.5,4.771911608e-13,-9.752562573
1.85,0.5,6.48564742e-13,-9.554250499
1.8,0.5,4.51979538e-13,-9.342577954
1.8,0.3,-0.6433282819,-9.336029819
1.95,0.3,-0.5261175336,-9.929065812
1.95,0.45,-0.1293001829,-9.936387599
1.8,0.45,-0.1580609476,-9.342125004
1.85,0.3,-0.6061194565,-9.547171539
1.9,0.3,-0.5670069505,-9.745041136
1.95,0.35,-0.3914648027,-9.932624048
1.95,0.4,-0.2594887345,-9.935027441
1.9,0.45,-0.1393359584,-9.751984786
1.85,0.45,-0.1489360521,-9.553706127
1.8,0.4,-0.3172294698,-9.341002666
1.8,0.35,-0.4786124606,-9.339005453
1.85,0.35,-0.4509567807,-9.550378418
1.9,0.35,-0.4218676723,-9.748444178
1.9,0.4,-0.2796410383,-9.750722173
1.85,0.4,-0.2989029836,-9.55252099
2,0.55,0.1188574736,-10.10687834
2,0.6,0.2385291378,-10.10552049
2,0.65,0.3598344211,-10.10300261
2,0.7,0.483591857,-10.09920901
1.95,0.75,0.6643582247,-9.924347411
1.9,0.75,0.7160276021,-9.74062511
1.85,0.75,0.7654591616,-9.54300377
1.8,0.75,0.8125005595,-9.332071233
1.8,0.55,0.1580609476,-9.342125004
1.95,0.55,0.1293001829,-9.936387599
1.95,0.7,0.5261175336,-9.929065812
1.8,0.7,0.6433282819,-9.336029819
1.85,0.55,0.1489360521,-9.553706127
1.9,0.55,0.1393359584,-9.751984786
1.95,0.6,0.2594887345,-9.935027441
1.95,0.65,0.3914648027,-9.932624048
1.9,0.7,0.5670069505,-9.745041136
1.85,0.7,0.6061194565,-9.547171539
1.8,0.65,0.4786124606,-9.339005453
1.8,0.6,0.3172294698,-9.341002666
1.85,0.6,0.2989029836,-9.55252099
1.9,0.6,0.2796410383,-9.750722173
1.9,0.65,0.4218676723,-9.748444178
1.85,0.65,0.4509567807,-9.550378418
2,0.8,0.7417944541,-10.08764411
2,0.85,0.8779278273,-10.07941828
2,0.9,1.019901387,-10.06897555
2,0.95,1.168590675,-10.05602158
1.8,0.8,0.9872656286,-9.326688878
1.95,0.8,0.8071025557,-9.917994292
1.95,0.95,1.271719879,-9.887548967
1.8,0.95,1.556768225,-9.300543375
1.85,0.8,0.9300409002,-9.537210822
1.9,0.8,0.869922206,-9.734503118
1.95,0.85,0.9552777529,-9.910025306
1.95,0.9,1.109835763,-9.899998382
1.9,0.95,1.371024415,-9.705410048
1.85,0.95,1.466112148,-9.509552012
1.8,0.9,1.358210603,-9.311298903
1.8,0.85,1.168779521,-9.319901441
1.85,0.85,1.100939392,-9.530026798
1.9,0.85,1.029701927,-9.726927164
1.9,0.9,1.19637352,-9.717339467
1.85,0.9,1.279272429,-9.520914046
2.25,0.05,-0.6067891389,-10.67048445
2.25,0.1,-0.529711047,-10.68518504
2.25,0.15,-0.4560751078,-10.69709223
2.25,0.2,-0.3854320868,-10.70652354
2.2,0.25,-0.3786743618,-10.6215972
2.15,0.25,-0.4388619926,-10.51334295
2.1,0.25,-0.4977005827,-10.38901893
2.05,0.25,-0.5550219689,-10.24899206
2.05,0.05,-1.061938532,-10.20933517
2.2,0.05,-0.724156846,-10.57868883
2.2,0.2,-0.4599444854,-10.61412089
2.05,0.2,-0.6742072416,-10.24211299
2.1,0.05,-0.9520661309,-10.34809398
2.15,0.05,-0.839392723,-10.47133004
2.2,0.1,-0.6321567806,-10.59310637
2.2,0.15,-0.5442594165,-10.60478456
2.15,0.2,-0.5330628737,-10.50596525
2.1,0.2,-0.6045548956,-10.38184382
2.05,0.15,-0.7978964024,-10.23350451
2.05,0.1,-0.9268679593,-10.22270536
2.1,0.1,-0.8310458607,-10.36185994
2.15,0.1,-0.7326899558,-10.48544687
2.15,0.15,-0.6308062839,-10.49687084
2.1,0.15,-0.715429615,-10.37299079
2.25,0.3,-0.2513519154,-10.71986
2.25,0.35,-0.1870493478,-10.72425459
2.25,0.4,-0.1240027608,-10.72718698
2.25,0.45,-0.06179288979,-10.72878166
2.2,0.5,5.132720964e-14,-10.63656536
2.15,0.5,7.548253782e-13,-10.52794053
2.1,0.5,9.882805198e-13,-10.40319276
2.05,0.5,7.155896386e-13,-10.26268934
2.05,0.3,-0.4395673682,-10.25412042
2.2,0.3,-0.2999299169,-10.62719209
2.2,0.45,-0.0737331995,-10.63592821
2.05,0.45,-0.1080436994,-10.26210452
2.1,0.3,-0.3941843616,-10.39425217
2.15,0.3,-0.3475919255,-10.51872848
2.2,0.35,-0.2231973094,-10.63142277
2.2,0.4,-0.1479634465,-10.63429437
2.15,0.45,-0.08544466843,-10.52724672
2.1,0.45,-0.09689602919,-10.40251961
2.05,0.4,-0.2168266322,-10.26061627
2.05,0.35,-0.3270849954,-10.25799361
2.1,0.35,-0.2933281456,-10.39828548
2.15,0.35,-0.2586548993,-10.52288221
2.15,0.4,-0.1714746748,-10.52568148
2.1,0.4,-0.1944456071,-10.40100175
2.25,0.55,0.06179288979,-10.72878166
2.25,0.6,0.1240027608,-10.72718698
2.25,0.65,0.1870493478,-10.72425459
2.25,0.7,0.2513519154,-10.71986
2.2,0.75,0.3786743618,-10.6215972
2.15,0.75,0.4388619926,-10.51334295
2.1,0.75,0.4977005827,-10.38901893
2.05,0.75,0.5550219689,-10.24899206
2.05,0.55,0.1080436994,-10.26210452
2.2,0.55,0.0737331995,-10.63592821
2.2,0.7,0.2999299169,-10.62719209
2.05,0.7,0.4395673682,-10.25412042
2.1,0.55,0.0968960292,-10.40251961
2.15,0.55,0.08544466843,-10.52724672
2.2,0.6,0.1479634465,-10.63429437
2.2,0.65,0.2231973094,-10.63142277
2.15,0.7,0.3475919255,-10.51872848
2.1,0.7,0.3941843616,-10.39425217
2.05,0.65,0.3270849954,-10.25799361
2.05,0.6,0.2168266322,-10.26061627
2.1,0.6,0.1944456071,-10.40100175
2.15,0.6,0.1714746748,-10.52568148
2.15,0.65,0.2586548993,-10.52288221
2.1,0.65,0.2933281456,-10.39828548
2.25,0.8,0.3854320869,-10.70652354
2.25,0.85,0.4560751078,-10.69709223
2.25,0.9,0.529711047,-10.68518504
2.25,0.95,0.6067891389,-10.67048445
2.05,0.8,0.6742072416,-10.24211299
2.2,0.8,0.4599444855,-10.61412089
2.2,0.95,0.724156846,-10.57868883
2.05,0.95,1.061938532,-10.20933517
2.1,0.8,0.6045548956,-10.38184382
2.15,0.8,0.5330628737,-10.50596525
2.2,0.85,0.5442594165,-10.60478456
2.2,0.9,0.6321567806,-10.59310637
2.15,0.95,0.839392723,-10.47133004
2.1,0.95,0.9520661309,-10.34809398
2.05,0.9,0.9268679593,-10.22270536
2.05,0.85,0.7978964024,-10.23350451
2.1,0.85,0.715429615,-10.37299079
2.15,0.85,0.6308062839,-10.49687084
2.15,0.9,0.7326899558,-10.48544687
2.1,0.9,0.8310458607,-10.36185994
2.5,0.05,5.820193032e-12,-10.88014343
2.5,0.1,4.111598653e-12,-10.89543512
2.5,0.15,3.800160136e-12,-10.90783743
2.5,0.2,3.463127516e-12,-10.9176759
2.45,0.25,-0.06424306121,-10.91684976
2.4,0.25,-0.1282957117,-10.89155574
2.35,0.25,-0.1919512147,-10.84913947
2.3,0.25,-0.2550330892,-10.7897257
2.3,0.05,-0.4876156296,-10.7453578
2.45,0.05,-0.1228051274,-10.87138272
2.45,0.2,-0.07802550256,-10.90890382
2.3,0.2,-0.3097523658,-10.78198138
2.35,0.05,-0.3669628455,-10.80421116
2.4,0.05,-0.2452756823,-10.84625963
2.45,0.1,-0.1072231241,-10.88662565
2.45,0.15,-0.09232010436,-10.89899545
2.4,0.2,-0.1558174996,-10.88357296
2.35,0.2,-0.233134448,-10.84122511
2.3,0.15,-0.3665170747,-10.77231888
2.3,0.1,-0.4256772152,-10.76024629
2.35,0.1,-0.3203864814,-10.81926728
2.4,0.1,-0.2141102006,-10.8614345
2.4,0.15,-0.1843694436,-10.87374569
2.35,0.15,-0.2758500247,-10.83147937
2.5,0.3,3.814564518e-12,-10.93161015
2.5,0.35,2.684211619e-12,-10.93620739
2.5,0.4,2.454443065e-12,-10.93927946
2.5,0.45,2.381928833e-12,-10.94095384
2.45,0.5,2.753054761e-13,-10.93281532
2.4,0.5,1.186813777e-12,-10.90743329
2.35,0.5,1.468784452e-12,-10.86487417
2.3,0.5,1.034139614e-12,-10.80526283
2.3,0.3,-0.2020065267,-10.79552917
2.45,0.3,-0.05088743886,-10.92281058
2.45,0.45,-0.01251167548,-10.93213675
2.3,0.45,-0.04966264606,-10.80460191
2.35,0.3,-0.1520438533,-10.85494075
2.4,0.3,-0.1016219111,-10.89740835
2.45,0.35,-0.03787165702,-10.92732195
2.45,0.4,-0.02510558745,-10.93038886
2.4,0.45,-0.02498316167,-10.90668389
2.35,0.45,-0.03738205874,-10.86413177
2.3,0.4,-0.09966179732,-10.80290305
2.3,0.35,-0.1503285088,-10.79992003
2.35,0.35,-0.113153944,-10.85941501
2.4,0.35,-0.07562213815,-10.90192322
2.4,0.4,-0.05014034132,-10.90497316
2.35,0.4,-0.07500973908,-10.86243698
2.5,0.55,2.718256506e-12,-10.94095384
2.5,0.6,1.919627785e-12,-10.93927946
2.5,0.65,1.788459739e-12,-10.93620739
2.5,0.7,1.945898486e-12,-10.93161015
2.45,0.75,0.06424306122,-10.91684976
2.4,0.75,0.1282957117,-10.89155574
2.35,0.75,0.1919512147,-10.84913947
2.3,0.75,0.2550330892,-10.7897257
2.3,0.55,0.04966264607,-10.80460191
2.45,0.55,0.01251167548,-10.93213675
2.45,0.7,0.05088743886,-10.92281058
2.3,0.7,0.2020065267,-10.79552917
2.35,0.55,0.03738205874,-10.86413177
2.4,0.55,0.02498316167,-10.90668389
2.45,0.6,0.02510558746,-10.93038886
2.45,0.65,0.03787165703,-10.92732195
2.4,0.7,0.1016219111,-10.89740835
2.35,0.7,0.1520438533,-10.85494075
2.3,0.65,0.1503285088,-10.79992003
2.3,0.6,0.09966179732,-10.80290305
2.35,0.6,0.07500973909,-10.86243698
2.4,0.6,0.05014034133,-10.90497316
2.4,0.65,0.07562213816,-10.90192322
2.35,0.65,0.113153944,-10.85941501
2.5,0.8,2.21004502e-12,-10.9176759
2.5,0.85,2.029501334e-12,-10.90783743
2.5,0.9,2.019576796e-12,-10.89543512
2.5,0.95,2.513251946e-12,-10.88014343
2.3,0.8,0.3097523658,-10.78198138
2.45,0.8,0.07802550257,-10.90890382
2.45,0.95,0.1228051274,-10.87138272
2.3,0.95,0.4876156296,-10.7453578
2.35,0.8,0.233134448,-10.84122511
2.4,0.8,0.1558174996,-10.88357296
2.45,0.85,0.09232010437,-10.89899545
2.45,0.9,0.1072231241,-10.88662565
2.4,0.95,0.2452756823,-10.84625963
2.35,0.95,0.3669628455,-10.80421116
2.3,0.9,0.4256772152,-10.76024629
2.3,0.85,0.3665170747,-10.77231888
2.35,0.85,0.2758500247,-10.83147937
2.4,0.85,0.1843694436,-10.87374569
2.4,0.9,0.2141102006,-10.8614345
2.35,0.9,0.3203864814,-10.81926728
2.75,0.05,0.6067891389,-10.67048445
2.75,0.1,0.529711047,-10.68518504
2.75,0.15,0.4560751078,-10.69709223
2.75,0.2,0.3854320869,-10.70652354
2.7,0.25,0.2550330892,-10.7897257
2.65,0.25,0.1919512147,-10.84913947
2.6,0.25,0.1282957117,-10.89155574
2.55,0.25,0.06424306122,-10.91684976
2.55,0.05,0.1228051274,-10.87138272
2.7,0.05,0.4876156296,-10.7453578
2.7,0.2,0.3097523658,-10.78198138
2.55,0.2,0.07802550257,-10.90890382
2.6,0.05,0.2452756823,-10.84625963
2.65,0.05,0.3669628455,-10.80421116
2.7,0.1,0.4256772152,-10.76024629
2.7,0.15,0.3665170747,-10.77231888
2.65,0.2,0.233134448,-10.84122511
2.6,0.2,0.1558174996,-10.88357296
2.55,0.15,0.09232010437,-10.89899545
2.55,0.1,0.1072231241,-10.88662565
2.6,0.1,0.2141102006,-10.8614345
2.65,0.1,0.3203864814,-10.81926728
2.65,0.15,0.2758500247,-10.83147937
2.6,0.15,0.1843694436,-10.87374569
2.75,0.3,0.2513519154,-10.71986
2.75,0.35,0.1870493478,-10.72425459
2.75,0.4,0.1240027608,-10.72718698
2.75,0.45,0.06179288979,-10.72878166
2.7,0.5,3.409837365e-13,-10.80526283
2.65,0.5,1.473856734e-12,-10.86487417
2.6,0.5,1.868667067e-12,-10.90743329
2.55,0.5,1.357194621e-12,-10.93281532
2.55,0.3,0.05088743886,-10.92281058
2.7,0.3,0.2020065267,-10.79552917
2.7,0.45,0.04966264607,-10.80460191
2.55,0.45,0.01251167548,-10.93213675
2.6,0.3,0.1016219111,-10.89740835
2.65,0.3,0.1520438533,-10.85494075
2.7,0.35,0.1503285088,-10.79992003
2.7,0.4,0.09966179733,-10.80290305
2.65,0.45,0.03738205874,-10.86413177
2.6,0.45,0.02498316167,-10.90668389
2.55,0.4,0.02510558746,-10.93038886
2.55,0.35,0.03787165703,-10.92732195
2.6,0.35,0.07562213816,-10.90192322
2.65,0.35,0.113153944,-10.85941501
2.65,0.4,0.07500973909,-10.86243698
2.6,0.4,0.05014034133,-10.90497316
2.75,0.55,-0.06179288979,-10.72878166
2.75,0.6,-0.1240027608,-10.72718698
2.75,0.65,-0.1870493478,-10.72425459
2.75,0.7,-0.2513519154,-10.71986
2.7,0.75,-0.2550330892,-10.7897257
2.65,0.75,-0.1919512147,-10.84913947
2.6,0.75,-0.1282957117,-10.89155574
2.55,0.75,-0.06424306121,-10.91684976
2.55,0.55,-0.01251167548,-10.93213675
2.7,0.55,-0.04966264606,-10.80460191
2.7,0.7,-0.2020065267,-10.79552917
2.55,0.7,-0.05088743886,-10.92281058
2.6,0.55,-0.02498316167,-10.90668389
2.65,0.55,-0.03738205874,-10.86413177
2.7,0.6,-0.09966179732,-10.80290305
2.7,0.65,-0.1503285088,-10.79992003
2.65,0.7,-0.1520438533,-10.85494075
2.6,0.7,-0.1016219111,-10.89740835
2.55,0.65,-0.03787165702,-10.92732195
2.55,0.6,-0.02510558745,-10.93038886
2.6,0.6,-0.05014034132,-10.90497316
2.65,0.6,-0.07500973908,-10.86243698
2.65,0.65,-0.113153944,-10.85941501
2.6,0.65,-0.07562213815,-10.90192322
2.75,0.8,-0.3854320868,-10.70652354
2.75,0.85,-0.4560751078,-10.69709223
2.75,0.9,-0.529711047,-10.68518504
2.75,0.95,-0.6067891389,-10.67048445
2.55,0.8,-0.07802550256,-10.90890382
2.7,0.8,-0.3097523658,-10.78198138
2.7,0.95,-0.4876156296,-10.7453578
2.55,0.95,-0.1228051274,-10.87138272
2.6,0.8,-0.1558174996,-10.88357296
2.65,0.8,-0.233134448,-10.84122511
2.7,0.85,-0.3665170747,-10.77231888
2.7,0.9,-0.4256772152,-10.76024629
2.65,0.95,-0.3669628455,-10.80421116
2.6,0.95,-0.2452756823,-10.84625963
2.55,0.9,-0.1072231241,-10.88662565
2.55,0.85,-0.09232010437,-10.89899545
2.6,0.85,-0.1843694436,-10.87374569
2.65,0.85,-0.2758500247,-10.83147937
2.65,0.9,-0.3203864814,-10.81926728
2.6,0.9,-0.2141102006,-10.8614345
3,0.05,1.168590675,-10.05602158
3,0.1,1.019901387,-10.06897555
3,0.15,0.8779278273,-10.07941828
3,0.2,0.7417944541,-10.08764411
2.95,0.25,0.5550219689,-10.24899206
2.9,0.25,0.4977005827,-10.38901893
2.85,0.25,0.4388619926,-10.51334295
2.8,0.25,0.3786743618,-10.6215972
2.8,0.05,0.724156846,-10.57868883
2.95,0.05,1.061938533,-10.20933517
2.95,0.2,0.6742072416,-10.24211299
2.8,0.2,0.4599444855,-10.61412089
2.85,0.05,0.839392723,-10.47133004
2.9,0.05,0.9520661309,-10.34809398
2.95,0.1,0.9268679593,-10.22270536
2.95,0.15,0.7978964025,-10.23350451
2.9,0.2,0.6045548956,-10.38184382
2.85,0.2,0.5330628737,-10.50596525
2.8,0.15,0.5442594165,-10.60478456
2.8,0.1,0.6321567806,-10.59310637
2.85,0.1,0.7326899558,-10.48544687
2.9,0.1,0.8310458607,-10.36185994
2.9,0.15,0.715429615,-10.37299079
2.85,0.15,0.630806284,-10.49687084
3,0.3,0.483591857,-10.09920901
3,0.35,0.3598344211,-10.10300261
3,0.4,0.2385291378,-10.10552049
3,0.45,0.1188574736,-10.10687834
2.95,0.5,4.414777402e-13,-10.26268934
2.9,0.5,1.735546181e-12,-10.40319276
2.85,0.5,2.183794667e-12,-10.52794053
2.8,0.5,1.558494873e-12,-10.63656536
2.8,0.3,0.2999299169,-10.62719209
2.95,0.3,0.4395673682,-10.25412042
2.95,0.45,0.1080436994,-10.26210452
2.8,0.45,0.07373319951,-10.63592821
2.85,0.3,0.3475919255,-10.51872848
2.9,0.3,0.3941843616,-10.39425217
2.95,0.35,0.3270849954,-10.25799361
2.95,0.4,0.2168266322,-10.26061627
2.9,0.45,0.0968960292,-10.40251961
2.85,0.45,0.08544466843,-10.52724672
2.8,0.4,0.1479634465,-10.63429437
2.8,0.35,0.2231973094,-10.63142277
2.85,0.35,0.2586548993,-10.52288221
2.9,0.35,0.2933281456,-10.39828548
2.9,0.4,0.1944456071,-10.40100175
2.85,0.4,0.1714746748,-10.52568148
3,0.55,-0.1188574736,-10.10687834
3,0.6,-0.2385291378,-10.10552049
3,0.65,-0.3598344211,-10.10300261
3,0.7,-0.483591857,-10.09920901
2.95,0.75,-0.5550219689,-10.24899206
2.9,0.75,-0.4977005827,-10.38901893
2.85,0.75,-0.4388619926,-10.51334295
2.8,0.75,-0.3786743618,-10.6215972
2.8,0.55,-0.0737331995,-10.63592821
2.95,0.55,-0.1080436994,-10.26210452
2.95,0.7,-0.4395673682,-10.25412042
2.8,0.7,-0.2999299169,-10.62719209
2.85,0.55,-0.08544466842,-10.52724672
2.9,0.55,-0.09689602919,-10.40251961
2.95,0.6,-0.2168266322,-10.26061627
2.95,0.65,-0.3270849954,-10.25799361
2.9,0.7,-0.3941843616,-10.39425217
2.85,0.7,-0.3475919255,-10.51872848
2.8,0.65,-0.2231973094,-10.63142277
2.8,0.6,-0.1479634465,-10.63429437
2.85,0.6,-0.1714746748,-10.52568148
2.9,0.6,-0.1944456071,-10.40100175
2.9,0.65,-0.2933281456,-10.39828548
2.85,0.65,-0.2586548993,-10.52288221
3,0.8,-0.7417944541,-10.08764411
3,0.85,-0.8779278273,-10.07941828
3,0.9,-1.019901387,-10.06897555
3,0.95,-1.168590675,-10.05602158
2.8,0.8,-0.4599444854,-10.61412089
2.95,0.8,-0.6742072416,-10.24211299
2.95,0.95,-1.061938532,-10.20933517
2.8,0.95,-0.724156846,-10.57868883
2.85,0.8,-0.5330628737,-10.50596525
2.9,0.8,-0.6045548956,-10.38184382
2.95,0.85,-0.7978964024,-10.23350451
2.95,0.9,-0.9268679593,-10.22270536
2.9,0.95,-0.9520661309,-10.34809398
2.85,0.95,-0.839392723,-10.47133004
2.8,0.9,-0.6321567806,-10.59310637
2.8,0.85,-0.5442594165,-10.60478456
2.85,0.85,-0.6308062839,-10.49687084
2.9,0.85,-0.715429615,-10.37299079
2.9,0.9,-0.8310458607,-10.36185994
2.85,0.9,-0.7326899558,-10.48544687
3.25,0.05,1.642618247,-9.079488166
3.25,0.1,1.432961152,-9.089617366
3.25,0.15,1.232972691,-9.097687065
3.25,0.2,1.04139463,-9.10395548
3.2,0.25,0.8125005595,-9.332071233
3.15,0.25,0.7654591616,-9.54300377
3.1,0.25,0.7160276021,-9.74062511
3.05,0.25,0.6643582247,-9.924347411
3.05,0.05,1.271719879,-9.887548967
3.2,0.05,1.556768225,-9.300543375
3.2,0.2,0.9872656286,-9.326688878
3.05,0.2,0.8071025557,-9.917994292
3.1,0.05,1.371024415,-9.705410048
3.15,0.05,1.466112148,-9.509552012
3.2,0.1,1.358210603,-9.311298903
3.2,0.15,1.168779521,-9.319901441
3.15,0.2,0.9300409002,-9.537210822
3.1,0.2,0.869922206,-9.734503118
3.05,0.15,0.9552777529,-9.910025306
3.05,0.1,1.109835763,-9.899998382
3.1,0.1,1.19637352,-9.717339467
3.15,0.1,1.279272429,-9.520914046
3.15,0.15,1.100939392,-9.530026798
3.1,0.15,1.029701927,-9.726927164
3.25,0.3,0.6784997684,-9.112638274
3.25,0.35,0.5047530466,-9.115452801
3.25,0.4,0.3345408971,-9.117294315
3.25,0.45,0.1666835498,-9.118264863
3.2,0.5,5.890576999e-13,-9.342577954
3.15,0.5,2.020006452e-12,-9.554250499
3.1,0.5,2.557048932e-12,-9.752562573
3.05,0.5,1.835651869e-12,-9.93692574
3.05,0.3,0.5261175336,-9.929065812
3.2,0.3,0.6433282819,-9.336029819
3.2,0.45,0.1580609476,-9.342125004
3.05,0.45,0.1293001829,-9.936387599
3.1,0.3,0.5670069505,-9.745041136
3.15,0.3,0.6061194565,-9.547171539
3.2,0.35,0.4786124606,-9.339005453
3.2,0.4,0.3172294698,-9.341002666
3.15,0.45,0.1489360521,-9.553706127
3.1,0.45,0.1393359584,-9.751984786
3.05,0.4,0.2594887345,-9.935027441
3.05,0.35,0.3914648027,-9.932624048
3.1,0.35,0.4218676723,-9.748444178
3.15,0.35,0.4509567807,-9.550378418
3.15,0.4,0.2989029836,-9.55252099
3.1,0.4,0.2796410383,-9.750722172
3.25,0.55,-0.1666835498,-9.118264863
3.25,0.6,-0.3345408971,-9.117294315
3.25,0.65,-0.5047530466,-9.115452801
3.25,0.7,-0.6784997684,-9.112638274
3.2,0.75,-0.8125005595,-9.332071233
3.15,0.75,-0.7654591616,-9.54300377
3.1,0.75,-0.7160276021,-9.74062511
3.05,0.75,-0.6643582247,-9.924347411
3.05,0.55,-0.1293001829,-9.936387599
3.2,0.55,-0.1580609476,-9.342125004
3.2,0.7,-0.6433282819,-9.336029819
3.05,0.7,-0.5261175336,-9.929065812
3.1,0.55,-0.1393359584,-9.751984786
3.15,0.55,-0.1489360521,-9.553706127
3.2,0.6,-0.3172294698,-9.341002666
3.2,0.65,-0.4786124606,-9.339005453
3.15,0.7,-0.6061194565,-9.547171539
3.1,0.7,-0.5670069505,-9.745041136
3.05,0.65,-0.3914648027,-9.932624048
3.05,0.6,-0.2594887345,-9.935027441
3.1,0.6,-0.2796410383,-9.750722173
3.15,0.6,-0.2989029836,-9.55252099
3.15,0.65,-0.4509567807,-9.550378418
3.1,0.65,-0.4218676723,-9.748444178
3.25,0.8,-1.04139463,-9.10395548
3.25,0.85,-1.232972691,-9.097687065
3.25,0.9,-1.432961152,-9.089617366
3.25,0.95,-1.642618247,-9.079488166
3.05,0.8,-0.8071025557,-9.917994292
3.2,0.8,-0.9872656286,-9.326688878
3.2,0.95,-1.556768225,-9.300543375
3.05,0.95,-1.271719879,-9.887548967
3.1,0.8,-0.869922206,-9.734503118
3.15,0.8,-0.9300409002,-9.537210822
3.2,0.85,-1.168779521,-9.319901441
3.2,0.9,-1.358210603,-9.311298903
3.15,0.95,-1.466112148,-9.509552012
3.1,0.95,-1.371024415,-9.705410048
3.05,0.9,-1.109835763,-9.899998382
3.05,0.85,-0.9552777529,-9.910025306
3.1,0.85,-1.029701927,-9.726927164
3.15,0.85,-1.100939392,-9.530026798
3.15,0.9,-1.279272429,-9.520914046
3.1,0.9,-1.19637352,-9.717339467
3.5,0.05,1.990272806,-7.809489778
3.5,0.1,1.734915308,-7.815836516
3.5,0.15,1.491737849,-7.820719133
3.5,0.2,1.259159612,-7.824350317
3.45,0.25,1.006204343,-8.102968579
3.4,0.25,0.9734946466,-8.370020781
3.35,0.25,0.9376289111,-8.627119134
3.3,0.25,0.8987377241,-8.873487936
3.3,0.05,1.723396854,-8.846102146
3.45,0.05,1.932526443,-8.082665247
3.45,0.2,1.223242022,-8.099660934
3.3,0.2,1.092238358,-8.868870311
3.35,0.05,1.798839994,-8.60194189
3.4,0.05,1.868610606,-8.347212467
3.45,0.1,1.684880075,-8.089822142
3.45,0.15,1.448966465,-8.0953932
3.4,0.2,1.183336564,-8.366202524
3.35,0.2,1.139613649,-8.622857346
3.3,0.15,1.293302031,-8.863011297
3.3,0.1,1.50324844,-8.855527283
3.35,0.1,1.568814469,-8.610650051
3.4,0.1,1.629449743,-8.355161074
3.4,0.15,1.40150135,-8.361400727
3.35,0.15,1.349553264,-8.617527543
3.5,0.3,0.8195516195,-7.829138421
3.5,0.35,0.6094619375,-7.830627056
3.5,0.4,0.4038328088,-7.83155041
3.5,0.45,0.2011755507,-7.831993364
3.45,0.5,8.533203356e-13,-8.109034445
3.4,0.5,2.422863796e-12,-8.37706743
3.35,0.5,3.019535324e-12,-8.63510198
3.3,0.5,2.192168816e-12,-8.882361671
3.3,0.3,0.7115094077,-8.876848839
3.45,0.3,0.7963687341,-8.105301025
3.45,0.45,0.195521906,-8.108764715
3.3,0.45,0.174770694,-8.881976683
3.35,0.3,0.7422366067,-8.630095246
3.4,0.3,0.7705593081,-8.372660395
3.45,0.35,0.5922733272,-8.107027742
3.45,0.4,0.39247037,-8.108153235
3.4,0.45,0.1892193837,-8.376706492
3.35,0.45,0.1822910034,-8.634696301
3.3,0.4,0.3507803376,-8.881041805
3.3,0.35,0.5292792139,-8.879364972
3.35,0.35,0.5520959734,-8.632382629
3.4,0.35,0.5731282247,-8.374682169
3.4,0.4,0.3798005158,-8.37600051
3.35,0.4,0.3658908688,-8.633884785
3.5,0.55,-0.2011755507,-7.831993364
3.5,0.6,-0.4038328088,-7.83155041
3.5,0.65,-0.6094619375,-7.830627056
3.5,0.7,-0.8195516195,-7.829138421
3.45,0.75,-1.006204343,-8.102968579
3.4,0.75,-0.9734946466,-8.370020781
3.35,0.75,-0.9376289111,-8.627119134
3.3,0.75,-0.8987377241,-8.873487936
3.3,0.55,-0.174770694,-8.881976683
3.45,0.55,-0.195521906,-8.108764715
3.45,0.7,-0.7963687341,-8.105301025
3.3,0.7,-0.7115094077,-8.876848839
3.35,0.55,-0.1822910034,-8.634696301
3.4,0.55,-0.1892193837,-8.376706492
3.45,0.6,-0.3924703699,-8.108153235
3.45,0.65,-0.5922733271,-8.107027742
3.4,0.7,-0.7705593081,-8.372660395
3.35,0.7,-0.7422366067,-8.630095246
3.3,0.65,-0.5292792139,-8.879364972
3.3,0.6,-0.3507803376,-8.881041805
3.35,0.6,-0.3658908688,-8.633884785
3.4,0.6,-0.3798005158,-8.37600051
3.4,0.65,-0.5731282246,-8.374682169
3.35,0.65,-0.5520959734,-8.632382629
3.5,0.8,-1.259159612,-7.824350317
3.5,0.85,-1.491737849,-7.820719133
3.5,0.9,-1.734915307,-7.815836516
3.5,0.95,-1.990272806,-7.809489778
3.3,0.8,-1.092238358,-8.868870311
3.45,0.8,-1.223242022,-8.099660934
3.45,0.95,-1.932526443,-8.082665247
3.3,0.95,-1.723396854,-8.846102146
3.35,0.8,-1.139613649,-8.622857346
3.4,0.8,-1.183336564,-8.366202524
3.45,0.85,-1.448966465,-8.0953932
3.45,0.9,-1.684880075,-8.089822142
3.4,0.95,-1.868610606,-8.347212467
3.35,0.95,-1.798839994,-8.60194189
3.3,0.9,-1.50324844,-8.855527283
3.3,0.85,-1.293302031,-8.863011297
3.35,0.85,-1.349553264,-8.617527543
3.4,0.85,-1.40150135,-8.361400727
3.4,0.9,-1.629449743,-8.355161074
3.35,0.9,-1.568814469,-8.610650051
3.75,0.05,2.178721432,-6.336849208
3.75,0.1,1.8967931,-6.338607538
3.75,0.15,1.629036602,-6.3396077
3.75,0.2,1.373619794,-6.340011896
3.7,0.25,1.117682927,-6.648821233
3.65,0.25,1.102737835,-6.952915267
3.6,0.25,1.084003616,-7.251201513
3.55,0.25,1.061585387,-7.542758107
3.55,0.05,2.041631503,-7.52772224
3.7,0.05,2.155125709,-6.642419945
3.7,0.2,1.359883496,-6.648097548
3.55,0.2,1.290931091,-7.540427827
3.6,0.05,2.086385898,-7.238916885
3.65,0.05,2.124265236,-6.943517807
3.7,0.1,1.87681697,-6.645140483
3.7,0.15,1.612338645,-6.646959803
3.65,0.2,1.341433942,-6.95159691
3.6,0.2,1.318405701,-7.249340015
3.55,0.15,1.529635724,-7.537344011
3.55,0.1,1.77932509,-7.533194453
3.6,0.1,1.817899816,-7.24350425
3.65,0.1,1.850469801,-6.947184097
3.65,0.15,1.590098875,-6.949805888
3.6,0.15,1.562483356,-7.246902991
3.75,0.3,0.8925540466,-6.340013975
3.75,0.35,0.6633469579,-6.339868205
3.75,0.4,0.4393434038,-6.339655953
3.75,0.45,0.2188070912,-6.339443281
3.7,0.5,1.176645293e-12,-6.649323488
3.65,0.5,2.721872696e-12,-6.954612258
3.6,0.5,3.322619407e-12,-7.254053841
3.55,0.5,2.455882658e-12,-7.546725636
3.55,0.3,0.8400036343,-7.544323716
3.7,0.3,0.8839891262,-6.6491201
3.7,0.45,0.2167766509,-6.649282742
3.55,0.45,0.2061523319,-7.546542963
3.6,0.3,0.857625029,-7.252311785
3.65,0.3,0.872316108,-6.953610305
3.7,0.35,0.6570779921,-6.649282796
3.7,0.4,0.4352395899,-6.649314058
3.65,0.45,0.2139769313,-6.954483011
3.6,0.45,0.2104263565,-7.253870278
3.55,0.4,0.4138402744,-7.546173335
3.55,0.35,0.6246105483,-7.545460241
3.6,0.35,0.6376407278,-7.253152563
3.65,0.35,0.6484907868,-6.954123743
3.65,0.4,0.4295888748,-6.954390356
3.6,0.4,0.4224451986,-7.25364649
3.75,0.55,-0.2188070912,-6.339443281
3.75,0.6,-0.4393434038,-6.339655953
3.75,0.65,-0.6633469579,-6.339868205
3.75,0.7,-0.8925540465,-6.340013975
3.7,0.75,-1.117682927,-6.648821233
3.65,0.75,-1.102737835,-6.952915267
3.6,0.75,-1.084003616,-7.251201513
3.55,0.75,-1.061585387,-7.542758107
3.55,0.55,-0.2061523318,-7.546542963
3.7,0.55,-0.2167766509,-6.649282742
3.7,0.7,-0.8839891262,-6.6491201
3.55,0.7,-0.8400036343,-7.544323716
3.6,0.55,-0.2104263565,-7.253870278
3.65,0.55,-0.2139769313,-6.954483011
3.7,0.6,-0.4352395899,-6.649314058
3.7,0.65,-0.6570779921,-6.649282796
3.65,0.7,-0.872316108,-6.953610305
3.6,0.7,-0.857625029,-7.252311786
3.55,0.65,-0.6246105483,-7.545460241
3.55,0.6,-0.4138402744,-7.546173335
3.6,0.6,-0.4224451986,-7.25364649
3.65,0.6,-0.4295888748,-6.954390356
3.65,0.65,-0.6484907868,-6.954123743
3.6,0.65,-0.6376407278,-7.253152563
3.75,0.8,-1.373619794,-6.340011896
3.75,0.85,-1.629036602,-6.3396077
3.75,0.9,-1.8967931,-6.338607538
3.75,0.95,-2.178721432,-6.336849208
3.55,0.8,-1.290931091,-7.540427827
3.7,0.8,-1.359883495,-6.648097548
3.7,0.95,-2.155125709,-6.642419945
3.55,0.95,-2.041631503,-7.52772224
3.6,0.8,-1.318405701,-7.249340015
3.65,0.8,-1.341433942,-6.95159691
3.7,0.85,-1.612338645,-6.646959803
3.7,0.9,-1.87681697,-6.645140483
3.65,0.95,-2.124265236,-6.943517807
3.6,0.95,-2.086385898,-7.238916885
3.55,0.9,-1.77932509,-7.533194453
3.55,0.85,-1.529635724,-7.537344011
3.6,0.85,-1.562483356,-7.246902991
3.65,0.85,-1.590098875,-6.949805888
3.65,0.9,-1.850469801,-6.947184097
3.6,0.9,-1.817899816,-7.24350425
4,0.05,2.181925152,-4.76999108
4,0.1,1.89551168,-4.766523394
4,0.15,1.624715203,-4.763076671
4,0.2,1.367530004,-4.75976307
3.95,0.25,1.131869888,-5.075401637
3.9,0.25,1.137416285,-5.394131912
3.85,0.25,1.138685023,-5.711783137
3.8,0.25,1.135754772,-6.027333822
3.8,0.05,2.194886775,-6.027140937
3.95,0.05,2.197115692,-5.08510942
3.95,0.2,1.37907071,-5.077694594
3.8,0.2,1.382519578,-6.027770072
3.85,0.05,2.203457821,-5.714790678
3.9,0.05,2.20423513,-5.400448729
3.95,0.1,1.909716774,-5.082721719
3.95,0.15,1.637699536,-5.080198204
3.9,0.2,1.385350506,-5.395762107
3.85,0.2,1.386467403,-5.712786783
3.8,0.15,1.640054206,-6.028032969
3.8,0.1,1.910219288,-6.027887506
3.85,0.1,1.916938458,-5.714517573
3.9,0.1,1.916823958,-5.39912701
3.9,0.15,1.644506448,-5.397513401
3.85,0.15,1.645256083,-5.713793836
4,0.3,0.8860373781,-4.754221464
4,0.35,0.6578124337,-4.752175663
4,0.4,0.4353452942,-4.750638038
4,0.45,0.2167153806,-4.749655917
3.95,0.5,1.703610307e-12,-5.069359312
3.9,0.5,3.117925463e-12,-5.38946823
3.85,0.5,3.670046021e-12,-5.708465202
3.8,0.5,2.792538859e-12,-6.025327314
3.8,0.3,0.8979289703,-6.02671782
3.95,0.3,0.8941570869,-5.073313769
3.95,0.45,0.2188253643,-5.069587032
3.8,0.45,0.2200460577,-6.025390256
3.85,0.3,0.9000367514,-5.710653008
3.9,0.3,0.8988014289,-5.392518117
3.95,0.35,0.664013908,-5.071637606
3.95,0.4,0.4395342785,-5.070378573
3.9,0.45,0.2200735113,-5.389611724
3.85,0.45,0.2204735401,-5.708546747
3.8,0.4,0.4418630146,-6.025712295
3.8,0.35,0.6672318241,-6.026175272
3.85,0.35,0.6686720172,-5.709755347
3.9,0.35,0.6676200497,-5.391239793
3.9,0.4,0.441992924,-5.390252923
3.85,0.4,0.4427610765,-5.709033922
4,0.55,-0.2167153806,-4.749655917
4,0.6,-0.4353452942,-4.750638038
4,0.65,-0.6578124337,-4.752175663
4,0.7,-0.8860373781,-4.754221464
3.95,0.75,-1.131869888,-5.075401637
3.9,0.75,-1.137416285,-5.394131912
3.85,0.75,-1.138685023,-5.711783137
3.8,0.75,-1.135754772,-6.027333822
3.8,0.55,-0.2200460576,-6.025390256
3.95,0.55,-0.2188253643,-5.069587032
3.95,0.7,-0.8941570869,-5.073313769
3.8,0.7,-0.8979289703,-6.02671782
3.85,0.55,-0.2204735401,-5.708546747
3.9,0.55,-0.2200735113,-5.389611724
3.95,0.6,-0.4395342785,-5.070378573
3.95,0.65,-0.664013908,-5.071637606
3.9,0.7,-0.8988014289,-5.392518117
3.85,0.7,-0.9000367514,-5.710653008
3.8,0.65,-0.6672318241,-6.026175272
3.8,0.6,-0.4418630146,-6.025712295
3.85,0.6,-0.4427610765,-5.709033922
3.9,0.6,-0.441992924,-5.390252923
3.9,0.65,-0.6676200497,-5.391239793
3.85,0.65,-0.6686720172,-5.709755347
4,0.8,-1.367530004,-4.75976307
4,0.85,-1.624715203,-4.763076671
4,0.9,-1.89551168,-4.766523394
4,0.95,-2.181925152,-4.76999108
3.8,0.8,-1.382519578,-6.027770072
3.95,0.8,-1.37907071,-5.077694594
3.95,0.95,-2.197115692,-5.085109421
3.8,0.95,-2.194886775,-6.027140937
3.85,0.8,-1.386467403,-5.712786783
3.9,0.8,-1.385350506,-5.395762107
3.95,0.85,-1.637699536,-5.080198204
3.95,0.9,-1.909716774,-5.082721719
3.9,0.95,-2.20423513,-5.400448729
3.85,0.95,-2.203457821,-5.714790678
3.8,0.9,-1.910219288,-6.027887506
3.8,0.85,-1.640054206,-6.028032969
3.85,0.85,-1.645256083,-5.713793836
3.9,0.85,-1.644506448,-5.397513401
3.9,0.9,-1.916823958,-5.39912701
3.85,0.9,-1.916938458,-5.714517573
4.25,0.05,1.981025501,-3.229687377
4.25,0.1,1.714170198,-3.220529251
4.25,0.15,1.463880703,-3.212214729
4.25,0.2,1.228054938,-3.204817517
4.2,0.25,1.037305225,-3.501982523
4.15,0.25,1.065346113,-3.810674656
4.1,0.25,1.088765097,-4.123380201
4.05,0.25,1.107614396,-4.439026076
4.05,0.05,2.158550997,-4.455685816
4.2,0.05,2.038206373,-3.529481547
4.2,0.2,1.267091947,-3.507624812
4.05,0.2,1.350640095,-4.442628076
4.1,0.05,2.126882344,-4.143587092
4.15,0.05,2.086788986,-3.83450436
4.2,0.1,1.765452227,-3.521485591
4.2,0.15,1.509114006,-3.514166544
4.15,0.2,1.300492585,-3.815611496
4.1,0.2,1.32832008,-4.127629279
4.05,0.15,1.605455929,-4.446707383
4.05,0.1,1.874082207,-4.451103542
4.1,0.1,1.845322456,-4.137884503
4.15,0.1,1.809147147,-3.827660354
4.15,0.15,1.547736623,-3.821329179
4.1,0.15,1.579827034,-4.132528089
4.25,0.3,0.7913936866,-3.193198098
4.25,0.35,0.5863957655,-3.189082304
4.25,0.4,0.3875288743,-3.186104253
4.25,0.45,0.1927457049,-3.184285221
4.2,0.5,2.287510432e-12,-3.488670255
4.15,0.5,3.469115654e-12,-3.798843427
4.1,0.5,3.977409046e-12,-4.113026015
4.05,0.5,3.188986263e-12,-4.430134251
4.05,0.3,0.8743829902,-4.435900229
4.2,0.3,0.8176861675,-3.497238166
4.2,0.45,0.1993664595,-3.489192835
4.05,0.45,0.213727364,-4.430478913
4.1,0.3,0.8591394511,-4.119696372
4.15,0.3,0.8402548168,-3.806456796
4.2,0.35,0.6061827599,-3.493519692
4.2,0.4,0.4007525829,-3.490828404
4.15,0.45,0.2050647055,-3.799289487
4.1,0.45,0.2098474029,-4.113406284
4.05,0.4,0.4293990597,-4.431602063
4.05,0.35,0.6489677444,-4.433423433
4.1,0.35,0.6374373863,-4.11681784
4.15,0.35,0.6231889464,-3.803160951
4.15,0.4,0.4121251207,-3.800760474
4.1,0.4,0.4216689756,-4.114708168
4.25,0.55,-0.1927457049,-3.184285221
4.25,0.6,-0.3875288743,-3.186104253
4.25,0.65,-0.5863957655,-3.189082304
4.25,0.7,-0.7913936866,-3.193198098
4.2,0.75,-1.037305225,-3.501982523
4.15,0.75,-1.065346113,-3.810674656
4.1,0.75,-1.088765097,-4.123380201
4.05,0.75,-1.107614396,-4.439026076
4.05,0.55,-0.213727364,-4.430478913
4.2,0.55,-0.1993664595,-3.489192835
4.2,0.7,-0.8176861675,-3.497238166
4.05,0.7,-0.8743829902,-4.435900229
4.1,0.55,-0.2098474029,-4.113406284
4.15,0.55,-0.2050647055,-3.799289487
4.2,0.6,-0.4007525829,-3.490828404
4.2,0.65,-0.6061827599,-3.493519692
4.15,0.7,-0.8402548168,-3.806456796
4.1,0.7,-0.8591394511,-4.119696372
4.05,0.65,-0.6489677443,-4.433423433
4.05,0.6,-0.4293990597,-4.431602063
4.1,0.6,-0.4216689756,-4.114708168
4.15,0.6,-0.4121251207,-3.800760474
4.15,0.65,-0.6231889464,-3.803160951
4.1,0.65,-0.6374373863,-4.11681784
4.25,0.8,-1.228054938,-3.204817517
4.25,0.85,-1.463880703,-3.212214729
4.25,0.9,-1.714170198,-3.220529251
4.25,0.95,-1.981025501,-3.229687377
4.05,0.8,-1.350640095,-4.442628076
4.2,0.8,-1.267091947,-3.507624812
4.2,0.95,-2.038206373,-3.529481547
4.05,0.95,-2.158550997,-4.455685816
4.1,0.8,-1.32832008,-4.127629279
4.15,0.8,-1.300492585,-3.815611496
4.2,0.85,-1.509114006,-3.514166544
4.2,0.9,-1.765452227,-3.521485591
4.15,0.95,-2.086788986,-3.83450436
4.1,0.95,-2.126882344,-4.143587092
4.05,0.9,-1.874082207,-4.451103542
4.05,0.85,-1.605455929,-4.446707383
4.1,0.85,-1.579827034,-4.132528089
4.15,0.85,-1.547736623,-3.82132918
4.15,0.9,-1.809147147,-3.827660354
4.1,0.9,-1.845322456,-4.137884503
4.5,0.05,1.563692967,-1.842798523
4.5,0.1,1.341429394,-1.827678515
4.5,0.15,1.13652352,-1.814376691
4.5,0.2,0.9467392667,-1.802955292
4.45,0.25,0.8262844863,-2.055923254
4.4,0.25,0.8780149552,-2.328725807
4.35,0.25,0.9249708163,-2.610776031
4.3,0.25,0.9671544704,-2.900997969
4.3,0.05,1.915178632,-2.935901417
4.45,0.05,1.664924204,-2.101788241
4.45,0.2,1.014585292,-2.064867119
4.3,0.2,1.183327106,-2.908018018
4.35,0.05,1.840595918,-2.649374133
4.4,0.05,1.757195418,-2.370997936
4.45,0.1,1.4317038,-2.087871319
4.45,0.15,1.21565356,-2.075536211
4.4,0.2,1.076623207,-2.33705757
4.35,0.2,1.132862689,-2.61845561
4.3,0.15,1.411974863,-2.916237903
4.3,0.1,1.655219252,-2.925560799
4.35,0.1,1.588532543,-2.637848857
4.4,0.1,1.514051407,-2.35827665
4.4,0.15,1.287910307,-2.346938562
4.35,0.15,1.353336601,-2.627517117
4.5,0.3,0.6034255553,-1.785893024
4.5,0.35,0.4453958742,-1.780145885
4.5,0.4,0.2935381991,-1.77611634
4.5,0.45,0.1457578955,-1.773727815
4.45,0.5,2.921123086e-12,-2.036105466
4.4,0.5,3.7185048e-12,-2.309929582
4.35,0.5,4.115881246e-12,-2.593208064
4.3,0.5,3.483168563e-12,-2.884786275
4.3,0.3,0.7613464823,-2.895176007
4.45,0.3,0.6485391287,-2.048673604
4.45,0.45,0.1569802545,-2.036867002
4.3,0.45,0.1851957528,-2.88542285
4.35,0.3,0.7275239954,-2.604422999
4.4,0.3,0.6899173747,-2.321893651
4.45,0.35,0.4791632325,-2.043120798
4.45,0.4,0.31601102,-2.039201069
4.4,0.45,0.1673063055,-2.310651459
4.35,0.45,0.1767146213,-2.593881603
4.3,0.4,0.372443493,-2.887386818
4.3,0.35,0.5638050962,-2.890641753
4.35,0.35,0.5383985922,-2.599511888
4.4,0.35,0.5101797726,-2.316634465
4.4,0.4,0.3366732402,-2.312893617
4.35,0.4,0.3554912126,-2.595998597
4.5,0.55,-0.1457578955,-1.773727815
4.5,0.6,-0.2935381991,-1.77611634
4.5,0.65,-0.4453958742,-1.780145885
4.5,0.7,-0.6034255553,-1.785893024
4.45,0.75,-0.8262844863,-2.055923254
4.4,0.75,-0.8780149552,-2.328725807
4.35,0.75,-0.9249708163,-2.610776031
4.3,0.75,-0.9671544704,-2.90099797
4.3,0.55,-0.1851957528,-2.88542285
4.45,0.55,-0.1569802545,-2.036867002
4.45,0.7,-0.6485391287,-2.048673604
4.3,0.7,-0.7613464823,-2.895176008
4.35,0.55,-0.1767146213,-2.593881603
4.4,0.55,-0.1673063054,-2.310651459
4.45,0.6,-0.31601102,-2.039201069
4.45,0.65,-0.4791632325,-2.043120798
4.4,0.7,-0.6899173747,-2.321893651
4.35,0.7,-0.7275239954,-2.604422999
4.3,0.65,-0.5638050962,-2.890641753
4.3,0.6,-0.372443493,-2.887386818
4.35,0.6,-0.3554912126,-2.595998597
4.4,0.6,-0.3366732402,-2.312893617
4.4,0.65,-0.5101797725,-2.316634465
4.35,0.65,-0.5383985922,-2.599511888
4.5,0.8,-0.9467392666,-1.802955292
4.5,0.85,-1.13652352,-1.814376691
4.5,0.9,-1.341429394,-1.827678515
4.5,0.95,-1.563692967,-1.842798523
4.3,0.8,-1.183327106,-2.908018018
4.45,0.8,-1.014585292,-2.064867119
4.45,0.95,-1.664924204,-2.101788241
4.3,0.95,-1.915178632,-2.935901417
4.35,0.8,-1.132862689,-2.61845561
4.4,0.8,-1.076623207,-2.33705757
4.45,0.85,-1.21565356,-2.075536211
4.45,0.9,-1.4317038,-2.087871319
4.4,0.95,-1.757195418,-2.370997936
4.35,0.95,-1.840595918,-2.649374133
4.3,0.9,-1.655219252,-2.925560799
4.3,0.85,-1.411974863,-2.916237903
4.35,0.85,-1.353336601,-2.627517117
4.4,0.85,-1.287910307,-2.346938562
4.4,0.9,-1.514051407,-2.35827665
4.35,0.9,-1.588532543,-2.637848857
4.75,0.05,0.9181342045,-0.7315845199
4.75,0.1,0.7679585247,-0.7111143028
4.75,0.15,0.6374191456,-0.6944171728
4.75,0.2,0.5228467279,-0.6820820298
4.7,0.25,0.498321447,-0.8679530253
4.65,0.25,0.5726267771,-1.078480851
4.6,0.25,0.6428320502,-1.303683133
4.55,0.25,0.7086143479,-1.542354353
4.55,0.05,1.453412327,-1.594851143
4.7,0.05,1.06666399,-0.9266177766
4.7,0.2,0.6183032311,-0.8776374502
4.55,0.2,0.8731023575,-1.552234215
4.6,0.05,1.333953825,-1.35896848
4.65,0.05,1.205128936,-1.135951966
4.7,0.1,0.8993092345,-0.9068872743
4.7,0.15,0.7509195465,-0.8905442343
4.65,0.2,0.7087300368,-1.088583397
4.6,0.2,0.7937288479,-1.31379192
4.55,0.15,1.050489103,-1.56430304
4.55,0.1,1.243149831,-1.578538145
4.6,0.1,1.136779936,-1.341480657
4.65,0.1,1.022213231,-1.117323718
4.65,0.15,0.85765537,-1.101487632
4.6,0.15,0.9575322567,-1.32638669
4.75,0.3,0.326817115,-0.6673018887
4.75,0.35,0.2398769727,-0.663388707
4.75,0.4,0.1575363136,-0.6610156984
4.75,0.45,0.07807164276,-0.659745998
4.7,0.5,3.037106037e-12,-0.8507464942
4.65,0.5,3.476856476e-12,-1.059161101
4.6,0.5,3.826134209e-12,-1.283206899
4.55,0.5,3.537328045e-12,-1.5215431
4.55,0.3,0.5546550468,-1.53454936
4.7,0.3,0.3880711419,-0.860926074
4.7,0.45,0.0928697378,-0.8512930035
4.55,0.45,0.1336732784,-1.52231288
4.6,0.3,0.5023554306,-1.29584611
4.65,0.3,0.4467308171,-1.070896278
4.7,0.35,0.2851311548,-0.856109122
4.7,0.4,0.1873486391,-0.8530109474
4.65,0.45,0.1071454697,-1.059816865
4.6,0.45,0.1207779812,-1.283934496
4.55,0.4,0.2693191205,-1.524677304
4.55,0.35,0.4089525194,-1.528712172
4.6,0.35,0.3699583963,-1.290103536
4.65,0.35,0.328597522,-1.065469185
4.65,0.4,0.2160634769,-1.061867582
4.6,0.4,0.2434483215,-1.286197006
4.75,0.55,-0.07807164276,-0.659745998
4.75,0.6,-0.1575363136,-0.6610156984
4.75,0.65,-0.2398769727,-0.663388707
4.75,0.7,-0.326817115,-0.6673018887
4.7,0.75,-0.498321447,-0.8679530253
4.65,0.75,-0.5726267771,-1.078480851
4.6,0.75,-0.6428320502,-1.303683133
4.55,0.75,-0.7086143479,-1.542354353
4.55,0.55,-0.1336732784,-1.52231288
4.7,0.55,-0.09286973779,-0.8512930035
4.7,0.7,-0.3880711419,-0.860926074
4.55,0.7,-0.5546550468,-1.53454936
4.6,0.55,-0.1207779812,-1.283934496
4.65,0.55,-0.1071454696,-1.059816865
4.7,0.6,-0.187348639,-0.8530109474
4.7,0.65,-0.2851311548,-0.856109122
4.65,0.7,-0.4467308171,-1.070896278
4.6,0.7,-0.5023554306,-1.29584611
4.55,0.65,-0.4089525193,-1.528712172
4.55,0.6,-0.2693191205,-1.524677304
4.6,0.6,-0.2434483215,-1.286197006
4.65,0.6,-0.2160634769,-1.061867582
4.65,0.65,-0.328597522,-1.065469185
4.6,0.65,-0.3699583963,-1.290103536
4.75,0.8,-0.5228467279,-0.6820820298
4.75,0.85,-0.6374191456,-0.6944171728
4.75,0.9,-0.7679585247,-0.7111143028
4.75,0.95,-0.9181342045,-0.73158452
4.55,0.8,-0.8731023575,-1.552234215
4.7,0.8,-0.6183032311,-0.8776374502
4.7,0.95,-1.06666399,-0.9266177766
4.55,0.95,-1.453412327,-1.594851143
4.6,0.8,-0.7937288479,-1.31379192
4.65,0.8,-0.7087300368,-1.088583397
4.7,0.85,-0.7509195465,-0.8905442343
4.7,0.9,-0.8993092345,-0.9068872743
4.65,0.95,-1.205128936,-1.135951966
4.6,0.95,-1.333953825,-1.35896848
4.55,0.9,-1.243149831,-1.578538145
4.55,0.85,-1.050489103,-1.56430304
4.6,0.85,-0.9575322567,-1.32638669
4.65,0.85,-0.85765537,-1.101487632
4.65,0.9,-1.022213231,-1.117323718
4.6,0.9,-1.136779936,-1.341480657
4.95,0.25,0.08567304597,-0.08744347125
4.9,0.25,0.1712280058,-0.2007344142
4.85,0.25,0.2557854396,-0.3376648808
4.8,0.25,0.339197402,-0.4959834524
4.8,0.05,0.7587049197,-0.5513626839
4.95,0.05,0.2044083932,-0.1041114889
4.95,0.2,0.1066196755,-0.08755614567
4.8,0.2,0.4228566907,-0.5031943056
4.85,0.05,0.5880079394,-0.387033183
4.9,0.05,0.4039113067,-0.2384361766
4.95,0.1,0.1620279756,-0.09300713448
4.95,0.15,0.1314439483,-0.08899971574
4.9,0.2,0.2136767946,-0.2031532427
4.85,0.2,0.3194234266,-0.3427017547
4.8,0.15,0.5176740053,-0.5143229984
4.8,0.1,0.6279882319,-0.5302750033
4.85,0.1,0.4793460773,-0.3658207444
4.9,0.1,0.3226621618,-0.2183724512
4.9,0.15,0.2627683483,-0.2082009859
4.85,0.15,0.3921908572,-0.3513783829
4.95,0.5,1.918730636e-12,-0.08918846205
4.9,0.5,1.920487764e-12,-0.2002636923
4.85,0.5,2.262035038e-12,-0.3329005052
4.8,0.5,2.54639316e-12,-0.4862936149
4.8,0.3,0.263436637,-0.4914304173
4.95,0.3,0.06666452693,-0.08776834329
4.95,0.45,0.01594944073,-0.08907532373
4.8,0.45,0.06286913755,-0.4865126138
4.85,0.3,0.1986125856,-0.3350285714
4.9,0.3,0.1328821223,-0.199887105
4.95,0.35,0.04895499442,-0.08828604782
4.95,0.4,0.03216923997,-0.08875506403
4.9,0.45,0.03173883473,-0.2001806428
4.85,0.45,0.04739665053,-0.3329444862
4.8,0.4,0.1268805413,-0.4872513542
4.8,0.35,0.1932636266,-0.4887500771
4.85,0.35,0.1456830345,-0.3337157135
4.9,0.35,0.09751842448,-0.1997942331
4.9,0.4,0.06404303077,-0.1999795412
4.85,0.4,0.09564851891,-0.3331492261
4.95,0.75,-0.08567304596,-0.08744347124
4.9,0.75,-0.1712280058,-0.2007344142
4.85,0.75,-0.2557854396,-0.3376648808
4.8,0.75,-0.339197402,-0.4959834524
4.8,0.55,-0.06286913755,-0.4865126138
4.95,0.55,-0.01594944073,-0.08907532373
4.95,0.7,-0.06666452692,-0.08776834328
4.8,0.7,-0.263436637,-0.4914304173
4.85,0.55,-0.04739665053,-0.3329444862
4.9,0.55,-0.03173883473,-0.2001806428
4.95,0.6,-0.03216923997,-0.08875506403
4.95,0.65,-0.04895499442,-0.08828604781
4.9,0.7,-0.1328821223,-0.199887105
4.85,0.7,-0.1986125856,-0.3350285714
4.8,0.65,-0.1932636266,-0.4887500771
4.8,0.6,-0.1268805413,-0.4872513542
4.85,0.6,-0.09564851891,-0.3331492261
4.9,0.6,-0.06404303076,-0.1999795412
4.9,0.65,-0.09751842447,-0.1997942331
4.85,0.65,-0.1456830345,-0.3337157135
4.8,0.8,-0.4228566907,-0.5031943056
4.95,0.8,-0.1066196755,-0.08755614566
4.95,0.95,-0.2044083932,-0.1041114889
4.8,0.95,-0.7587049197,-0.5513626839
4.85,0.8,-0.3194234266,-0.3427017547
4.9,0.8,-0.2136767946,-0.2031532427
4.95,0.85,-0.1314439483,-0.08899971573
4.95,0.9,-0.1620279756,-0.09300713447
4.9,0.95,-0.4039113067,-0.2384361766
4.85,0.95,-0.5880079394,-0.387033183
4.8,0.9,-0.6279882319,-0.5302750033
4.8,0.85,-0.5176740053,-0.5143229984
4.85,0.85,-0.3921908572,-0.3513783829
4.9,0.85,-0.2627683483,-0.2082009859
4.9,0.9,-0.3226621618,-0.2183724511
4.85,0.9,-0.4793460773,-0.3658207444
