1 0.00397997006154675 0.00397997006154675 0
2 0.246020029938453 0.00397997006154675 0
3 0.246020029938453 0.246020029938453 0
4 0.00397997006154675 0.246020029938453 0
5 0.00397997006154675 0.125 0
6 0.125 0.00397997006154675 0
7 0.246020029938453 0.125 0
8 0.125 0.246020029938453 0
9 0.125 0.125 0
10 0.00397997006154675 0.253979970061547 0
11 0.246020029938453 0.253979970061547 0
12 0.246020029938453 0.496020029938453 0
13 0.00397997006154675 0.496020029938453 0
14 0.00397997006154675 0.375 0
15 0.125 0.253979970061547 0
16 0.246020029938453 0.375 0
17 0.125 0.496020029938453 0
18 0.125 0.375 0
19 0.00397997006154675 0.503979970061547 0
20 0.246020029938453 0.503979970061547 0
21 0.246020029938453 0.746020029938453 0
22 0.00397997006154675 0.746020029938453 0
23 0.00397997006154675 0.625 0
24 0.125 0.503979970061547 0
25 0.246020029938453 0.625 0
26 0.125 0.746020029938453 0
27 0.125 0.625 0
28 0.00397997006154675 0.753979970061547 0
29 0.246020029938453 0.753979970061547 0
30 0.246020029938453 0.996020029938453 0
31 0.00397997006154675 0.996020029938453 0
32 0.00397997006154675 0.875 0
33 0.125 0.753979970061547 0
34 0.246020029938453 0.875 0
35 0.125 0.996020029938453 0
36 0.125 0.875 0
37 0.253979970061547 0.00397997006154675 0
38 0.496020029938453 0.00397997006154675 0
39 0.496020029938453 0.246020029938453 0
40 0.253979970061547 0.246020029938453 0
41 0.253979970061547 0.125 0
42 0.375 0.00397997006154675 0
43 0.496020029938453 0.125 0
44 0.375 0.246020029938453 0
45 0.375 0.125 0
46 0.253979970061547 0.253979970061547 0
47 0.496020029938453 0.253979970061547 0
48 0.496020029938453 0.496020029938453 0
49 0.253979970061547 0.496020029938453 0
50 0.253979970061547 0.375 0
51 0.375 0.253979970061547 0
52 0.496020029938453 0.375 0
53 0.375 0.496020029938453 0
54 0.375 0.375 0
55 0.253979970061547 0.503979970061547 0
56 0.496020029938453 0.503979970061547 0
57 0.496020029938453 0.746020029938453 0
58 0.253979970061547 0.746020029938453 0
59 0.253979970061547 0.625 0
60 0.375 0.503979970061547 0
61 0.496020029938453 0.625 0
62 0.375 0.746020029938453 0
63 0.375 0.625 0
64 0.253979970061547 0.753979970061547 0
65 0.496020029938453 0.753979970061547 0
66 0.496020029938453 0.996020029938453 0
67 0.253979970061547 0.996020029938453 0
68 0.253979970061547 0.875 0
69 0.375 0.753979970061547 0
70 0.496020029938453 0.875 0
71 0.375 0.996020029938453 0
72 0.375 0.875 0
73 0.503979970061547 0.00397997006154675 0
74 0.746020029938453 0.00397997006154675 0
75 0.746020029938453 0.246020029938453 0
76 0.503979970061547 0.246020029938453 0
77 0.503979970061547 0.125 0
78 0.625 0.00397997006154675 0
79 0.746020029938453 0.125 0
80 0.625 0.246020029938453 0
81 0.625 0.125 0
82 0.503979970061547 0.253979970061547 0
83 0.746020029938453 0.253979970061547 0
84 0.746020029938453 0.496020029938453 0
85 0.503979970061547 0.496020029938453 0
86 0.503979970061547 0.375 0
87 0.625 0.253979970061547 0
88 0.746020029938453 0.375 0
89 0.625 0.496020029938453 0
90 0.625 0.375 0
91 0.503979970061547 0.503979970061547 0
92 0.746020029938453 0.503979970061547 0
93 0.746020029938453 0.746020029938453 0
94 0.503979970061547 0.746020029938453 0
95 0.503979970061547 0.625 0
96 0.625 0.503979970061547 0
97 0.746020029938453 0.625 0
98 0.625 0.746020029938453 0
99 0.625 0.625 0
100 0.503979970061547 0.753979970061547 0
101 0.746020029938453 0.753979970061547 0
102 0.746020029938453 0.996020029938453 0
103 0.503979970061547 0.996020029938453 0
104 0.503979970061547 0.875 0
105 0.625 0.753979970061547 0
106 0.746020029938453 0.875 0
107 0.625 0.996020029938453 0
108 0.625 0.875 0
109 0.753979970061547 0.00397997006154675 0
110 0.996020029938453 0.00397997006154675 0
111 0.996020029938453 0.246020029938453 0
112 0.753979970061547 0.246020029938453 0
113 0.753979970061547 0.125 0
114 0.875 0.00397997006154675 0
115 0.996020029938453 0.125 0
116 0.875 0.246020029938453 0
117 0.875 0.125 0
118 0.753979970061547 0.253979970061547 0
119 0.996020029938453 0.253979970061547 0
120 0.996020029938453 0.496020029938453 0
121 0.753979970061547 0.496020029938453 0
122 0.753979970061547 0.375 0
123 0.875 0.253979970061547 0
124 0.996020029938453 0.375 0
125 0.875 0.496020029938453 0
126 0.875 0.375 0
127 0.753979970061547 0.503979970061547 0
128 0.996020029938453 0.503979970061547 0
129 0.996020029938453 0.746020029938453 0
130 0.753979970061547 0.746020029938453 0
131 0.753979970061547 0.625 0
132 0.875 0.503979970061547 0
133 0.996020029938453 0.625 0
134 0.875 0.746020029938453 0
135 0.875 0.625 0
136 0.753979970061547 0.753979970061547 0
137 0.996020029938453 0.753979970061547 0
138 0.996020029938453 0.996020029938453 0
139 0.753979970061547 0.996020029938453 0
140 0.753979970061547 0.875 0
141 0.875 0.753979970061547 0
142 0.996020029938453 0.875 0
143 0.875 0.996020029938453 0
144 0.875 0.875 0
145 1.00397997006155 0.00397997006154675 0
146 1.24602002993845 0.00397997006154675 0
147 1.24602002993845 0.246020029938453 0
148 1.00397997006155 0.246020029938453 0
149 1.00397997006155 0.125 0
150 1.125 0.00397997006154675 0
151 1.24602002993845 0.125 0
152 1.125 0.246020029938453 0
153 1.125 0.125 0
154 1.00397997006155 0.253979970061547 0
155 1.24602002993845 0.253979970061547 0
156 1.24602002993845 0.496020029938453 0
157 1.00397997006155 0.496020029938453 0
158 1.00397997006155 0.375 0
159 1.125 0.253979970061547 0
160 1.24602002993845 0.375 0
161 1.125 0.496020029938453 0
162 1.125 0.375 0
163 1.00397997006155 0.503979970061547 0
164 1.24602002993845 0.503979970061547 0
165 1.24602002993845 0.746020029938453 0
166 1.00397997006155 0.746020029938453 0
167 1.00397997006155 0.625 0
168 1.125 0.503979970061547 0
169 1.24602002993845 0.625 0
170 1.125 0.746020029938453 0
171 1.125 0.625 0
172 1.00397997006155 0.753979970061547 0
173 1.24602002993845 0.753979970061547 0
174 1.24602002993845 0.996020029938453 0
175 1.00397997006155 0.996020029938453 0
176 1.00397997006155 0.875 0
177 1.125 0.753979970061547 0
178 1.24602002993845 0.875 0
179 1.125 0.996020029938453 0
180 1.125 0.875 0
181 1.25397997006155 0.00397997006154675 0
182 1.49602002993845 0.00397997006154675 0
183 1.49602002993845 0.246020029938453 0
184 1.25397997006155 0.246020029938453 0
185 1.25397997006155 0.125 0
186 1.375 0.00397997006154675 0
187 1.49602002993845 0.125 0
188 1.375 0.246020029938453 0
189 1.375 0.125 0
190 1.25397997006155 0.253979970061547 0
191 1.49602002993845 0.253979970061547 0
192 1.49602002993845 0.496020029938453 0
193 1.25397997006155 0.496020029938453 0
194 1.25397997006155 0.375 0
195 1.375 0.253979970061547 0
196 1.49602002993845 0.375 0
197 1.375 0.496020029938453 0
198 1.375 0.375 0
199 1.25397997006155 0.503979970061547 0
200 1.49602002993845 0.503979970061547 0
201 1.49602002993845 0.746020029938453 0
202 1.25397997006155 0.746020029938453 0
203 1.25397997006155 0.625 0
204 1.375 0.503979970061547 0
205 1.49602002993845 0.625 0
206 1.375 0.746020029938453 0
207 1.375 0.625 0
208 1.25397997006155 0.753979970061547 0
209 1.49602002993845 0.753979970061547 0
210 1.49602002993845 0.996020029938453 0
211 1.25397997006155 0.996020029938453 0
212 1.25397997006155 0.875 0
213 1.375 0.753979970061547 0
214 1.49602002993845 0.875 0
215 1.375 0.996020029938453 0
216 1.375 0.875 0
217 1.50397997006155 0.00397997006154675 0
218 1.74602002993845 0.00397997006154675 0
219 1.74602002993845 0.246020029938453 0
220 1.50397997006155 0.246020029938453 0
221 1.50397997006155 0.125 0
222 1.625 0.00397997006154675 0
223 1.74602002993845 0.125 0
224 1.625 0.246020029938453 0
225 1.625 0.125 0
226 1.50397997006155 0.253979970061547 0
227 1.74602002993845 0.253979970061547 0
228 1.74602002993845 0.496020029938453 0
229 1.50397997006155 0.496020029938453 0
230 1.50397997006155 0.375 0
231 1.625 0.253979970061547 0
232 1.74602002993845 0.375 0
233 1.625 0.496020029938453 0
234 1.625 0.375 0
235 1.50397997006155 0.503979970061547 0
236 1.74602002993845 0.503979970061547 0
237 1.74602002993845 0.746020029938453 0
238 1.50397997006155 0.746020029938453 0
239 1.50397997006155 0.625 0
240 1.625 0.503979970061547 0
241 1.74602002993845 0.625 0
242 1.625 0.746020029938453 0
243 1.625 0.625 0
244 1.50397997006155 0.753979970061547 0
245 1.74602002993845 0.753979970061547 0
246 1.74602002993845 0.996020029938453 0
247 1.50397997006155 0.996020029938453 0
248 1.50397997006155 0.875 0
249 1.625 0.753979970061547 0
250 1.74602002993845 0.875 0
251 1.625 0.996020029938453 0
252 1.625 0.875 0
253 1.75397997006155 0.00397997006154675 0
254 1.99602002993845 0.00397997006154675 0
255 1.99602002993845 0.246020029938453 0
256 1.75397997006155 0.246020029938453 0
257 1.75397997006155 0.125 0
258 1.875 0.00397997006154675 0
259 1.99602002993845 0.125 0
260 1.875 0.246020029938453 0
261 1.875 0.125 0
262 1.75397997006155 0.253979970061547 0
263 1.99602002993845 0.253979970061547 0
264 1.99602002993845 0.496020029938453 0
265 1.75397997006155 0.496020029938453 0
266 1.75397997006155 0.375 0
267 1.875 0.253979970061547 0
268 1.99602002993845 0.375 0
269 1.875 0.496020029938453 0
270 1.875 0.375 0
271 1.75397997006155 0.503979970061547 0
272 1.99602002993845 0.503979970061547 0
273 1.99602002993845 0.746020029938453 0
274 1.75397997006155 0.746020029938453 0
275 1.75397997006155 0.625 0
276 1.875 0.503979970061547 0
277 1.99602002993845 0.625 0
278 1.875 0.746020029938453 0
279 1.875 0.625 0
280 1.75397997006155 0.753979970061547 0
281 1.99602002993845 0.753979970061547 0
282 1.99602002993845 0.996020029938453 0
283 1.75397997006155 0.996020029938453 0
284 1.75397997006155 0.875 0
285 1.875 0.753979970061547 0
286 1.99602002993845 0.875 0
287 1.875 0.996020029938453 0
288 1.875 0.875 0
289 2.00397997006155 0.00397997006154675 0
290 2.24602002993845 0.00397997006154675 0
291 2.24602002993845 0.246020029938453 0
292 2.00397997006155 0.246020029938453 0
293 2.00397997006155 0.125 0
294 2.125 0.00397997006154675 0
295 2.24602002993845 0.125 0
296 2.125 0.246020029938453 0
297 2.125 0.125 0
298 2.00397997006155 0.253979970061547 0
299 2.24602002993845 0.253979970061547 0
300 2.24602002993845 0.496020029938453 0
301 2.00397997006155 0.496020029938453 0
302 2.00397997006155 0.375 0
303 2.125 0.253979970061547 0
304 2.24602002993845 0.375 0
305 2.125 0.496020029938453 0
306 2.125 0.375 0
307 2.00397997006155 0.503979970061547 0
308 2.24602002993845 0.503979970061547 0
309 2.24602002993845 0.746020029938453 0
310 2.00397997006155 0.746020029938453 0
311 2.00397997006155 0.625 0
312 2.125 0.503979970061547 0
313 2.24602002993845 0.625 0
314 2.125 0.746020029938453 0
315 2.125 0.625 0
316 2.00397997006155 0.753979970061547 0
317 2.24602002993845 0.753979970061547 0
318 2.24602002993845 0.996020029938453 0
319 2.00397997006155 0.996020029938453 0
320 2.00397997006155 0.875 0
321 2.125 0.753979970061547 0
322 2.24602002993845 0.875 0
323 2.125 0.996020029938453 0
324 2.125 0.875 0
325 2.25397997006155 0.00397997006154675 0
326 2.49602002993845 0.00397997006154675 0
327 2.49602002993845 0.246020029938453 0
328 2.25397997006155 0.246020029938453 0
329 2.25397997006155 0.125 0
330 2.375 0.00397997006154675 0
331 2.49602002993845 0.125 0
332 2.375 0.246020029938453 0
333 2.375 0.125 0
334 2.25397997006155 0.253979970061547 0
335 2.49602002993845 0.253979970061547 0
336 2.49602002993845 0.496020029938453 0
337 2.25397997006155 0.496020029938453 0
338 2.25397997006155 0.375 0
339 2.375 0.253979970061547 0
340 2.49602002993845 0.375 0
341 2.375 0.496020029938453 0
342 2.375 0.375 0
343 2.25397997006155 0.503979970061547 0
344 2.49602002993845 0.503979970061547 0
345 2.49602002993845 0.746020029938453 0
346 2.25397997006155 0.746020029938453 0
347 2.25397997006155 0.625 0
348 2.375 0.503979970061547 0
349 2.49602002993845 0.625 0
350 2.375 0.746020029938453 0
351 2.375 0.625 0
352 2.25397997006155 0.753979970061547 0
353 2.49602002993845 0.753979970061547 0
354 2.49602002993845 0.996020029938453 0
355 2.25397997006155 0.996020029938453 0
356 2.25397997006155 0.875 0
357 2.375 0.753979970061547 0
358 2.49602002993845 0.875 0
359 2.375 0.996020029938453 0
360 2.375 0.875 0
361 2.50397997006155 0.00397997006154675 0
362 2.74602002993845 0.00397997006154675 0
363 2.74602002993845 0.246020029938453 0
364 2.50397997006155 0.246020029938453 0
365 2.50397997006155 0.125 0
366 2.625 0.00397997006154675 0
367 2.74602002993845 0.125 0
368 2.625 0.246020029938453 0
369 2.625 0.125 0
370 2.50397997006155 0.253979970061547 0
371 2.74602002993845 0.253979970061547 0
372 2.74602002993845 0.496020029938453 0
373 2.50397997006155 0.496020029938453 0
374 2.50397997006155 0.375 0
375 2.625 0.253979970061547 0
376 2.74602002993845 0.375 0
377 2.625 0.496020029938453 0
378 2.625 0.375 0
379 2.50397997006155 0.503979970061547 0
380 2.74602002993845 0.503979970061547 0
381 2.74602002993845 0.746020029938453 0
382 2.50397997006155 0.746020029938453 0
383 2.50397997006155 0.625 0
384 2.625 0.503979970061547 0
385 2.74602002993845 0.625 0
386 2.625 0.746020029938453 0
387 2.625 0.625 0
388 2.50397997006155 0.753979970061547 0
389 2.74602002993845 0.753979970061547 0
390 2.74602002993845 0.996020029938453 0
391 2.50397997006155 0.996020029938453 0
392 2.50397997006155 0.875 0
393 2.625 0.753979970061547 0
394 2.74602002993845 0.875 0
395 2.625 0.996020029938453 0
396 2.625 0.875 0
397 2.75397997006155 0.00397997006154675 0
398 2.99602002993845 0.00397997006154675 0
399 2.99602002993845 0.246020029938453 0
400 2.75397997006155 0.246020029938453 0
401 2.75397997006155 0.125 0
402 2.875 0.00397997006154675 0
403 2.99602002993845 0.125 0
404 2.875 0.246020029938453 0
405 2.875 0.125 0
406 2.75397997006155 0.253979970061547 0
407 2.99602002993845 0.253979970061547 0
408 2.99602002993845 0.496020029938453 0
409 2.75397997006155 0.496020029938453 0
410 2.75397997006155 0.375 0
411 2.875 0.253979970061547 0
412 2.99602002993845 0.375 0
413 2.875 0.496020029938453 0
414 2.875 0.375 0
415 2.75397997006155 0.503979970061547 0
416 2.99602002993845 0.503979970061547 0
417 2.99602002993845 0.746020029938453 0
418 2.75397997006155 0.746020029938453 0
419 2.75397997006155 0.625 0
420 2.875 0.503979970061547 0
421 2.99602002993845 0.625 0
422 2.875 0.746020029938453 0
423 2.875 0.625 0
424 2.75397997006155 0.753979970061547 0
425 2.99602002993845 0.753979970061547 0
426 2.99602002993845 0.996020029938453 0
427 2.75397997006155 0.996020029938453 0
428 2.75397997006155 0.875 0
429 2.875 0.753979970061547 0
430 2.99602002993845 0.875 0
431 2.875 0.996020029938453 0
432 2.875 0.875 0
433 3.00397997006155 0.00397997006154675 0
434 3.24602002993845 0.00397997006154675 0
435 3.24602002993845 0.246020029938453 0
436 3.00397997006155 0.246020029938453 0
437 3.00397997006155 0.125 0
438 3.125 0.00397997006154675 0
439 3.24602002993845 0.125 0
440 3.125 0.246020029938453 0
441 3.125 0.125 0
442 3.00397997006155 0.253979970061547 0
443 3.24602002993845 0.253979970061547 0
444 3.24602002993845 0.496020029938453 0
445 3.00397997006155 0.496020029938453 0
446 3.00397997006155 0.375 0
447 3.125 0.253979970061547 0
448 3.24602002993845 0.375 0
449 3.125 0.496020029938453 0
450 3.125 0.375 0
451 3.00397997006155 0.503979970061547 0
452 3.24602002993845 0.503979970061547 0
453 3.24602002993845 0.746020029938453 0
454 3.00397997006155 0.746020029938453 0
455 3.00397997006155 0.625 0
456 3.125 0.503979970061547 0
457 3.24602002993845 0.625 0
458 3.125 0.746020029938453 0
459 3.125 0.625 0
460 3.00397997006155 0.753979970061547 0
461 3.24602002993845 0.753979970061547 0
462 3.24602002993845 0.996020029938453 0
463 3.00397997006155 0.996020029938453 0
464 3.00397997006155 0.875 0
465 3.125 0.753979970061547 0
466 3.24602002993845 0.875 0
467 3.125 0.996020029938453 0
468 3.125 0.875 0
469 3.25397997006155 0.00397997006154675 0
470 3.49602002993845 0.00397997006154675 0
471 3.49602002993845 0.246020029938453 0
472 3.25397997006155 0.246020029938453 0
473 3.25397997006155 0.125 0
474 3.375 0.00397997006154675 0
475 3.49602002993845 0.125 0
476 3.375 0.246020029938453 0
477 3.375 0.125 0
478 3.25397997006155 0.253979970061547 0
479 3.49602002993845 0.253979970061547 0
480 3.49602002993845 0.496020029938453 0
481 3.25397997006155 0.496020029938453 0
482 3.25397997006155 0.375 0
483 3.375 0.253979970061547 0
484 3.49602002993845 0.375 0
485 3.375 0.496020029938453 0
486 3.375 0.375 0
487 3.25397997006155 0.503979970061547 0
488 3.49602002993845 0.503979970061547 0
489 3.49602002993845 0.746020029938453 0
490 3.25397997006155 0.746020029938453 0
491 3.25397997006155 0.625 0
492 3.375 0.503979970061547 0
493 3.49602002993845 0.625 0
494 3.375 0.746020029938453 0
495 3.375 0.625 0
496 3.25397997006155 0.753979970061547 0
497 3.49602002993845 0.753979970061547 0
498 3.49602002993845 0.996020029938453 0
499 3.25397997006155 0.996020029938453 0
500 3.25397997006155 0.875 0
501 3.375 0.753979970061547 0
502 3.49602002993845 0.875 0
503 3.375 0.996020029938453 0
504 3.375 0.875 0
505 3.50397997006155 0.00397997006154675 0
506 3.74602002993845 0.00397997006154675 0
507 3.74602002993845 0.246020029938453 0
508 3.50397997006155 0.246020029938453 0
509 3.50397997006155 0.125 0
510 3.625 0.00397997006154675 0
511 3.74602002993845 0.125 0
512 3.625 0.246020029938453 0
513 3.625 0.125 0
514 3.50397997006155 0.253979970061547 0
515 3.74602002993845 0.253979970061547 0
516 3.74602002993845 0.496020029938453 0
517 3.50397997006155 0.496020029938453 0
518 3.50397997006155 0.375 0
519 3.625 0.253979970061547 0
520 3.74602002993845 0.375 0
521 3.625 0.496020029938453 0
522 3.625 0.375 0
523 3.50397997006155 0.503979970061547 0
524 3.74602002993845 0.503979970061547 0
525 3.74602002993845 0.746020029938453 0
526 3.50397997006155 0.746020029938453 0
527 3.50397997006155 0.625 0
528 3.625 0.503979970061547 0
529 3.74602002993845 0.625 0
530 3.625 0.746020029938453 0
531 3.625 0.625 0
532 3.50397997006155 0.753979970061547 0
533 3.74602002993845 0.753979970061547 0
534 3.74602002993845 0.996020029938453 0
535 3.50397997006155 0.996020029938453 0
536 3.50397997006155 0.875 0
537 3.625 0.753979970061547 0
538 3.74602002993845 0.875 0
539 3.625 0.996020029938453 0
540 3.625 0.875 0
541 3.75397997006155 0.00397997006154675 0
542 3.99602002993845 0.00397997006154675 0
543 3.99602002993845 0.246020029938453 0
544 3.75397997006155 0.246020029938453 0
545 3.75397997006155 0.125 0
546 3.875 0.00397997006154675 0
547 3.99602002993845 0.125 0
548 3.875 0.246020029938453 0
549 3.875 0.125 0
550 3.75397997006155 0.253979970061547 0
551 3.99602002993845 0.253979970061547 0
552 3.99602002993845 0.496020029938453 0
553 3.75397997006155 0.496020029938453 0
554 3.75397997006155 0.375 0
555 3.875 0.253979970061547 0
556 3.99602002993845 0.375 0
557 3.875 0.496020029938453 0
558 3.875 0.375 0
559 3.75397997006155 0.503979970061547 0
560 3.99602002993845 0.503979970061547 0
561 3.99602002993845 0.746020029938453 0
562 3.75397997006155 0.746020029938453 0
563 3.75397997006155 0.625 0
564 3.875 0.503979970061547 0
565 3.99602002993845 0.625 0
566 3.875 0.746020029938453 0
567 3.875 0.625 0
568 3.75397997006155 0.753979970061547 0
569 3.99602002993845 0.753979970061547 0
570 3.99602002993845 0.996020029938453 0
571 3.75397997006155 0.996020029938453 0
572 3.75397997006155 0.875 0
573 3.875 0.753979970061547 0
574 3.99602002993845 0.875 0
575 3.875 0.996020029938453 0
576 3.875 0.875 0
577 4.00397997006155 0.00397997006154675 0
578 4.24602002993845 0.00397997006154675 0
579 4.24602002993845 0.246020029938453 0
580 4.00397997006155 0.246020029938453 0
581 4.00397997006155 0.125 0
582 4.125 0.00397997006154675 0
583 4.24602002993845 0.125 0
584 4.125 0.246020029938453 0
585 4.125 0.125 0
586 4.00397997006155 0.253979970061547 0
587 4.24602002993845 0.253979970061547 0
588 4.24602002993845 0.496020029938453 0
589 4.00397997006155 0.496020029938453 0
590 4.00397997006155 0.375 0
591 4.125 0.253979970061547 0
592 4.24602002993845 0.375 0
593 4.125 0.496020029938453 0
594 4.125 0.375 0
595 4.00397997006155 0.503979970061547 0
596 4.24602002993845 0.503979970061547 0
597 4.24602002993845 0.746020029938453 0
598 4.00397997006155 0.746020029938453 0
599 4.00397997006155 0.625 0
600 4.125 0.503979970061547 0
601 4.24602002993845 0.625 0
602 4.125 0.746020029938453 0
603 4.125 0.625 0
604 4.00397997006155 0.753979970061547 0
605 4.24602002993845 0.753979970061547 0
606 4.24602002993845 0.996020029938453 0
607 4.00397997006155 0.996020029938453 0
608 4.00397997006155 0.875 0
609 4.125 0.753979970061547 0
610 4.24602002993845 0.875 0
611 4.125 0.996020029938453 0
612 4.125 0.875 0
613 4.25397997006155 0.00397997006154675 0
614 4.49602002993845 0.00397997006154675 0
615 4.49602002993845 0.246020029938453 0
616 4.25397997006155 0.246020029938453 0
617 4.25397997006155 0.125 0
618 4.375 0.00397997006154675 0
619 4.49602002993845 0.125 0
620 4.375 0.246020029938453 0
621 4.375 0.125 0
622 4.25397997006155 0.253979970061547 0
623 4.49602002993845 0.253979970061547 0
624 4.49602002993845 0.496020029938453 0
625 4.25397997006155 0.496020029938453 0
626 4.25397997006155 0.375 0
627 4.375 0.253979970061547 0
628 4.49602002993845 0.375 0
629 4.375 0.496020029938453 0
630 4.375 0.375 0
631 4.25397997006155 0.503979970061547 0
632 4.49602002993845 0.503979970061547 0
633 4.49602002993845 0.746020029938453 0
634 4.25397997006155 0.746020029938453 0
635 4.25397997006155 0.625 0
636 4.375 0.503979970061547 0
637 4.49602002993845 0.625 0
638 4.375 0.746020029938453 0
639 4.375 0.625 0
640 4.25397997006155 0.753979970061547 0
641 4.49602002993845 0.753979970061547 0
642 4.49602002993845 0.996020029938453 0
643 4.25397997006155 0.996020029938453 0
644 4.25397997006155 0.875 0
645 4.375 0.753979970061547 0
646 4.49602002993845 0.875 0
647 4.375 0.996020029938453 0
648 4.375 0.875 0
649 4.50397997006155 0.00397997006154675 0
650 4.74602002993845 0.00397997006154675 0
651 4.74602002993845 0.246020029938453 0
652 4.50397997006155 0.246020029938453 0
653 4.50397997006155 0.125 0
654 4.625 0.00397997006154675 0
655 4.74602002993845 0.125 0
656 4.625 0.246020029938453 0
657 4.625 0.125 0
658 4.50397997006155 0.253979970061547 0
659 4.74602002993845 0.253979970061547 0
660 4.74602002993845 0.496020029938453 0
661 4.50397997006155 0.496020029938453 0
662 4.50397997006155 0.375 0
663 4.625 0.253979970061547 0
664 4.74602002993845 0.375 0
665 4.625 0.496020029938453 0
666 4.625 0.375 0
667 4.50397997006155 0.503979970061547 0
668 4.74602002993845 0.503979970061547 0
669 4.74602002993845 0.746020029938453 0
670 4.50397997006155 0.746020029938453 0
671 4.50397997006155 0.625 0
672 4.625 0.503979970061547 0
673 4.74602002993845 0.625 0
674 4.625 0.746020029938453 0
675 4.625 0.625 0
676 4.50397997006155 0.753979970061547 0
677 4.74602002993845 0.753979970061547 0
678 4.74602002993845 0.996020029938453 0
679 4.50397997006155 0.996020029938453 0
680 4.50397997006155 0.875 0
681 4.625 0.753979970061547 0
682 4.74602002993845 0.875 0
683 4.625 0.996020029938453 0
684 4.625 0.875 0
685 4.75397997006155 0.00397997006154675 0
686 4.99602002993845 0.00397997006154675 0
687 4.99602002993845 0.246020029938453 0
688 4.75397997006155 0.246020029938453 0
689 4.75397997006155 0.125 0
690 4.875 0.00397997006154675 0
691 4.99602002993845 0.125 0
692 4.875 0.246020029938453 0
693 4.875 0.125 0
694 4.75397997006155 0.253979970061547 0
695 4.99602002993845 0.253979970061547 0
696 4.99602002993845 0.496020029938453 0
697 4.75397997006155 0.496020029938453 0
698 4.75397997006155 0.375 0
699 4.875 0.253979970061547 0
700 4.99602002993845 0.375 0
701 4.875 0.496020029938453 0
702 4.875 0.375 0
703 4.75397997006155 0.503979970061547 0
704 4.99602002993845 0.503979970061547 0
705 4.99602002993845 0.746020029938453 0
706 4.75397997006155 0.746020029938453 0
707 4.75397997006155 0.625 0
708 4.875 0.503979970061547 0
709 4.99602002993845 0.625 0
710 4.875 0.746020029938453 0
711 4.875 0.625 0
712 4.75397997006155 0.753979970061547 0
713 4.99602002993845 0.753979970061547 0
714 4.99602002993845 0.996020029938453 0
715 4.75397997006155 0.996020029938453 0
716 4.75397997006155 0.875 0
717 4.875 0.753979970061547 0
718 4.99602002993845 0.875 0
719 4.875 0.996020029938453 0
720 4.875 0.875 0
