1 1 1 1 1 5 289 268 24 25 26 27 28 346 347 348 349 350 351 352 353 354 355 284 285 286 287 288 356 360 361 362 357 363 364 365 358 366 367 368 359 369 370 371 372 376 373 377 374 378 375 379 380
2 1 1 1 268 289 290 267 355 354 353 352 351 381 382 383 384 385 386 387 388 389 390 279 280 281 282 283 391 395 396 397 392 398 399 400 393 401 402 403 394 404 405 406 407 411 408 412 409 413 410 414 415
3 1 1 1 267 290 291 266 390 389 388 387 386 416 417 418 419 420 421 422 423 424 425 274 275 276 277 278 426 430 431 432 427 433 434 435 428 436 437 438 429 439 440 441 442 446 443 447 444 448 445 449 450
4 1 1 1 266 291 165 4 425 424 423 422 421 451 452 453 454 455 261 262 263 264 265 269 270 271 272 273 456 460 461 462 457 463 464 465 458 466 467 468 459 469 470 471 472 476 473 477 474 478 475 479 480
5 1 1 1 5 6 292 289 29 30 31 32 33 481 482 483 484 485 486 487 488 489 490 350 349 348 347 346 491 495 496 497 492 498 499 500 493 501 502 503 494 504 505 506 507 511 508 512 509 513 510 514 515
6 1 1 1 289 292 293 290 490 489 488 487 486 516 517 518 519 520 521 522 523 524 525 385 384 383 382 381 526 530 531 532 527 533 534 535 528 536 537 538 529 539 540 541 542 546 543 547 544 548 545 549 550
7 1 1 1 290 293 294 291 525 524 523 522 521 551 552 553 554 555 556 557 558 559 560 420 419 418 417 416 561 565 566 567 562 568 569 570 563 571 572 573 564 574 575 576 577 581 578 582 579 583 580 584 585
8 1 1 1 291 294 164 165 560 559 558 557 556 586 587 588 589 590 256 257 258 259 260 455 454 453 452 451 591 595 596 597 592 598 599 600 593 601 602 603 594 604 605 606 607 611 608 612 609 613 610 614 615
9 1 1 1 6 7 295 292 34 35 36 37 38 616 617 618 619 620 621 622 623 624 625 485 484 483 482 481 626 630 631 632 627 633 634 635 628 636 637 638 629 639 640 641 642 646 643 647 644 648 645 649 650
10 1 1 1 292 295 296 293 625 624 623 622 621 651 652 653 654 655 656 657 658 659 660 520 519 518 517 516 661 665 666 667 662 668 669 670 663 671 672 673 664 674 675 676 677 681 678 682 679 683 680 684 685
11 1 1 1 293 296 297 294 660 659 658 657 656 686 687 688 689 690 691 692 693 694 695 555 554 553 552 551 696 700 701 702 697 703 704 705 698 706 707 708 699 709 710 711 712 716 713 717 714 718 715 719 720
12 1 1 1 294 297 163 164 695 694 693 692 691 721 722 723 724 725 251 252 253 254 255 590 589 588 587 586 726 730 731 732 727 733 734 735 728 736 737 738 729 739 740 741 742 746 743 747 744 748 745 749 750
13 1 1 1 7 8 298 295 39 40 41 42 43 751 752 753 754 755 756 757 758 759 760 620 619 618 617 616 761 765 766 767 762 768 769 770 763 771 772 773 764 774 775 776 777 781 778 782 779 783 780 784 785
14 1 1 1 295 298 299 296 760 759 758 757 756 786 787 788 789 790 791 792 793 794 795 655 654 653 652 651 796 800 801 802 797 803 804 805 798 806 807 808 799 809 810 811 812 816 813 817 814 818 815 819 820
15 1 1 1 296 299 300 297 795 794 793 792 791 821 822 823 824 825 826 827 828 829 830 690 689 688 687 686 831 835 836 837 832 838 839 840 833 841 842 843 834 844 845 846 847 851 848 852 849 853 850 854 855
16 1 1 1 297 300 162 163 830 829 828 827 826 856 857 858 859 860 246 247 248 249 250 725 724 723 722 721 861 865 866 867 862 868 869 870 863 871 872 873 864 874 875 876 877 881 878 882 879 883 880 884 885
17 1 1 1 8 9 301 298 44 45 46 47 48 886 887 888 889 890 891 892 893 894 895 755 754 753 752 751 896 900 901 902 897 903 904 905 898 906 907 908 899 909 910 911 912 916 913 917 914 918 915 919 920
18 1 1 1 298 301 302 299 895 894 893 892 891 921 922 923 924 925 926 927 928 929 930 790 789 788 787 786 931 935 936 937 932 938 939 940 933 941 942 943 934 944 945 946 947 951 948 952 949 953 950 954 955
19 1 1 1 299 302 303 300 930 929 928 927 926 956 957 958 959 960 961 962 963 964 965 825 824 823 822 821 966 970 971 972 967 973 974 975 968 976 977 978 969 979 980 981 982 986 983 987 984 988 985 989 990
20 1 1 1 300 303 161 162 965 964 963 962 961 991 992 993 994 995 241 242 243 244 245 860 859 858 857 856 996 1000 1001 1002 997 1003 1004 1005 998 1006 1007 1008 999 1009 1010 1011 1012 1016 1013 1017 1014 1018 1015 1019 1020
21 1 1 1 9 10 304 301 49 50 51 52 53 1021 1022 1023 1024 1025 1026 1027 1028 1029 1030 890 889 888 887 886 1031 1035 1036 1037 1032 1038 1039 1040 1033 1041 1042 1043 1034 1044 1045 1046 1047 1051 1048 1052 1049 1053 1050 1054 1055
22 1 1 1 301 304 305 302 1030 1029 1028 1027 1026 1056 1057 1058 1059 1060 1061 1062 1063 1064 1065 925 924 923 922 921 1066 1070 1071 1072 1067 1073 1074 1075 1068 1076 1077 1078 1069 1079 1080 1081 1082 1086 1083 1087 1084 1088 1085 1089 1090
23 1 1 1 302 305 306 303 1065 1064 1063 1062 1061 1091 1092 1093 1094 1095 1096 1097 1098 1099 1100 960 959 958 957 956 1101 1105 1106 1107 1102 1108 1109 1110 1103 1111 1112 1113 1104 1114 1115 1116 1117 1121 1118 1122 1119 1123 1120 1124 1125
24 1 1 1 303 306 160 161 1100 1099 1098 1097 1096 1126 1127 1128 1129 1130 236 237 238 239 240 995 994 993 992 991 1131 1135 1136 1137 1132 1138 1139 1140 1133 1141 1142 1143 1134 1144 1145 1146 1147 1151 1148 1152 1149 1153 1150 1154 1155
25 1 1 1 10 11 307 304 54 55 56 57 58 1156 1157 1158 1159 1160 1161 1162 1163 1164 1165 1025 1024 1023 1022 1021 1166 1170 1171 1172 1167 1173 1174 1175 1168 1176 1177 1178 1169 1179 1180 1181 1182 1186 1183 1187 1184 1188 1185 1189 1190
26 1 1 1 304 307 308 305 1165 1164 1163 1162 1161 1191 1192 1193 1194 1195 1196 1197 1198 1199 1200 1060 1059 1058 1057 1056 1201 1205 1206 1207 1202 1208 1209 1210 1203 1211 1212 1213 1204 1214 1215 1216 1217 1221 1218 1222 1219 1223 1220 1224 1225
27 1 1 1 305 308 309 306 1200 1199 1198 1197 1196 1226 1227 1228 1229 1230 1231 1232 1233 1234 1235 1095 1094 1093 1092 1091 1236 1240 1241 1242 1237 1243 1244 1245 1238 1246 1247 1248 1239 1249 1250 1251 1252 1256 1253 1257 1254 1258 1255 1259 1260
28 1 1 1 306 309 159 160 1235 1234 1233 1232 1231 1261 1262 1263 1264 1265 231 232 233 234 235 1130 1129 1128 1127 1126 1266 1270 1271 1272 1267 1273 1274 1275 1268 1276 1277 1278 1269 1279 1280 1281 1282 1286 1283 1287 1284 1288 1285 1289 1290
29 1 1 1 11 12 310 307 59 60 61 62 63 1291 1292 1293 1294 1295 1296 1297 1298 1299 1300 1160 1159 1158 1157 1156 1301 1305 1306 1307 1302 1308 1309 1310 1303 1311 1312 1313 1304 1314 1315 1316 1317 1321 1318 1322 1319 1323 1320 1324 1325
30 1 1 1 307 310 311 308 1300 1299 1298 1297 1296 1326 1327 1328 1329 1330 1331 1332 1333 1334 1335 1195 1194 1193 1192 1191 1336 1340 1341 1342 1337 1343 1344 1345 1338 1346 1347 1348 1339 1349 1350 1351 1352 1356 1353 1357 1354 1358 1355 1359 1360
31 1 1 1 308 311 312 309 1335 1334 1333 1332 1331 1361 1362 1363 1364 1365 1366 1367 1368 1369 1370 1230 1229 1228 1227 1226 1371 1375 1376 1377 1372 1378 1379 1380 1373 1381 1382 1383 1374 1384 1385 1386 1387 1391 1388 1392 1389 1393 1390 1394 1395
32 1 1 1 309 312 158 159 1370 1369 1368 1367 1366 1396 1397 1398 1399 1400 226 227 228 229 230 1265 1264 1263 1262 1261 1401 1405 1406 1407 1402 1408 1409 1410 1403 1411 1412 1413 1404 1414 1415 1416 1417 1421 1418 1422 1419 1423 1420 1424 1425
33 1 1 1 12 13 313 310 64 65 66 67 68 1426 1427 1428 1429 1430 1431 1432 1433 1434 1435 1295 1294 1293 1292 1291 1436 1440 1441 1442 1437 1443 1444 1445 1438 1446 1447 1448 1439 1449 1450 1451 1452 1456 1453 1457 1454 1458 1455 1459 1460
34 1 1 1 310 313 314 311 1435 1434 1433 1432 1431 1461 1462 1463 1464 1465 1466 1467 1468 1469 1470 1330 1329 1328 1327 1326 1471 1475 1476 1477 1472 1478 1479 1480 1473 1481 1482 1483 1474 1484 1485 1486 1487 1491 1488 1492 1489 1493 1490 1494 1495
35 1 1 1 311 314 315 312 1470 1469 1468 1467 1466 1496 1497 1498 1499 1500 1501 1502 1503 1504 1505 1365 1364 1363 1362 1361 1506 1510 1511 1512 1507 1513 1514 1515 1508 1516 1517 1518 1509 1519 1520 1521 1522 1526 1523 1527 1524 1528 1525 1529 1530
36 1 1 1 312 315 157 158 1505 1504 1503 1502 1501 1531 1532 1533 1534 1535 221 222 223 224 225 1400 1399 1398 1397 1396 1536 1540 1541 1542 1537 1543 1544 1545 1538 1546 1547 1548 1539 1549 1550 1551 1552 1556 1553 1557 1554 1558 1555 1559 1560
37 1 1 1 13 14 316 313 69 70 71 72 73 1561 1562 1563 1564 1565 1566 1567 1568 1569 1570 1430 1429 1428 1427 1426 1571 1575 1576 1577 1572 1578 1579 1580 1573 1581 1582 1583 1574 1584 1585 1586 1587 1591 1588 1592 1589 1593 1590 1594 1595
38 1 1 1 313 316 317 314 1570 1569 1568 1567 1566 1596 1597 1598 1599 1600 1601 1602 1603 1604 1605 1465 1464 1463 1462 1461 1606 1610 1611 1612 1607 1613 1614 1615 1608 1616 1617 1618 1609 1619 1620 1621 1622 1626 1623 1627 1624 1628 1625 1629 1630
39 1 1 1 314 317 318 315 1605 1604 1603 1602 1601 1631 1632 1633 1634 1635 1636 1637 1638 1639 1640 1500 1499 1498 1497 1496 1641 1645 1646 1647 1642 1648 1649 1650 1643 1651 1652 1653 1644 1654 1655 1656 1657 1661 1658 1662 1659 1663 1660 1664 1665
40 1 1 1 315 318 156 157 1640 1639 1638 1637 1636 1666 1667 1668 1669 1670 216 217 218 219 220 1535 1534 1533 1532 1531 1671 1675 1676 1677 1672 1678 1679 1680 1673 1681 1682 1683 1674 1684 1685 1686 1687 1691 1688 1692 1689 1693 1690 1694 1695
41 1 1 1 14 15 319 316 74 75 76 77 78 1696 1697 1698 1699 1700 1701 1702 1703 1704 1705 1565 1564 1563 1562 1561 1706 1710 1711 1712 1707 1713 1714 1715 1708 1716 1717 1718 1709 1719 1720 1721 1722 1726 1723 1727 1724 1728 1725 1729 1730
42 1 1 1 316 319 320 317 1705 1704 1703 1702 1701 1731 1732 1733 1734 1735 1736 1737 1738 1739 1740 1600 1599 1598 1597 1596 1741 1745 1746 1747 1742 1748 1749 1750 1743 1751 1752 1753 1744 1754 1755 1756 1757 1761 1758 1762 1759 1763 1760 1764 1765
43 1 1 1 317 320 321 318 1740 1739 1738 1737 1736 1766 1767 1768 1769 1770 1771 1772 1773 1774 1775 1635 1634 1633 1632 1631 1776 1780 1781 1782 1777 1783 1784 1785 1778 1786 1787 1788 1779 1789 1790 1791 1792 1796 1793 1797 1794 1798 1795 1799 1800
44 1 1 1 318 321 155 156 1775 1774 1773 1772 1771 1801 1802 1803 1804 1805 211 212 213 214 215 1670 1669 1668 1667 1666 1806 1810 1811 1812 1807 1813 1814 1815 1808 1816 1817 1818 1809 1819 1820 1821 1822 1826 1823 1827 1824 1828 1825 1829 1830
45 1 1 1 15 16 322 319 79 80 81 82 83 1831 1832 1833 1834 1835 1836 1837 1838 1839 1840 1700 1699 1698 1697 1696 1841 1845 1846 1847 1842 1848 1849 1850 1843 1851 1852 1853 1844 1854 1855 1856 1857 1861 1858 1862 1859 1863 1860 1864 1865
46 1 1 1 319 322 323 320 1840 1839 1838 1837 1836 1866 1867 1868 1869 1870 1871 1872 1873 1874 1875 1735 1734 1733 1732 1731 1876 1880 1881 1882 1877 1883 1884 1885 1878 1886 1887 1888 1879 1889 1890 1891 1892 1896 1893 1897 1894 1898 1895 1899 1900
47 1 1 1 320 323 324 321 1875 1874 1873 1872 1871 1901 1902 1903 1904 1905 1906 1907 1908 1909 1910 1770 1769 1768 1767 1766 1911 1915 1916 1917 1912 1918 1919 1920 1913 1921 1922 1923 1914 1924 1925 1926 1927 1931 1928 1932 1929 1933 1930 1934 1935
48 1 1 1 321 324 154 155 1910 1909 1908 1907 1906 1936 1937 1938 1939 1940 206 207 208 209 210 1805 1804 1803 1802 1801 1941 1945 1946 1947 1942 1948 1949 1950 1943 1951 1952 1953 1944 1954 1955 1956 1957 1961 1958 1962 1959 1963 1960 1964 1965
49 1 1 1 16 17 325 322 84 85 86 87 88 1966 1967 1968 1969 1970 1971 1972 1973 1974 1975 1835 1834 1833 1832 1831 1976 1980 1981 1982 1977 1983 1984 1985 1978 1986 1987 1988 1979 1989 1990 1991 1992 1996 1993 1997 1994 1998 1995 1999 2000
50 1 1 1 322 325 326 323 1975 1974 1973 1972 1971 2001 2002 2003 2004 2005 2006 2007 2008 2009 2010 1870 1869 1868 1867 1866 2011 2015 2016 2017 2012 2018 2019 2020 2013 2021 2022 2023 2014 2024 2025 2026 2027 2031 2028 2032 2029 2033 2030 2034 2035
51 1 1 1 323 326 327 324 2010 2009 2008 2007 2006 2036 2037 2038 2039 2040 2041 2042 2043 2044 2045 1905 1904 1903 1902 1901 2046 2050 2051 2052 2047 2053 2054 2055 2048 2056 2057 2058 2049 2059 2060 2061 2062 2066 2063 2067 2064 2068 2065 2069 2070
52 1 1 1 324 327 153 154 2045 2044 2043 2042 2041 2071 2072 2073 2074 2075 201 202 203 204 205 1940 1939 1938 1937 1936 2076 2080 2081 2082 2077 2083 2084 2085 2078 2086 2087 2088 2079 2089 2090 2091 2092 2096 2093 2097 2094 2098 2095 2099 2100
53 1 1 1 17 18 328 325 89 90 91 92 93 2101 2102 2103 2104 2105 2106 2107 2108 2109 2110 1970 1969 1968 1967 1966 2111 2115 2116 2117 2112 2118 2119 2120 2113 2121 2122 2123 2114 2124 2125 2126 2127 2131 2128 2132 2129 2133 2130 2134 2135
54 1 1 1 325 328 329 326 2110 2109 2108 2107 2106 2136 2137 2138 2139 2140 2141 2142 2143 2144 2145 2005 2004 2003 2002 2001 2146 2150 2151 2152 2147 2153 2154 2155 2148 2156 2157 2158 2149 2159 2160 2161 2162 2166 2163 2167 2164 2168 2165 2169 2170
55 1 1 1 326 329 330 327 2145 2144 2143 2142 2141 2171 2172 2173 2174 2175 2176 2177 2178 2179 2180 2040 2039 2038 2037 2036 2181 2185 2186 2187 2182 2188 2189 2190 2183 2191 2192 2193 2184 2194 2195 2196 2197 2201 2198 2202 2199 2203 2200 2204 2205
56 1 1 1 327 330 152 153 2180 2179 2178 2177 2176 2206 2207 2208 2209 2210 196 197 198 199 200 2075 2074 2073 2072 2071 2211 2215 2216 2217 2212 2218 2219 2220 2213 2221 2222 2223 2214 2224 2225 2226 2227 2231 2228 2232 2229 2233 2230 2234 2235
57 1 1 1 18 19 331 328 94 95 96 97 98 2236 2237 2238 2239 2240 2241 2242 2243 2244 2245 2105 2104 2103 2102 2101 2246 2250 2251 2252 2247 2253 2254 2255 2248 2256 2257 2258 2249 2259 2260 2261 2262 2266 2263 2267 2264 2268 2265 2269 2270
58 1 1 1 328 331 332 329 2245 2244 2243 2242 2241 2271 2272 2273 2274 2275 2276 2277 2278 2279 2280 2140 2139 2138 2137 2136 2281 2285 2286 2287 2282 2288 2289 2290 2283 2291 2292 2293 2284 2294 2295 2296 2297 2301 2298 2302 2299 2303 2300 2304 2305
59 1 1 1 329 332 333 330 2280 2279 2278 2277 2276 2306 2307 2308 2309 2310 2311 2312 2313 2314 2315 2175 2174 2173 2172 2171 2316 2320 2321 2322 2317 2323 2324 2325 2318 2326 2327 2328 2319 2329 2330 2331 2332 2336 2333 2337 2334 2338 2335 2339 2340
60 1 1 1 330 333 151 152 2315 2314 2313 2312 2311 2341 2342 2343 2344 2345 191 192 193 194 195 2210 2209 2208 2207 2206 2346 2350 2351 2352 2347 2353 2354 2355 2348 2356 2357 2358 2349 2359 2360 2361 2362 2366 2363 2367 2364 2368 2365 2369 2370
61 1 1 1 19 20 334 331 99 100 101 102 103 2371 2372 2373 2374 2375 2376 2377 2378 2379 2380 2240 2239 2238 2237 2236 2381 2385 2386 2387 2382 2388 2389 2390 2383 2391 2392 2393 2384 2394 2395 2396 2397 2401 2398 2402 2399 2403 2400 2404 2405
62 1 1 1 331 334 335 332 2380 2379 2378 2377 2376 2406 2407 2408 2409 2410 2411 2412 2413 2414 2415 2275 2274 2273 2272 2271 2416 2420 2421 2422 2417 2423 2424 2425 2418 2426 2427 2428 2419 2429 2430 2431 2432 2436 2433 2437 2434 2438 2435 2439 2440
63 1 1 1 332 335 336 333 2415 2414 2413 2412 2411 2441 2442 2443 2444 2445 2446 2447 2448 2449 2450 2310 2309 2308 2307 2306 2451 2455 2456 2457 2452 2458 2459 2460 2453 2461 2462 2463 2454 2464 2465 2466 2467 2471 2468 2472 2469 2473 2470 2474 2475
64 1 1 1 333 336 150 151 2450 2449 2448 2447 2446 2476 2477 2478 2479 2480 186 187 188 189 190 2345 2344 2343 2342 2341 2481 2485 2486 2487 2482 2488 2489 2490 2483 2491 2492 2493 2484 2494 2495 2496 2497 2501 2498 2502 2499 2503 2500 2504 2505
65 1 1 1 20 21 337 334 104 105 106 107 108 2506 2507 2508 2509 2510 2511 2512 2513 2514 2515 2375 2374 2373 2372 2371 2516 2520 2521 2522 2517 2523 2524 2525 2518 2526 2527 2528 2519 2529 2530 2531 2532 2536 2533 2537 2534 2538 2535 2539 2540
66 1 1 1 334 337 338 335 2515 2514 2513 2512 2511 2541 2542 2543 2544 2545 2546 2547 2548 2549 2550 2410 2409 2408 2407 2406 2551 2555 2556 2557 2552 2558 2559 2560 2553 2561 2562 2563 2554 2564 2565 2566 2567 2571 2568 2572 2569 2573 2570 2574 2575
67 1 1 1 335 338 339 336 2550 2549 2548 2547 2546 2576 2577 2578 2579 2580 2581 2582 2583 2584 2585 2445 2444 2443 2442 2441 2586 2590 2591 2592 2587 2593 2594 2595 2588 2596 2597 2598 2589 2599 2600 2601 2602 2606 2603 2607 2604 2608 2605 2609 2610
68 1 1 1 336 339 149 150 2585 2584 2583 2582 2581 2611 2612 2613 2614 2615 181 182 183 184 185 2480 2479 2478 2477 2476 2616 2620 2621 2622 2617 2623 2624 2625 2618 2626 2627 2628 2619 2629 2630 2631 2632 2636 2633 2637 2634 2638 2635 2639 2640
69 1 1 1 21 22 340 337 109 110 111 112 113 2641 2642 2643 2644 2645 2646 2647 2648 2649 2650 2510 2509 2508 2507 2506 2651 2655 2656 2657 2652 2658 2659 2660 2653 2661 2662 2663 2654 2664 2665 2666 2667 2671 2668 2672 2669 2673 2670 2674 2675
70 1 1 1 337 340 341 338 2650 2649 2648 2647 2646 2676 2677 2678 2679 2680 2681 2682 2683 2684 2685 2545 2544 2543 2542 2541 2686 2690 2691 2692 2687 2693 2694 2695 2688 2696 2697 2698 2689 2699 2700 2701 2702 2706 2703 2707 2704 2708 2705 2709 2710
71 1 1 1 338 341 342 339 2685 2684 2683 2682 2681 2711 2712 2713 2714 2715 2716 2717 2718 2719 2720 2580 2579 2578 2577 2576 2721 2725 2726 2727 2722 2728 2729 2730 2723 2731 2732 2733 2724 2734 2735 2736 2737 2741 2738 2742 2739 2743 2740 2744 2745
72 1 1 1 339 342 148 149 2720 2719 2718 2717 2716 2746 2747 2748 2749 2750 176 177 178 179 180 2615 2614 2613 2612 2611 2751 2755 2756 2757 2752 2758 2759 2760 2753 2761 2762 2763 2754 2764 2765 2766 2767 2771 2768 2772 2769 2773 2770 2774 2775
73 1 1 1 22 23 343 340 114 115 116 117 118 2776 2777 2778 2779 2780 2781 2782 2783 2784 2785 2645 2644 2643 2642 2641 2786 2790 2791 2792 2787 2793 2794 2795 2788 2796 2797 2798 2789 2799 2800 2801 2802 2806 2803 2807 2804 2808 2805 2809 2810
74 1 1 1 340 343 344 341 2785 2784 2783 2782 2781 2811 2812 2813 2814 2815 2816 2817 2818 2819 2820 2680 2679 2678 2677 2676 2821 2825 2826 2827 2822 2828 2829 2830 2823 2831 2832 2833 2824 2834 2835 2836 2837 2841 2838 2842 2839 2843 2840 2844 2845
75 1 1 1 341 344 345 342 2820 2819 2818 2817 2816 2846 2847 2848 2849 2850 2851 2852 2853 2854 2855 2715 2714 2713 2712 2711 2856 2860 2861 2862 2857 2863 2864 2865 2858 2866 2867 2868 2859 2869 2870 2871 2872 2876 2873 2877 2874 2878 2875 2879 2880
76 1 1 1 342 345 147 148 2855 2854 2853 2852 2851 2881 2882 2883 2884 2885 171 172 173 174 175 2750 2749 2748 2747 2746 2886 2890 2891 2892 2887 2893 2894 2895 2888 2896 2897 2898 2889 2899 2900 2901 2902 2906 2903 2907 2904 2908 2905 2909 2910
77 1 1 1 23 2 124 343 119 120 121 122 123 127 128 129 130 131 2911 2912 2913 2914 2915 2780 2779 2778 2777 2776 2916 2920 2921 2922 2917 2923 2924 2925 2918 2926 2927 2928 2919 2929 2930 2931 2932 2936 2933 2937 2934 2938 2935 2939 2940
78 1 1 1 343 124 125 344 2915 2914 2913 2912 2911 132 133 134 135 136 2941 2942 2943 2944 2945 2815 2814 2813 2812 2811 2946 2950 2951 2952 2947 2953 2954 2955 2948 2956 2957 2958 2949 2959 2960 2961 2962 2966 2963 2967 2964 2968 2965 2969 2970
79 1 1 1 344 125 126 345 2945 2944 2943 2942 2941 137 138 139 140 141 2971 2972 2973 2974 2975 2850 2849 2848 2847 2846 2976 2980 2981 2982 2977 2983 2984 2985 2978 2986 2987 2988 2979 2989 2990 2991 2992 2996 2993 2997 2994 2998 2995 2999 3000
80 1 1 1 345 126 3 147 2975 2974 2973 2972 2971 142 143 144 145 146 166 167 168 169 170 2885 2884 2883 2882 2881 3001 3005 3006 3007 3002 3008 3009 3010 3003 3011 3012 3013 3004 3014 3015 3016 3017 3021 3018 3022 3019 3023 3020 3024 3025
