1 0.001590377740625 0.001590377740625 0
2 0.060909622259375 0.001590377740625 0
3 0.060909622259375 0.060909622259375 0
4 0.001590377740625 0.060909622259375 0
5 0.001590377740625 0.064090377740625 0
6 0.060909622259375 0.064090377740625 0
7 0.060909622259375 0.123409622259375 0
8 0.001590377740625 0.123409622259375 0
9 0.001590377740625 0.126590377740625 0
10 0.060909622259375 0.126590377740625 0
11 0.060909622259375 0.185909622259375 0
12 0.001590377740625 0.185909622259375 0
13 0.001590377740625 0.189090377740625 0
14 0.060909622259375 0.189090377740625 0
15 0.060909622259375 0.248409622259375 0
16 0.001590377740625 0.248409622259375 0
17 0.064090377740625 0.001590377740625 0
18 0.123409622259375 0.001590377740625 0
19 0.123409622259375 0.060909622259375 0
20 0.064090377740625 0.060909622259375 0
21 0.064090377740625 0.064090377740625 0
22 0.123409622259375 0.064090377740625 0
23 0.123409622259375 0.123409622259375 0
24 0.064090377740625 0.123409622259375 0
25 0.064090377740625 0.126590377740625 0
26 0.123409622259375 0.126590377740625 0
27 0.123409622259375 0.185909622259375 0
28 0.064090377740625 0.185909622259375 0
29 0.064090377740625 0.189090377740625 0
30 0.123409622259375 0.189090377740625 0
31 0.123409622259375 0.248409622259375 0
32 0.064090377740625 0.248409622259375 0
33 0.126590377740625 0.001590377740625 0
34 0.185909622259375 0.001590377740625 0
35 0.185909622259375 0.060909622259375 0
36 0.126590377740625 0.060909622259375 0
37 0.126590377740625 0.064090377740625 0
38 0.185909622259375 0.064090377740625 0
39 0.185909622259375 0.123409622259375 0
40 0.126590377740625 0.123409622259375 0
41 0.126590377740625 0.126590377740625 0
42 0.185909622259375 0.126590377740625 0
43 0.185909622259375 0.185909622259375 0
44 0.126590377740625 0.185909622259375 0
45 0.126590377740625 0.189090377740625 0
46 0.185909622259375 0.189090377740625 0
47 0.185909622259375 0.248409622259375 0
48 0.126590377740625 0.248409622259375 0
49 0.189090377740625 0.001590377740625 0
50 0.248409622259375 0.001590377740625 0
51 0.248409622259375 0.060909622259375 0
52 0.189090377740625 0.060909622259375 0
53 0.189090377740625 0.064090377740625 0
54 0.248409622259375 0.064090377740625 0
55 0.248409622259375 0.123409622259375 0
56 0.189090377740625 0.123409622259375 0
57 0.189090377740625 0.126590377740625 0
58 0.248409622259375 0.126590377740625 0
59 0.248409622259375 0.185909622259375 0
60 0.189090377740625 0.185909622259375 0
61 0.189090377740625 0.189090377740625 0
62 0.248409622259375 0.189090377740625 0
63 0.248409622259375 0.248409622259375 0
64 0.189090377740625 0.248409622259375 0
65 0.251590377740625 0.001590377740625 0
66 0.310909622259375 0.001590377740625 0
67 0.310909622259375 0.060909622259375 0
68 0.251590377740625 0.060909622259375 0
69 0.251590377740625 0.064090377740625 0
70 0.310909622259375 0.064090377740625 0
71 0.310909622259375 0.123409622259375 0
72 0.251590377740625 0.123409622259375 0
73 0.251590377740625 0.126590377740625 0
74 0.310909622259375 0.126590377740625 0
75 0.310909622259375 0.185909622259375 0
76 0.251590377740625 0.185909622259375 0
77 0.251590377740625 0.189090377740625 0
78 0.310909622259375 0.189090377740625 0
79 0.310909622259375 0.248409622259375 0
80 0.251590377740625 0.248409622259375 0
81 0.314090377740625 0.001590377740625 0
82 0.373409622259375 0.001590377740625 0
83 0.373409622259375 0.060909622259375 0
84 0.314090377740625 0.060909622259375 0
85 0.314090377740625 0.064090377740625 0
86 0.373409622259375 0.064090377740625 0
87 0.373409622259375 0.123409622259375 0
88 0.314090377740625 0.123409622259375 0
89 0.314090377740625 0.126590377740625 0
90 0.373409622259375 0.126590377740625 0
91 0.373409622259375 0.185909622259375 0
92 0.314090377740625 0.185909622259375 0
93 0.314090377740625 0.189090377740625 0
94 0.373409622259375 0.189090377740625 0
95 0.373409622259375 0.248409622259375 0
96 0.314090377740625 0.248409622259375 0
97 0.376590377740625 0.001590377740625 0
98 0.435909622259375 0.001590377740625 0
99 0.435909622259375 0.060909622259375 0
100 0.376590377740625 0.060909622259375 0
101 0.376590377740625 0.064090377740625 0
102 0.435909622259375 0.064090377740625 0
103 0.435909622259375 0.123409622259375 0
104 0.376590377740625 0.123409622259375 0
105 0.376590377740625 0.126590377740625 0
106 0.435909622259375 0.126590377740625 0
107 0.435909622259375 0.185909622259375 0
108 0.376590377740625 0.185909622259375 0
109 0.376590377740625 0.189090377740625 0
110 0.435909622259375 0.189090377740625 0
111 0.435909622259375 0.248409622259375 0
112 0.376590377740625 0.248409622259375 0
113 0.439090377740625 0.001590377740625 0
114 0.498409622259375 0.001590377740625 0
115 0.498409622259375 0.060909622259375 0
116 0.439090377740625 0.060909622259375 0
117 0.439090377740625 0.064090377740625 0
118 0.498409622259375 0.064090377740625 0
119 0.498409622259375 0.123409622259375 0
120 0.439090377740625 0.123409622259375 0
121 0.439090377740625 0.126590377740625 0
122 0.498409622259375 0.126590377740625 0
123 0.498409622259375 0.185909622259375 0
124 0.439090377740625 0.185909622259375 0
125 0.439090377740625 0.189090377740625 0
126 0.498409622259375 0.189090377740625 0
127 0.498409622259375 0.248409622259375 0
128 0.439090377740625 0.248409622259375 0
129 0.501590377740625 0.001590377740625 0
130 0.560909622259375 0.001590377740625 0
131 0.560909622259375 0.060909622259375 0
132 0.501590377740625 0.060909622259375 0
133 0.501590377740625 0.064090377740625 0
134 0.560909622259375 0.064090377740625 0
135 0.560909622259375 0.123409622259375 0
136 0.501590377740625 0.123409622259375 0
137 0.501590377740625 0.126590377740625 0
138 0.560909622259375 0.126590377740625 0
139 0.560909622259375 0.185909622259375 0
140 0.501590377740625 0.185909622259375 0
141 0.501590377740625 0.189090377740625 0
142 0.560909622259375 0.189090377740625 0
143 0.560909622259375 0.248409622259375 0
144 0.501590377740625 0.248409622259375 0
145 0.564090377740625 0.001590377740625 0
146 0.623409622259375 0.001590377740625 0
147 0.623409622259375 0.060909622259375 0
148 0.564090377740625 0.060909622259375 0
149 0.564090377740625 0.064090377740625 0
150 0.623409622259375 0.064090377740625 0
151 0.623409622259375 0.123409622259375 0
152 0.564090377740625 0.123409622259375 0
153 0.564090377740625 0.126590377740625 0
154 0.623409622259375 0.126590377740625 0
155 0.623409622259375 0.185909622259375 0
156 0.564090377740625 0.185909622259375 0
157 0.564090377740625 0.189090377740625 0
158 0.623409622259375 0.189090377740625 0
159 0.623409622259375 0.248409622259375 0
160 0.564090377740625 0.248409622259375 0
161 0.626590377740625 0.001590377740625 0
162 0.685909622259375 0.001590377740625 0
163 0.685909622259375 0.060909622259375 0
164 0.626590377740625 0.060909622259375 0
165 0.626590377740625 0.064090377740625 0
166 0.685909622259375 0.064090377740625 0
167 0.685909622259375 0.123409622259375 0
168 0.626590377740625 0.123409622259375 0
169 0.626590377740625 0.126590377740625 0
170 0.685909622259375 0.126590377740625 0
171 0.685909622259375 0.185909622259375 0
172 0.626590377740625 0.185909622259375 0
173 0.626590377740625 0.189090377740625 0
174 0.685909622259375 0.189090377740625 0
175 0.685909622259375 0.248409622259375 0
176 0.626590377740625 0.248409622259375 0
177 0.689090377740625 0.001590377740625 0
178 0.748409622259375 0.001590377740625 0
179 0.748409622259375 0.060909622259375 0
180 0.689090377740625 0.060909622259375 0
181 0.689090377740625 0.064090377740625 0
182 0.748409622259375 0.064090377740625 0
183 0.748409622259375 0.123409622259375 0
184 0.689090377740625 0.123409622259375 0
185 0.689090377740625 0.126590377740625 0
186 0.748409622259375 0.126590377740625 0
187 0.748409622259375 0.185909622259375 0
188 0.689090377740625 0.185909622259375 0
189 0.689090377740625 0.189090377740625 0
190 0.748409622259375 0.189090377740625 0
191 0.748409622259375 0.248409622259375 0
192 0.689090377740625 0.248409622259375 0
193 0.751590377740625 0.001590377740625 0
194 0.810909622259375 0.001590377740625 0
195 0.810909622259375 0.060909622259375 0
196 0.751590377740625 0.060909622259375 0
197 0.751590377740625 0.064090377740625 0
198 0.810909622259375 0.064090377740625 0
199 0.810909622259375 0.123409622259375 0
200 0.751590377740625 0.123409622259375 0
201 0.751590377740625 0.126590377740625 0
202 0.810909622259375 0.126590377740625 0
203 0.810909622259375 0.185909622259375 0
204 0.751590377740625 0.185909622259375 0
205 0.751590377740625 0.189090377740625 0
206 0.810909622259375 0.189090377740625 0
207 0.810909622259375 0.248409622259375 0
208 0.751590377740625 0.248409622259375 0
209 0.814090377740625 0.001590377740625 0
210 0.873409622259375 0.001590377740625 0
211 0.873409622259375 0.060909622259375 0
212 0.814090377740625 0.060909622259375 0
213 0.814090377740625 0.064090377740625 0
214 0.873409622259375 0.064090377740625 0
215 0.873409622259375 0.123409622259375 0
216 0.814090377740625 0.123409622259375 0
217 0.814090377740625 0.126590377740625 0
218 0.873409622259375 0.126590377740625 0
219 0.873409622259375 0.185909622259375 0
220 0.814090377740625 0.185909622259375 0
221 0.814090377740625 0.189090377740625 0
222 0.873409622259375 0.189090377740625 0
223 0.873409622259375 0.248409622259375 0
224 0.814090377740625 0.248409622259375 0
225 0.876590377740625 0.001590377740625 0
226 0.935909622259375 0.001590377740625 0
227 0.935909622259375 0.060909622259375 0
228 0.876590377740625 0.060909622259375 0
229 0.876590377740625 0.064090377740625 0
230 0.935909622259375 0.064090377740625 0
231 0.935909622259375 0.123409622259375 0
232 0.876590377740625 0.123409622259375 0
233 0.876590377740625 0.126590377740625 0
234 0.935909622259375 0.126590377740625 0
235 0.935909622259375 0.185909622259375 0
236 0.876590377740625 0.185909622259375 0
237 0.876590377740625 0.189090377740625 0
238 0.935909622259375 0.189090377740625 0
239 0.935909622259375 0.248409622259375 0
240 0.876590377740625 0.248409622259375 0
241 0.939090377740625 0.001590377740625 0
242 0.998409622259375 0.001590377740625 0
243 0.998409622259375 0.060909622259375 0
244 0.939090377740625 0.060909622259375 0
245 0.939090377740625 0.064090377740625 0
246 0.998409622259375 0.064090377740625 0
247 0.998409622259375 0.123409622259375 0
248 0.939090377740625 0.123409622259375 0
249 0.939090377740625 0.126590377740625 0
250 0.998409622259375 0.126590377740625 0
251 0.998409622259375 0.185909622259375 0
252 0.939090377740625 0.185909622259375 0
253 0.939090377740625 0.189090377740625 0
254 0.998409622259375 0.189090377740625 0
255 0.998409622259375 0.248409622259375 0
256 0.939090377740625 0.248409622259375 0
257 1.00159037774062 0.001590377740625 0
258 1.06090962225938 0.001590377740625 0
259 1.06090962225938 0.060909622259375 0
260 1.00159037774062 0.060909622259375 0
261 1.00159037774063 0.064090377740625 0
262 1.06090962225938 0.064090377740625 0
263 1.06090962225938 0.123409622259375 0
264 1.00159037774063 0.123409622259375 0
265 1.00159037774063 0.126590377740625 0
266 1.06090962225938 0.126590377740625 0
267 1.06090962225938 0.185909622259375 0
268 1.00159037774063 0.185909622259375 0
269 1.00159037774062 0.189090377740625 0
270 1.06090962225938 0.189090377740625 0
271 1.06090962225938 0.248409622259375 0
272 1.00159037774062 0.248409622259375 0
273 1.06409037774062 0.001590377740625 0
274 1.12340962225938 0.001590377740625 0
275 1.12340962225938 0.060909622259375 0
276 1.06409037774062 0.060909622259375 0
277 1.06409037774062 0.064090377740625 0
278 1.12340962225938 0.064090377740625 0
279 1.12340962225938 0.123409622259375 0
280 1.06409037774062 0.123409622259375 0
281 1.06409037774062 0.126590377740625 0
282 1.12340962225938 0.126590377740625 0
283 1.12340962225938 0.185909622259375 0
284 1.06409037774062 0.185909622259375 0
285 1.06409037774062 0.189090377740625 0
286 1.12340962225938 0.189090377740625 0
287 1.12340962225938 0.248409622259375 0
288 1.06409037774062 0.248409622259375 0
289 1.12659037774062 0.001590377740625 0
290 1.18590962225938 0.001590377740625 0
291 1.18590962225938 0.060909622259375 0
292 1.12659037774062 0.060909622259375 0
293 1.12659037774062 0.064090377740625 0
294 1.18590962225938 0.064090377740625 0
295 1.18590962225938 0.123409622259375 0
296 1.12659037774062 0.123409622259375 0
297 1.12659037774062 0.126590377740625 0
298 1.18590962225938 0.126590377740625 0
299 1.18590962225938 0.185909622259375 0
300 1.12659037774062 0.185909622259375 0
301 1.12659037774062 0.189090377740625 0
302 1.18590962225938 0.189090377740625 0
303 1.18590962225938 0.248409622259375 0
304 1.12659037774062 0.248409622259375 0
305 1.18909037774062 0.001590377740625 0
306 1.24840962225938 0.001590377740625 0
307 1.24840962225938 0.060909622259375 0
308 1.18909037774062 0.060909622259375 0
309 1.18909037774062 0.064090377740625 0
310 1.24840962225938 0.064090377740625 0
311 1.24840962225938 0.123409622259375 0
312 1.18909037774062 0.123409622259375 0
313 1.18909037774062 0.126590377740625 0
314 1.24840962225938 0.126590377740625 0
315 1.24840962225938 0.185909622259375 0
316 1.18909037774062 0.185909622259375 0
317 1.18909037774062 0.189090377740625 0
318 1.24840962225938 0.189090377740625 0
319 1.24840962225938 0.248409622259375 0
320 1.18909037774062 0.248409622259375 0
321 1.25159037774062 0.001590377740625 0
322 1.31090962225938 0.001590377740625 0
323 1.31090962225938 0.060909622259375 0
324 1.25159037774062 0.060909622259375 0
325 1.25159037774062 0.064090377740625 0
326 1.31090962225938 0.064090377740625 0
327 1.31090962225938 0.123409622259375 0
328 1.25159037774062 0.123409622259375 0
329 1.25159037774062 0.126590377740625 0
330 1.31090962225938 0.126590377740625 0
331 1.31090962225938 0.185909622259375 0
332 1.25159037774062 0.185909622259375 0
333 1.25159037774062 0.189090377740625 0
334 1.31090962225938 0.189090377740625 0
335 1.31090962225938 0.248409622259375 0
336 1.25159037774062 0.248409622259375 0
337 1.31409037774062 0.001590377740625 0
338 1.37340962225938 0.001590377740625 0
339 1.37340962225938 0.060909622259375 0
340 1.31409037774062 0.060909622259375 0
341 1.31409037774062 0.064090377740625 0
342 1.37340962225938 0.064090377740625 0
343 1.37340962225938 0.123409622259375 0
344 1.31409037774062 0.123409622259375 0
345 1.31409037774062 0.126590377740625 0
346 1.37340962225938 0.126590377740625 0
347 1.37340962225938 0.185909622259375 0
348 1.31409037774062 0.185909622259375 0
349 1.31409037774062 0.189090377740625 0
350 1.37340962225938 0.189090377740625 0
351 1.37340962225938 0.248409622259375 0
352 1.31409037774062 0.248409622259375 0
353 1.37659037774062 0.001590377740625 0
354 1.43590962225938 0.001590377740625 0
355 1.43590962225938 0.060909622259375 0
356 1.37659037774062 0.060909622259375 0
357 1.37659037774062 0.064090377740625 0
358 1.43590962225938 0.064090377740625 0
359 1.43590962225938 0.123409622259375 0
360 1.37659037774062 0.123409622259375 0
361 1.37659037774062 0.126590377740625 0
362 1.43590962225938 0.126590377740625 0
363 1.43590962225938 0.185909622259375 0
364 1.37659037774062 0.185909622259375 0
365 1.37659037774062 0.189090377740625 0
366 1.43590962225938 0.189090377740625 0
367 1.43590962225938 0.248409622259375 0
368 1.37659037774062 0.248409622259375 0
369 1.43909037774062 0.001590377740625 0
370 1.49840962225938 0.001590377740625 0
371 1.49840962225938 0.060909622259375 0
372 1.43909037774062 0.060909622259375 0
373 1.43909037774062 0.064090377740625 0
374 1.49840962225938 0.064090377740625 0
375 1.49840962225938 0.123409622259375 0
376 1.43909037774062 0.123409622259375 0
377 1.43909037774062 0.126590377740625 0
378 1.49840962225938 0.126590377740625 0
379 1.49840962225938 0.185909622259375 0
380 1.43909037774062 0.185909622259375 0
381 1.43909037774062 0.189090377740625 0
382 1.49840962225938 0.189090377740625 0
383 1.49840962225938 0.248409622259375 0
384 1.43909037774062 0.248409622259375 0
385 1.50159037774062 0.001590377740625 0
386 1.56090962225938 0.001590377740625 0
387 1.56090962225938 0.060909622259375 0
388 1.50159037774062 0.060909622259375 0
389 1.50159037774062 0.064090377740625 0
390 1.56090962225938 0.064090377740625 0
391 1.56090962225938 0.123409622259375 0
392 1.50159037774062 0.123409622259375 0
393 1.50159037774062 0.126590377740625 0
394 1.56090962225938 0.126590377740625 0
395 1.56090962225938 0.185909622259375 0
396 1.50159037774062 0.185909622259375 0
397 1.50159037774062 0.189090377740625 0
398 1.56090962225938 0.189090377740625 0
399 1.56090962225938 0.248409622259375 0
400 1.50159037774062 0.248409622259375 0
401 1.56409037774062 0.001590377740625 0
402 1.62340962225938 0.001590377740625 0
403 1.62340962225938 0.060909622259375 0
404 1.56409037774062 0.060909622259375 0
405 1.56409037774062 0.064090377740625 0
406 1.62340962225938 0.064090377740625 0
407 1.62340962225938 0.123409622259375 0
408 1.56409037774062 0.123409622259375 0
409 1.56409037774062 0.126590377740625 0
410 1.62340962225938 0.126590377740625 0
411 1.62340962225938 0.185909622259375 0
412 1.56409037774062 0.185909622259375 0
413 1.56409037774062 0.189090377740625 0
414 1.62340962225938 0.189090377740625 0
415 1.62340962225938 0.248409622259375 0
416 1.56409037774062 0.248409622259375 0
417 1.62659037774062 0.001590377740625 0
418 1.68590962225938 0.001590377740625 0
419 1.68590962225938 0.060909622259375 0
420 1.62659037774062 0.060909622259375 0
421 1.62659037774062 0.064090377740625 0
422 1.68590962225938 0.064090377740625 0
423 1.68590962225938 0.123409622259375 0
424 1.62659037774062 0.123409622259375 0
425 1.62659037774062 0.126590377740625 0
426 1.68590962225938 0.126590377740625 0
427 1.68590962225938 0.185909622259375 0
428 1.62659037774062 0.185909622259375 0
429 1.62659037774062 0.189090377740625 0
430 1.68590962225938 0.189090377740625 0
431 1.68590962225938 0.248409622259375 0
432 1.62659037774062 0.248409622259375 0
433 1.68909037774062 0.001590377740625 0
434 1.74840962225938 0.001590377740625 0
435 1.74840962225938 0.060909622259375 0
436 1.68909037774062 0.060909622259375 0
437 1.68909037774062 0.064090377740625 0
438 1.74840962225938 0.064090377740625 0
439 1.74840962225938 0.123409622259375 0
440 1.68909037774062 0.123409622259375 0
441 1.68909037774062 0.126590377740625 0
442 1.74840962225938 0.126590377740625 0
443 1.74840962225938 0.185909622259375 0
444 1.68909037774062 0.185909622259375 0
445 1.68909037774062 0.189090377740625 0
446 1.74840962225938 0.189090377740625 0
447 1.74840962225938 0.248409622259375 0
448 1.68909037774062 0.248409622259375 0
449 1.75159037774062 0.001590377740625 0
450 1.81090962225938 0.001590377740625 0
451 1.81090962225938 0.060909622259375 0
452 1.75159037774062 0.060909622259375 0
453 1.75159037774062 0.064090377740625 0
454 1.81090962225938 0.064090377740625 0
455 1.81090962225938 0.123409622259375 0
456 1.75159037774062 0.123409622259375 0
457 1.75159037774062 0.126590377740625 0
458 1.81090962225938 0.126590377740625 0
459 1.81090962225938 0.185909622259375 0
460 1.75159037774062 0.185909622259375 0
461 1.75159037774062 0.189090377740625 0
462 1.81090962225938 0.189090377740625 0
463 1.81090962225938 0.248409622259375 0
464 1.75159037774062 0.248409622259375 0
465 1.81409037774062 0.001590377740625 0
466 1.87340962225938 0.001590377740625 0
467 1.87340962225938 0.060909622259375 0
468 1.81409037774062 0.060909622259375 0
469 1.81409037774062 0.064090377740625 0
470 1.87340962225938 0.064090377740625 0
471 1.87340962225938 0.123409622259375 0
472 1.81409037774062 0.123409622259375 0
473 1.81409037774062 0.126590377740625 0
474 1.87340962225938 0.126590377740625 0
475 1.87340962225938 0.185909622259375 0
476 1.81409037774062 0.185909622259375 0
477 1.81409037774062 0.189090377740625 0
478 1.87340962225938 0.189090377740625 0
479 1.87340962225938 0.248409622259375 0
480 1.81409037774062 0.248409622259375 0
481 1.87659037774062 0.001590377740625 0
482 1.93590962225938 0.001590377740625 0
483 1.93590962225938 0.060909622259375 0
484 1.87659037774062 0.060909622259375 0
485 1.87659037774062 0.064090377740625 0
486 1.93590962225938 0.064090377740625 0
487 1.93590962225938 0.123409622259375 0
488 1.87659037774062 0.123409622259375 0
489 1.87659037774062 0.126590377740625 0
490 1.93590962225938 0.126590377740625 0
491 1.93590962225938 0.185909622259375 0
492 1.87659037774062 0.185909622259375 0
493 1.87659037774062 0.189090377740625 0
494 1.93590962225938 0.189090377740625 0
495 1.93590962225938 0.248409622259375 0
496 1.87659037774062 0.248409622259375 0
497 1.93909037774062 0.001590377740625 0
498 1.99840962225938 0.001590377740625 0
499 1.99840962225938 0.060909622259375 0
500 1.93909037774062 0.060909622259375 0
501 1.93909037774062 0.064090377740625 0
502 1.99840962225938 0.064090377740625 0
503 1.99840962225938 0.123409622259375 0
504 1.93909037774062 0.123409622259375 0
505 1.93909037774062 0.126590377740625 0
506 1.99840962225938 0.126590377740625 0
507 1.99840962225938 0.185909622259375 0
508 1.93909037774062 0.185909622259375 0
509 1.93909037774062 0.189090377740625 0
510 1.99840962225938 0.189090377740625 0
511 1.99840962225938 0.248409622259375 0
512 1.93909037774062 0.248409622259375 0
513 2.00159037774063 0.001590377740625 0
514 2.06090962225937 0.001590377740625 0
515 2.06090962225937 0.060909622259375 0
516 2.00159037774063 0.060909622259375 0
517 2.00159037774063 0.064090377740625 0
518 2.06090962225937 0.064090377740625 0
519 2.06090962225937 0.123409622259375 0
520 2.00159037774063 0.123409622259375 0
521 2.00159037774063 0.126590377740625 0
522 2.06090962225937 0.126590377740625 0
523 2.06090962225937 0.185909622259375 0
524 2.00159037774063 0.185909622259375 0
525 2.00159037774063 0.189090377740625 0
526 2.06090962225937 0.189090377740625 0
527 2.06090962225937 0.248409622259375 0
528 2.00159037774063 0.248409622259375 0
529 2.06409037774063 0.001590377740625 0
530 2.12340962225937 0.001590377740625 0
531 2.12340962225937 0.060909622259375 0
532 2.06409037774063 0.060909622259375 0
533 2.06409037774063 0.064090377740625 0
534 2.12340962225937 0.064090377740625 0
535 2.12340962225937 0.123409622259375 0
536 2.06409037774063 0.123409622259375 0
537 2.06409037774063 0.126590377740625 0
538 2.12340962225937 0.126590377740625 0
539 2.12340962225937 0.185909622259375 0
540 2.06409037774063 0.185909622259375 0
541 2.06409037774063 0.189090377740625 0
542 2.12340962225937 0.189090377740625 0
543 2.12340962225937 0.248409622259375 0
544 2.06409037774063 0.248409622259375 0
545 2.12659037774063 0.001590377740625 0
546 2.18590962225937 0.001590377740625 0
547 2.18590962225937 0.060909622259375 0
548 2.12659037774063 0.060909622259375 0
549 2.12659037774063 0.064090377740625 0
550 2.18590962225937 0.064090377740625 0
551 2.18590962225937 0.123409622259375 0
552 2.12659037774063 0.123409622259375 0
553 2.12659037774063 0.126590377740625 0
554 2.18590962225937 0.126590377740625 0
555 2.18590962225937 0.185909622259375 0
556 2.12659037774063 0.185909622259375 0
557 2.12659037774063 0.189090377740625 0
558 2.18590962225937 0.189090377740625 0
559 2.18590962225937 0.248409622259375 0
560 2.12659037774063 0.248409622259375 0
561 2.18909037774063 0.001590377740625 0
562 2.24840962225937 0.001590377740625 0
563 2.24840962225937 0.060909622259375 0
564 2.18909037774063 0.060909622259375 0
565 2.18909037774063 0.064090377740625 0
566 2.24840962225937 0.064090377740625 0
567 2.24840962225937 0.123409622259375 0
568 2.18909037774063 0.123409622259375 0
569 2.18909037774063 0.126590377740625 0
570 2.24840962225937 0.126590377740625 0
571 2.24840962225937 0.185909622259375 0
572 2.18909037774063 0.185909622259375 0
573 2.18909037774063 0.189090377740625 0
574 2.24840962225937 0.189090377740625 0
575 2.24840962225937 0.248409622259375 0
576 2.18909037774063 0.248409622259375 0
577 2.25159037774063 0.001590377740625 0
578 2.31090962225937 0.001590377740625 0
579 2.31090962225937 0.060909622259375 0
580 2.25159037774063 0.060909622259375 0
581 2.25159037774063 0.064090377740625 0
582 2.31090962225937 0.064090377740625 0
583 2.31090962225937 0.123409622259375 0
584 2.25159037774063 0.123409622259375 0
585 2.25159037774063 0.126590377740625 0
586 2.31090962225937 0.126590377740625 0
587 2.31090962225937 0.185909622259375 0
588 2.25159037774063 0.185909622259375 0
589 2.25159037774063 0.189090377740625 0
590 2.31090962225937 0.189090377740625 0
591 2.31090962225937 0.248409622259375 0
592 2.25159037774063 0.248409622259375 0
593 2.31409037774063 0.001590377740625 0
594 2.37340962225937 0.001590377740625 0
595 2.37340962225937 0.060909622259375 0
596 2.31409037774063 0.060909622259375 0
597 2.31409037774063 0.064090377740625 0
598 2.37340962225937 0.064090377740625 0
599 2.37340962225937 0.123409622259375 0
600 2.31409037774063 0.123409622259375 0
601 2.31409037774063 0.126590377740625 0
602 2.37340962225937 0.126590377740625 0
603 2.37340962225937 0.185909622259375 0
604 2.31409037774063 0.185909622259375 0
605 2.31409037774063 0.189090377740625 0
606 2.37340962225937 0.189090377740625 0
607 2.37340962225937 0.248409622259375 0
608 2.31409037774063 0.248409622259375 0
609 2.37659037774063 0.001590377740625 0
610 2.43590962225937 0.001590377740625 0
611 2.43590962225937 0.060909622259375 0
612 2.37659037774063 0.060909622259375 0
613 2.37659037774063 0.064090377740625 0
614 2.43590962225937 0.064090377740625 0
615 2.43590962225937 0.123409622259375 0
616 2.37659037774063 0.123409622259375 0
617 2.37659037774063 0.126590377740625 0
618 2.43590962225937 0.126590377740625 0
619 2.43590962225937 0.185909622259375 0
620 2.37659037774063 0.185909622259375 0
621 2.37659037774063 0.189090377740625 0
622 2.43590962225937 0.189090377740625 0
623 2.43590962225937 0.248409622259375 0
624 2.37659037774063 0.248409622259375 0
625 2.43909037774063 0.001590377740625 0
626 2.49840962225937 0.001590377740625 0
627 2.49840962225937 0.060909622259375 0
628 2.43909037774063 0.060909622259375 0
629 2.43909037774063 0.064090377740625 0
630 2.49840962225937 0.064090377740625 0
631 2.49840962225937 0.123409622259375 0
632 2.43909037774063 0.123409622259375 0
633 2.43909037774063 0.126590377740625 0
634 2.49840962225937 0.126590377740625 0
635 2.49840962225937 0.185909622259375 0
636 2.43909037774063 0.185909622259375 0
637 2.43909037774063 0.189090377740625 0
638 2.49840962225937 0.189090377740625 0
639 2.49840962225937 0.248409622259375 0
640 2.43909037774063 0.248409622259375 0
