1 0.001590377740625 0.001590377740625 0
2 0.060909622259375 0.001590377740625 0
3 0.060909622259375 0.060909622259375 0
4 0.001590377740625 0.060909622259375 0
5 0.03125 0.03125 0
6 0.00807715045 0.00807715045 0
7 0.05442284955 0.00807715045 0
8 0.05442284955 0.05442284955 0
9 0.00807715045 0.05442284955 0
10 0.001590377740625 0.064090377740625 0
11 0.060909622259375 0.064090377740625 0
12 0.060909622259375 0.123409622259375 0
13 0.001590377740625 0.123409622259375 0
14 0.03125 0.09375 0
15 0.00807715045 0.07057715045 0
16 0.05442284955 0.07057715045 0
17 0.05442284955 0.11692284955 0
18 0.00807715045 0.11692284955 0
19 0.001590377740625 0.126590377740625 0
20 0.060909622259375 0.126590377740625 0
21 0.060909622259375 0.185909622259375 0
22 0.001590377740625 0.185909622259375 0
23 0.03125 0.15625 0
24 0.00807715045 0.13307715045 0
25 0.05442284955 0.13307715045 0
26 0.05442284955 0.17942284955 0
27 0.00807715045 0.17942284955 0
28 0.001590377740625 0.189090377740625 0
29 0.060909622259375 0.189090377740625 0
30 0.060909622259375 0.248409622259375 0
31 0.001590377740625 0.248409622259375 0
32 0.03125 0.21875 0
33 0.00807715045 0.19557715045 0
34 0.05442284955 0.19557715045 0
35 0.05442284955 0.24192284955 0
36 0.00807715045 0.24192284955 0
37 0.064090377740625 0.001590377740625 0
38 0.123409622259375 0.001590377740625 0
39 0.123409622259375 0.060909622259375 0
40 0.064090377740625 0.060909622259375 0
41 0.09375 0.03125 0
42 0.07057715045 0.00807715045 0
43 0.11692284955 0.00807715045 0
44 0.11692284955 0.05442284955 0
45 0.07057715045 0.05442284955 0
46 0.064090377740625 0.064090377740625 0
47 0.123409622259375 0.064090377740625 0
48 0.123409622259375 0.123409622259375 0
49 0.064090377740625 0.123409622259375 0
50 0.09375 0.09375 0
51 0.07057715045 0.07057715045 0
52 0.11692284955 0.07057715045 0
53 0.11692284955 0.11692284955 0
54 0.07057715045 0.11692284955 0
55 0.064090377740625 0.126590377740625 0
56 0.123409622259375 0.126590377740625 0
57 0.123409622259375 0.185909622259375 0
58 0.064090377740625 0.185909622259375 0
59 0.09375 0.15625 0
60 0.07057715045 0.13307715045 0
61 0.11692284955 0.13307715045 0
62 0.11692284955 0.17942284955 0
63 0.07057715045 0.17942284955 0
64 0.064090377740625 0.189090377740625 0
65 0.123409622259375 0.189090377740625 0
66 0.123409622259375 0.248409622259375 0
67 0.064090377740625 0.248409622259375 0
68 0.09375 0.21875 0
69 0.07057715045 0.19557715045 0
70 0.11692284955 0.19557715045 0
71 0.11692284955 0.24192284955 0
72 0.07057715045 0.24192284955 0
73 0.126590377740625 0.001590377740625 0
74 0.185909622259375 0.001590377740625 0
75 0.185909622259375 0.060909622259375 0
76 0.126590377740625 0.060909622259375 0
77 0.15625 0.03125 0
78 0.13307715045 0.00807715045 0
79 0.17942284955 0.00807715045 0
80 0.17942284955 0.05442284955 0
81 0.13307715045 0.05442284955 0
82 0.126590377740625 0.064090377740625 0
83 0.185909622259375 0.064090377740625 0
84 0.185909622259375 0.123409622259375 0
85 0.126590377740625 0.123409622259375 0
86 0.15625 0.09375 0
87 0.13307715045 0.07057715045 0
88 0.17942284955 0.07057715045 0
89 0.17942284955 0.11692284955 0
90 0.13307715045 0.11692284955 0
91 0.126590377740625 0.126590377740625 0
92 0.185909622259375 0.126590377740625 0
93 0.185909622259375 0.185909622259375 0
94 0.126590377740625 0.185909622259375 0
95 0.15625 0.15625 0
96 0.13307715045 0.13307715045 0
97 0.17942284955 0.13307715045 0
98 0.17942284955 0.17942284955 0
99 0.13307715045 0.17942284955 0
100 0.126590377740625 0.189090377740625 0
101 0.185909622259375 0.189090377740625 0
102 0.185909622259375 0.248409622259375 0
103 0.126590377740625 0.248409622259375 0
104 0.15625 0.21875 0
105 0.13307715045 0.19557715045 0
106 0.17942284955 0.19557715045 0
107 0.17942284955 0.24192284955 0
108 0.13307715045 0.24192284955 0
109 0.189090377740625 0.001590377740625 0
110 0.248409622259375 0.001590377740625 0
111 0.248409622259375 0.060909622259375 0
112 0.189090377740625 0.060909622259375 0
113 0.21875 0.03125 0
114 0.19557715045 0.00807715045 0
115 0.24192284955 0.00807715045 0
116 0.24192284955 0.05442284955 0
117 0.19557715045 0.05442284955 0
118 0.189090377740625 0.064090377740625 0
119 0.248409622259375 0.064090377740625 0
120 0.248409622259375 0.123409622259375 0
121 0.189090377740625 0.123409622259375 0
122 0.21875 0.09375 0
123 0.19557715045 0.07057715045 0
124 0.24192284955 0.07057715045 0
125 0.24192284955 0.11692284955 0
126 0.19557715045 0.11692284955 0
127 0.189090377740625 0.126590377740625 0
128 0.248409622259375 0.126590377740625 0
129 0.248409622259375 0.185909622259375 0
130 0.189090377740625 0.185909622259375 0
131 0.21875 0.15625 0
132 0.19557715045 0.13307715045 0
133 0.24192284955 0.13307715045 0
134 0.24192284955 0.17942284955 0
135 0.19557715045 0.17942284955 0
136 0.189090377740625 0.189090377740625 0
137 0.248409622259375 0.189090377740625 0
138 0.248409622259375 0.248409622259375 0
139 0.189090377740625 0.248409622259375 0
140 0.21875 0.21875 0
141 0.19557715045 0.19557715045 0
142 0.24192284955 0.19557715045 0
143 0.24192284955 0.24192284955 0
144 0.19557715045 0.24192284955 0
145 0.251590377740625 0.001590377740625 0
146 0.310909622259375 0.001590377740625 0
147 0.310909622259375 0.060909622259375 0
148 0.251590377740625 0.060909622259375 0
149 0.28125 0.03125 0
150 0.25807715045 0.00807715045 0
151 0.30442284955 0.00807715045 0
152 0.30442284955 0.05442284955 0
153 0.25807715045 0.05442284955 0
154 0.251590377740625 0.064090377740625 0
155 0.310909622259375 0.064090377740625 0
156 0.310909622259375 0.123409622259375 0
157 0.251590377740625 0.123409622259375 0
158 0.28125 0.09375 0
159 0.25807715045 0.07057715045 0
160 0.30442284955 0.07057715045 0
161 0.30442284955 0.11692284955 0
162 0.25807715045 0.11692284955 0
163 0.251590377740625 0.126590377740625 0
164 0.310909622259375 0.126590377740625 0
165 0.310909622259375 0.185909622259375 0
166 0.251590377740625 0.185909622259375 0
167 0.28125 0.15625 0
168 0.25807715045 0.13307715045 0
169 0.30442284955 0.13307715045 0
170 0.30442284955 0.17942284955 0
171 0.25807715045 0.17942284955 0
172 0.251590377740625 0.189090377740625 0
173 0.310909622259375 0.189090377740625 0
174 0.310909622259375 0.248409622259375 0
175 0.251590377740625 0.248409622259375 0
176 0.28125 0.21875 0
177 0.25807715045 0.19557715045 0
178 0.30442284955 0.19557715045 0
179 0.30442284955 0.24192284955 0
180 0.25807715045 0.24192284955 0
181 0.314090377740625 0.001590377740625 0
182 0.373409622259375 0.001590377740625 0
183 0.373409622259375 0.060909622259375 0
184 0.314090377740625 0.060909622259375 0
185 0.34375 0.03125 0
186 0.32057715045 0.00807715045 0
187 0.36692284955 0.00807715045 0
188 0.36692284955 0.05442284955 0
189 0.32057715045 0.05442284955 0
190 0.314090377740625 0.064090377740625 0
191 0.373409622259375 0.064090377740625 0
192 0.373409622259375 0.123409622259375 0
193 0.314090377740625 0.123409622259375 0
194 0.34375 0.09375 0
195 0.32057715045 0.07057715045 0
196 0.36692284955 0.07057715045 0
197 0.36692284955 0.11692284955 0
198 0.32057715045 0.11692284955 0
199 0.314090377740625 0.126590377740625 0
200 0.373409622259375 0.126590377740625 0
201 0.373409622259375 0.185909622259375 0
202 0.314090377740625 0.185909622259375 0
203 0.34375 0.15625 0
204 0.32057715045 0.13307715045 0
205 0.36692284955 0.13307715045 0
206 0.36692284955 0.17942284955 0
207 0.32057715045 0.17942284955 0
208 0.314090377740625 0.189090377740625 0
209 0.373409622259375 0.189090377740625 0
210 0.373409622259375 0.248409622259375 0
211 0.314090377740625 0.248409622259375 0
212 0.34375 0.21875 0
213 0.32057715045 0.19557715045 0
214 0.36692284955 0.19557715045 0
215 0.36692284955 0.24192284955 0
216 0.32057715045 0.24192284955 0
217 0.376590377740625 0.001590377740625 0
218 0.435909622259375 0.001590377740625 0
219 0.435909622259375 0.060909622259375 0
220 0.376590377740625 0.060909622259375 0
221 0.40625 0.03125 0
222 0.38307715045 0.00807715045 0
223 0.42942284955 0.00807715045 0
224 0.42942284955 0.05442284955 0
225 0.38307715045 0.05442284955 0
226 0.376590377740625 0.064090377740625 0
227 0.435909622259375 0.064090377740625 0
228 0.435909622259375 0.123409622259375 0
229 0.376590377740625 0.123409622259375 0
230 0.40625 0.09375 0
231 0.38307715045 0.07057715045 0
232 0.42942284955 0.07057715045 0
233 0.42942284955 0.11692284955 0
234 0.38307715045 0.11692284955 0
235 0.376590377740625 0.126590377740625 0
236 0.435909622259375 0.126590377740625 0
237 0.435909622259375 0.185909622259375 0
238 0.376590377740625 0.185909622259375 0
239 0.40625 0.15625 0
240 0.38307715045 0.13307715045 0
241 0.42942284955 0.13307715045 0
242 0.42942284955 0.17942284955 0
243 0.38307715045 0.17942284955 0
244 0.376590377740625 0.189090377740625 0
245 0.435909622259375 0.189090377740625 0
246 0.435909622259375 0.248409622259375 0
247 0.376590377740625 0.248409622259375 0
248 0.40625 0.21875 0
249 0.38307715045 0.19557715045 0
250 0.42942284955 0.19557715045 0
251 0.42942284955 0.24192284955 0
252 0.38307715045 0.24192284955 0
253 0.439090377740625 0.001590377740625 0
254 0.498409622259375 0.001590377740625 0
255 0.498409622259375 0.060909622259375 0
256 0.439090377740625 0.060909622259375 0
257 0.46875 0.03125 0
258 0.44557715045 0.00807715045 0
259 0.49192284955 0.00807715045 0
260 0.49192284955 0.05442284955 0
261 0.44557715045 0.05442284955 0
262 0.439090377740625 0.064090377740625 0
263 0.498409622259375 0.064090377740625 0
264 0.498409622259375 0.123409622259375 0
265 0.439090377740625 0.123409622259375 0
266 0.46875 0.09375 0
267 0.44557715045 0.07057715045 0
268 0.49192284955 0.07057715045 0
269 0.49192284955 0.11692284955 0
270 0.44557715045 0.11692284955 0
271 0.439090377740625 0.126590377740625 0
272 0.498409622259375 0.126590377740625 0
273 0.498409622259375 0.185909622259375 0
274 0.439090377740625 0.185909622259375 0
275 0.46875 0.15625 0
276 0.44557715045 0.13307715045 0
277 0.49192284955 0.13307715045 0
278 0.49192284955 0.17942284955 0
279 0.44557715045 0.17942284955 0
280 0.439090377740625 0.189090377740625 0
281 0.498409622259375 0.189090377740625 0
282 0.498409622259375 0.248409622259375 0
283 0.439090377740625 0.248409622259375 0
284 0.46875 0.21875 0
285 0.44557715045 0.19557715045 0
286 0.49192284955 0.19557715045 0
287 0.49192284955 0.24192284955 0
288 0.44557715045 0.24192284955 0
289 0.501590377740625 0.001590377740625 0
290 0.560909622259375 0.001590377740625 0
291 0.560909622259375 0.060909622259375 0
292 0.501590377740625 0.060909622259375 0
293 0.53125 0.03125 0
294 0.50807715045 0.00807715045 0
295 0.55442284955 0.00807715045 0
296 0.55442284955 0.05442284955 0
297 0.50807715045 0.05442284955 0
298 0.501590377740625 0.064090377740625 0
299 0.560909622259375 0.064090377740625 0
300 0.560909622259375 0.123409622259375 0
301 0.501590377740625 0.123409622259375 0
302 0.53125 0.09375 0
303 0.50807715045 0.07057715045 0
304 0.55442284955 0.07057715045 0
305 0.55442284955 0.11692284955 0
306 0.50807715045 0.11692284955 0
307 0.501590377740625 0.126590377740625 0
308 0.560909622259375 0.126590377740625 0
309 0.560909622259375 0.185909622259375 0
310 0.501590377740625 0.185909622259375 0
311 0.53125 0.15625 0
312 0.50807715045 0.13307715045 0
313 0.55442284955 0.13307715045 0
314 0.55442284955 0.17942284955 0
315 0.50807715045 0.17942284955 0
316 0.501590377740625 0.189090377740625 0
317 0.560909622259375 0.189090377740625 0
318 0.560909622259375 0.248409622259375 0
319 0.501590377740625 0.248409622259375 0
320 0.53125 0.21875 0
321 0.50807715045 0.19557715045 0
322 0.55442284955 0.19557715045 0
323 0.55442284955 0.24192284955 0
324 0.50807715045 0.24192284955 0
325 0.564090377740625 0.001590377740625 0
326 0.623409622259375 0.001590377740625 0
327 0.623409622259375 0.060909622259375 0
328 0.564090377740625 0.060909622259375 0
329 0.59375 0.03125 0
330 0.57057715045 0.00807715045 0
331 0.61692284955 0.00807715045 0
332 0.61692284955 0.05442284955 0
333 0.57057715045 0.05442284955 0
334 0.564090377740625 0.064090377740625 0
335 0.623409622259375 0.064090377740625 0
336 0.623409622259375 0.123409622259375 0
337 0.564090377740625 0.123409622259375 0
338 0.59375 0.09375 0
339 0.57057715045 0.07057715045 0
340 0.61692284955 0.07057715045 0
341 0.61692284955 0.11692284955 0
342 0.57057715045 0.11692284955 0
343 0.564090377740625 0.126590377740625 0
344 0.623409622259375 0.126590377740625 0
345 0.623409622259375 0.185909622259375 0
346 0.564090377740625 0.185909622259375 0
347 0.59375 0.15625 0
348 0.57057715045 0.13307715045 0
349 0.61692284955 0.13307715045 0
350 0.61692284955 0.17942284955 0
351 0.57057715045 0.17942284955 0
352 0.564090377740625 0.189090377740625 0
353 0.623409622259375 0.189090377740625 0
354 0.623409622259375 0.248409622259375 0
355 0.564090377740625 0.248409622259375 0
356 0.59375 0.21875 0
357 0.57057715045 0.19557715045 0
358 0.61692284955 0.19557715045 0
359 0.61692284955 0.24192284955 0
360 0.57057715045 0.24192284955 0
361 0.626590377740625 0.001590377740625 0
362 0.685909622259375 0.001590377740625 0
363 0.685909622259375 0.060909622259375 0
364 0.626590377740625 0.060909622259375 0
365 0.65625 0.03125 0
366 0.63307715045 0.00807715045 0
367 0.67942284955 0.00807715045 0
368 0.67942284955 0.05442284955 0
369 0.63307715045 0.05442284955 0
370 0.626590377740625 0.064090377740625 0
371 0.685909622259375 0.064090377740625 0
372 0.685909622259375 0.123409622259375 0
373 0.626590377740625 0.123409622259375 0
374 0.65625 0.09375 0
375 0.63307715045 0.07057715045 0
376 0.67942284955 0.07057715045 0
377 0.67942284955 0.11692284955 0
378 0.63307715045 0.11692284955 0
379 0.626590377740625 0.126590377740625 0
380 0.685909622259375 0.126590377740625 0
381 0.685909622259375 0.185909622259375 0
382 0.626590377740625 0.185909622259375 0
383 0.65625 0.15625 0
384 0.63307715045 0.13307715045 0
385 0.67942284955 0.13307715045 0
386 0.67942284955 0.17942284955 0
387 0.63307715045 0.17942284955 0
388 0.626590377740625 0.189090377740625 0
389 0.685909622259375 0.189090377740625 0
390 0.685909622259375 0.248409622259375 0
391 0.626590377740625 0.248409622259375 0
392 0.65625 0.21875 0
393 0.63307715045 0.19557715045 0
394 0.67942284955 0.19557715045 0
395 0.67942284955 0.24192284955 0
396 0.63307715045 0.24192284955 0
397 0.689090377740625 0.001590377740625 0
398 0.748409622259375 0.001590377740625 0
399 0.748409622259375 0.060909622259375 0
400 0.689090377740625 0.060909622259375 0
401 0.71875 0.03125 0
402 0.69557715045 0.00807715045 0
403 0.74192284955 0.00807715045 0
404 0.74192284955 0.05442284955 0
405 0.69557715045 0.05442284955 0
406 0.689090377740625 0.064090377740625 0
407 0.748409622259375 0.064090377740625 0
408 0.748409622259375 0.123409622259375 0
409 0.689090377740625 0.123409622259375 0
410 0.71875 0.09375 0
411 0.69557715045 0.07057715045 0
412 0.74192284955 0.07057715045 0
413 0.74192284955 0.11692284955 0
414 0.69557715045 0.11692284955 0
415 0.689090377740625 0.126590377740625 0
416 0.748409622259375 0.126590377740625 0
417 0.748409622259375 0.185909622259375 0
418 0.689090377740625 0.185909622259375 0
419 0.71875 0.15625 0
420 0.69557715045 0.13307715045 0
421 0.74192284955 0.13307715045 0
422 0.74192284955 0.17942284955 0
423 0.69557715045 0.17942284955 0
424 0.689090377740625 0.189090377740625 0
425 0.748409622259375 0.189090377740625 0
426 0.748409622259375 0.248409622259375 0
427 0.689090377740625 0.248409622259375 0
428 0.71875 0.21875 0
429 0.69557715045 0.19557715045 0
430 0.74192284955 0.19557715045 0
431 0.74192284955 0.24192284955 0
432 0.69557715045 0.24192284955 0
433 0.751590377740625 0.001590377740625 0
434 0.810909622259375 0.001590377740625 0
435 0.810909622259375 0.060909622259375 0
436 0.751590377740625 0.060909622259375 0
437 0.78125 0.03125 0
438 0.75807715045 0.00807715045 0
439 0.80442284955 0.00807715045 0
440 0.80442284955 0.05442284955 0
441 0.75807715045 0.05442284955 0
442 0.751590377740625 0.064090377740625 0
443 0.810909622259375 0.064090377740625 0
444 0.810909622259375 0.123409622259375 0
445 0.751590377740625 0.123409622259375 0
446 0.78125 0.09375 0
447 0.75807715045 0.07057715045 0
448 0.80442284955 0.07057715045 0
449 0.80442284955 0.11692284955 0
450 0.75807715045 0.11692284955 0
451 0.751590377740625 0.126590377740625 0
452 0.810909622259375 0.126590377740625 0
453 0.810909622259375 0.185909622259375 0
454 0.751590377740625 0.185909622259375 0
455 0.78125 0.15625 0
456 0.75807715045 0.13307715045 0
457 0.80442284955 0.13307715045 0
458 0.80442284955 0.17942284955 0
459 0.75807715045 0.17942284955 0
460 0.751590377740625 0.189090377740625 0
461 0.810909622259375 0.189090377740625 0
462 0.810909622259375 0.248409622259375 0
463 0.751590377740625 0.248409622259375 0
464 0.78125 0.21875 0
465 0.75807715045 0.19557715045 0
466 0.80442284955 0.19557715045 0
467 0.80442284955 0.24192284955 0
468 0.75807715045 0.24192284955 0
469 0.814090377740625 0.001590377740625 0
470 0.873409622259375 0.001590377740625 0
471 0.873409622259375 0.060909622259375 0
472 0.814090377740625 0.060909622259375 0
473 0.84375 0.03125 0
474 0.82057715045 0.00807715045 0
475 0.86692284955 0.00807715045 0
476 0.86692284955 0.05442284955 0
477 0.82057715045 0.05442284955 0
478 0.814090377740625 0.064090377740625 0
479 0.873409622259375 0.064090377740625 0
480 0.873409622259375 0.123409622259375 0
481 0.814090377740625 0.123409622259375 0
482 0.84375 0.09375 0
483 0.82057715045 0.07057715045 0
484 0.86692284955 0.07057715045 0
485 0.86692284955 0.11692284955 0
486 0.82057715045 0.11692284955 0
487 0.814090377740625 0.126590377740625 0
488 0.873409622259375 0.126590377740625 0
489 0.873409622259375 0.185909622259375 0
490 0.814090377740625 0.185909622259375 0
491 0.84375 0.15625 0
492 0.82057715045 0.13307715045 0
493 0.86692284955 0.13307715045 0
494 0.86692284955 0.17942284955 0
495 0.82057715045 0.17942284955 0
496 0.814090377740625 0.189090377740625 0
497 0.873409622259375 0.189090377740625 0
498 0.873409622259375 0.248409622259375 0
499 0.814090377740625 0.248409622259375 0
500 0.84375 0.21875 0
501 0.82057715045 0.19557715045 0
502 0.86692284955 0.19557715045 0
503 0.86692284955 0.24192284955 0
504 0.82057715045 0.24192284955 0
505 0.876590377740625 0.001590377740625 0
506 0.935909622259375 0.001590377740625 0
507 0.935909622259375 0.060909622259375 0
508 0.876590377740625 0.060909622259375 0
509 0.90625 0.03125 0
510 0.88307715045 0.00807715045 0
511 0.92942284955 0.00807715045 0
512 0.92942284955 0.05442284955 0
513 0.88307715045 0.05442284955 0
514 0.876590377740625 0.064090377740625 0
515 0.935909622259375 0.064090377740625 0
516 0.935909622259375 0.123409622259375 0
517 0.876590377740625 0.123409622259375 0
518 0.90625 0.09375 0
519 0.88307715045 0.07057715045 0
520 0.92942284955 0.07057715045 0
521 0.92942284955 0.11692284955 0
522 0.88307715045 0.11692284955 0
523 0.876590377740625 0.126590377740625 0
524 0.935909622259375 0.126590377740625 0
525 0.935909622259375 0.185909622259375 0
526 0.876590377740625 0.185909622259375 0
527 0.90625 0.15625 0
528 0.88307715045 0.13307715045 0
529 0.92942284955 0.13307715045 0
530 0.92942284955 0.17942284955 0
531 0.88307715045 0.17942284955 0
532 0.876590377740625 0.189090377740625 0
533 0.935909622259375 0.189090377740625 0
534 0.935909622259375 0.248409622259375 0
535 0.876590377740625 0.248409622259375 0
536 0.90625 0.21875 0
537 0.88307715045 0.19557715045 0
538 0.92942284955 0.19557715045 0
539 0.92942284955 0.24192284955 0
540 0.88307715045 0.24192284955 0
541 0.939090377740625 0.001590377740625 0
542 0.998409622259375 0.001590377740625 0
543 0.998409622259375 0.060909622259375 0
544 0.939090377740625 0.060909622259375 0
545 0.96875 0.03125 0
546 0.94557715045 0.00807715045 0
547 0.99192284955 0.00807715045 0
548 0.99192284955 0.05442284955 0
549 0.94557715045 0.05442284955 0
550 0.939090377740625 0.064090377740625 0
551 0.998409622259375 0.064090377740625 0
552 0.998409622259375 0.123409622259375 0
553 0.939090377740625 0.123409622259375 0
554 0.96875 0.09375 0
555 0.94557715045 0.07057715045 0
556 0.99192284955 0.07057715045 0
557 0.99192284955 0.11692284955 0
558 0.94557715045 0.11692284955 0
559 0.939090377740625 0.126590377740625 0
560 0.998409622259375 0.126590377740625 0
561 0.998409622259375 0.185909622259375 0
562 0.939090377740625 0.185909622259375 0
563 0.96875 0.15625 0
564 0.94557715045 0.13307715045 0
565 0.99192284955 0.13307715045 0
566 0.99192284955 0.17942284955 0
567 0.94557715045 0.17942284955 0
568 0.939090377740625 0.189090377740625 0
569 0.998409622259375 0.189090377740625 0
570 0.998409622259375 0.248409622259375 0
571 0.939090377740625 0.248409622259375 0
572 0.96875 0.21875 0
573 0.94557715045 0.19557715045 0
574 0.99192284955 0.19557715045 0
575 0.99192284955 0.24192284955 0
576 0.94557715045 0.24192284955 0
577 1.00159037774062 0.001590377740625 0
578 1.06090962225938 0.001590377740625 0
579 1.06090962225938 0.060909622259375 0
580 1.00159037774062 0.060909622259375 0
581 1.03125 0.03125 0
582 1.00807715045 0.00807715045 0
583 1.05442284955 0.00807715045 0
584 1.05442284955 0.05442284955 0
585 1.00807715045 0.05442284955 0
586 1.00159037774063 0.064090377740625 0
587 1.06090962225938 0.064090377740625 0
588 1.06090962225938 0.123409622259375 0
589 1.00159037774063 0.123409622259375 0
590 1.03125 0.09375 0
591 1.00807715045 0.07057715045 0
592 1.05442284955 0.07057715045 0
593 1.05442284955 0.11692284955 0
594 1.00807715045 0.11692284955 0
595 1.00159037774063 0.126590377740625 0
596 1.06090962225938 0.126590377740625 0
597 1.06090962225938 0.185909622259375 0
598 1.00159037774063 0.185909622259375 0
599 1.03125 0.15625 0
600 1.00807715045 0.13307715045 0
601 1.05442284955 0.13307715045 0
602 1.05442284955 0.17942284955 0
603 1.00807715045 0.17942284955 0
604 1.00159037774062 0.189090377740625 0
605 1.06090962225938 0.189090377740625 0
606 1.06090962225938 0.248409622259375 0
607 1.00159037774062 0.248409622259375 0
608 1.03125 0.21875 0
609 1.00807715045 0.19557715045 0
610 1.05442284955 0.19557715045 0
611 1.05442284955 0.24192284955 0
612 1.00807715045 0.24192284955 0
613 1.06409037774062 0.001590377740625 0
614 1.12340962225938 0.001590377740625 0
615 1.12340962225938 0.060909622259375 0
616 1.06409037774062 0.060909622259375 0
617 1.09375 0.03125 0
618 1.07057715045 0.00807715045 0
619 1.11692284955 0.00807715045 0
620 1.11692284955 0.05442284955 0
621 1.07057715045 0.05442284955 0
622 1.06409037774062 0.064090377740625 0
623 1.12340962225938 0.064090377740625 0
624 1.12340962225938 0.123409622259375 0
625 1.06409037774062 0.123409622259375 0
626 1.09375 0.09375 0
627 1.07057715045 0.07057715045 0
628 1.11692284955 0.07057715045 0
629 1.11692284955 0.11692284955 0
630 1.07057715045 0.11692284955 0
631 1.06409037774062 0.126590377740625 0
632 1.12340962225938 0.126590377740625 0
633 1.12340962225938 0.185909622259375 0
634 1.06409037774062 0.185909622259375 0
635 1.09375 0.15625 0
636 1.07057715045 0.13307715045 0
637 1.11692284955 0.13307715045 0
638 1.11692284955 0.17942284955 0
639 1.07057715045 0.17942284955 0
640 1.06409037774062 0.189090377740625 0
641 1.12340962225938 0.189090377740625 0
642 1.12340962225938 0.248409622259375 0
643 1.06409037774062 0.248409622259375 0
644 1.09375 0.21875 0
645 1.07057715045 0.19557715045 0
646 1.11692284955 0.19557715045 0
647 1.11692284955 0.24192284955 0
648 1.07057715045 0.24192284955 0
649 1.12659037774062 0.001590377740625 0
650 1.18590962225938 0.001590377740625 0
651 1.18590962225938 0.060909622259375 0
652 1.12659037774062 0.060909622259375 0
653 1.15625 0.03125 0
654 1.13307715045 0.00807715045 0
655 1.17942284955 0.00807715045 0
656 1.17942284955 0.05442284955 0
657 1.13307715045 0.05442284955 0
658 1.12659037774062 0.064090377740625 0
659 1.18590962225938 0.064090377740625 0
660 1.18590962225938 0.123409622259375 0
661 1.12659037774062 0.123409622259375 0
662 1.15625 0.09375 0
663 1.13307715045 0.07057715045 0
664 1.17942284955 0.07057715045 0
665 1.17942284955 0.11692284955 0
666 1.13307715045 0.11692284955 0
667 1.12659037774062 0.126590377740625 0
668 1.18590962225938 0.126590377740625 0
669 1.18590962225938 0.185909622259375 0
670 1.12659037774062 0.185909622259375 0
671 1.15625 0.15625 0
672 1.13307715045 0.13307715045 0
673 1.17942284955 0.13307715045 0
674 1.17942284955 0.17942284955 0
675 1.13307715045 0.17942284955 0
676 1.12659037774062 0.189090377740625 0
677 1.18590962225938 0.189090377740625 0
678 1.18590962225938 0.248409622259375 0
679 1.12659037774062 0.248409622259375 0
680 1.15625 0.21875 0
681 1.13307715045 0.19557715045 0
682 1.17942284955 0.19557715045 0
683 1.17942284955 0.24192284955 0
684 1.13307715045 0.24192284955 0
685 1.18909037774062 0.001590377740625 0
686 1.24840962225938 0.001590377740625 0
687 1.24840962225938 0.060909622259375 0
688 1.18909037774062 0.060909622259375 0
689 1.21875 0.03125 0
690 1.19557715045 0.00807715045 0
691 1.24192284955 0.00807715045 0
692 1.24192284955 0.05442284955 0
693 1.19557715045 0.05442284955 0
694 1.18909037774062 0.064090377740625 0
695 1.24840962225938 0.064090377740625 0
696 1.24840962225938 0.123409622259375 0
697 1.18909037774062 0.123409622259375 0
698 1.21875 0.09375 0
699 1.19557715045 0.07057715045 0
700 1.24192284955 0.07057715045 0
701 1.24192284955 0.11692284955 0
702 1.19557715045 0.11692284955 0
703 1.18909037774062 0.126590377740625 0
704 1.24840962225938 0.126590377740625 0
705 1.24840962225938 0.185909622259375 0
706 1.18909037774062 0.185909622259375 0
707 1.21875 0.15625 0
708 1.19557715045 0.13307715045 0
709 1.24192284955 0.13307715045 0
710 1.24192284955 0.17942284955 0
711 1.19557715045 0.17942284955 0
712 1.18909037774062 0.189090377740625 0
713 1.24840962225938 0.189090377740625 0
714 1.24840962225938 0.248409622259375 0
715 1.18909037774062 0.248409622259375 0
716 1.21875 0.21875 0
717 1.19557715045 0.19557715045 0
718 1.24192284955 0.19557715045 0
719 1.24192284955 0.24192284955 0
720 1.19557715045 0.24192284955 0
721 1.25159037774062 0.001590377740625 0
722 1.31090962225938 0.001590377740625 0
723 1.31090962225938 0.060909622259375 0
724 1.25159037774062 0.060909622259375 0
725 1.28125 0.03125 0
726 1.25807715045 0.00807715045 0
727 1.30442284955 0.00807715045 0
728 1.30442284955 0.05442284955 0
729 1.25807715045 0.05442284955 0
730 1.25159037774062 0.064090377740625 0
731 1.31090962225938 0.064090377740625 0
732 1.31090962225938 0.123409622259375 0
733 1.25159037774062 0.123409622259375 0
734 1.28125 0.09375 0
735 1.25807715045 0.07057715045 0
736 1.30442284955 0.07057715045 0
737 1.30442284955 0.11692284955 0
738 1.25807715045 0.11692284955 0
739 1.25159037774062 0.126590377740625 0
740 1.31090962225938 0.126590377740625 0
741 1.31090962225938 0.185909622259375 0
742 1.25159037774062 0.185909622259375 0
743 1.28125 0.15625 0
744 1.25807715045 0.13307715045 0
745 1.30442284955 0.13307715045 0
746 1.30442284955 0.17942284955 0
747 1.25807715045 0.17942284955 0
748 1.25159037774062 0.189090377740625 0
749 1.31090962225938 0.189090377740625 0
750 1.31090962225938 0.248409622259375 0
751 1.25159037774062 0.248409622259375 0
752 1.28125 0.21875 0
753 1.25807715045 0.19557715045 0
754 1.30442284955 0.19557715045 0
755 1.30442284955 0.24192284955 0
756 1.25807715045 0.24192284955 0
757 1.31409037774062 0.001590377740625 0
758 1.37340962225938 0.001590377740625 0
759 1.37340962225938 0.060909622259375 0
760 1.31409037774062 0.060909622259375 0
761 1.34375 0.03125 0
762 1.32057715045 0.00807715045 0
763 1.36692284955 0.00807715045 0
764 1.36692284955 0.05442284955 0
765 1.32057715045 0.05442284955 0
766 1.31409037774062 0.064090377740625 0
767 1.37340962225938 0.064090377740625 0
768 1.37340962225938 0.123409622259375 0
769 1.31409037774062 0.123409622259375 0
770 1.34375 0.09375 0
771 1.32057715045 0.07057715045 0
772 1.36692284955 0.07057715045 0
773 1.36692284955 0.11692284955 0
774 1.32057715045 0.11692284955 0
775 1.31409037774062 0.126590377740625 0
776 1.37340962225938 0.126590377740625 0
777 1.37340962225938 0.185909622259375 0
778 1.31409037774062 0.185909622259375 0
779 1.34375 0.15625 0
780 1.32057715045 0.13307715045 0
781 1.36692284955 0.13307715045 0
782 1.36692284955 0.17942284955 0
783 1.32057715045 0.17942284955 0
784 1.31409037774062 0.189090377740625 0
785 1.37340962225938 0.189090377740625 0
786 1.37340962225938 0.248409622259375 0
787 1.31409037774062 0.248409622259375 0
788 1.34375 0.21875 0
789 1.32057715045 0.19557715045 0
790 1.36692284955 0.19557715045 0
791 1.36692284955 0.24192284955 0
792 1.32057715045 0.24192284955 0
793 1.37659037774062 0.001590377740625 0
794 1.43590962225938 0.001590377740625 0
795 1.43590962225938 0.060909622259375 0
796 1.37659037774062 0.060909622259375 0
797 1.40625 0.03125 0
798 1.38307715045 0.00807715045 0
799 1.42942284955 0.00807715045 0
800 1.42942284955 0.05442284955 0
801 1.38307715045 0.05442284955 0
802 1.37659037774062 0.064090377740625 0
803 1.43590962225938 0.064090377740625 0
804 1.43590962225938 0.123409622259375 0
805 1.37659037774062 0.123409622259375 0
806 1.40625 0.09375 0
807 1.38307715045 0.07057715045 0
808 1.42942284955 0.07057715045 0
809 1.42942284955 0.11692284955 0
810 1.38307715045 0.11692284955 0
811 1.37659037774062 0.126590377740625 0
812 1.43590962225938 0.126590377740625 0
813 1.43590962225938 0.185909622259375 0
814 1.37659037774062 0.185909622259375 0
815 1.40625 0.15625 0
816 1.38307715045 0.13307715045 0
817 1.42942284955 0.13307715045 0
818 1.42942284955 0.17942284955 0
819 1.38307715045 0.17942284955 0
820 1.37659037774062 0.189090377740625 0
821 1.43590962225938 0.189090377740625 0
822 1.43590962225938 0.248409622259375 0
823 1.37659037774062 0.248409622259375 0
824 1.40625 0.21875 0
825 1.38307715045 0.19557715045 0
826 1.42942284955 0.19557715045 0
827 1.42942284955 0.24192284955 0
828 1.38307715045 0.24192284955 0
829 1.43909037774062 0.001590377740625 0
830 1.49840962225938 0.001590377740625 0
831 1.49840962225938 0.060909622259375 0
832 1.43909037774062 0.060909622259375 0
833 1.46875 0.03125 0
834 1.44557715045 0.00807715045 0
835 1.49192284955 0.00807715045 0
836 1.49192284955 0.05442284955 0
837 1.44557715045 0.05442284955 0
838 1.43909037774062 0.064090377740625 0
839 1.49840962225938 0.064090377740625 0
840 1.49840962225938 0.123409622259375 0
841 1.43909037774062 0.123409622259375 0
842 1.46875 0.09375 0
843 1.44557715045 0.07057715045 0
844 1.49192284955 0.07057715045 0
845 1.49192284955 0.11692284955 0
846 1.44557715045 0.11692284955 0
847 1.43909037774062 0.126590377740625 0
848 1.49840962225938 0.126590377740625 0
849 1.49840962225938 0.185909622259375 0
850 1.43909037774062 0.185909622259375 0
851 1.46875 0.15625 0
852 1.44557715045 0.13307715045 0
853 1.49192284955 0.13307715045 0
854 1.49192284955 0.17942284955 0
855 1.44557715045 0.17942284955 0
856 1.43909037774062 0.189090377740625 0
857 1.49840962225938 0.189090377740625 0
858 1.49840962225938 0.248409622259375 0
859 1.43909037774062 0.248409622259375 0
860 1.46875 0.21875 0
861 1.44557715045 0.19557715045 0
862 1.49192284955 0.19557715045 0
863 1.49192284955 0.24192284955 0
864 1.44557715045 0.24192284955 0
865 1.50159037774062 0.001590377740625 0
866 1.56090962225938 0.001590377740625 0
867 1.56090962225938 0.060909622259375 0
868 1.50159037774062 0.060909622259375 0
869 1.53125 0.03125 0
870 1.50807715045 0.00807715045 0
871 1.55442284955 0.00807715045 0
872 1.55442284955 0.05442284955 0
873 1.50807715045 0.05442284955 0
874 1.50159037774062 0.064090377740625 0
875 1.56090962225938 0.064090377740625 0
876 1.56090962225938 0.123409622259375 0
877 1.50159037774062 0.123409622259375 0
878 1.53125 0.09375 0
879 1.50807715045 0.07057715045 0
880 1.55442284955 0.07057715045 0
881 1.55442284955 0.11692284955 0
882 1.50807715045 0.11692284955 0
883 1.50159037774062 0.126590377740625 0
884 1.56090962225938 0.126590377740625 0
885 1.56090962225938 0.185909622259375 0
886 1.50159037774062 0.185909622259375 0
887 1.53125 0.15625 0
888 1.50807715045 0.13307715045 0
889 1.55442284955 0.13307715045 0
890 1.55442284955 0.17942284955 0
891 1.50807715045 0.17942284955 0
892 1.50159037774062 0.189090377740625 0
893 1.56090962225938 0.189090377740625 0
894 1.56090962225938 0.248409622259375 0
895 1.50159037774062 0.248409622259375 0
896 1.53125 0.21875 0
897 1.50807715045 0.19557715045 0
898 1.55442284955 0.19557715045 0
899 1.55442284955 0.24192284955 0
900 1.50807715045 0.24192284955 0
901 1.56409037774062 0.001590377740625 0
902 1.62340962225938 0.001590377740625 0
903 1.62340962225938 0.060909622259375 0
904 1.56409037774062 0.060909622259375 0
905 1.59375 0.03125 0
906 1.57057715045 0.00807715045 0
907 1.61692284955 0.00807715045 0
908 1.61692284955 0.05442284955 0
909 1.57057715045 0.05442284955 0
910 1.56409037774062 0.064090377740625 0
911 1.62340962225938 0.064090377740625 0
912 1.62340962225938 0.123409622259375 0
913 1.56409037774062 0.123409622259375 0
914 1.59375 0.09375 0
915 1.57057715045 0.07057715045 0
916 1.61692284955 0.07057715045 0
917 1.61692284955 0.11692284955 0
918 1.57057715045 0.11692284955 0
919 1.56409037774062 0.126590377740625 0
920 1.62340962225938 0.126590377740625 0
921 1.62340962225938 0.185909622259375 0
922 1.56409037774062 0.185909622259375 0
923 1.59375 0.15625 0
924 1.57057715045 0.13307715045 0
925 1.61692284955 0.13307715045 0
926 1.61692284955 0.17942284955 0
927 1.57057715045 0.17942284955 0
928 1.56409037774062 0.189090377740625 0
929 1.62340962225938 0.189090377740625 0
930 1.62340962225938 0.248409622259375 0
931 1.56409037774062 0.248409622259375 0
932 1.59375 0.21875 0
933 1.57057715045 0.19557715045 0
934 1.61692284955 0.19557715045 0
935 1.61692284955 0.24192284955 0
936 1.57057715045 0.24192284955 0
937 1.62659037774062 0.001590377740625 0
938 1.68590962225938 0.001590377740625 0
939 1.68590962225938 0.060909622259375 0
940 1.62659037774062 0.060909622259375 0
941 1.65625 0.03125 0
942 1.63307715045 0.00807715045 0
943 1.67942284955 0.00807715045 0
944 1.67942284955 0.05442284955 0
945 1.63307715045 0.05442284955 0
946 1.62659037774062 0.064090377740625 0
947 1.68590962225938 0.064090377740625 0
948 1.68590962225938 0.123409622259375 0
949 1.62659037774062 0.123409622259375 0
950 1.65625 0.09375 0
951 1.63307715045 0.07057715045 0
952 1.67942284955 0.07057715045 0
953 1.67942284955 0.11692284955 0
954 1.63307715045 0.11692284955 0
955 1.62659037774062 0.126590377740625 0
956 1.68590962225938 0.126590377740625 0
957 1.68590962225938 0.185909622259375 0
958 1.62659037774062 0.185909622259375 0
959 1.65625 0.15625 0
960 1.63307715045 0.13307715045 0
961 1.67942284955 0.13307715045 0
962 1.67942284955 0.17942284955 0
963 1.63307715045 0.17942284955 0
964 1.62659037774062 0.189090377740625 0
965 1.68590962225938 0.189090377740625 0
966 1.68590962225938 0.248409622259375 0
967 1.62659037774062 0.248409622259375 0
968 1.65625 0.21875 0
969 1.63307715045 0.19557715045 0
970 1.67942284955 0.19557715045 0
971 1.67942284955 0.24192284955 0
972 1.63307715045 0.24192284955 0
973 1.68909037774062 0.001590377740625 0
974 1.74840962225938 0.001590377740625 0
975 1.74840962225938 0.060909622259375 0
976 1.68909037774062 0.060909622259375 0
977 1.71875 0.03125 0
978 1.69557715045 0.00807715045 0
979 1.74192284955 0.00807715045 0
980 1.74192284955 0.05442284955 0
981 1.69557715045 0.05442284955 0
982 1.68909037774062 0.064090377740625 0
983 1.74840962225938 0.064090377740625 0
984 1.74840962225938 0.123409622259375 0
985 1.68909037774062 0.123409622259375 0
986 1.71875 0.09375 0
987 1.69557715045 0.07057715045 0
988 1.74192284955 0.07057715045 0
989 1.74192284955 0.11692284955 0
990 1.69557715045 0.11692284955 0
991 1.68909037774062 0.126590377740625 0
992 1.74840962225938 0.126590377740625 0
993 1.74840962225938 0.185909622259375 0
994 1.68909037774062 0.185909622259375 0
995 1.71875 0.15625 0
996 1.69557715045 0.13307715045 0
997 1.74192284955 0.13307715045 0
998 1.74192284955 0.17942284955 0
999 1.69557715045 0.17942284955 0
1000 1.68909037774062 0.189090377740625 0
1001 1.74840962225938 0.189090377740625 0
1002 1.74840962225938 0.248409622259375 0
1003 1.68909037774062 0.248409622259375 0
1004 1.71875 0.21875 0
1005 1.69557715045 0.19557715045 0
1006 1.74192284955 0.19557715045 0
1007 1.74192284955 0.24192284955 0
1008 1.69557715045 0.24192284955 0
1009 1.75159037774062 0.001590377740625 0
1010 1.81090962225938 0.001590377740625 0
1011 1.81090962225938 0.060909622259375 0
1012 1.75159037774062 0.060909622259375 0
1013 1.78125 0.03125 0
1014 1.75807715045 0.00807715045 0
1015 1.80442284955 0.00807715045 0
1016 1.80442284955 0.05442284955 0
1017 1.75807715045 0.05442284955 0
1018 1.75159037774062 0.064090377740625 0
1019 1.81090962225938 0.064090377740625 0
1020 1.81090962225938 0.123409622259375 0
1021 1.75159037774062 0.123409622259375 0
1022 1.78125 0.09375 0
1023 1.75807715045 0.07057715045 0
1024 1.80442284955 0.07057715045 0
1025 1.80442284955 0.11692284955 0
1026 1.75807715045 0.11692284955 0
1027 1.75159037774062 0.126590377740625 0
1028 1.81090962225938 0.126590377740625 0
1029 1.81090962225938 0.185909622259375 0
1030 1.75159037774062 0.185909622259375 0
1031 1.78125 0.15625 0
1032 1.75807715045 0.13307715045 0
1033 1.80442284955 0.13307715045 0
1034 1.80442284955 0.17942284955 0
1035 1.75807715045 0.17942284955 0
1036 1.75159037774062 0.189090377740625 0
1037 1.81090962225938 0.189090377740625 0
1038 1.81090962225938 0.248409622259375 0
1039 1.75159037774062 0.248409622259375 0
1040 1.78125 0.21875 0
1041 1.75807715045 0.19557715045 0
1042 1.80442284955 0.19557715045 0
1043 1.80442284955 0.24192284955 0
1044 1.75807715045 0.24192284955 0
1045 1.81409037774062 0.001590377740625 0
1046 1.87340962225938 0.001590377740625 0
1047 1.87340962225938 0.060909622259375 0
1048 1.81409037774062 0.060909622259375 0
1049 1.84375 0.03125 0
1050 1.82057715045 0.00807715045 0
1051 1.86692284955 0.00807715045 0
1052 1.86692284955 0.05442284955 0
1053 1.82057715045 0.05442284955 0
1054 1.81409037774062 0.064090377740625 0
1055 1.87340962225938 0.064090377740625 0
1056 1.87340962225938 0.123409622259375 0
1057 1.81409037774062 0.123409622259375 0
1058 1.84375 0.09375 0
1059 1.82057715045 0.07057715045 0
1060 1.86692284955 0.07057715045 0
1061 1.86692284955 0.11692284955 0
1062 1.82057715045 0.11692284955 0
1063 1.81409037774062 0.126590377740625 0
1064 1.87340962225938 0.126590377740625 0
1065 1.87340962225938 0.185909622259375 0
1066 1.81409037774062 0.185909622259375 0
1067 1.84375 0.15625 0
1068 1.82057715045 0.13307715045 0
1069 1.86692284955 0.13307715045 0
1070 1.86692284955 0.17942284955 0
1071 1.82057715045 0.17942284955 0
1072 1.81409037774062 0.189090377740625 0
1073 1.87340962225938 0.189090377740625 0
1074 1.87340962225938 0.248409622259375 0
1075 1.81409037774062 0.248409622259375 0
1076 1.84375 0.21875 0
1077 1.82057715045 0.19557715045 0
1078 1.86692284955 0.19557715045 0
1079 1.86692284955 0.24192284955 0
1080 1.82057715045 0.24192284955 0
1081 1.87659037774062 0.001590377740625 0
1082 1.93590962225938 0.001590377740625 0
1083 1.93590962225938 0.060909622259375 0
1084 1.87659037774062 0.060909622259375 0
1085 1.90625 0.03125 0
1086 1.88307715045 0.00807715045 0
1087 1.92942284955 0.00807715045 0
1088 1.92942284955 0.05442284955 0
1089 1.88307715045 0.05442284955 0
1090 1.87659037774062 0.064090377740625 0
1091 1.93590962225938 0.064090377740625 0
1092 1.93590962225938 0.123409622259375 0
1093 1.87659037774062 0.123409622259375 0
1094 1.90625 0.09375 0
1095 1.88307715045 0.07057715045 0
1096 1.92942284955 0.07057715045 0
1097 1.92942284955 0.11692284955 0
1098 1.88307715045 0.11692284955 0
1099 1.87659037774062 0.126590377740625 0
1100 1.93590962225938 0.126590377740625 0
1101 1.93590962225938 0.185909622259375 0
1102 1.87659037774062 0.185909622259375 0
1103 1.90625 0.15625 0
1104 1.88307715045 0.13307715045 0
1105 1.92942284955 0.13307715045 0
1106 1.92942284955 0.17942284955 0
1107 1.88307715045 0.17942284955 0
1108 1.87659037774062 0.189090377740625 0
1109 1.93590962225938 0.189090377740625 0
1110 1.93590962225938 0.248409622259375 0
1111 1.87659037774062 0.248409622259375 0
1112 1.90625 0.21875 0
1113 1.88307715045 0.19557715045 0
1114 1.92942284955 0.19557715045 0
1115 1.92942284955 0.24192284955 0
1116 1.88307715045 0.24192284955 0
1117 1.93909037774062 0.001590377740625 0
1118 1.99840962225938 0.001590377740625 0
1119 1.99840962225938 0.060909622259375 0
1120 1.93909037774062 0.060909622259375 0
1121 1.96875 0.03125 0
1122 1.94557715045 0.00807715045 0
1123 1.99192284955 0.00807715045 0
1124 1.99192284955 0.05442284955 0
1125 1.94557715045 0.05442284955 0
1126 1.93909037774062 0.064090377740625 0
1127 1.99840962225938 0.064090377740625 0
1128 1.99840962225938 0.123409622259375 0
1129 1.93909037774062 0.123409622259375 0
1130 1.96875 0.09375 0
1131 1.94557715045 0.07057715045 0
1132 1.99192284955 0.07057715045 0
1133 1.99192284955 0.11692284955 0
1134 1.94557715045 0.11692284955 0
1135 1.93909037774062 0.126590377740625 0
1136 1.99840962225938 0.126590377740625 0
1137 1.99840962225938 0.185909622259375 0
1138 1.93909037774062 0.185909622259375 0
1139 1.96875 0.15625 0
1140 1.94557715045 0.13307715045 0
1141 1.99192284955 0.13307715045 0
1142 1.99192284955 0.17942284955 0
1143 1.94557715045 0.17942284955 0
1144 1.93909037774062 0.189090377740625 0
1145 1.99840962225938 0.189090377740625 0
1146 1.99840962225938 0.248409622259375 0
1147 1.93909037774062 0.248409622259375 0
1148 1.96875 0.21875 0
1149 1.94557715045 0.19557715045 0
1150 1.99192284955 0.19557715045 0
1151 1.99192284955 0.24192284955 0
1152 1.94557715045 0.24192284955 0
1153 2.00159037774063 0.001590377740625 0
1154 2.06090962225937 0.001590377740625 0
1155 2.06090962225937 0.060909622259375 0
1156 2.00159037774063 0.060909622259375 0
1157 2.03125 0.03125 0
1158 2.00807715045 0.00807715045 0
1159 2.05442284955 0.00807715045 0
1160 2.05442284955 0.05442284955 0
1161 2.00807715045 0.05442284955 0
1162 2.00159037774063 0.064090377740625 0
1163 2.06090962225937 0.064090377740625 0
1164 2.06090962225937 0.123409622259375 0
1165 2.00159037774063 0.123409622259375 0
1166 2.03125 0.09375 0
1167 2.00807715045 0.07057715045 0
1168 2.05442284955 0.07057715045 0
1169 2.05442284955 0.11692284955 0
1170 2.00807715045 0.11692284955 0
1171 2.00159037774063 0.126590377740625 0
1172 2.06090962225937 0.126590377740625 0
1173 2.06090962225937 0.185909622259375 0
1174 2.00159037774063 0.185909622259375 0
1175 2.03125 0.15625 0
1176 2.00807715045 0.13307715045 0
1177 2.05442284955 0.13307715045 0
1178 2.05442284955 0.17942284955 0
1179 2.00807715045 0.17942284955 0
1180 2.00159037774063 0.189090377740625 0
1181 2.06090962225937 0.189090377740625 0
1182 2.06090962225937 0.248409622259375 0
1183 2.00159037774063 0.248409622259375 0
1184 2.03125 0.21875 0
1185 2.00807715045 0.19557715045 0
1186 2.05442284955 0.19557715045 0
1187 2.05442284955 0.24192284955 0
1188 2.00807715045 0.24192284955 0
1189 2.06409037774063 0.001590377740625 0
1190 2.12340962225937 0.001590377740625 0
1191 2.12340962225937 0.060909622259375 0
1192 2.06409037774063 0.060909622259375 0
1193 2.09375 0.03125 0
1194 2.07057715045 0.00807715045 0
1195 2.11692284955 0.00807715045 0
1196 2.11692284955 0.05442284955 0
1197 2.07057715045 0.05442284955 0
1198 2.06409037774063 0.064090377740625 0
1199 2.12340962225937 0.064090377740625 0
1200 2.12340962225937 0.123409622259375 0
1201 2.06409037774063 0.123409622259375 0
1202 2.09375 0.09375 0
1203 2.07057715045 0.07057715045 0
1204 2.11692284955 0.07057715045 0
1205 2.11692284955 0.11692284955 0
1206 2.07057715045 0.11692284955 0
1207 2.06409037774063 0.126590377740625 0
1208 2.12340962225937 0.126590377740625 0
1209 2.12340962225937 0.185909622259375 0
1210 2.06409037774063 0.185909622259375 0
1211 2.09375 0.15625 0
1212 2.07057715045 0.13307715045 0
1213 2.11692284955 0.13307715045 0
1214 2.11692284955 0.17942284955 0
1215 2.07057715045 0.17942284955 0
1216 2.06409037774063 0.189090377740625 0
1217 2.12340962225937 0.189090377740625 0
1218 2.12340962225937 0.248409622259375 0
1219 2.06409037774063 0.248409622259375 0
1220 2.09375 0.21875 0
1221 2.07057715045 0.19557715045 0
1222 2.11692284955 0.19557715045 0
1223 2.11692284955 0.24192284955 0
1224 2.07057715045 0.24192284955 0
1225 2.12659037774063 0.001590377740625 0
1226 2.18590962225937 0.001590377740625 0
1227 2.18590962225937 0.060909622259375 0
1228 2.12659037774063 0.060909622259375 0
1229 2.15625 0.03125 0
1230 2.13307715045 0.00807715045 0
1231 2.17942284955 0.00807715045 0
1232 2.17942284955 0.05442284955 0
1233 2.13307715045 0.05442284955 0
1234 2.12659037774063 0.064090377740625 0
1235 2.18590962225937 0.064090377740625 0
1236 2.18590962225937 0.123409622259375 0
1237 2.12659037774063 0.123409622259375 0
1238 2.15625 0.09375 0
1239 2.13307715045 0.07057715045 0
1240 2.17942284955 0.07057715045 0
1241 2.17942284955 0.11692284955 0
1242 2.13307715045 0.11692284955 0
1243 2.12659037774063 0.126590377740625 0
1244 2.18590962225937 0.126590377740625 0
1245 2.18590962225937 0.185909622259375 0
1246 2.12659037774063 0.185909622259375 0
1247 2.15625 0.15625 0
1248 2.13307715045 0.13307715045 0
1249 2.17942284955 0.13307715045 0
1250 2.17942284955 0.17942284955 0
1251 2.13307715045 0.17942284955 0
1252 2.12659037774063 0.189090377740625 0
1253 2.18590962225937 0.189090377740625 0
1254 2.18590962225937 0.248409622259375 0
1255 2.12659037774063 0.248409622259375 0
1256 2.15625 0.21875 0
1257 2.13307715045 0.19557715045 0
1258 2.17942284955 0.19557715045 0
1259 2.17942284955 0.24192284955 0
1260 2.13307715045 0.24192284955 0
1261 2.18909037774063 0.001590377740625 0
1262 2.24840962225937 0.001590377740625 0
1263 2.24840962225937 0.060909622259375 0
1264 2.18909037774063 0.060909622259375 0
1265 2.21875 0.03125 0
1266 2.19557715045 0.00807715045 0
1267 2.24192284955 0.00807715045 0
1268 2.24192284955 0.05442284955 0
1269 2.19557715045 0.05442284955 0
1270 2.18909037774063 0.064090377740625 0
1271 2.24840962225937 0.064090377740625 0
1272 2.24840962225937 0.123409622259375 0
1273 2.18909037774063 0.123409622259375 0
1274 2.21875 0.09375 0
1275 2.19557715045 0.07057715045 0
1276 2.24192284955 0.07057715045 0
1277 2.24192284955 0.11692284955 0
1278 2.19557715045 0.11692284955 0
1279 2.18909037774063 0.126590377740625 0
1280 2.24840962225937 0.126590377740625 0
1281 2.24840962225937 0.185909622259375 0
1282 2.18909037774063 0.185909622259375 0
1283 2.21875 0.15625 0
1284 2.19557715045 0.13307715045 0
1285 2.24192284955 0.13307715045 0
1286 2.24192284955 0.17942284955 0
1287 2.19557715045 0.17942284955 0
1288 2.18909037774063 0.189090377740625 0
1289 2.24840962225937 0.189090377740625 0
1290 2.24840962225937 0.248409622259375 0
1291 2.18909037774063 0.248409622259375 0
1292 2.21875 0.21875 0
1293 2.19557715045 0.19557715045 0
1294 2.24192284955 0.19557715045 0
1295 2.24192284955 0.24192284955 0
1296 2.19557715045 0.24192284955 0
1297 2.25159037774063 0.001590377740625 0
1298 2.31090962225937 0.001590377740625 0
1299 2.31090962225937 0.060909622259375 0
1300 2.25159037774063 0.060909622259375 0
1301 2.28125 0.03125 0
1302 2.25807715045 0.00807715045 0
1303 2.30442284955 0.00807715045 0
1304 2.30442284955 0.05442284955 0
1305 2.25807715045 0.05442284955 0
1306 2.25159037774063 0.064090377740625 0
1307 2.31090962225937 0.064090377740625 0
1308 2.31090962225937 0.123409622259375 0
1309 2.25159037774063 0.123409622259375 0
1310 2.28125 0.09375 0
1311 2.25807715045 0.07057715045 0
1312 2.30442284955 0.07057715045 0
1313 2.30442284955 0.11692284955 0
1314 2.25807715045 0.11692284955 0
1315 2.25159037774063 0.126590377740625 0
1316 2.31090962225937 0.126590377740625 0
1317 2.31090962225937 0.185909622259375 0
1318 2.25159037774063 0.185909622259375 0
1319 2.28125 0.15625 0
1320 2.25807715045 0.13307715045 0
1321 2.30442284955 0.13307715045 0
1322 2.30442284955 0.17942284955 0
1323 2.25807715045 0.17942284955 0
1324 2.25159037774063 0.189090377740625 0
1325 2.31090962225937 0.189090377740625 0
1326 2.31090962225937 0.248409622259375 0
1327 2.25159037774063 0.248409622259375 0
1328 2.28125 0.21875 0
1329 2.25807715045 0.19557715045 0
1330 2.30442284955 0.19557715045 0
1331 2.30442284955 0.24192284955 0
1332 2.25807715045 0.24192284955 0
1333 2.31409037774063 0.001590377740625 0
1334 2.37340962225937 0.001590377740625 0
1335 2.37340962225937 0.060909622259375 0
1336 2.31409037774063 0.060909622259375 0
1337 2.34375 0.03125 0
1338 2.32057715045 0.00807715045 0
1339 2.36692284955 0.00807715045 0
1340 2.36692284955 0.05442284955 0
1341 2.32057715045 0.05442284955 0
1342 2.31409037774063 0.064090377740625 0
1343 2.37340962225937 0.064090377740625 0
1344 2.37340962225937 0.123409622259375 0
1345 2.31409037774063 0.123409622259375 0
1346 2.34375 0.09375 0
1347 2.32057715045 0.07057715045 0
1348 2.36692284955 0.07057715045 0
1349 2.36692284955 0.11692284955 0
1350 2.32057715045 0.11692284955 0
1351 2.31409037774063 0.126590377740625 0
1352 2.37340962225937 0.126590377740625 0
1353 2.37340962225937 0.185909622259375 0
1354 2.31409037774063 0.185909622259375 0
1355 2.34375 0.15625 0
1356 2.32057715045 0.13307715045 0
1357 2.36692284955 0.13307715045 0
1358 2.36692284955 0.17942284955 0
1359 2.32057715045 0.17942284955 0
1360 2.31409037774063 0.189090377740625 0
1361 2.37340962225937 0.189090377740625 0
1362 2.37340962225937 0.248409622259375 0
1363 2.31409037774063 0.248409622259375 0
1364 2.34375 0.21875 0
1365 2.32057715045 0.19557715045 0
1366 2.36692284955 0.19557715045 0
1367 2.36692284955 0.24192284955 0
1368 2.32057715045 0.24192284955 0
1369 2.37659037774063 0.001590377740625 0
1370 2.43590962225937 0.001590377740625 0
1371 2.43590962225937 0.060909622259375 0
1372 2.37659037774063 0.060909622259375 0
1373 2.40625 0.03125 0
1374 2.38307715045 0.00807715045 0
1375 2.42942284955 0.00807715045 0
1376 2.42942284955 0.05442284955 0
1377 2.38307715045 0.05442284955 0
1378 2.37659037774063 0.064090377740625 0
1379 2.43590962225937 0.064090377740625 0
1380 2.43590962225937 0.123409622259375 0
1381 2.37659037774063 0.123409622259375 0
1382 2.40625 0.09375 0
1383 2.38307715045 0.07057715045 0
1384 2.42942284955 0.07057715045 0
1385 2.42942284955 0.11692284955 0
1386 2.38307715045 0.11692284955 0
1387 2.37659037774063 0.126590377740625 0
1388 2.43590962225937 0.126590377740625 0
1389 2.43590962225937 0.185909622259375 0
1390 2.37659037774063 0.185909622259375 0
1391 2.40625 0.15625 0
1392 2.38307715045 0.13307715045 0
1393 2.42942284955 0.13307715045 0
1394 2.42942284955 0.17942284955 0
1395 2.38307715045 0.17942284955 0
1396 2.37659037774063 0.189090377740625 0
1397 2.43590962225937 0.189090377740625 0
1398 2.43590962225937 0.248409622259375 0
1399 2.37659037774063 0.248409622259375 0
1400 2.40625 0.21875 0
1401 2.38307715045 0.19557715045 0
1402 2.42942284955 0.19557715045 0
1403 2.42942284955 0.24192284955 0
1404 2.38307715045 0.24192284955 0
1405 2.43909037774063 0.001590377740625 0
1406 2.49840962225937 0.001590377740625 0
1407 2.49840962225937 0.060909622259375 0
1408 2.43909037774063 0.060909622259375 0
1409 2.46875 0.03125 0
1410 2.44557715045 0.00807715045 0
1411 2.49192284955 0.00807715045 0
1412 2.49192284955 0.05442284955 0
1413 2.44557715045 0.05442284955 0
1414 2.43909037774063 0.064090377740625 0
1415 2.49840962225937 0.064090377740625 0
1416 2.49840962225937 0.123409622259375 0
1417 2.43909037774063 0.123409622259375 0
1418 2.46875 0.09375 0
1419 2.44557715045 0.07057715045 0
1420 2.49192284955 0.07057715045 0
1421 2.49192284955 0.11692284955 0
1422 2.44557715045 0.11692284955 0
1423 2.43909037774063 0.126590377740625 0
1424 2.49840962225937 0.126590377740625 0
1425 2.49840962225937 0.185909622259375 0
1426 2.43909037774063 0.185909622259375 0
1427 2.46875 0.15625 0
1428 2.44557715045 0.13307715045 0
1429 2.49192284955 0.13307715045 0
1430 2.49192284955 0.17942284955 0
1431 2.44557715045 0.17942284955 0
1432 2.43909037774063 0.189090377740625 0
1433 2.49840962225937 0.189090377740625 0
1434 2.49840962225937 0.248409622259375 0
1435 2.43909037774063 0.248409622259375 0
1436 2.46875 0.21875 0
1437 2.44557715045 0.19557715045 0
1438 2.49192284955 0.19557715045 0
1439 2.49192284955 0.24192284955 0
1440 2.44557715045 0.24192284955 0
