1 5 49 48
48 49 50 47
47 50 51 46
46 51 45 4
5 6 52 49
49 52 53 50
50 53 54 51
51 54 44 45
6 7 55 52
52 55 56 53
53 56 57 54
54 57 43 44
7 8 58 55
55 58 59 56
56 59 60 57
57 60 42 43
8 9 61 58
58 61 62 59
59 62 63 60
60 63 41 42
9 10 64 61
61 64 65 62
62 65 66 63
63 66 40 41
10 11 67 64
64 67 68 65
65 68 69 66
66 69 39 40
11 12 70 67
67 70 71 68
68 71 72 69
69 72 38 39
12 13 73 70
70 73 74 71
71 74 75 72
72 75 37 38
13 14 76 73
73 76 77 74
74 77 78 75
75 78 36 37
14 15 79 76
76 79 80 77
77 80 81 78
78 81 35 36
15 16 82 79
79 82 83 80
80 83 84 81
81 84 34 35
16 17 85 82
82 85 86 83
83 86 87 84
84 87 33 34
17 18 88 85
85 88 89 86
86 89 90 87
87 90 32 33
18 19 91 88
88 91 92 89
89 92 93 90
90 93 31 32
19 20 94 91
91 94 95 92
92 95 96 93
93 96 30 31
20 21 97 94
94 97 98 95
95 98 99 96
96 99 29 30
21 22 100 97
97 100 101 98
98 101 102 99
99 102 28 29
22 23 103 100
100 103 104 101
101 104 105 102
102 105 27 28
23 2 24 103
103 24 25 104
104 25 26 105
105 26 3 27
