1 5 648 512 84 85 1082 1083 1084 1085 527 528 1086 1087 1088 1089
5 6 646 648 86 87 1090 1091 1092 1093 1083 1082 1094 1095 1096 1097
648 646 529 647 1093 1092 1098 1099 1100 1101 1102 1103 1104 1105 1106 1107
512 648 647 511 1085 1084 1103 1102 1108 1109 525 526 1110 1111 1112 1113
511 647 651 510 1109 1108 1114 1115 1116 1117 523 524 1118 1119 1120 1121
647 529 649 651 1101 1100 1122 1123 1124 1125 1115 1114 1126 1127 1128 1129
651 649 530 650 1125 1124 1130 1131 1132 1133 1134 1135 1136 1137 1138 1139
510 651 650 509 1117 1116 1135 1134 1140 1141 521 522 1142 1143 1144 1145
509 650 654 508 1141 1140 1146 1147 1148 1149 519 520 1150 1151 1152 1153
650 530 652 654 1133 1132 1154 1155 1156 1157 1147 1146 1158 1159 1160 1161
654 652 531 653 1157 1156 1162 1163 1164 1165 1166 1167 1168 1169 1170 1171
508 654 653 507 1149 1148 1167 1166 1172 1173 517 518 1174 1175 1176 1177
507 653 656 506 1173 1172 1178 1179 1180 1181 515 516 1182 1183 1184 1185
653 531 655 656 1165 1164 1186 1187 1188 1189 1179 1178 1190 1191 1192 1193
656 655 344 345 1189 1188 1194 1195 502 503 1196 1197 1198 1199 1200 1201
506 656 345 4 1181 1180 1197 1196 504 505 513 514 1202 1203 1204 1205
6 7 659 646 88 89 1206 1207 1208 1209 1091 1090 1210 1211 1212 1213
7 8 657 659 90 91 1214 1215 1216 1217 1207 1206 1218 1219 1220 1221
659 657 532 658 1217 1216 1222 1223 1224 1225 1226 1227 1228 1229 1230 1231
646 659 658 529 1209 1208 1227 1226 1232 1233 1099 1098 1234 1235 1236 1237
529 658 662 649 1233 1232 1238 1239 1240 1241 1123 1122 1242 1243 1244 1245
658 532 660 662 1225 1224 1246 1247 1248 1249 1239 1238 1250 1251 1252 1253
662 660 533 661 1249 1248 1254 1255 1256 1257 1258 1259 1260 1261 1262 1263
649 662 661 530 1241 1240 1259 1258 1264 1265 1131 1130 1266 1267 1268 1269
530 661 665 652 1265 1264 1270 1271 1272 1273 1155 1154 1274 1275 1276 1277
661 533 663 665 1257 1256 1278 1279 1280 1281 1271 1270 1282 1283 1284 1285
665 663 534 664 1281 1280 1286 1287 1288 1289 1290 1291 1292 1293 1294 1295
652 665 664 531 1273 1272 1291 1290 1296 1297 1163 1162 1298 1299 1300 1301
531 664 667 655 1297 1296 1302 1303 1304 1305 1187 1186 1306 1307 1308 1309
664 534 666 667 1289 1288 1310 1311 1312 1313 1303 1302 1314 1315 1316 1317
667 666 342 343 1313 1312 1318 1319 498 499 1320 1321 1322 1323 1324 1325
655 667 343 344 1305 1304 1321 1320 500 501 1195 1194 1326 1327 1328 1329
8 9 670 657 92 93 1330 1331 1332 1333 1215 1214 1334 1335 1336 1337
9 10 668 670 94 95 1338 1339 1340 1341 1331 1330 1342 1343 1344 1345
670 668 535 669 1341 1340 1346 1347 1348 1349 1350 1351 1352 1353 1354 1355
657 670 669 532 1333 1332 1351 1350 1356 1357 1223 1222 1358 1359 1360 1361
532 669 673 660 1357 1356 1362 1363 1364 1365 1247 1246 1366 1367 1368 1369
669 535 671 673 1349 1348 1370 1371 1372 1373 1363 1362 1374 1375 1376 1377
673 671 536 672 1373 1372 1378 1379 1380 1381 1382 1383 1384 1385 1386 1387
660 673 672 533 1365 1364 1383 1382 1388 1389 1255 1254 1390 1391 1392 1393
533 672 676 663 1389 1388 1394 1395 1396 1397 1279 1278 1398 1399 1400 1401
672 536 674 676 1381 1380 1402 1403 1404 1405 1395 1394 1406 1407 1408 1409
676 674 537 675 1405 1404 1410 1411 1412 1413 1414 1415 1416 1417 1418 1419
663 676 675 534 1397 1396 1415 1414 1420 1421 1287 1286 1422 1423 1424 1425
534 675 678 666 1421 1420 1426 1427 1428 1429 1311 1310 1430 1431 1432 1433
675 537 677 678 1413 1412 1434 1435 1436 1437 1427 1426 1438 1439 1440 1441
678 677 340 341 1437 1436 1442 1443 494 495 1444 1445 1446 1447 1448 1449
666 678 341 342 1429 1428 1445 1444 496 497 1319 1318 1450 1451 1452 1453
10 11 681 668 96 97 1454 1455 1456 1457 1339 1338 1458 1459 1460 1461
11 12 679 681 98 99 1462 1463 1464 1465 1455 1454 1466 1467 1468 1469
681 679 538 680 1465 1464 1470 1471 1472 1473 1474 1475 1476 1477 1478 1479
668 681 680 535 1457 1456 1475 1474 1480 1481 1347 1346 1482 1483 1484 1485
535 680 684 671 1481 1480 1486 1487 1488 1489 1371 1370 1490 1491 1492 1493
680 538 682 684 1473 1472 1494 1495 1496 1497 1487 1486 1498 1499 1500 1501
684 682 539 683 1497 1496 1502 1503 1504 1505 1506 1507 1508 1509 1510 1511
671 684 683 536 1489 1488 1507 1506 1512 1513 1379 1378 1514 1515 1516 1517
536 683 687 674 1513 1512 1518 1519 1520 1521 1403 1402 1522 1523 1524 1525
683 539 685 687 1505 1504 1526 1527 1528 1529 1519 1518 1530 1531 1532 1533
687 685 540 686 1529 1528 1534 1535 1536 1537 1538 1539 1540 1541 1542 1543
674 687 686 537 1521 1520 1539 1538 1544 1545 1411 1410 1546 1547 1548 1549
537 686 689 677 1545 1544 1550 1551 1552 1553 1435 1434 1554 1555 1556 1557
686 540 688 689 1537 1536 1558 1559 1560 1561 1551 1550 1562 1563 1564 1565
689 688 338 339 1561 1560 1566 1567 490 491 1568 1569 1570 1571 1572 1573
677 689 339 340 1553 1552 1569 1568 492 493 1443 1442 1574 1575 1576 1577
12 13 692 679 100 101 1578 1579 1580 1581 1463 1462 1582 1583 1584 1585
13 14 690 692 102 103 1586 1587 1588 1589 1579 1578 1590 1591 1592 1593
692 690 541 691 1589 1588 1594 1595 1596 1597 1598 1599 1600 1601 1602 1603
679 692 691 538 1581 1580 1599 1598 1604 1605 1471 1470 1606 1607 1608 1609
538 691 695 682 1605 1604 1610 1611 1612 1613 1495 1494 1614 1615 1616 1617
691 541 693 695 1597 1596 1618 1619 1620 1621 1611 1610 1622 1623 1624 1625
695 693 542 694 1621 1620 1626 1627 1628 1629 1630 1631 1632 1633 1634 1635
682 695 694 539 1613 1612 1631 1630 1636 1637 1503 1502 1638 1639 1640 1641
539 694 698 685 1637 1636 1642 1643 1644 1645 1527 1526 1646 1647 1648 1649
694 542 696 698 1629 1628 1650 1651 1652 1653 1643 1642 1654 1655 1656 1657
698 696 543 697 1653 1652 1658 1659 1660 1661 1662 1663 1664 1665 1666 1667
685 698 697 540 1645 1644 1663 1662 1668 1669 1535 1534 1670 1671 1672 1673
540 697 700 688 1669 1668 1674 1675 1676 1677 1559 1558 1678 1679 1680 1681
697 543 699 700 1661 1660 1682 1683 1684 1685 1675 1674 1686 1687 1688 1689
700 699 336 337 1685 1684 1690 1691 486 487 1692 1693 1694 1695 1696 1697
688 700 337 338 1677 1676 1693 1692 488 489 1567 1566 1698 1699 1700 1701
14 15 703 690 104 105 1702 1703 1704 1705 1587 1586 1706 1707 1708 1709
15 16 701 703 106 107 1710 1711 1712 1713 1703 1702 1714 1715 1716 1717
703 701 544 702 1713 1712 1718 1719 1720 1721 1722 1723 1724 1725 1726 1727
690 703 702 541 1705 1704 1723 1722 1728 1729 1595 1594 1730 1731 1732 1733
541 702 706 693 1729 1728 1734 1735 1736 1737 1619 1618 1738 1739 1740 1741
702 544 704 706 1721 1720 1742 1743 1744 1745 1735 1734 1746 1747 1748 1749
706 704 545 705 1745 1744 1750 1751 1752 1753 1754 1755 1756 1757 1758 1759
693 706 705 542 1737 1736 1755 1754 1760 1761 1627 1626 1762 1763 1764 1765
542 705 709 696 1761 1760 1766 1767 1768 1769 1651 1650 1770 1771 1772 1773
705 545 707 709 1753 1752 1774 1775 1776 1777 1767 1766 1778 1779 1780 1781
709 707 546 708 1777 1776 1782 1783 1784 1785 1786 1787 1788 1789 1790 1791
696 709 708 543 1769 1768 1787 1786 1792 1793 1659 1658 1794 1795 1796 1797
543 708 711 699 1793 1792 1798 1799 1800 1801 1683 1682 1802 1803 1804 1805
708 546 710 711 1785 1784 1806 1807 1808 1809 1799 1798 1810 1811 1812 1813
711 710 334 335 1809 1808 1814 1815 482 483 1816 1817 1818 1819 1820 1821
699 711 335 336 1801 1800 1817 1816 484 485 1691 1690 1822 1823 1824 1825
16 17 714 701 108 109 1826 1827 1828 1829 1711 1710 1830 1831 1832 1833
17 18 712 714 110 111 1834 1835 1836 1837 1827 1826 1838 1839 1840 1841
714 712 547 713 1837 1836 1842 1843 1844 1845 1846 1847 1848 1849 1850 1851
701 714 713 544 1829 1828 1847 1846 1852 1853 1719 1718 1854 1855 1856 1857
544 713 717 704 1853 1852 1858 1859 1860 1861 1743 1742 1862 1863 1864 1865
713 547 715 717 1845 1844 1866 1867 1868 1869 1859 1858 1870 1871 1872 1873
717 715 548 716 1869 1868 1874 1875 1876 1877 1878 1879 1880 1881 1882 1883
704 717 716 545 1861 1860 1879 1878 1884 1885 1751 1750 1886 1887 1888 1889
545 716 720 707 1885 1884 1890 1891 1892 1893 1775 1774 1894 1895 1896 1897
716 548 718 720 1877 1876 1898 1899 1900 1901 1891 1890 1902 1903 1904 1905
720 718 549 719 1901 1900 1906 1907 1908 1909 1910 1911 1912 1913 1914 1915
707 720 719 546 1893 1892 1911 1910 1916 1917 1783 1782 1918 1919 1920 1921
546 719 722 710 1917 1916 1922 1923 1924 1925 1807 1806 1926 1927 1928 1929
719 549 721 722 1909 1908 1930 1931 1932 1933 1923 1922 1934 1935 1936 1937
722 721 332 333 1933 1932 1938 1939 478 479 1940 1941 1942 1943 1944 1945
710 722 333 334 1925 1924 1941 1940 480 481 1815 1814 1946 1947 1948 1949
18 19 725 712 112 113 1950 1951 1952 1953 1835 1834 1954 1955 1956 1957
19 20 723 725 114 115 1958 1959 1960 1961 1951 1950 1962 1963 1964 1965
725 723 550 724 1961 1960 1966 1967 1968 1969 1970 1971 1972 1973 1974 1975
712 725 724 547 1953 1952 1971 1970 1976 1977 1843 1842 1978 1979 1980 1981
547 724 728 715 1977 1976 1982 1983 1984 1985 1867 1866 1986 1987 1988 1989
724 550 726 728 1969 1968 1990 1991 1992 1993 1983 1982 1994 1995 1996 1997
728 726 551 727 1993 1992 1998 1999 2000 2001 2002 2003 2004 2005 2006 2007
715 728 727 548 1985 1984 2003 2002 2008 2009 1875 1874 2010 2011 2012 2013
548 727 731 718 2009 2008 2014 2015 2016 2017 1899 1898 2018 2019 2020 2021
727 551 729 731 2001 2000 2022 2023 2024 2025 2015 2014 2026 2027 2028 2029
731 729 552 730 2025 2024 2030 2031 2032 2033 2034 2035 2036 2037 2038 2039
718 731 730 549 2017 2016 2035 2034 2040 2041 1907 1906 2042 2043 2044 2045
549 730 733 721 2041 2040 2046 2047 2048 2049 1931 1930 2050 2051 2052 2053
730 552 732 733 2033 2032 2054 2055 2056 2057 2047 2046 2058 2059 2060 2061
733 732 330 331 2057 2056 2062 2063 474 475 2064 2065 2066 2067 2068 2069
721 733 331 332 2049 2048 2065 2064 476 477 1939 1938 2070 2071 2072 2073
20 21 736 723 116 117 2074 2075 2076 2077 1959 1958 2078 2079 2080 2081
21 22 734 736 118 119 2082 2083 2084 2085 2075 2074 2086 2087 2088 2089
736 734 553 735 2085 2084 2090 2091 2092 2093 2094 2095 2096 2097 2098 2099
723 736 735 550 2077 2076 2095 2094 2100 2101 1967 1966 2102 2103 2104 2105
550 735 739 726 2101 2100 2106 2107 2108 2109 1991 1990 2110 2111 2112 2113
735 553 737 739 2093 2092 2114 2115 2116 2117 2107 2106 2118 2119 2120 2121
739 737 554 738 2117 2116 2122 2123 2124 2125 2126 2127 2128 2129 2130 2131
726 739 738 551 2109 2108 2127 2126 2132 2133 1999 1998 2134 2135 2136 2137
551 738 742 729 2133 2132 2138 2139 2140 2141 2023 2022 2142 2143 2144 2145
738 554 740 742 2125 2124 2146 2147 2148 2149 2139 2138 2150 2151 2152 2153
742 740 555 741 2149 2148 2154 2155 2156 2157 2158 2159 2160 2161 2162 2163
729 742 741 552 2141 2140 2159 2158 2164 2165 2031 2030 2166 2167 2168 2169
552 741 744 732 2165 2164 2170 2171 2172 2173 2055 2054 2174 2175 2176 2177
741 555 743 744 2157 2156 2178 2179 2180 2181 2171 2170 2182 2183 2184 2185
744 743 328 329 2181 2180 2186 2187 470 471 2188 2189 2190 2191 2192 2193
732 744 329 330 2173 2172 2189 2188 472 473 2063 2062 2194 2195 2196 2197
22 23 747 734 120 121 2198 2199 2200 2201 2083 2082 2202 2203 2204 2205
23 24 745 747 122 123 2206 2207 2208 2209 2199 2198 2210 2211 2212 2213
747 745 556 746 2209 2208 2214 2215 2216 2217 2218 2219 2220 2221 2222 2223
734 747 746 553 2201 2200 2219 2218 2224 2225 2091 2090 2226 2227 2228 2229
553 746 750 737 2225 2224 2230 2231 2232 2233 2115 2114 2234 2235 2236 2237
746 556 748 750 2217 2216 2238 2239 2240 2241 2231 2230 2242 2243 2244 2245
750 748 557 749 2241 2240 2246 2247 2248 2249 2250 2251 2252 2253 2254 2255
737 750 749 554 2233 2232 2251 2250 2256 2257 2123 2122 2258 2259 2260 2261
554 749 753 740 2257 2256 2262 2263 2264 2265 2147 2146 2266 2267 2268 2269
749 557 751 753 2249 2248 2270 2271 2272 2273 2263 2262 2274 2275 2276 2277
753 751 558 752 2273 2272 2278 2279 2280 2281 2282 2283 2284 2285 2286 2287
740 753 752 555 2265 2264 2283 2282 2288 2289 2155 2154 2290 2291 2292 2293
555 752 755 743 2289 2288 2294 2295 2296 2297 2179 2178 2298 2299 2300 2301
752 558 754 755 2281 2280 2302 2303 2304 2305 2295 2294 2306 2307 2308 2309
755 754 326 327 2305 2304 2310 2311 466 467 2312 2313 2314 2315 2316 2317
743 755 327 328 2297 2296 2313 2312 468 469 2187 2186 2318 2319 2320 2321
24 25 758 745 124 125 2322 2323 2324 2325 2207 2206 2326 2327 2328 2329
25 26 756 758 126 127 2330 2331 2332 2333 2323 2322 2334 2335 2336 2337
758 756 559 757 2333 2332 2338 2339 2340 2341 2342 2343 2344 2345 2346 2347
745 758 757 556 2325 2324 2343 2342 2348 2349 2215 2214 2350 2351 2352 2353
556 757 761 748 2349 2348 2354 2355 2356 2357 2239 2238 2358 2359 2360 2361
757 559 759 761 2341 2340 2362 2363 2364 2365 2355 2354 2366 2367 2368 2369
761 759 560 760 2365 2364 2370 2371 2372 2373 2374 2375 2376 2377 2378 2379
748 761 760 557 2357 2356 2375 2374 2380 2381 2247 2246 2382 2383 2384 2385
557 760 764 751 2381 2380 2386 2387 2388 2389 2271 2270 2390 2391 2392 2393
760 560 762 764 2373 2372 2394 2395 2396 2397 2387 2386 2398 2399 2400 2401
764 762 561 763 2397 2396 2402 2403 2404 2405 2406 2407 2408 2409 2410 2411
751 764 763 558 2389 2388 2407 2406 2412 2413 2279 2278 2414 2415 2416 2417
558 763 766 754 2413 2412 2418 2419 2420 2421 2303 2302 2422 2423 2424 2425
763 561 765 766 2405 2404 2426 2427 2428 2429 2419 2418 2430 2431 2432 2433
766 765 324 325 2429 2428 2434 2435 462 463 2436 2437 2438 2439 2440 2441
754 766 325 326 2421 2420 2437 2436 464 465 2311 2310 2442 2443 2444 2445
26 27 769 756 128 129 2446 2447 2448 2449 2331 2330 2450 2451 2452 2453
27 28 767 769 130 131 2454 2455 2456 2457 2447 2446 2458 2459 2460 2461
769 767 562 768 2457 2456 2462 2463 2464 2465 2466 2467 2468 2469 2470 2471
756 769 768 559 2449 2448 2467 2466 2472 2473 2339 2338 2474 2475 2476 2477
559 768 772 759 2473 2472 2478 2479 2480 2481 2363 2362 2482 2483 2484 2485
768 562 770 772 2465 2464 2486 2487 2488 2489 2479 2478 2490 2491 2492 2493
772 770 563 771 2489 2488 2494 2495 2496 2497 2498 2499 2500 2501 2502 2503
759 772 771 560 2481 2480 2499 2498 2504 2505 2371 2370 2506 2507 2508 2509
560 771 775 762 2505 2504 2510 2511 2512 2513 2395 2394 2514 2515 2516 2517
771 563 773 775 2497 2496 2518 2519 2520 2521 2511 2510 2522 2523 2524 2525
775 773 564 774 2521 2520 2526 2527 2528 2529 2530 2531 2532 2533 2534 2535
762 775 774 561 2513 2512 2531 2530 2536 2537 2403 2402 2538 2539 2540 2541
561 774 777 765 2537 2536 2542 2543 2544 2545 2427 2426 2546 2547 2548 2549
774 564 776 777 2529 2528 2550 2551 2552 2553 2543 2542 2554 2555 2556 2557
777 776 322 323 2553 2552 2558 2559 458 459 2560 2561 2562 2563 2564 2565
765 777 323 324 2545 2544 2561 2560 460 461 2435 2434 2566 2567 2568 2569
28 29 780 767 132 133 2570 2571 2572 2573 2455 2454 2574 2575 2576 2577
29 30 778 780 134 135 2578 2579 2580 2581 2571 2570 2582 2583 2584 2585
780 778 565 779 2581 2580 2586 2587 2588 2589 2590 2591 2592 2593 2594 2595
767 780 779 562 2573 2572 2591 2590 2596 2597 2463 2462 2598 2599 2600 2601
562 779 783 770 2597 2596 2602 2603 2604 2605 2487 2486 2606 2607 2608 2609
779 565 781 783 2589 2588 2610 2611 2612 2613 2603 2602 2614 2615 2616 2617
783 781 566 782 2613 2612 2618 2619 2620 2621 2622 2623 2624 2625 2626 2627
770 783 782 563 2605 2604 2623 2622 2628 2629 2495 2494 2630 2631 2632 2633
563 782 786 773 2629 2628 2634 2635 2636 2637 2519 2518 2638 2639 2640 2641
782 566 784 786 2621 2620 2642 2643 2644 2645 2635 2634 2646 2647 2648 2649
786 784 567 785 2645 2644 2650 2651 2652 2653 2654 2655 2656 2657 2658 2659
773 786 785 564 2637 2636 2655 2654 2660 2661 2527 2526 2662 2663 2664 2665
564 785 788 776 2661 2660 2666 2667 2668 2669 2551 2550 2670 2671 2672 2673
785 567 787 788 2653 2652 2674 2675 2676 2677 2667 2666 2678 2679 2680 2681
788 787 320 321 2677 2676 2682 2683 454 455 2684 2685 2686 2687 2688 2689
776 788 321 322 2669 2668 2685 2684 456 457 2559 2558 2690 2691 2692 2693
30 31 791 778 136 137 2694 2695 2696 2697 2579 2578 2698 2699 2700 2701
31 32 789 791 138 139 2702 2703 2704 2705 2695 2694 2706 2707 2708 2709
791 789 568 790 2705 2704 2710 2711 2712 2713 2714 2715 2716 2717 2718 2719
778 791 790 565 2697 2696 2715 2714 2720 2721 2587 2586 2722 2723 2724 2725
565 790 794 781 2721 2720 2726 2727 2728 2729 2611 2610 2730 2731 2732 2733
790 568 792 794 2713 2712 2734 2735 2736 2737 2727 2726 2738 2739 2740 2741
794 792 569 793 2737 2736 2742 2743 2744 2745 2746 2747 2748 2749 2750 2751
781 794 793 566 2729 2728 2747 2746 2752 2753 2619 2618 2754 2755 2756 2757
566 793 797 784 2753 2752 2758 2759 2760 2761 2643 2642 2762 2763 2764 2765
793 569 795 797 2745 2744 2766 2767 2768 2769 2759 2758 2770 2771 2772 2773
797 795 570 796 2769 2768 2774 2775 2776 2777 2778 2779 2780 2781 2782 2783
784 797 796 567 2761 2760 2779 2778 2784 2785 2651 2650 2786 2787 2788 2789
567 796 799 787 2785 2784 2790 2791 2792 2793 2675 2674 2794 2795 2796 2797
796 570 798 799 2777 2776 2798 2799 2800 2801 2791 2790 2802 2803 2804 2805
799 798 318 319 2801 2800 2806 2807 450 451 2808 2809 2810 2811 2812 2813
787 799 319 320 2793 2792 2809 2808 452 453 2683 2682 2814 2815 2816 2817
32 33 802 789 140 141 2818 2819 2820 2821 2703 2702 2822 2823 2824 2825
33 34 800 802 142 143 2826 2827 2828 2829 2819 2818 2830 2831 2832 2833
802 800 571 801 2829 2828 2834 2835 2836 2837 2838 2839 2840 2841 2842 2843
789 802 801 568 2821 2820 2839 2838 2844 2845 2711 2710 2846 2847 2848 2849
568 801 805 792 2845 2844 2850 2851 2852 2853 2735 2734 2854 2855 2856 2857
801 571 803 805 2837 2836 2858 2859 2860 2861 2851 2850 2862 2863 2864 2865
805 803 572 804 2861 2860 2866 2867 2868 2869 2870 2871 2872 2873 2874 2875
792 805 804 569 2853 2852 2871 2870 2876 2877 2743 2742 2878 2879 2880 2881
569 804 808 795 2877 2876 2882 2883 2884 2885 2767 2766 2886 2887 2888 2889
804 572 806 808 2869 2868 2890 2891 2892 2893 2883 2882 2894 2895 2896 2897
808 806 573 807 2893 2892 2898 2899 2900 2901 2902 2903 2904 2905 2906 2907
795 808 807 570 2885 2884 2903 2902 2908 2909 2775 2774 2910 2911 2912 2913
570 807 810 798 2909 2908 2914 2915 2916 2917 2799 2798 2918 2919 2920 2921
807 573 809 810 2901 2900 2922 2923 2924 2925 2915 2914 2926 2927 2928 2929
810 809 316 317 2925 2924 2930 2931 446 447 2932 2933 2934 2935 2936 2937
798 810 317 318 2917 2916 2933 2932 448 449 2807 2806 2938 2939 2940 2941
34 35 813 800 144 145 2942 2943 2944 2945 2827 2826 2946 2947 2948 2949
35 36 811 813 146 147 2950 2951 2952 2953 2943 2942 2954 2955 2956 2957
813 811 574 812 2953 2952 2958 2959 2960 2961 2962 2963 2964 2965 2966 2967
800 813 812 571 2945 2944 2963 2962 2968 2969 2835 2834 2970 2971 2972 2973
571 812 816 803 2969 2968 2974 2975 2976 2977 2859 2858 2978 2979 2980 2981
812 574 814 816 2961 2960 2982 2983 2984 2985 2975 2974 2986 2987 2988 2989
816 814 575 815 2985 2984 2990 2991 2992 2993 2994 2995 2996 2997 2998 2999
803 816 815 572 2977 2976 2995 2994 3000 3001 2867 2866 3002 3003 3004 3005
572 815 819 806 3001 3000 3006 3007 3008 3009 2891 2890 3010 3011 3012 3013
815 575 817 819 2993 2992 3014 3015 3016 3017 3007 3006 3018 3019 3020 3021
819 817 576 818 3017 3016 3022 3023 3024 3025 3026 3027 3028 3029 3030 3031
806 819 818 573 3009 3008 3027 3026 3032 3033 2899 2898 3034 3035 3036 3037
573 818 821 809 3033 3032 3038 3039 3040 3041 2923 2922 3042 3043 3044 3045
818 576 820 821 3025 3024 3046 3047 3048 3049 3039 3038 3050 3051 3052 3053
821 820 314 315 3049 3048 3054 3055 442 443 3056 3057 3058 3059 3060 3061
809 821 315 316 3041 3040 3057 3056 444 445 2931 2930 3062 3063 3064 3065
36 37 824 811 148 149 3066 3067 3068 3069 2951 2950 3070 3071 3072 3073
37 38 822 824 150 151 3074 3075 3076 3077 3067 3066 3078 3079 3080 3081
824 822 577 823 3077 3076 3082 3083 3084 3085 3086 3087 3088 3089 3090 3091
811 824 823 574 3069 3068 3087 3086 3092 3093 2959 2958 3094 3095 3096 3097
574 823 827 814 3093 3092 3098 3099 3100 3101 2983 2982 3102 3103 3104 3105
823 577 825 827 3085 3084 3106 3107 3108 3109 3099 3098 3110 3111 3112 3113
827 825 578 826 3109 3108 3114 3115 3116 3117 3118 3119 3120 3121 3122 3123
814 827 826 575 3101 3100 3119 3118 3124 3125 2991 2990 3126 3127 3128 3129
575 826 830 817 3125 3124 3130 3131 3132 3133 3015 3014 3134 3135 3136 3137
826 578 828 830 3117 3116 3138 3139 3140 3141 3131 3130 3142 3143 3144 3145
830 828 579 829 3141 3140 3146 3147 3148 3149 3150 3151 3152 3153 3154 3155
817 830 829 576 3133 3132 3151 3150 3156 3157 3023 3022 3158 3159 3160 3161
576 829 832 820 3157 3156 3162 3163 3164 3165 3047 3046 3166 3167 3168 3169
829 579 831 832 3149 3148 3170 3171 3172 3173 3163 3162 3174 3175 3176 3177
832 831 312 313 3173 3172 3178 3179 438 439 3180 3181 3182 3183 3184 3185
820 832 313 314 3165 3164 3181 3180 440 441 3055 3054 3186 3187 3188 3189
38 39 835 822 152 153 3190 3191 3192 3193 3075 3074 3194 3195 3196 3197
39 40 833 835 154 155 3198 3199 3200 3201 3191 3190 3202 3203 3204 3205
835 833 580 834 3201 3200 3206 3207 3208 3209 3210 3211 3212 3213 3214 3215
822 835 834 577 3193 3192 3211 3210 3216 3217 3083 3082 3218 3219 3220 3221
577 834 838 825 3217 3216 3222 3223 3224 3225 3107 3106 3226 3227 3228 3229
834 580 836 838 3209 3208 3230 3231 3232 3233 3223 3222 3234 3235 3236 3237
838 836 581 837 3233 3232 3238 3239 3240 3241 3242 3243 3244 3245 3246 3247
825 838 837 578 3225 3224 3243 3242 3248 3249 3115 3114 3250 3251 3252 3253
578 837 841 828 3249 3248 3254 3255 3256 3257 3139 3138 3258 3259 3260 3261
837 581 839 841 3241 3240 3262 3263 3264 3265 3255 3254 3266 3267 3268 3269
841 839 582 840 3265 3264 3270 3271 3272 3273 3274 3275 3276 3277 3278 3279
828 841 840 579 3257 3256 3275 3274 3280 3281 3147 3146 3282 3283 3284 3285
579 840 843 831 3281 3280 3286 3287 3288 3289 3171 3170 3290 3291 3292 3293
840 582 842 843 3273 3272 3294 3295 3296 3297 3287 3286 3298 3299 3300 3301
843 842 310 311 3297 3296 3302 3303 434 435 3304 3305 3306 3307 3308 3309
831 843 311 312 3289 3288 3305 3304 436 437 3179 3178 3310 3311 3312 3313
40 41 846 833 156 157 3314 3315 3316 3317 3199 3198 3318 3319 3320 3321
41 42 844 846 158 159 3322 3323 3324 3325 3315 3314 3326 3327 3328 3329
846 844 583 845 3325 3324 3330 3331 3332 3333 3334 3335 3336 3337 3338 3339
833 846 845 580 3317 3316 3335 3334 3340 3341 3207 3206 3342 3343 3344 3345
580 845 849 836 3341 3340 3346 3347 3348 3349 3231 3230 3350 3351 3352 3353
845 583 847 849 3333 3332 3354 3355 3356 3357 3347 3346 3358 3359 3360 3361
849 847 584 848 3357 3356 3362 3363 3364 3365 3366 3367 3368 3369 3370 3371
836 849 848 581 3349 3348 3367 3366 3372 3373 3239 3238 3374 3375 3376 3377
581 848 852 839 3373 3372 3378 3379 3380 3381 3263 3262 3382 3383 3384 3385
848 584 850 852 3365 3364 3386 3387 3388 3389 3379 3378 3390 3391 3392 3393
852 850 585 851 3389 3388 3394 3395 3396 3397 3398 3399 3400 3401 3402 3403
839 852 851 582 3381 3380 3399 3398 3404 3405 3271 3270 3406 3407 3408 3409
582 851 854 842 3405 3404 3410 3411 3412 3413 3295 3294 3414 3415 3416 3417
851 585 853 854 3397 3396 3418 3419 3420 3421 3411 3410 3422 3423 3424 3425
854 853 308 309 3421 3420 3426 3427 430 431 3428 3429 3430 3431 3432 3433
842 854 309 310 3413 3412 3429 3428 432 433 3303 3302 3434 3435 3436 3437
42 43 857 844 160 161 3438 3439 3440 3441 3323 3322 3442 3443 3444 3445
43 44 855 857 162 163 3446 3447 3448 3449 3439 3438 3450 3451 3452 3453
857 855 586 856 3449 3448 3454 3455 3456 3457 3458 3459 3460 3461 3462 3463
844 857 856 583 3441 3440 3459 3458 3464 3465 3331 3330 3466 3467 3468 3469
583 856 860 847 3465 3464 3470 3471 3472 3473 3355 3354 3474 3475 3476 3477
856 586 858 860 3457 3456 3478 3479 3480 3481 3471 3470 3482 3483 3484 3485
860 858 587 859 3481 3480 3486 3487 3488 3489 3490 3491 3492 3493 3494 3495
847 860 859 584 3473 3472 3491 3490 3496 3497 3363 3362 3498 3499 3500 3501
584 859 863 850 3497 3496 3502 3503 3504 3505 3387 3386 3506 3507 3508 3509
859 587 861 863 3489 3488 3510 3511 3512 3513 3503 3502 3514 3515 3516 3517
863 861 588 862 3513 3512 3518 3519 3520 3521 3522 3523 3524 3525 3526 3527
850 863 862 585 3505 3504 3523 3522 3528 3529 3395 3394 3530 3531 3532 3533
585 862 865 853 3529 3528 3534 3535 3536 3537 3419 3418 3538 3539 3540 3541
862 588 864 865 3521 3520 3542 3543 3544 3545 3535 3534 3546 3547 3548 3549
865 864 306 307 3545 3544 3550 3551 426 427 3552 3553 3554 3555 3556 3557
853 865 307 308 3537 3536 3553 3552 428 429 3427 3426 3558 3559 3560 3561
44 45 868 855 164 165 3562 3563 3564 3565 3447 3446 3566 3567 3568 3569
45 46 866 868 166 167 3570 3571 3572 3573 3563 3562 3574 3575 3576 3577
868 866 589 867 3573 3572 3578 3579 3580 3581 3582 3583 3584 3585 3586 3587
855 868 867 586 3565 3564 3583 3582 3588 3589 3455 3454 3590 3591 3592 3593
586 867 871 858 3589 3588 3594 3595 3596 3597 3479 3478 3598 3599 3600 3601
867 589 869 871 3581 3580 3602 3603 3604 3605 3595 3594 3606 3607 3608 3609
871 869 590 870 3605 3604 3610 3611 3612 3613 3614 3615 3616 3617 3618 3619
858 871 870 587 3597 3596 3615 3614 3620 3621 3487 3486 3622 3623 3624 3625
587 870 874 861 3621 3620 3626 3627 3628 3629 3511 3510 3630 3631 3632 3633
870 590 872 874 3613 3612 3634 3635 3636 3637 3627 3626 3638 3639 3640 3641
874 872 591 873 3637 3636 3642 3643 3644 3645 3646 3647 3648 3649 3650 3651
861 874 873 588 3629 3628 3647 3646 3652 3653 3519 3518 3654 3655 3656 3657
588 873 876 864 3653 3652 3658 3659 3660 3661 3543 3542 3662 3663 3664 3665
873 591 875 876 3645 3644 3666 3667 3668 3669 3659 3658 3670 3671 3672 3673
876 875 304 305 3669 3668 3674 3675 422 423 3676 3677 3678 3679 3680 3681
864 876 305 306 3661 3660 3677 3676 424 425 3551 3550 3682 3683 3684 3685
46 47 879 866 168 169 3686 3687 3688 3689 3571 3570 3690 3691 3692 3693
47 48 877 879 170 171 3694 3695 3696 3697 3687 3686 3698 3699 3700 3701
879 877 592 878 3697 3696 3702 3703 3704 3705 3706 3707 3708 3709 3710 3711
866 879 878 589 3689 3688 3707 3706 3712 3713 3579 3578 3714 3715 3716 3717
589 878 882 869 3713 3712 3718 3719 3720 3721 3603 3602 3722 3723 3724 3725
878 592 880 882 3705 3704 3726 3727 3728 3729 3719 3718 3730 3731 3732 3733
882 880 593 881 3729 3728 3734 3735 3736 3737 3738 3739 3740 3741 3742 3743
869 882 881 590 3721 3720 3739 3738 3744 3745 3611 3610 3746 3747 3748 3749
590 881 885 872 3745 3744 3750 3751 3752 3753 3635 3634 3754 3755 3756 3757
881 593 883 885 3737 3736 3758 3759 3760 3761 3751 3750 3762 3763 3764 3765
885 883 594 884 3761 3760 3766 3767 3768 3769 3770 3771 3772 3773 3774 3775
872 885 884 591 3753 3752 3771 3770 3776 3777 3643 3642 3778 3779 3780 3781
591 884 887 875 3777 3776 3782 3783 3784 3785 3667 3666 3786 3787 3788 3789
884 594 886 887 3769 3768 3790 3791 3792 3793 3783 3782 3794 3795 3796 3797
887 886 302 303 3793 3792 3798 3799 418 419 3800 3801 3802 3803 3804 3805
875 887 303 304 3785 3784 3801 3800 420 421 3675 3674 3806 3807 3808 3809
48 49 890 877 172 173 3810 3811 3812 3813 3695 3694 3814 3815 3816 3817
49 50 888 890 174 175 3818 3819 3820 3821 3811 3810 3822 3823 3824 3825
890 888 595 889 3821 3820 3826 3827 3828 3829 3830 3831 3832 3833 3834 3835
877 890 889 592 3813 3812 3831 3830 3836 3837 3703 3702 3838 3839 3840 3841
592 889 893 880 3837 3836 3842 3843 3844 3845 3727 3726 3846 3847 3848 3849
889 595 891 893 3829 3828 3850 3851 3852 3853 3843 3842 3854 3855 3856 3857
893 891 596 892 3853 3852 3858 3859 3860 3861 3862 3863 3864 3865 3866 3867
880 893 892 593 3845 3844 3863 3862 3868 3869 3735 3734 3870 3871 3872 3873
593 892 896 883 3869 3868 3874 3875 3876 3877 3759 3758 3878 3879 3880 3881
892 596 894 896 3861 3860 3882 3883 3884 3885 3875 3874 3886 3887 3888 3889
896 894 597 895 3885 3884 3890 3891 3892 3893 3894 3895 3896 3897 3898 3899
883 896 895 594 3877 3876 3895 3894 3900 3901 3767 3766 3902 3903 3904 3905
594 895 898 886 3901 3900 3906 3907 3908 3909 3791 3790 3910 3911 3912 3913
895 597 897 898 3893 3892 3914 3915 3916 3917 3907 3906 3918 3919 3920 3921
898 897 300 301 3917 3916 3922 3923 414 415 3924 3925 3926 3927 3928 3929
886 898 301 302 3909 3908 3925 3924 416 417 3799 3798 3930 3931 3932 3933
50 51 901 888 176 177 3934 3935 3936 3937 3819 3818 3938 3939 3940 3941
51 52 899 901 178 179 3942 3943 3944 3945 3935 3934 3946 3947 3948 3949
901 899 598 900 3945 3944 3950 3951 3952 3953 3954 3955 3956 3957 3958 3959
888 901 900 595 3937 3936 3955 3954 3960 3961 3827 3826 3962 3963 3964 3965
595 900 904 891 3961 3960 3966 3967 3968 3969 3851 3850 3970 3971 3972 3973
900 598 902 904 3953 3952 3974 3975 3976 3977 3967 3966 3978 3979 3980 3981
904 902 599 903 3977 3976 3982 3983 3984 3985 3986 3987 3988 3989 3990 3991
891 904 903 596 3969 3968 3987 3986 3992 3993 3859 3858 3994 3995 3996 3997
596 903 907 894 3993 3992 3998 3999 4000 4001 3883 3882 4002 4003 4004 4005
903 599 905 907 3985 3984 4006 4007 4008 4009 3999 3998 4010 4011 4012 4013
907 905 600 906 4009 4008 4014 4015 4016 4017 4018 4019 4020 4021 4022 4023
894 907 906 597 4001 4000 4019 4018 4024 4025 3891 3890 4026 4027 4028 4029
597 906 909 897 4025 4024 4030 4031 4032 4033 3915 3914 4034 4035 4036 4037
906 600 908 909 4017 4016 4038 4039 4040 4041 4031 4030 4042 4043 4044 4045
909 908 298 299 4041 4040 4046 4047 410 411 4048 4049 4050 4051 4052 4053
897 909 299 300 4033 4032 4049 4048 412 413 3923 3922 4054 4055 4056 4057
52 53 912 899 180 181 4058 4059 4060 4061 3943 3942 4062 4063 4064 4065
53 54 910 912 182 183 4066 4067 4068 4069 4059 4058 4070 4071 4072 4073
912 910 601 911 4069 4068 4074 4075 4076 4077 4078 4079 4080 4081 4082 4083
899 912 911 598 4061 4060 4079 4078 4084 4085 3951 3950 4086 4087 4088 4089
598 911 915 902 4085 4084 4090 4091 4092 4093 3975 3974 4094 4095 4096 4097
911 601 913 915 4077 4076 4098 4099 4100 4101 4091 4090 4102 4103 4104 4105
915 913 602 914 4101 4100 4106 4107 4108 4109 4110 4111 4112 4113 4114 4115
902 915 914 599 4093 4092 4111 4110 4116 4117 3983 3982 4118 4119 4120 4121
599 914 918 905 4117 4116 4122 4123 4124 4125 4007 4006 4126 4127 4128 4129
914 602 916 918 4109 4108 4130 4131 4132 4133 4123 4122 4134 4135 4136 4137
918 916 603 917 4133 4132 4138 4139 4140 4141 4142 4143 4144 4145 4146 4147
905 918 917 600 4125 4124 4143 4142 4148 4149 4015 4014 4150 4151 4152 4153
600 917 920 908 4149 4148 4154 4155 4156 4157 4039 4038 4158 4159 4160 4161
917 603 919 920 4141 4140 4162 4163 4164 4165 4155 4154 4166 4167 4168 4169
920 919 296 297 4165 4164 4170 4171 406 407 4172 4173 4174 4175 4176 4177
908 920 297 298 4157 4156 4173 4172 408 409 4047 4046 4178 4179 4180 4181
54 55 923 910 184 185 4182 4183 4184 4185 4067 4066 4186 4187 4188 4189
55 56 921 923 186 187 4190 4191 4192 4193 4183 4182 4194 4195 4196 4197
923 921 604 922 4193 4192 4198 4199 4200 4201 4202 4203 4204 4205 4206 4207
910 923 922 601 4185 4184 4203 4202 4208 4209 4075 4074 4210 4211 4212 4213
601 922 926 913 4209 4208 4214 4215 4216 4217 4099 4098 4218 4219 4220 4221
922 604 924 926 4201 4200 4222 4223 4224 4225 4215 4214 4226 4227 4228 4229
926 924 605 925 4225 4224 4230 4231 4232 4233 4234 4235 4236 4237 4238 4239
913 926 925 602 4217 4216 4235 4234 4240 4241 4107 4106 4242 4243 4244 4245
602 925 929 916 4241 4240 4246 4247 4248 4249 4131 4130 4250 4251 4252 4253
925 605 927 929 4233 4232 4254 4255 4256 4257 4247 4246 4258 4259 4260 4261
929 927 606 928 4257 4256 4262 4263 4264 4265 4266 4267 4268 4269 4270 4271
916 929 928 603 4249 4248 4267 4266 4272 4273 4139 4138 4274 4275 4276 4277
603 928 931 919 4273 4272 4278 4279 4280 4281 4163 4162 4282 4283 4284 4285
928 606 930 931 4265 4264 4286 4287 4288 4289 4279 4278 4290 4291 4292 4293
931 930 294 295 4289 4288 4294 4295 402 403 4296 4297 4298 4299 4300 4301
919 931 295 296 4281 4280 4297 4296 404 405 4171 4170 4302 4303 4304 4305
56 57 934 921 188 189 4306 4307 4308 4309 4191 4190 4310 4311 4312 4313
57 58 932 934 190 191 4314 4315 4316 4317 4307 4306 4318 4319 4320 4321
934 932 607 933 4317 4316 4322 4323 4324 4325 4326 4327 4328 4329 4330 4331
921 934 933 604 4309 4308 4327 4326 4332 4333 4199 4198 4334 4335 4336 4337
604 933 937 924 4333 4332 4338 4339 4340 4341 4223 4222 4342 4343 4344 4345
933 607 935 937 4325 4324 4346 4347 4348 4349 4339 4338 4350 4351 4352 4353
937 935 608 936 4349 4348 4354 4355 4356 4357 4358 4359 4360 4361 4362 4363
924 937 936 605 4341 4340 4359 4358 4364 4365 4231 4230 4366 4367 4368 4369
605 936 940 927 4365 4364 4370 4371 4372 4373 4255 4254 4374 4375 4376 4377
936 608 938 940 4357 4356 4378 4379 4380 4381 4371 4370 4382 4383 4384 4385
940 938 609 939 4381 4380 4386 4387 4388 4389 4390 4391 4392 4393 4394 4395
927 940 939 606 4373 4372 4391 4390 4396 4397 4263 4262 4398 4399 4400 4401
606 939 942 930 4397 4396 4402 4403 4404 4405 4287 4286 4406 4407 4408 4409
939 609 941 942 4389 4388 4410 4411 4412 4413 4403 4402 4414 4415 4416 4417
942 941 292 293 4413 4412 4418 4419 398 399 4420 4421 4422 4423 4424 4425
930 942 293 294 4405 4404 4421 4420 400 401 4295 4294 4426 4427 4428 4429
58 59 945 932 192 193 4430 4431 4432 4433 4315 4314 4434 4435 4436 4437
59 60 943 945 194 195 4438 4439 4440 4441 4431 4430 4442 4443 4444 4445
945 943 610 944 4441 4440 4446 4447 4448 4449 4450 4451 4452 4453 4454 4455
932 945 944 607 4433 4432 4451 4450 4456 4457 4323 4322 4458 4459 4460 4461
607 944 948 935 4457 4456 4462 4463 4464 4465 4347 4346 4466 4467 4468 4469
944 610 946 948 4449 4448 4470 4471 4472 4473 4463 4462 4474 4475 4476 4477
948 946 611 947 4473 4472 4478 4479 4480 4481 4482 4483 4484 4485 4486 4487
935 948 947 608 4465 4464 4483 4482 4488 4489 4355 4354 4490 4491 4492 4493
608 947 951 938 4489 4488 4494 4495 4496 4497 4379 4378 4498 4499 4500 4501
947 611 949 951 4481 4480 4502 4503 4504 4505 4495 4494 4506 4507 4508 4509
951 949 612 950 4505 4504 4510 4511 4512 4513 4514 4515 4516 4517 4518 4519
938 951 950 609 4497 4496 4515 4514 4520 4521 4387 4386 4522 4523 4524 4525
609 950 953 941 4521 4520 4526 4527 4528 4529 4411 4410 4530 4531 4532 4533
950 612 952 953 4513 4512 4534 4535 4536 4537 4527 4526 4538 4539 4540 4541
953 952 290 291 4537 4536 4542 4543 394 395 4544 4545 4546 4547 4548 4549
941 953 291 292 4529 4528 4545 4544 396 397 4419 4418 4550 4551 4552 4553
60 61 956 943 196 197 4554 4555 4556 4557 4439 4438 4558 4559 4560 4561
61 62 954 956 198 199 4562 4563 4564 4565 4555 4554 4566 4567 4568 4569
956 954 613 955 4565 4564 4570 4571 4572 4573 4574 4575 4576 4577 4578 4579
943 956 955 610 4557 4556 4575 4574 4580 4581 4447 4446 4582 4583 4584 4585
610 955 959 946 4581 4580 4586 4587 4588 4589 4471 4470 4590 4591 4592 4593
955 613 957 959 4573 4572 4594 4595 4596 4597 4587 4586 4598 4599 4600 4601
959 957 614 958 4597 4596 4602 4603 4604 4605 4606 4607 4608 4609 4610 4611
946 959 958 611 4589 4588 4607 4606 4612 4613 4479 4478 4614 4615 4616 4617
611 958 962 949 4613 4612 4618 4619 4620 4621 4503 4502 4622 4623 4624 4625
958 614 960 962 4605 4604 4626 4627 4628 4629 4619 4618 4630 4631 4632 4633
962 960 615 961 4629 4628 4634 4635 4636 4637 4638 4639 4640 4641 4642 4643
949 962 961 612 4621 4620 4639 4638 4644 4645 4511 4510 4646 4647 4648 4649
612 961 964 952 4645 4644 4650 4651 4652 4653 4535 4534 4654 4655 4656 4657
961 615 963 964 4637 4636 4658 4659 4660 4661 4651 4650 4662 4663 4664 4665
964 963 288 289 4661 4660 4666 4667 390 391 4668 4669 4670 4671 4672 4673
952 964 289 290 4653 4652 4669 4668 392 393 4543 4542 4674 4675 4676 4677
62 63 967 954 200 201 4678 4679 4680 4681 4563 4562 4682 4683 4684 4685
63 64 965 967 202 203 4686 4687 4688 4689 4679 4678 4690 4691 4692 4693
967 965 616 966 4689 4688 4694 4695 4696 4697 4698 4699 4700 4701 4702 4703
954 967 966 613 4681 4680 4699 4698 4704 4705 4571 4570 4706 4707 4708 4709
613 966 970 957 4705 4704 4710 4711 4712 4713 4595 4594 4714 4715 4716 4717
966 616 968 970 4697 4696 4718 4719 4720 4721 4711 4710 4722 4723 4724 4725
970 968 617 969 4721 4720 4726 4727 4728 4729 4730 4731 4732 4733 4734 4735
957 970 969 614 4713 4712 4731 4730 4736 4737 4603 4602 4738 4739 4740 4741
614 969 973 960 4737 4736 4742 4743 4744 4745 4627 4626 4746 4747 4748 4749
969 617 971 973 4729 4728 4750 4751 4752 4753 4743 4742 4754 4755 4756 4757
973 971 618 972 4753 4752 4758 4759 4760 4761 4762 4763 4764 4765 4766 4767
960 973 972 615 4745 4744 4763 4762 4768 4769 4635 4634 4770 4771 4772 4773
615 972 975 963 4769 4768 4774 4775 4776 4777 4659 4658 4778 4779 4780 4781
972 618 974 975 4761 4760 4782 4783 4784 4785 4775 4774 4786 4787 4788 4789
975 974 286 287 4785 4784 4790 4791 386 387 4792 4793 4794 4795 4796 4797
963 975 287 288 4777 4776 4793 4792 388 389 4667 4666 4798 4799 4800 4801
64 65 978 965 204 205 4802 4803 4804 4805 4687 4686 4806 4807 4808 4809
65 66 976 978 206 207 4810 4811 4812 4813 4803 4802 4814 4815 4816 4817
978 976 619 977 4813 4812 4818 4819 4820 4821 4822 4823 4824 4825 4826 4827
965 978 977 616 4805 4804 4823 4822 4828 4829 4695 4694 4830 4831 4832 4833
616 977 981 968 4829 4828 4834 4835 4836 4837 4719 4718 4838 4839 4840 4841
977 619 979 981 4821 4820 4842 4843 4844 4845 4835 4834 4846 4847 4848 4849
981 979 620 980 4845 4844 4850 4851 4852 4853 4854 4855 4856 4857 4858 4859
968 981 980 617 4837 4836 4855 4854 4860 4861 4727 4726 4862 4863 4864 4865
617 980 984 971 4861 4860 4866 4867 4868 4869 4751 4750 4870 4871 4872 4873
980 620 982 984 4853 4852 4874 4875 4876 4877 4867 4866 4878 4879 4880 4881
984 982 621 983 4877 4876 4882 4883 4884 4885 4886 4887 4888 4889 4890 4891
971 984 983 618 4869 4868 4887 4886 4892 4893 4759 4758 4894 4895 4896 4897
618 983 986 974 4893 4892 4898 4899 4900 4901 4783 4782 4902 4903 4904 4905
983 621 985 986 4885 4884 4906 4907 4908 4909 4899 4898 4910 4911 4912 4913
986 985 284 285 4909 4908 4914 4915 382 383 4916 4917 4918 4919 4920 4921
974 986 285 286 4901 4900 4917 4916 384 385 4791 4790 4922 4923 4924 4925
66 67 989 976 208 209 4926 4927 4928 4929 4811 4810 4930 4931 4932 4933
67 68 987 989 210 211 4934 4935 4936 4937 4927 4926 4938 4939 4940 4941
989 987 622 988 4937 4936 4942 4943 4944 4945 4946 4947 4948 4949 4950 4951
976 989 988 619 4929 4928 4947 4946 4952 4953 4819 4818 4954 4955 4956 4957
619 988 992 979 4953 4952 4958 4959 4960 4961 4843 4842 4962 4963 4964 4965
988 622 990 992 4945 4944 4966 4967 4968 4969 4959 4958 4970 4971 4972 4973
992 990 623 991 4969 4968 4974 4975 4976 4977 4978 4979 4980 4981 4982 4983
979 992 991 620 4961 4960 4979 4978 4984 4985 4851 4850 4986 4987 4988 4989
620 991 995 982 4985 4984 4990 4991 4992 4993 4875 4874 4994 4995 4996 4997
991 623 993 995 4977 4976 4998 4999 5000 5001 4991 4990 5002 5003 5004 5005
995 993 624 994 5001 5000 5006 5007 5008 5009 5010 5011 5012 5013 5014 5015
982 995 994 621 4993 4992 5011 5010 5016 5017 4883 4882 5018 5019 5020 5021
621 994 997 985 5017 5016 5022 5023 5024 5025 4907 4906 5026 5027 5028 5029
994 624 996 997 5009 5008 5030 5031 5032 5033 5023 5022 5034 5035 5036 5037
997 996 282 283 5033 5032 5038 5039 378 379 5040 5041 5042 5043 5044 5045
985 997 283 284 5025 5024 5041 5040 380 381 4915 4914 5046 5047 5048 5049
68 69 1000 987 212 213 5050 5051 5052 5053 4935 4934 5054 5055 5056 5057
69 70 998 1000 214 215 5058 5059 5060 5061 5051 5050 5062 5063 5064 5065
1000 998 625 999 5061 5060 5066 5067 5068 5069 5070 5071 5072 5073 5074 5075
987 1000 999 622 5053 5052 5071 5070 5076 5077 4943 4942 5078 5079 5080 5081
622 999 1003 990 5077 5076 5082 5083 5084 5085 4967 4966 5086 5087 5088 5089
999 625 1001 1003 5069 5068 5090 5091 5092 5093 5083 5082 5094 5095 5096 5097
1003 1001 626 1002 5093 5092 5098 5099 5100 5101 5102 5103 5104 5105 5106 5107
990 1003 1002 623 5085 5084 5103 5102 5108 5109 4975 4974 5110 5111 5112 5113
623 1002 1006 993 5109 5108 5114 5115 5116 5117 4999 4998 5118 5119 5120 5121
1002 626 1004 1006 5101 5100 5122 5123 5124 5125 5115 5114 5126 5127 5128 5129
1006 1004 627 1005 5125 5124 5130 5131 5132 5133 5134 5135 5136 5137 5138 5139
993 1006 1005 624 5117 5116 5135 5134 5140 5141 5007 5006 5142 5143 5144 5145
624 1005 1008 996 5141 5140 5146 5147 5148 5149 5031 5030 5150 5151 5152 5153
1005 627 1007 1008 5133 5132 5154 5155 5156 5157 5147 5146 5158 5159 5160 5161
1008 1007 280 281 5157 5156 5162 5163 374 375 5164 5165 5166 5167 5168 5169
996 1008 281 282 5149 5148 5165 5164 376 377 5039 5038 5170 5171 5172 5173
70 71 1011 998 216 217 5174 5175 5176 5177 5059 5058 5178 5179 5180 5181
71 72 1009 1011 218 219 5182 5183 5184 5185 5175 5174 5186 5187 5188 5189
1011 1009 628 1010 5185 5184 5190 5191 5192 5193 5194 5195 5196 5197 5198 5199
998 1011 1010 625 5177 5176 5195 5194 5200 5201 5067 5066 5202 5203 5204 5205
625 1010 1014 1001 5201 5200 5206 5207 5208 5209 5091 5090 5210 5211 5212 5213
1010 628 1012 1014 5193 5192 5214 5215 5216 5217 5207 5206 5218 5219 5220 5221
1014 1012 629 1013 5217 5216 5222 5223 5224 5225 5226 5227 5228 5229 5230 5231
1001 1014 1013 626 5209 5208 5227 5226 5232 5233 5099 5098 5234 5235 5236 5237
626 1013 1017 1004 5233 5232 5238 5239 5240 5241 5123 5122 5242 5243 5244 5245
1013 629 1015 1017 5225 5224 5246 5247 5248 5249 5239 5238 5250 5251 5252 5253
1017 1015 630 1016 5249 5248 5254 5255 5256 5257 5258 5259 5260 5261 5262 5263
1004 1017 1016 627 5241 5240 5259 5258 5264 5265 5131 5130 5266 5267 5268 5269
627 1016 1019 1007 5265 5264 5270 5271 5272 5273 5155 5154 5274 5275 5276 5277
1016 630 1018 1019 5257 5256 5278 5279 5280 5281 5271 5270 5282 5283 5284 5285
1019 1018 278 279 5281 5280 5286 5287 370 371 5288 5289 5290 5291 5292 5293
1007 1019 279 280 5273 5272 5289 5288 372 373 5163 5162 5294 5295 5296 5297
72 73 1022 1009 220 221 5298 5299 5300 5301 5183 5182 5302 5303 5304 5305
73 74 1020 1022 222 223 5306 5307 5308 5309 5299 5298 5310 5311 5312 5313
1022 1020 631 1021 5309 5308 5314 5315 5316 5317 5318 5319 5320 5321 5322 5323
1009 1022 1021 628 5301 5300 5319 5318 5324 5325 5191 5190 5326 5327 5328 5329
628 1021 1025 1012 5325 5324 5330 5331 5332 5333 5215 5214 5334 5335 5336 5337
1021 631 1023 1025 5317 5316 5338 5339 5340 5341 5331 5330 5342 5343 5344 5345
1025 1023 632 1024 5341 5340 5346 5347 5348 5349 5350 5351 5352 5353 5354 5355
1012 1025 1024 629 5333 5332 5351 5350 5356 5357 5223 5222 5358 5359 5360 5361
629 1024 1028 1015 5357 5356 5362 5363 5364 5365 5247 5246 5366 5367 5368 5369
1024 632 1026 1028 5349 5348 5370 5371 5372 5373 5363 5362 5374 5375 5376 5377
1028 1026 633 1027 5373 5372 5378 5379 5380 5381 5382 5383 5384 5385 5386 5387
1015 1028 1027 630 5365 5364 5383 5382 5388 5389 5255 5254 5390 5391 5392 5393
630 1027 1030 1018 5389 5388 5394 5395 5396 5397 5279 5278 5398 5399 5400 5401
1027 633 1029 1030 5381 5380 5402 5403 5404 5405 5395 5394 5406 5407 5408 5409
1030 1029 276 277 5405 5404 5410 5411 366 367 5412 5413 5414 5415 5416 5417
1018 1030 277 278 5397 5396 5413 5412 368 369 5287 5286 5418 5419 5420 5421
74 75 1033 1020 224 225 5422 5423 5424 5425 5307 5306 5426 5427 5428 5429
75 76 1031 1033 226 227 5430 5431 5432 5433 5423 5422 5434 5435 5436 5437
1033 1031 634 1032 5433 5432 5438 5439 5440 5441 5442 5443 5444 5445 5446 5447
1020 1033 1032 631 5425 5424 5443 5442 5448 5449 5315 5314 5450 5451 5452 5453
631 1032 1036 1023 5449 5448 5454 5455 5456 5457 5339 5338 5458 5459 5460 5461
1032 634 1034 1036 5441 5440 5462 5463 5464 5465 5455 5454 5466 5467 5468 5469
1036 1034 635 1035 5465 5464 5470 5471 5472 5473 5474 5475 5476 5477 5478 5479
1023 1036 1035 632 5457 5456 5475 5474 5480 5481 5347 5346 5482 5483 5484 5485
632 1035 1039 1026 5481 5480 5486 5487 5488 5489 5371 5370 5490 5491 5492 5493
1035 635 1037 1039 5473 5472 5494 5495 5496 5497 5487 5486 5498 5499 5500 5501
1039 1037 636 1038 5497 5496 5502 5503 5504 5505 5506 5507 5508 5509 5510 5511
1026 1039 1038 633 5489 5488 5507 5506 5512 5513 5379 5378 5514 5515 5516 5517
633 1038 1041 1029 5513 5512 5518 5519 5520 5521 5403 5402 5522 5523 5524 5525
1038 636 1040 1041 5505 5504 5526 5527 5528 5529 5519 5518 5530 5531 5532 5533
1041 1040 274 275 5529 5528 5534 5535 362 363 5536 5537 5538 5539 5540 5541
1029 1041 275 276 5521 5520 5537 5536 364 365 5411 5410 5542 5543 5544 5545
76 77 1044 1031 228 229 5546 5547 5548 5549 5431 5430 5550 5551 5552 5553
77 78 1042 1044 230 231 5554 5555 5556 5557 5547 5546 5558 5559 5560 5561
1044 1042 637 1043 5557 5556 5562 5563 5564 5565 5566 5567 5568 5569 5570 5571
1031 1044 1043 634 5549 5548 5567 5566 5572 5573 5439 5438 5574 5575 5576 5577
634 1043 1047 1034 5573 5572 5578 5579 5580 5581 5463 5462 5582 5583 5584 5585
1043 637 1045 1047 5565 5564 5586 5587 5588 5589 5579 5578 5590 5591 5592 5593
1047 1045 638 1046 5589 5588 5594 5595 5596 5597 5598 5599 5600 5601 5602 5603
1034 1047 1046 635 5581 5580 5599 5598 5604 5605 5471 5470 5606 5607 5608 5609
635 1046 1050 1037 5605 5604 5610 5611 5612 5613 5495 5494 5614 5615 5616 5617
1046 638 1048 1050 5597 5596 5618 5619 5620 5621 5611 5610 5622 5623 5624 5625
1050 1048 639 1049 5621 5620 5626 5627 5628 5629 5630 5631 5632 5633 5634 5635
1037 1050 1049 636 5613 5612 5631 5630 5636 5637 5503 5502 5638 5639 5640 5641
636 1049 1052 1040 5637 5636 5642 5643 5644 5645 5527 5526 5646 5647 5648 5649
1049 639 1051 1052 5629 5628 5650 5651 5652 5653 5643 5642 5654 5655 5656 5657
1052 1051 272 273 5653 5652 5658 5659 358 359 5660 5661 5662 5663 5664 5665
1040 1052 273 274 5645 5644 5661 5660 360 361 5535 5534 5666 5667 5668 5669
78 79 1055 1042 232 233 5670 5671 5672 5673 5555 5554 5674 5675 5676 5677
79 80 1053 1055 234 235 5678 5679 5680 5681 5671 5670 5682 5683 5684 5685
1055 1053 640 1054 5681 5680 5686 5687 5688 5689 5690 5691 5692 5693 5694 5695
1042 1055 1054 637 5673 5672 5691 5690 5696 5697 5563 5562 5698 5699 5700 5701
637 1054 1058 1045 5697 5696 5702 5703 5704 5705 5587 5586 5706 5707 5708 5709
1054 640 1056 1058 5689 5688 5710 5711 5712 5713 5703 5702 5714 5715 5716 5717
1058 1056 641 1057 5713 5712 5718 5719 5720 5721 5722 5723 5724 5725 5726 5727
1045 1058 1057 638 5705 5704 5723 5722 5728 5729 5595 5594 5730 5731 5732 5733
638 1057 1061 1048 5729 5728 5734 5735 5736 5737 5619 5618 5738 5739 5740 5741
1057 641 1059 1061 5721 5720 5742 5743 5744 5745 5735 5734 5746 5747 5748 5749
1061 1059 642 1060 5745 5744 5750 5751 5752 5753 5754 5755 5756 5757 5758 5759
1048 1061 1060 639 5737 5736 5755 5754 5760 5761 5627 5626 5762 5763 5764 5765
639 1060 1063 1051 5761 5760 5766 5767 5768 5769 5651 5650 5770 5771 5772 5773
1060 642 1062 1063 5753 5752 5774 5775 5776 5777 5767 5766 5778 5779 5780 5781
1063 1062 270 271 5777 5776 5782 5783 354 355 5784 5785 5786 5787 5788 5789
1051 1063 271 272 5769 5768 5785 5784 356 357 5659 5658 5790 5791 5792 5793
80 81 1066 1053 236 237 5794 5795 5796 5797 5679 5678 5798 5799 5800 5801
81 82 1064 1066 238 239 5802 5803 5804 5805 5795 5794 5806 5807 5808 5809
1066 1064 643 1065 5805 5804 5810 5811 5812 5813 5814 5815 5816 5817 5818 5819
1053 1066 1065 640 5797 5796 5815 5814 5820 5821 5687 5686 5822 5823 5824 5825
640 1065 1069 1056 5821 5820 5826 5827 5828 5829 5711 5710 5830 5831 5832 5833
1065 643 1067 1069 5813 5812 5834 5835 5836 5837 5827 5826 5838 5839 5840 5841
1069 1067 644 1068 5837 5836 5842 5843 5844 5845 5846 5847 5848 5849 5850 5851
1056 1069 1068 641 5829 5828 5847 5846 5852 5853 5719 5718 5854 5855 5856 5857
641 1068 1072 1059 5853 5852 5858 5859 5860 5861 5743 5742 5862 5863 5864 5865
1068 644 1070 1072 5845 5844 5866 5867 5868 5869 5859 5858 5870 5871 5872 5873
1072 1070 645 1071 5869 5868 5874 5875 5876 5877 5878 5879 5880 5881 5882 5883
1059 1072 1071 642 5861 5860 5879 5878 5884 5885 5751 5750 5886 5887 5888 5889
642 1071 1074 1062 5885 5884 5890 5891 5892 5893 5775 5774 5894 5895 5896 5897
1071 645 1073 1074 5877 5876 5898 5899 5900 5901 5891 5890 5902 5903 5904 5905
1074 1073 268 269 5901 5900 5906 5907 350 351 5908 5909 5910 5911 5912 5913
1062 1074 269 270 5893 5892 5909 5908 352 353 5783 5782 5914 5915 5916 5917
82 83 1076 1064 240 241 5918 5919 5920 5921 5803 5802 5922 5923 5924 5925
83 2 244 1076 242 243 251 252 5926 5927 5919 5918 5928 5929 5930 5931
1076 244 245 1075 5927 5926 253 254 5932 5933 5934 5935 5936 5937 5938 5939
1064 1076 1075 643 5921 5920 5935 5934 5940 5941 5811 5810 5942 5943 5944 5945
643 1075 1078 1067 5941 5940 5946 5947 5948 5949 5835 5834 5950 5951 5952 5953
1075 245 246 1078 5933 5932 255 256 5954 5955 5947 5946 5956 5957 5958 5959
1078 246 247 1077 5955 5954 257 258 5960 5961 5962 5963 5964 5965 5966 5967
1067 1078 1077 644 5949 5948 5963 5962 5968 5969 5843 5842 5970 5971 5972 5973
644 1077 1080 1070 5969 5968 5974 5975 5976 5977 5867 5866 5978 5979 5980 5981
1077 247 248 1080 5961 5960 259 260 5982 5983 5975 5974 5984 5985 5986 5987
1080 248 249 1079 5983 5982 261 262 5988 5989 5990 5991 5992 5993 5994 5995
1070 1080 1079 645 5977 5976 5991 5990 5996 5997 5875 5874 5998 5999 6000 6001
645 1079 1081 1073 5997 5996 6002 6003 6004 6005 5899 5898 6006 6007 6008 6009
1079 249 250 1081 5989 5988 263 264 6010 6011 6003 6002 6012 6013 6014 6015
1081 250 3 267 6011 6010 265 266 346 347 6016 6017 6018 6019 6020 6021
1073 1081 267 268 6005 6004 6017 6016 348 349 5907 5906 6022 6023 6024 6025
