1 5 824 680 84 85 86 1258 1259 1260 1261 1262 1263 702 703 704 1264 1268 1265 1269 1266 1270 1267 1271 1272
5 6 822 824 87 88 89 1273 1274 1275 1276 1277 1278 1260 1259 1258 1279 1283 1280 1284 1281 1285 1282 1286 1287
824 822 705 823 1278 1277 1276 1288 1289 1290 1291 1292 1293 1294 1295 1296 1297 1301 1298 1302 1299 1303 1300 1304 1305
680 824 823 679 1263 1262 1261 1296 1295 1294 1306 1307 1308 699 700 701 1309 1313 1310 1314 1311 1315 1312 1316 1317
679 823 827 678 1308 1307 1306 1318 1319 1320 1321 1322 1323 696 697 698 1324 1328 1325 1329 1326 1330 1327 1331 1332
823 705 825 827 1293 1292 1291 1333 1334 1335 1336 1337 1338 1320 1319 1318 1339 1343 1340 1344 1341 1345 1342 1346 1347
827 825 706 826 1338 1337 1336 1348 1349 1350 1351 1352 1353 1354 1355 1356 1357 1361 1358 1362 1359 1363 1360 1364 1365
678 827 826 677 1323 1322 1321 1356 1355 1354 1366 1367 1368 693 694 695 1369 1373 1370 1374 1371 1375 1372 1376 1377
677 826 830 676 1368 1367 1366 1378 1379 1380 1381 1382 1383 690 691 692 1384 1388 1385 1389 1386 1390 1387 1391 1392
826 706 828 830 1353 1352 1351 1393 1394 1395 1396 1397 1398 1380 1379 1378 1399 1403 1400 1404 1401 1405 1402 1406 1407
830 828 707 829 1398 1397 1396 1408 1409 1410 1411 1412 1413 1414 1415 1416 1417 1421 1418 1422 1419 1423 1420 1424 1425
676 830 829 675 1383 1382 1381 1416 1415 1414 1426 1427 1428 687 688 689 1429 1433 1430 1434 1431 1435 1432 1436 1437
675 829 832 674 1428 1427 1426 1438 1439 1440 1441 1442 1443 684 685 686 1444 1448 1445 1449 1446 1450 1447 1451 1452
829 707 831 832 1413 1412 1411 1453 1454 1455 1456 1457 1458 1440 1439 1438 1459 1463 1460 1464 1461 1465 1462 1466 1467
832 831 432 433 1458 1457 1456 1468 1469 1470 668 669 670 1471 1472 1473 1474 1478 1475 1479 1476 1480 1477 1481 1482
674 832 433 4 1443 1442 1441 1473 1472 1471 671 672 673 681 682 683 1483 1487 1484 1488 1485 1489 1486 1490 1491
6 7 835 822 90 91 92 1492 1493 1494 1495 1496 1497 1275 1274 1273 1498 1502 1499 1503 1500 1504 1501 1505 1506
7 8 833 835 93 94 95 1507 1508 1509 1510 1511 1512 1494 1493 1492 1513 1517 1514 1518 1515 1519 1516 1520 1521
835 833 708 834 1512 1511 1510 1522 1523 1524 1525 1526 1527 1528 1529 1530 1531 1535 1532 1536 1533 1537 1534 1538 1539
822 835 834 705 1497 1496 1495 1530 1529 1528 1540 1541 1542 1290 1289 1288 1543 1547 1544 1548 1545 1549 1546 1550 1551
705 834 838 825 1542 1541 1540 1552 1553 1554 1555 1556 1557 1335 1334 1333 1558 1562 1559 1563 1560 1564 1561 1565 1566
834 708 836 838 1527 1526 1525 1567 1568 1569 1570 1571 1572 1554 1553 1552 1573 1577 1574 1578 1575 1579 1576 1580 1581
838 836 709 837 1572 1571 1570 1582 1583 1584 1585 1586 1587 1588 1589 1590 1591 1595 1592 1596 1593 1597 1594 1598 1599
825 838 837 706 1557 1556 1555 1590 1589 1588 1600 1601 1602 1350 1349 1348 1603 1607 1604 1608 1605 1609 1606 1610 1611
706 837 841 828 1602 1601 1600 1612 1613 1614 1615 1616 1617 1395 1394 1393 1618 1622 1619 1623 1620 1624 1621 1625 1626
837 709 839 841 1587 1586 1585 1627 1628 1629 1630 1631 1632 1614 1613 1612 1633 1637 1634 1638 1635 1639 1636 1640 1641
841 839 710 840 1632 1631 1630 1642 1643 1644 1645 1646 1647 1648 1649 1650 1651 1655 1652 1656 1653 1657 1654 1658 1659
828 841 840 707 1617 1616 1615 1650 1649 1648 1660 1661 1662 1410 1409 1408 1663 1667 1664 1668 1665 1669 1666 1670 1671
707 840 843 831 1662 1661 1660 1672 1673 1674 1675 1676 1677 1455 1454 1453 1678 1682 1679 1683 1680 1684 1681 1685 1686
840 710 842 843 1647 1646 1645 1687 1688 1689 1690 1691 1692 1674 1673 1672 1693 1697 1694 1698 1695 1699 1696 1700 1701
843 842 430 431 1692 1691 1690 1702 1703 1704 662 663 664 1705 1706 1707 1708 1712 1709 1713 1710 1714 1711 1715 1716
831 843 431 432 1677 1676 1675 1707 1706 1705 665 666 667 1470 1469 1468 1717 1721 1718 1722 1719 1723 1720 1724 1725
8 9 846 833 96 97 98 1726 1727 1728 1729 1730 1731 1509 1508 1507 1732 1736 1733 1737 1734 1738 1735 1739 1740
9 10 844 846 99 100 101 1741 1742 1743 1744 1745 1746 1728 1727 1726 1747 1751 1748 1752 1749 1753 1750 1754 1755
846 844 711 845 1746 1745 1744 1756 1757 1758 1759 1760 1761 1762 1763 1764 1765 1769 1766 1770 1767 1771 1768 1772 1773
833 846 845 708 1731 1730 1729 1764 1763 1762 1774 1775 1776 1524 1523 1522 1777 1781 1778 1782 1779 1783 1780 1784 1785
708 845 849 836 1776 1775 1774 1786 1787 1788 1789 1790 1791 1569 1568 1567 1792 1796 1793 1797 1794 1798 1795 1799 1800
845 711 847 849 1761 1760 1759 1801 1802 1803 1804 1805 1806 1788 1787 1786 1807 1811 1808 1812 1809 1813 1810 1814 1815
849 847 712 848 1806 1805 1804 1816 1817 1818 1819 1820 1821 1822 1823 1824 1825 1829 1826 1830 1827 1831 1828 1832 1833
836 849 848 709 1791 1790 1789 1824 1823 1822 1834 1835 1836 1584 1583 1582 1837 1841 1838 1842 1839 1843 1840 1844 1845
709 848 852 839 1836 1835 1834 1846 1847 1848 1849 1850 1851 1629 1628 1627 1852 1856 1853 1857 1854 1858 1855 1859 1860
848 712 850 852 1821 1820 1819 1861 1862 1863 1864 1865 1866 1848 1847 1846 1867 1871 1868 1872 1869 1873 1870 1874 1875
852 850 713 851 1866 1865 1864 1876 1877 1878 1879 1880 1881 1882 1883 1884 1885 1889 1886 1890 1887 1891 1888 1892 1893
839 852 851 710 1851 1850 1849 1884 1883 1882 1894 1895 1896 1644 1643 1642 1897 1901 1898 1902 1899 1903 1900 1904 1905
710 851 854 842 1896 1895 1894 1906 1907 1908 1909 1910 1911 1689 1688 1687 1912 1916 1913 1917 1914 1918 1915 1919 1920
851 713 853 854 1881 1880 1879 1921 1922 1923 1924 1925 1926 1908 1907 1906 1927 1931 1928 1932 1929 1933 1930 1934 1935
854 853 428 429 1926 1925 1924 1936 1937 1938 656 657 658 1939 1940 1941 1942 1946 1943 1947 1944 1948 1945 1949 1950
842 854 429 430 1911 1910 1909 1941 1940 1939 659 660 661 1704 1703 1702 1951 1955 1952 1956 1953 1957 1954 1958 1959
10 11 857 844 102 103 104 1960 1961 1962 1963 1964 1965 1743 1742 1741 1966 1970 1967 1971 1968 1972 1969 1973 1974
11 12 855 857 105 106 107 1975 1976 1977 1978 1979 1980 1962 1961 1960 1981 1985 1982 1986 1983 1987 1984 1988 1989
857 855 714 856 1980 1979 1978 1990 1991 1992 1993 1994 1995 1996 1997 1998 1999 2003 2000 2004 2001 2005 2002 2006 2007
844 857 856 711 1965 1964 1963 1998 1997 1996 2008 2009 2010 1758 1757 1756 2011 2015 2012 2016 2013 2017 2014 2018 2019
711 856 860 847 2010 2009 2008 2020 2021 2022 2023 2024 2025 1803 1802 1801 2026 2030 2027 2031 2028 2032 2029 2033 2034
856 714 858 860 1995 1994 1993 2035 2036 2037 2038 2039 2040 2022 2021 2020 2041 2045 2042 2046 2043 2047 2044 2048 2049
860 858 715 859 2040 2039 2038 2050 2051 2052 2053 2054 2055 2056 2057 2058 2059 2063 2060 2064 2061 2065 2062 2066 2067
847 860 859 712 2025 2024 2023 2058 2057 2056 2068 2069 2070 1818 1817 1816 2071 2075 2072 2076 2073 2077 2074 2078 2079
712 859 863 850 2070 2069 2068 2080 2081 2082 2083 2084 2085 1863 1862 1861 2086 2090 2087 2091 2088 2092 2089 2093 2094
859 715 861 863 2055 2054 2053 2095 2096 2097 2098 2099 2100 2082 2081 2080 2101 2105 2102 2106 2103 2107 2104 2108 2109
863 861 716 862 2100 2099 2098 2110 2111 2112 2113 2114 2115 2116 2117 2118 2119 2123 2120 2124 2121 2125 2122 2126 2127
850 863 862 713 2085 2084 2083 2118 2117 2116 2128 2129 2130 1878 1877 1876 2131 2135 2132 2136 2133 2137 2134 2138 2139
713 862 865 853 2130 2129 2128 2140 2141 2142 2143 2144 2145 1923 1922 1921 2146 2150 2147 2151 2148 2152 2149 2153 2154
862 716 864 865 2115 2114 2113 2155 2156 2157 2158 2159 2160 2142 2141 2140 2161 2165 2162 2166 2163 2167 2164 2168 2169
865 864 426 427 2160 2159 2158 2170 2171 2172 650 651 652 2173 2174 2175 2176 2180 2177 2181 2178 2182 2179 2183 2184
853 865 427 428 2145 2144 2143 2175 2174 2173 653 654 655 1938 1937 1936 2185 2189 2186 2190 2187 2191 2188 2192 2193
12 13 868 855 108 109 110 2194 2195 2196 2197 2198 2199 1977 1976 1975 2200 2204 2201 2205 2202 2206 2203 2207 2208
13 14 866 868 111 112 113 2209 2210 2211 2212 2213 2214 2196 2195 2194 2215 2219 2216 2220 2217 2221 2218 2222 2223
868 866 717 867 2214 2213 2212 2224 2225 2226 2227 2228 2229 2230 2231 2232 2233 2237 2234 2238 2235 2239 2236 2240 2241
855 868 867 714 2199 2198 2197 2232 2231 2230 2242 2243 2244 1992 1991 1990 2245 2249 2246 2250 2247 2251 2248 2252 2253
714 867 871 858 2244 2243 2242 2254 2255 2256 2257 2258 2259 2037 2036 2035 2260 2264 2261 2265 2262 2266 2263 2267 2268
867 717 869 871 2229 2228 2227 2269 2270 2271 2272 2273 2274 2256 2255 2254 2275 2279 2276 2280 2277 2281 2278 2282 2283
871 869 718 870 2274 2273 2272 2284 2285 2286 2287 2288 2289 2290 2291 2292 2293 2297 2294 2298 2295 2299 2296 2300 2301
858 871 870 715 2259 2258 2257 2292 2291 2290 2302 2303 2304 2052 2051 2050 2305 2309 2306 2310 2307 2311 2308 2312 2313
715 870 874 861 2304 2303 2302 2314 2315 2316 2317 2318 2319 2097 2096 2095 2320 2324 2321 2325 2322 2326 2323 2327 2328
870 718 872 874 2289 2288 2287 2329 2330 2331 2332 2333 2334 2316 2315 2314 2335 2339 2336 2340 2337 2341 2338 2342 2343
874 872 719 873 2334 2333 2332 2344 2345 2346 2347 2348 2349 2350 2351 2352 2353 2357 2354 2358 2355 2359 2356 2360 2361
861 874 873 716 2319 2318 2317 2352 2351 2350 2362 2363 2364 2112 2111 2110 2365 2369 2366 2370 2367 2371 2368 2372 2373
716 873 876 864 2364 2363 2362 2374 2375 2376 2377 2378 2379 2157 2156 2155 2380 2384 2381 2385 2382 2386 2383 2387 2388
873 719 875 876 2349 2348 2347 2389 2390 2391 2392 2393 2394 2376 2375 2374 2395 2399 2396 2400 2397 2401 2398 2402 2403
876 875 424 425 2394 2393 2392 2404 2405 2406 644 645 646 2407 2408 2409 2410 2414 2411 2415 2412 2416 2413 2417 2418
864 876 425 426 2379 2378 2377 2409 2408 2407 647 648 649 2172 2171 2170 2419 2423 2420 2424 2421 2425 2422 2426 2427
14 15 879 866 114 115 116 2428 2429 2430 2431 2432 2433 2211 2210 2209 2434 2438 2435 2439 2436 2440 2437 2441 2442
15 16 877 879 117 118 119 2443 2444 2445 2446 2447 2448 2430 2429 2428 2449 2453 2450 2454 2451 2455 2452 2456 2457
879 877 720 878 2448 2447 2446 2458 2459 2460 2461 2462 2463 2464 2465 2466 2467 2471 2468 2472 2469 2473 2470 2474 2475
866 879 878 717 2433 2432 2431 2466 2465 2464 2476 2477 2478 2226 2225 2224 2479 2483 2480 2484 2481 2485 2482 2486 2487
717 878 882 869 2478 2477 2476 2488 2489 2490 2491 2492 2493 2271 2270 2269 2494 2498 2495 2499 2496 2500 2497 2501 2502
878 720 880 882 2463 2462 2461 2503 2504 2505 2506 2507 2508 2490 2489 2488 2509 2513 2510 2514 2511 2515 2512 2516 2517
882 880 721 881 2508 2507 2506 2518 2519 2520 2521 2522 2523 2524 2525 2526 2527 2531 2528 2532 2529 2533 2530 2534 2535
869 882 881 718 2493 2492 2491 2526 2525 2524 2536 2537 2538 2286 2285 2284 2539 2543 2540 2544 2541 2545 2542 2546 2547
718 881 885 872 2538 2537 2536 2548 2549 2550 2551 2552 2553 2331 2330 2329 2554 2558 2555 2559 2556 2560 2557 2561 2562
881 721 883 885 2523 2522 2521 2563 2564 2565 2566 2567 2568 2550 2549 2548 2569 2573 2570 2574 2571 2575 2572 2576 2577
885 883 722 884 2568 2567 2566 2578 2579 2580 2581 2582 2583 2584 2585 2586 2587 2591 2588 2592 2589 2593 2590 2594 2595
872 885 884 719 2553 2552 2551 2586 2585 2584 2596 2597 2598 2346 2345 2344 2599 2603 2600 2604 2601 2605 2602 2606 2607
719 884 887 875 2598 2597 2596 2608 2609 2610 2611 2612 2613 2391 2390 2389 2614 2618 2615 2619 2616 2620 2617 2621 2622
884 722 886 887 2583 2582 2581 2623 2624 2625 2626 2627 2628 2610 2609 2608 2629 2633 2630 2634 2631 2635 2632 2636 2637
887 886 422 423 2628 2627 2626 2638 2639 2640 638 639 640 2641 2642 2643 2644 2648 2645 2649 2646 2650 2647 2651 2652
875 887 423 424 2613 2612 2611 2643 2642 2641 641 642 643 2406 2405 2404 2653 2657 2654 2658 2655 2659 2656 2660 2661
16 17 890 877 120 121 122 2662 2663 2664 2665 2666 2667 2445 2444 2443 2668 2672 2669 2673 2670 2674 2671 2675 2676
17 18 888 890 123 124 125 2677 2678 2679 2680 2681 2682 2664 2663 2662 2683 2687 2684 2688 2685 2689 2686 2690 2691
890 888 723 889 2682 2681 2680 2692 2693 2694 2695 2696 2697 2698 2699 2700 2701 2705 2702 2706 2703 2707 2704 2708 2709
877 890 889 720 2667 2666 2665 2700 2699 2698 2710 2711 2712 2460 2459 2458 2713 2717 2714 2718 2715 2719 2716 2720 2721
720 889 893 880 2712 2711 2710 2722 2723 2724 2725 2726 2727 2505 2504 2503 2728 2732 2729 2733 2730 2734 2731 2735 2736
889 723 891 893 2697 2696 2695 2737 2738 2739 2740 2741 2742 2724 2723 2722 2743 2747 2744 2748 2745 2749 2746 2750 2751
893 891 724 892 2742 2741 2740 2752 2753 2754 2755 2756 2757 2758 2759 2760 2761 2765 2762 2766 2763 2767 2764 2768 2769
880 893 892 721 2727 2726 2725 2760 2759 2758 2770 2771 2772 2520 2519 2518 2773 2777 2774 2778 2775 2779 2776 2780 2781
721 892 896 883 2772 2771 2770 2782 2783 2784 2785 2786 2787 2565 2564 2563 2788 2792 2789 2793 2790 2794 2791 2795 2796
892 724 894 896 2757 2756 2755 2797 2798 2799 2800 2801 2802 2784 2783 2782 2803 2807 2804 2808 2805 2809 2806 2810 2811
896 894 725 895 2802 2801 2800 2812 2813 2814 2815 2816 2817 2818 2819 2820 2821 2825 2822 2826 2823 2827 2824 2828 2829
883 896 895 722 2787 2786 2785 2820 2819 2818 2830 2831 2832 2580 2579 2578 2833 2837 2834 2838 2835 2839 2836 2840 2841
722 895 898 886 2832 2831 2830 2842 2843 2844 2845 2846 2847 2625 2624 2623 2848 2852 2849 2853 2850 2854 2851 2855 2856
895 725 897 898 2817 2816 2815 2857 2858 2859 2860 2861 2862 2844 2843 2842 2863 2867 2864 2868 2865 2869 2866 2870 2871
898 897 420 421 2862 2861 2860 2872 2873 2874 632 633 634 2875 2876 2877 2878 2882 2879 2883 2880 2884 2881 2885 2886
886 898 421 422 2847 2846 2845 2877 2876 2875 635 636 637 2640 2639 2638 2887 2891 2888 2892 2889 2893 2890 2894 2895
18 19 901 888 126 127 128 2896 2897 2898 2899 2900 2901 2679 2678 2677 2902 2906 2903 2907 2904 2908 2905 2909 2910
19 20 899 901 129 130 131 2911 2912 2913 2914 2915 2916 2898 2897 2896 2917 2921 2918 2922 2919 2923 2920 2924 2925
901 899 726 900 2916 2915 2914 2926 2927 2928 2929 2930 2931 2932 2933 2934 2935 2939 2936 2940 2937 2941 2938 2942 2943
888 901 900 723 2901 2900 2899 2934 2933 2932 2944 2945 2946 2694 2693 2692 2947 2951 2948 2952 2949 2953 2950 2954 2955
723 900 904 891 2946 2945 2944 2956 2957 2958 2959 2960 2961 2739 2738 2737 2962 2966 2963 2967 2964 2968 2965 2969 2970
900 726 902 904 2931 2930 2929 2971 2972 2973 2974 2975 2976 2958 2957 2956 2977 2981 2978 2982 2979 2983 2980 2984 2985
904 902 727 903 2976 2975 2974 2986 2987 2988 2989 2990 2991 2992 2993 2994 2995 2999 2996 3000 2997 3001 2998 3002 3003
891 904 903 724 2961 2960 2959 2994 2993 2992 3004 3005 3006 2754 2753 2752 3007 3011 3008 3012 3009 3013 3010 3014 3015
724 903 907 894 3006 3005 3004 3016 3017 3018 3019 3020 3021 2799 2798 2797 3022 3026 3023 3027 3024 3028 3025 3029 3030
903 727 905 907 2991 2990 2989 3031 3032 3033 3034 3035 3036 3018 3017 3016 3037 3041 3038 3042 3039 3043 3040 3044 3045
907 905 728 906 3036 3035 3034 3046 3047 3048 3049 3050 3051 3052 3053 3054 3055 3059 3056 3060 3057 3061 3058 3062 3063
894 907 906 725 3021 3020 3019 3054 3053 3052 3064 3065 3066 2814 2813 2812 3067 3071 3068 3072 3069 3073 3070 3074 3075
725 906 909 897 3066 3065 3064 3076 3077 3078 3079 3080 3081 2859 2858 2857 3082 3086 3083 3087 3084 3088 3085 3089 3090
906 728 908 909 3051 3050 3049 3091 3092 3093 3094 3095 3096 3078 3077 3076 3097 3101 3098 3102 3099 3103 3100 3104 3105
909 908 418 419 3096 3095 3094 3106 3107 3108 626 627 628 3109 3110 3111 3112 3116 3113 3117 3114 3118 3115 3119 3120
897 909 419 420 3081 3080 3079 3111 3110 3109 629 630 631 2874 2873 2872 3121 3125 3122 3126 3123 3127 3124 3128 3129
20 21 912 899 132 133 134 3130 3131 3132 3133 3134 3135 2913 2912 2911 3136 3140 3137 3141 3138 3142 3139 3143 3144
21 22 910 912 135 136 137 3145 3146 3147 3148 3149 3150 3132 3131 3130 3151 3155 3152 3156 3153 3157 3154 3158 3159
912 910 729 911 3150 3149 3148 3160 3161 3162 3163 3164 3165 3166 3167 3168 3169 3173 3170 3174 3171 3175 3172 3176 3177
899 912 911 726 3135 3134 3133 3168 3167 3166 3178 3179 3180 2928 2927 2926 3181 3185 3182 3186 3183 3187 3184 3188 3189
726 911 915 902 3180 3179 3178 3190 3191 3192 3193 3194 3195 2973 2972 2971 3196 3200 3197 3201 3198 3202 3199 3203 3204
911 729 913 915 3165 3164 3163 3205 3206 3207 3208 3209 3210 3192 3191 3190 3211 3215 3212 3216 3213 3217 3214 3218 3219
915 913 730 914 3210 3209 3208 3220 3221 3222 3223 3224 3225 3226 3227 3228 3229 3233 3230 3234 3231 3235 3232 3236 3237
902 915 914 727 3195 3194 3193 3228 3227 3226 3238 3239 3240 2988 2987 2986 3241 3245 3242 3246 3243 3247 3244 3248 3249
727 914 918 905 3240 3239 3238 3250 3251 3252 3253 3254 3255 3033 3032 3031 3256 3260 3257 3261 3258 3262 3259 3263 3264
914 730 916 918 3225 3224 3223 3265 3266 3267 3268 3269 3270 3252 3251 3250 3271 3275 3272 3276 3273 3277 3274 3278 3279
918 916 731 917 3270 3269 3268 3280 3281 3282 3283 3284 3285 3286 3287 3288 3289 3293 3290 3294 3291 3295 3292 3296 3297
905 918 917 728 3255 3254 3253 3288 3287 3286 3298 3299 3300 3048 3047 3046 3301 3305 3302 3306 3303 3307 3304 3308 3309
728 917 920 908 3300 3299 3298 3310 3311 3312 3313 3314 3315 3093 3092 3091 3316 3320 3317 3321 3318 3322 3319 3323 3324
917 731 919 920 3285 3284 3283 3325 3326 3327 3328 3329 3330 3312 3311 3310 3331 3335 3332 3336 3333 3337 3334 3338 3339
920 919 416 417 3330 3329 3328 3340 3341 3342 620 621 622 3343 3344 3345 3346 3350 3347 3351 3348 3352 3349 3353 3354
908 920 417 418 3315 3314 3313 3345 3344 3343 623 624 625 3108 3107 3106 3355 3359 3356 3360 3357 3361 3358 3362 3363
22 23 923 910 138 139 140 3364 3365 3366 3367 3368 3369 3147 3146 3145 3370 3374 3371 3375 3372 3376 3373 3377 3378
23 24 921 923 141 142 143 3379 3380 3381 3382 3383 3384 3366 3365 3364 3385 3389 3386 3390 3387 3391 3388 3392 3393
923 921 732 922 3384 3383 3382 3394 3395 3396 3397 3398 3399 3400 3401 3402 3403 3407 3404 3408 3405 3409 3406 3410 3411
910 923 922 729 3369 3368 3367 3402 3401 3400 3412 3413 3414 3162 3161 3160 3415 3419 3416 3420 3417 3421 3418 3422 3423
729 922 926 913 3414 3413 3412 3424 3425 3426 3427 3428 3429 3207 3206 3205 3430 3434 3431 3435 3432 3436 3433 3437 3438
922 732 924 926 3399 3398 3397 3439 3440 3441 3442 3443 3444 3426 3425 3424 3445 3449 3446 3450 3447 3451 3448 3452 3453
926 924 733 925 3444 3443 3442 3454 3455 3456 3457 3458 3459 3460 3461 3462 3463 3467 3464 3468 3465 3469 3466 3470 3471
913 926 925 730 3429 3428 3427 3462 3461 3460 3472 3473 3474 3222 3221 3220 3475 3479 3476 3480 3477 3481 3478 3482 3483
730 925 929 916 3474 3473 3472 3484 3485 3486 3487 3488 3489 3267 3266 3265 3490 3494 3491 3495 3492 3496 3493 3497 3498
925 733 927 929 3459 3458 3457 3499 3500 3501 3502 3503 3504 3486 3485 3484 3505 3509 3506 3510 3507 3511 3508 3512 3513
929 927 734 928 3504 3503 3502 3514 3515 3516 3517 3518 3519 3520 3521 3522 3523 3527 3524 3528 3525 3529 3526 3530 3531
916 929 928 731 3489 3488 3487 3522 3521 3520 3532 3533 3534 3282 3281 3280 3535 3539 3536 3540 3537 3541 3538 3542 3543
731 928 931 919 3534 3533 3532 3544 3545 3546 3547 3548 3549 3327 3326 3325 3550 3554 3551 3555 3552 3556 3553 3557 3558
928 734 930 931 3519 3518 3517 3559 3560 3561 3562 3563 3564 3546 3545 3544 3565 3569 3566 3570 3567 3571 3568 3572 3573
931 930 414 415 3564 3563 3562 3574 3575 3576 614 615 616 3577 3578 3579 3580 3584 3581 3585 3582 3586 3583 3587 3588
919 931 415 416 3549 3548 3547 3579 3578 3577 617 618 619 3342 3341 3340 3589 3593 3590 3594 3591 3595 3592 3596 3597
24 25 934 921 144 145 146 3598 3599 3600 3601 3602 3603 3381 3380 3379 3604 3608 3605 3609 3606 3610 3607 3611 3612
25 26 932 934 147 148 149 3613 3614 3615 3616 3617 3618 3600 3599 3598 3619 3623 3620 3624 3621 3625 3622 3626 3627
934 932 735 933 3618 3617 3616 3628 3629 3630 3631 3632 3633 3634 3635 3636 3637 3641 3638 3642 3639 3643 3640 3644 3645
921 934 933 732 3603 3602 3601 3636 3635 3634 3646 3647 3648 3396 3395 3394 3649 3653 3650 3654 3651 3655 3652 3656 3657
732 933 937 924 3648 3647 3646 3658 3659 3660 3661 3662 3663 3441 3440 3439 3664 3668 3665 3669 3666 3670 3667 3671 3672
933 735 935 937 3633 3632 3631 3673 3674 3675 3676 3677 3678 3660 3659 3658 3679 3683 3680 3684 3681 3685 3682 3686 3687
937 935 736 936 3678 3677 3676 3688 3689 3690 3691 3692 3693 3694 3695 3696 3697 3701 3698 3702 3699 3703 3700 3704 3705
924 937 936 733 3663 3662 3661 3696 3695 3694 3706 3707 3708 3456 3455 3454 3709 3713 3710 3714 3711 3715 3712 3716 3717
733 936 940 927 3708 3707 3706 3718 3719 3720 3721 3722 3723 3501 3500 3499 3724 3728 3725 3729 3726 3730 3727 3731 3732
936 736 938 940 3693 3692 3691 3733 3734 3735 3736 3737 3738 3720 3719 3718 3739 3743 3740 3744 3741 3745 3742 3746 3747
940 938 737 939 3738 3737 3736 3748 3749 3750 3751 3752 3753 3754 3755 3756 3757 3761 3758 3762 3759 3763 3760 3764 3765
927 940 939 734 3723 3722 3721 3756 3755 3754 3766 3767 3768 3516 3515 3514 3769 3773 3770 3774 3771 3775 3772 3776 3777
734 939 942 930 3768 3767 3766 3778 3779 3780 3781 3782 3783 3561 3560 3559 3784 3788 3785 3789 3786 3790 3787 3791 3792
939 737 941 942 3753 3752 3751 3793 3794 3795 3796 3797 3798 3780 3779 3778 3799 3803 3800 3804 3801 3805 3802 3806 3807
942 941 412 413 3798 3797 3796 3808 3809 3810 608 609 610 3811 3812 3813 3814 3818 3815 3819 3816 3820 3817 3821 3822
930 942 413 414 3783 3782 3781 3813 3812 3811 611 612 613 3576 3575 3574 3823 3827 3824 3828 3825 3829 3826 3830 3831
26 27 945 932 150 151 152 3832 3833 3834 3835 3836 3837 3615 3614 3613 3838 3842 3839 3843 3840 3844 3841 3845 3846
27 28 943 945 153 154 155 3847 3848 3849 3850 3851 3852 3834 3833 3832 3853 3857 3854 3858 3855 3859 3856 3860 3861
945 943 738 944 3852 3851 3850 3862 3863 3864 3865 3866 3867 3868 3869 3870 3871 3875 3872 3876 3873 3877 3874 3878 3879
932 945 944 735 3837 3836 3835 3870 3869 3868 3880 3881 3882 3630 3629 3628 3883 3887 3884 3888 3885 3889 3886 3890 3891
735 944 948 935 3882 3881 3880 3892 3893 3894 3895 3896 3897 3675 3674 3673 3898 3902 3899 3903 3900 3904 3901 3905 3906
944 738 946 948 3867 3866 3865 3907 3908 3909 3910 3911 3912 3894 3893 3892 3913 3917 3914 3918 3915 3919 3916 3920 3921
948 946 739 947 3912 3911 3910 3922 3923 3924 3925 3926 3927 3928 3929 3930 3931 3935 3932 3936 3933 3937 3934 3938 3939
935 948 947 736 3897 3896 3895 3930 3929 3928 3940 3941 3942 3690 3689 3688 3943 3947 3944 3948 3945 3949 3946 3950 3951
736 947 951 938 3942 3941 3940 3952 3953 3954 3955 3956 3957 3735 3734 3733 3958 3962 3959 3963 3960 3964 3961 3965 3966
947 739 949 951 3927 3926 3925 3967 3968 3969 3970 3971 3972 3954 3953 3952 3973 3977 3974 3978 3975 3979 3976 3980 3981
951 949 740 950 3972 3971 3970 3982 3983 3984 3985 3986 3987 3988 3989 3990 3991 3995 3992 3996 3993 3997 3994 3998 3999
938 951 950 737 3957 3956 3955 3990 3989 3988 4000 4001 4002 3750 3749 3748 4003 4007 4004 4008 4005 4009 4006 4010 4011
737 950 953 941 4002 4001 4000 4012 4013 4014 4015 4016 4017 3795 3794 3793 4018 4022 4019 4023 4020 4024 4021 4025 4026
950 740 952 953 3987 3986 3985 4027 4028 4029 4030 4031 4032 4014 4013 4012 4033 4037 4034 4038 4035 4039 4036 4040 4041
953 952 410 411 4032 4031 4030 4042 4043 4044 602 603 604 4045 4046 4047 4048 4052 4049 4053 4050 4054 4051 4055 4056
941 953 411 412 4017 4016 4015 4047 4046 4045 605 606 607 3810 3809 3808 4057 4061 4058 4062 4059 4063 4060 4064 4065
28 29 956 943 156 157 158 4066 4067 4068 4069 4070 4071 3849 3848 3847 4072 4076 4073 4077 4074 4078 4075 4079 4080
29 30 954 956 159 160 161 4081 4082 4083 4084 4085 4086 4068 4067 4066 4087 4091 4088 4092 4089 4093 4090 4094 4095
956 954 741 955 4086 4085 4084 4096 4097 4098 4099 4100 4101 4102 4103 4104 4105 4109 4106 4110 4107 4111 4108 4112 4113
943 956 955 738 4071 4070 4069 4104 4103 4102 4114 4115 4116 3864 3863 3862 4117 4121 4118 4122 4119 4123 4120 4124 4125
738 955 959 946 4116 4115 4114 4126 4127 4128 4129 4130 4131 3909 3908 3907 4132 4136 4133 4137 4134 4138 4135 4139 4140
955 741 957 959 4101 4100 4099 4141 4142 4143 4144 4145 4146 4128 4127 4126 4147 4151 4148 4152 4149 4153 4150 4154 4155
959 957 742 958 4146 4145 4144 4156 4157 4158 4159 4160 4161 4162 4163 4164 4165 4169 4166 4170 4167 4171 4168 4172 4173
946 959 958 739 4131 4130 4129 4164 4163 4162 4174 4175 4176 3924 3923 3922 4177 4181 4178 4182 4179 4183 4180 4184 4185
739 958 962 949 4176 4175 4174 4186 4187 4188 4189 4190 4191 3969 3968 3967 4192 4196 4193 4197 4194 4198 4195 4199 4200
958 742 960 962 4161 4160 4159 4201 4202 4203 4204 4205 4206 4188 4187 4186 4207 4211 4208 4212 4209 4213 4210 4214 4215
962 960 743 961 4206 4205 4204 4216 4217 4218 4219 4220 4221 4222 4223 4224 4225 4229 4226 4230 4227 4231 4228 4232 4233
949 962 961 740 4191 4190 4189 4224 4223 4222 4234 4235 4236 3984 3983 3982 4237 4241 4238 4242 4239 4243 4240 4244 4245
740 961 964 952 4236 4235 4234 4246 4247 4248 4249 4250 4251 4029 4028 4027 4252 4256 4253 4257 4254 4258 4255 4259 4260
961 743 963 964 4221 4220 4219 4261 4262 4263 4264 4265 4266 4248 4247 4246 4267 4271 4268 4272 4269 4273 4270 4274 4275
964 963 408 409 4266 4265 4264 4276 4277 4278 596 597 598 4279 4280 4281 4282 4286 4283 4287 4284 4288 4285 4289 4290
952 964 409 410 4251 4250 4249 4281 4280 4279 599 600 601 4044 4043 4042 4291 4295 4292 4296 4293 4297 4294 4298 4299
30 31 967 954 162 163 164 4300 4301 4302 4303 4304 4305 4083 4082 4081 4306 4310 4307 4311 4308 4312 4309 4313 4314
31 32 965 967 165 166 167 4315 4316 4317 4318 4319 4320 4302 4301 4300 4321 4325 4322 4326 4323 4327 4324 4328 4329
967 965 744 966 4320 4319 4318 4330 4331 4332 4333 4334 4335 4336 4337 4338 4339 4343 4340 4344 4341 4345 4342 4346 4347
954 967 966 741 4305 4304 4303 4338 4337 4336 4348 4349 4350 4098 4097 4096 4351 4355 4352 4356 4353 4357 4354 4358 4359
741 966 970 957 4350 4349 4348 4360 4361 4362 4363 4364 4365 4143 4142 4141 4366 4370 4367 4371 4368 4372 4369 4373 4374
966 744 968 970 4335 4334 4333 4375 4376 4377 4378 4379 4380 4362 4361 4360 4381 4385 4382 4386 4383 4387 4384 4388 4389
970 968 745 969 4380 4379 4378 4390 4391 4392 4393 4394 4395 4396 4397 4398 4399 4403 4400 4404 4401 4405 4402 4406 4407
957 970 969 742 4365 4364 4363 4398 4397 4396 4408 4409 4410 4158 4157 4156 4411 4415 4412 4416 4413 4417 4414 4418 4419
742 969 973 960 4410 4409 4408 4420 4421 4422 4423 4424 4425 4203 4202 4201 4426 4430 4427 4431 4428 4432 4429 4433 4434
969 745 971 973 4395 4394 4393 4435 4436 4437 4438 4439 4440 4422 4421 4420 4441 4445 4442 4446 4443 4447 4444 4448 4449
973 971 746 972 4440 4439 4438 4450 4451 4452 4453 4454 4455 4456 4457 4458 4459 4463 4460 4464 4461 4465 4462 4466 4467
960 973 972 743 4425 4424 4423 4458 4457 4456 4468 4469 4470 4218 4217 4216 4471 4475 4472 4476 4473 4477 4474 4478 4479
743 972 975 963 4470 4469 4468 4480 4481 4482 4483 4484 4485 4263 4262 4261 4486 4490 4487 4491 4488 4492 4489 4493 4494
972 746 974 975 4455 4454 4453 4495 4496 4497 4498 4499 4500 4482 4481 4480 4501 4505 4502 4506 4503 4507 4504 4508 4509
975 974 406 407 4500 4499 4498 4510 4511 4512 590 591 592 4513 4514 4515 4516 4520 4517 4521 4518 4522 4519 4523 4524
963 975 407 408 4485 4484 4483 4515 4514 4513 593 594 595 4278 4277 4276 4525 4529 4526 4530 4527 4531 4528 4532 4533
32 33 978 965 168 169 170 4534 4535 4536 4537 4538 4539 4317 4316 4315 4540 4544 4541 4545 4542 4546 4543 4547 4548
33 34 976 978 171 172 173 4549 4550 4551 4552 4553 4554 4536 4535 4534 4555 4559 4556 4560 4557 4561 4558 4562 4563
978 976 747 977 4554 4553 4552 4564 4565 4566 4567 4568 4569 4570 4571 4572 4573 4577 4574 4578 4575 4579 4576 4580 4581
965 978 977 744 4539 4538 4537 4572 4571 4570 4582 4583 4584 4332 4331 4330 4585 4589 4586 4590 4587 4591 4588 4592 4593
744 977 981 968 4584 4583 4582 4594 4595 4596 4597 4598 4599 4377 4376 4375 4600 4604 4601 4605 4602 4606 4603 4607 4608
977 747 979 981 4569 4568 4567 4609 4610 4611 4612 4613 4614 4596 4595 4594 4615 4619 4616 4620 4617 4621 4618 4622 4623
981 979 748 980 4614 4613 4612 4624 4625 4626 4627 4628 4629 4630 4631 4632 4633 4637 4634 4638 4635 4639 4636 4640 4641
968 981 980 745 4599 4598 4597 4632 4631 4630 4642 4643 4644 4392 4391 4390 4645 4649 4646 4650 4647 4651 4648 4652 4653
745 980 984 971 4644 4643 4642 4654 4655 4656 4657 4658 4659 4437 4436 4435 4660 4664 4661 4665 4662 4666 4663 4667 4668
980 748 982 984 4629 4628 4627 4669 4670 4671 4672 4673 4674 4656 4655 4654 4675 4679 4676 4680 4677 4681 4678 4682 4683
984 982 749 983 4674 4673 4672 4684 4685 4686 4687 4688 4689 4690 4691 4692 4693 4697 4694 4698 4695 4699 4696 4700 4701
971 984 983 746 4659 4658 4657 4692 4691 4690 4702 4703 4704 4452 4451 4450 4705 4709 4706 4710 4707 4711 4708 4712 4713
746 983 986 974 4704 4703 4702 4714 4715 4716 4717 4718 4719 4497 4496 4495 4720 4724 4721 4725 4722 4726 4723 4727 4728
983 749 985 986 4689 4688 4687 4729 4730 4731 4732 4733 4734 4716 4715 4714 4735 4739 4736 4740 4737 4741 4738 4742 4743
986 985 404 405 4734 4733 4732 4744 4745 4746 584 585 586 4747 4748 4749 4750 4754 4751 4755 4752 4756 4753 4757 4758
974 986 405 406 4719 4718 4717 4749 4748 4747 587 588 589 4512 4511 4510 4759 4763 4760 4764 4761 4765 4762 4766 4767
34 35 989 976 174 175 176 4768 4769 4770 4771 4772 4773 4551 4550 4549 4774 4778 4775 4779 4776 4780 4777 4781 4782
35 36 987 989 177 178 179 4783 4784 4785 4786 4787 4788 4770 4769 4768 4789 4793 4790 4794 4791 4795 4792 4796 4797
989 987 750 988 4788 4787 4786 4798 4799 4800 4801 4802 4803 4804 4805 4806 4807 4811 4808 4812 4809 4813 4810 4814 4815
976 989 988 747 4773 4772 4771 4806 4805 4804 4816 4817 4818 4566 4565 4564 4819 4823 4820 4824 4821 4825 4822 4826 4827
747 988 992 979 4818 4817 4816 4828 4829 4830 4831 4832 4833 4611 4610 4609 4834 4838 4835 4839 4836 4840 4837 4841 4842
988 750 990 992 4803 4802 4801 4843 4844 4845 4846 4847 4848 4830 4829 4828 4849 4853 4850 4854 4851 4855 4852 4856 4857
992 990 751 991 4848 4847 4846 4858 4859 4860 4861 4862 4863 4864 4865 4866 4867 4871 4868 4872 4869 4873 4870 4874 4875
979 992 991 748 4833 4832 4831 4866 4865 4864 4876 4877 4878 4626 4625 4624 4879 4883 4880 4884 4881 4885 4882 4886 4887
748 991 995 982 4878 4877 4876 4888 4889 4890 4891 4892 4893 4671 4670 4669 4894 4898 4895 4899 4896 4900 4897 4901 4902
991 751 993 995 4863 4862 4861 4903 4904 4905 4906 4907 4908 4890 4889 4888 4909 4913 4910 4914 4911 4915 4912 4916 4917
995 993 752 994 4908 4907 4906 4918 4919 4920 4921 4922 4923 4924 4925 4926 4927 4931 4928 4932 4929 4933 4930 4934 4935
982 995 994 749 4893 4892 4891 4926 4925 4924 4936 4937 4938 4686 4685 4684 4939 4943 4940 4944 4941 4945 4942 4946 4947
749 994 997 985 4938 4937 4936 4948 4949 4950 4951 4952 4953 4731 4730 4729 4954 4958 4955 4959 4956 4960 4957 4961 4962
994 752 996 997 4923 4922 4921 4963 4964 4965 4966 4967 4968 4950 4949 4948 4969 4973 4970 4974 4971 4975 4972 4976 4977
997 996 402 403 4968 4967 4966 4978 4979 4980 578 579 580 4981 4982 4983 4984 4988 4985 4989 4986 4990 4987 4991 4992
985 997 403 404 4953 4952 4951 4983 4982 4981 581 582 583 4746 4745 4744 4993 4997 4994 4998 4995 4999 4996 5000 5001
36 37 1000 987 180 181 182 5002 5003 5004 5005 5006 5007 4785 4784 4783 5008 5012 5009 5013 5010 5014 5011 5015 5016
37 38 998 1000 183 184 185 5017 5018 5019 5020 5021 5022 5004 5003 5002 5023 5027 5024 5028 5025 5029 5026 5030 5031
1000 998 753 999 5022 5021 5020 5032 5033 5034 5035 5036 5037 5038 5039 5040 5041 5045 5042 5046 5043 5047 5044 5048 5049
987 1000 999 750 5007 5006 5005 5040 5039 5038 5050 5051 5052 4800 4799 4798 5053 5057 5054 5058 5055 5059 5056 5060 5061
750 999 1003 990 5052 5051 5050 5062 5063 5064 5065 5066 5067 4845 4844 4843 5068 5072 5069 5073 5070 5074 5071 5075 5076
999 753 1001 1003 5037 5036 5035 5077 5078 5079 5080 5081 5082 5064 5063 5062 5083 5087 5084 5088 5085 5089 5086 5090 5091
1003 1001 754 1002 5082 5081 5080 5092 5093 5094 5095 5096 5097 5098 5099 5100 5101 5105 5102 5106 5103 5107 5104 5108 5109
990 1003 1002 751 5067 5066 5065 5100 5099 5098 5110 5111 5112 4860 4859 4858 5113 5117 5114 5118 5115 5119 5116 5120 5121
751 1002 1006 993 5112 5111 5110 5122 5123 5124 5125 5126 5127 4905 4904 4903 5128 5132 5129 5133 5130 5134 5131 5135 5136
1002 754 1004 1006 5097 5096 5095 5137 5138 5139 5140 5141 5142 5124 5123 5122 5143 5147 5144 5148 5145 5149 5146 5150 5151
1006 1004 755 1005 5142 5141 5140 5152 5153 5154 5155 5156 5157 5158 5159 5160 5161 5165 5162 5166 5163 5167 5164 5168 5169
993 1006 1005 752 5127 5126 5125 5160 5159 5158 5170 5171 5172 4920 4919 4918 5173 5177 5174 5178 5175 5179 5176 5180 5181
752 1005 1008 996 5172 5171 5170 5182 5183 5184 5185 5186 5187 4965 4964 4963 5188 5192 5189 5193 5190 5194 5191 5195 5196
1005 755 1007 1008 5157 5156 5155 5197 5198 5199 5200 5201 5202 5184 5183 5182 5203 5207 5204 5208 5205 5209 5206 5210 5211
1008 1007 400 401 5202 5201 5200 5212 5213 5214 572 573 574 5215 5216 5217 5218 5222 5219 5223 5220 5224 5221 5225 5226
996 1008 401 402 5187 5186 5185 5217 5216 5215 575 576 577 4980 4979 4978 5227 5231 5228 5232 5229 5233 5230 5234 5235
38 39 1011 998 186 187 188 5236 5237 5238 5239 5240 5241 5019 5018 5017 5242 5246 5243 5247 5244 5248 5245 5249 5250
39 40 1009 1011 189 190 191 5251 5252 5253 5254 5255 5256 5238 5237 5236 5257 5261 5258 5262 5259 5263 5260 5264 5265
1011 1009 756 1010 5256 5255 5254 5266 5267 5268 5269 5270 5271 5272 5273 5274 5275 5279 5276 5280 5277 5281 5278 5282 5283
998 1011 1010 753 5241 5240 5239 5274 5273 5272 5284 5285 5286 5034 5033 5032 5287 5291 5288 5292 5289 5293 5290 5294 5295
753 1010 1014 1001 5286 5285 5284 5296 5297 5298 5299 5300 5301 5079 5078 5077 5302 5306 5303 5307 5304 5308 5305 5309 5310
1010 756 1012 1014 5271 5270 5269 5311 5312 5313 5314 5315 5316 5298 5297 5296 5317 5321 5318 5322 5319 5323 5320 5324 5325
1014 1012 757 1013 5316 5315 5314 5326 5327 5328 5329 5330 5331 5332 5333 5334 5335 5339 5336 5340 5337 5341 5338 5342 5343
1001 1014 1013 754 5301 5300 5299 5334 5333 5332 5344 5345 5346 5094 5093 5092 5347 5351 5348 5352 5349 5353 5350 5354 5355
754 1013 1017 1004 5346 5345 5344 5356 5357 5358 5359 5360 5361 5139 5138 5137 5362 5366 5363 5367 5364 5368 5365 5369 5370
1013 757 1015 1017 5331 5330 5329 5371 5372 5373 5374 5375 5376 5358 5357 5356 5377 5381 5378 5382 5379 5383 5380 5384 5385
1017 1015 758 1016 5376 5375 5374 5386 5387 5388 5389 5390 5391 5392 5393 5394 5395 5399 5396 5400 5397 5401 5398 5402 5403
1004 1017 1016 755 5361 5360 5359 5394 5393 5392 5404 5405 5406 5154 5153 5152 5407 5411 5408 5412 5409 5413 5410 5414 5415
755 1016 1019 1007 5406 5405 5404 5416 5417 5418 5419 5420 5421 5199 5198 5197 5422 5426 5423 5427 5424 5428 5425 5429 5430
1016 758 1018 1019 5391 5390 5389 5431 5432 5433 5434 5435 5436 5418 5417 5416 5437 5441 5438 5442 5439 5443 5440 5444 5445
1019 1018 398 399 5436 5435 5434 5446 5447 5448 566 567 568 5449 5450 5451 5452 5456 5453 5457 5454 5458 5455 5459 5460
1007 1019 399 400 5421 5420 5419 5451 5450 5449 569 570 571 5214 5213 5212 5461 5465 5462 5466 5463 5467 5464 5468 5469
40 41 1022 1009 192 193 194 5470 5471 5472 5473 5474 5475 5253 5252 5251 5476 5480 5477 5481 5478 5482 5479 5483 5484
41 42 1020 1022 195 196 197 5485 5486 5487 5488 5489 5490 5472 5471 5470 5491 5495 5492 5496 5493 5497 5494 5498 5499
1022 1020 759 1021 5490 5489 5488 5500 5501 5502 5503 5504 5505 5506 5507 5508 5509 5513 5510 5514 5511 5515 5512 5516 5517
1009 1022 1021 756 5475 5474 5473 5508 5507 5506 5518 5519 5520 5268 5267 5266 5521 5525 5522 5526 5523 5527 5524 5528 5529
756 1021 1025 1012 5520 5519 5518 5530 5531 5532 5533 5534 5535 5313 5312 5311 5536 5540 5537 5541 5538 5542 5539 5543 5544
1021 759 1023 1025 5505 5504 5503 5545 5546 5547 5548 5549 5550 5532 5531 5530 5551 5555 5552 5556 5553 5557 5554 5558 5559
1025 1023 760 1024 5550 5549 5548 5560 5561 5562 5563 5564 5565 5566 5567 5568 5569 5573 5570 5574 5571 5575 5572 5576 5577
1012 1025 1024 757 5535 5534 5533 5568 5567 5566 5578 5579 5580 5328 5327 5326 5581 5585 5582 5586 5583 5587 5584 5588 5589
757 1024 1028 1015 5580 5579 5578 5590 5591 5592 5593 5594 5595 5373 5372 5371 5596 5600 5597 5601 5598 5602 5599 5603 5604
1024 760 1026 1028 5565 5564 5563 5605 5606 5607 5608 5609 5610 5592 5591 5590 5611 5615 5612 5616 5613 5617 5614 5618 5619
1028 1026 761 1027 5610 5609 5608 5620 5621 5622 5623 5624 5625 5626 5627 5628 5629 5633 5630 5634 5631 5635 5632 5636 5637
1015 1028 1027 758 5595 5594 5593 5628 5627 5626 5638 5639 5640 5388 5387 5386 5641 5645 5642 5646 5643 5647 5644 5648 5649
758 1027 1030 1018 5640 5639 5638 5650 5651 5652 5653 5654 5655 5433 5432 5431 5656 5660 5657 5661 5658 5662 5659 5663 5664
1027 761 1029 1030 5625 5624 5623 5665 5666 5667 5668 5669 5670 5652 5651 5650 5671 5675 5672 5676 5673 5677 5674 5678 5679
1030 1029 396 397 5670 5669 5668 5680 5681 5682 560 561 562 5683 5684 5685 5686 5690 5687 5691 5688 5692 5689 5693 5694
1018 1030 397 398 5655 5654 5653 5685 5684 5683 563 564 565 5448 5447 5446 5695 5699 5696 5700 5697 5701 5698 5702 5703
42 43 1033 1020 198 199 200 5704 5705 5706 5707 5708 5709 5487 5486 5485 5710 5714 5711 5715 5712 5716 5713 5717 5718
43 44 1031 1033 201 202 203 5719 5720 5721 5722 5723 5724 5706 5705 5704 5725 5729 5726 5730 5727 5731 5728 5732 5733
1033 1031 762 1032 5724 5723 5722 5734 5735 5736 5737 5738 5739 5740 5741 5742 5743 5747 5744 5748 5745 5749 5746 5750 5751
1020 1033 1032 759 5709 5708 5707 5742 5741 5740 5752 5753 5754 5502 5501 5500 5755 5759 5756 5760 5757 5761 5758 5762 5763
759 1032 1036 1023 5754 5753 5752 5764 5765 5766 5767 5768 5769 5547 5546 5545 5770 5774 5771 5775 5772 5776 5773 5777 5778
1032 762 1034 1036 5739 5738 5737 5779 5780 5781 5782 5783 5784 5766 5765 5764 5785 5789 5786 5790 5787 5791 5788 5792 5793
1036 1034 763 1035 5784 5783 5782 5794 5795 5796 5797 5798 5799 5800 5801 5802 5803 5807 5804 5808 5805 5809 5806 5810 5811
1023 1036 1035 760 5769 5768 5767 5802 5801 5800 5812 5813 5814 5562 5561 5560 5815 5819 5816 5820 5817 5821 5818 5822 5823
760 1035 1039 1026 5814 5813 5812 5824 5825 5826 5827 5828 5829 5607 5606 5605 5830 5834 5831 5835 5832 5836 5833 5837 5838
1035 763 1037 1039 5799 5798 5797 5839 5840 5841 5842 5843 5844 5826 5825 5824 5845 5849 5846 5850 5847 5851 5848 5852 5853
1039 1037 764 1038 5844 5843 5842 5854 5855 5856 5857 5858 5859 5860 5861 5862 5863 5867 5864 5868 5865 5869 5866 5870 5871
1026 1039 1038 761 5829 5828 5827 5862 5861 5860 5872 5873 5874 5622 5621 5620 5875 5879 5876 5880 5877 5881 5878 5882 5883
761 1038 1041 1029 5874 5873 5872 5884 5885 5886 5887 5888 5889 5667 5666 5665 5890 5894 5891 5895 5892 5896 5893 5897 5898
1038 764 1040 1041 5859 5858 5857 5899 5900 5901 5902 5903 5904 5886 5885 5884 5905 5909 5906 5910 5907 5911 5908 5912 5913
1041 1040 394 395 5904 5903 5902 5914 5915 5916 554 555 556 5917 5918 5919 5920 5924 5921 5925 5922 5926 5923 5927 5928
1029 1041 395 396 5889 5888 5887 5919 5918 5917 557 558 559 5682 5681 5680 5929 5933 5930 5934 5931 5935 5932 5936 5937
44 45 1044 1031 204 205 206 5938 5939 5940 5941 5942 5943 5721 5720 5719 5944 5948 5945 5949 5946 5950 5947 5951 5952
45 46 1042 1044 207 208 209 5953 5954 5955 5956 5957 5958 5940 5939 5938 5959 5963 5960 5964 5961 5965 5962 5966 5967
1044 1042 765 1043 5958 5957 5956 5968 5969 5970 5971 5972 5973 5974 5975 5976 5977 5981 5978 5982 5979 5983 5980 5984 5985
1031 1044 1043 762 5943 5942 5941 5976 5975 5974 5986 5987 5988 5736 5735 5734 5989 5993 5990 5994 5991 5995 5992 5996 5997
762 1043 1047 1034 5988 5987 5986 5998 5999 6000 6001 6002 6003 5781 5780 5779 6004 6008 6005 6009 6006 6010 6007 6011 6012
1043 765 1045 1047 5973 5972 5971 6013 6014 6015 6016 6017 6018 6000 5999 5998 6019 6023 6020 6024 6021 6025 6022 6026 6027
1047 1045 766 1046 6018 6017 6016 6028 6029 6030 6031 6032 6033 6034 6035 6036 6037 6041 6038 6042 6039 6043 6040 6044 6045
1034 1047 1046 763 6003 6002 6001 6036 6035 6034 6046 6047 6048 5796 5795 5794 6049 6053 6050 6054 6051 6055 6052 6056 6057
763 1046 1050 1037 6048 6047 6046 6058 6059 6060 6061 6062 6063 5841 5840 5839 6064 6068 6065 6069 6066 6070 6067 6071 6072
1046 766 1048 1050 6033 6032 6031 6073 6074 6075 6076 6077 6078 6060 6059 6058 6079 6083 6080 6084 6081 6085 6082 6086 6087
1050 1048 767 1049 6078 6077 6076 6088 6089 6090 6091 6092 6093 6094 6095 6096 6097 6101 6098 6102 6099 6103 6100 6104 6105
1037 1050 1049 764 6063 6062 6061 6096 6095 6094 6106 6107 6108 5856 5855 5854 6109 6113 6110 6114 6111 6115 6112 6116 6117
764 1049 1052 1040 6108 6107 6106 6118 6119 6120 6121 6122 6123 5901 5900 5899 6124 6128 6125 6129 6126 6130 6127 6131 6132
1049 767 1051 1052 6093 6092 6091 6133 6134 6135 6136 6137 6138 6120 6119 6118 6139 6143 6140 6144 6141 6145 6142 6146 6147
1052 1051 392 393 6138 6137 6136 6148 6149 6150 548 549 550 6151 6152 6153 6154 6158 6155 6159 6156 6160 6157 6161 6162
1040 1052 393 394 6123 6122 6121 6153 6152 6151 551 552 553 5916 5915 5914 6163 6167 6164 6168 6165 6169 6166 6170 6171
46 47 1055 1042 210 211 212 6172 6173 6174 6175 6176 6177 5955 5954 5953 6178 6182 6179 6183 6180 6184 6181 6185 6186
47 48 1053 1055 213 214 215 6187 6188 6189 6190 6191 6192 6174 6173 6172 6193 6197 6194 6198 6195 6199 6196 6200 6201
1055 1053 768 1054 6192 6191 6190 6202 6203 6204 6205 6206 6207 6208 6209 6210 6211 6215 6212 6216 6213 6217 6214 6218 6219
1042 1055 1054 765 6177 6176 6175 6210 6209 6208 6220 6221 6222 5970 5969 5968 6223 6227 6224 6228 6225 6229 6226 6230 6231
765 1054 1058 1045 6222 6221 6220 6232 6233 6234 6235 6236 6237 6015 6014 6013 6238 6242 6239 6243 6240 6244 6241 6245 6246
1054 768 1056 1058 6207 6206 6205 6247 6248 6249 6250 6251 6252 6234 6233 6232 6253 6257 6254 6258 6255 6259 6256 6260 6261
1058 1056 769 1057 6252 6251 6250 6262 6263 6264 6265 6266 6267 6268 6269 6270 6271 6275 6272 6276 6273 6277 6274 6278 6279
1045 1058 1057 766 6237 6236 6235 6270 6269 6268 6280 6281 6282 6030 6029 6028 6283 6287 6284 6288 6285 6289 6286 6290 6291
766 1057 1061 1048 6282 6281 6280 6292 6293 6294 6295 6296 6297 6075 6074 6073 6298 6302 6299 6303 6300 6304 6301 6305 6306
1057 769 1059 1061 6267 6266 6265 6307 6308 6309 6310 6311 6312 6294 6293 6292 6313 6317 6314 6318 6315 6319 6316 6320 6321
1061 1059 770 1060 6312 6311 6310 6322 6323 6324 6325 6326 6327 6328 6329 6330 6331 6335 6332 6336 6333 6337 6334 6338 6339
1048 1061 1060 767 6297 6296 6295 6330 6329 6328 6340 6341 6342 6090 6089 6088 6343 6347 6344 6348 6345 6349 6346 6350 6351
767 1060 1063 1051 6342 6341 6340 6352 6353 6354 6355 6356 6357 6135 6134 6133 6358 6362 6359 6363 6360 6364 6361 6365 6366
1060 770 1062 1063 6327 6326 6325 6367 6368 6369 6370 6371 6372 6354 6353 6352 6373 6377 6374 6378 6375 6379 6376 6380 6381
1063 1062 390 391 6372 6371 6370 6382 6383 6384 542 543 544 6385 6386 6387 6388 6392 6389 6393 6390 6394 6391 6395 6396
1051 1063 391 392 6357 6356 6355 6387 6386 6385 545 546 547 6150 6149 6148 6397 6401 6398 6402 6399 6403 6400 6404 6405
48 49 1066 1053 216 217 218 6406 6407 6408 6409 6410 6411 6189 6188 6187 6412 6416 6413 6417 6414 6418 6415 6419 6420
49 50 1064 1066 219 220 221 6421 6422 6423 6424 6425 6426 6408 6407 6406 6427 6431 6428 6432 6429 6433 6430 6434 6435
1066 1064 771 1065 6426 6425 6424 6436 6437 6438 6439 6440 6441 6442 6443 6444 6445 6449 6446 6450 6447 6451 6448 6452 6453
1053 1066 1065 768 6411 6410 6409 6444 6443 6442 6454 6455 6456 6204 6203 6202 6457 6461 6458 6462 6459 6463 6460 6464 6465
768 1065 1069 1056 6456 6455 6454 6466 6467 6468 6469 6470 6471 6249 6248 6247 6472 6476 6473 6477 6474 6478 6475 6479 6480
1065 771 1067 1069 6441 6440 6439 6481 6482 6483 6484 6485 6486 6468 6467 6466 6487 6491 6488 6492 6489 6493 6490 6494 6495
1069 1067 772 1068 6486 6485 6484 6496 6497 6498 6499 6500 6501 6502 6503 6504 6505 6509 6506 6510 6507 6511 6508 6512 6513
1056 1069 1068 769 6471 6470 6469 6504 6503 6502 6514 6515 6516 6264 6263 6262 6517 6521 6518 6522 6519 6523 6520 6524 6525
769 1068 1072 1059 6516 6515 6514 6526 6527 6528 6529 6530 6531 6309 6308 6307 6532 6536 6533 6537 6534 6538 6535 6539 6540
1068 772 1070 1072 6501 6500 6499 6541 6542 6543 6544 6545 6546 6528 6527 6526 6547 6551 6548 6552 6549 6553 6550 6554 6555
1072 1070 773 1071 6546 6545 6544 6556 6557 6558 6559 6560 6561 6562 6563 6564 6565 6569 6566 6570 6567 6571 6568 6572 6573
1059 1072 1071 770 6531 6530 6529 6564 6563 6562 6574 6575 6576 6324 6323 6322 6577 6581 6578 6582 6579 6583 6580 6584 6585
770 1071 1074 1062 6576 6575 6574 6586 6587 6588 6589 6590 6591 6369 6368 6367 6592 6596 6593 6597 6594 6598 6595 6599 6600
1071 773 1073 1074 6561 6560 6559 6601 6602 6603 6604 6605 6606 6588 6587 6586 6607 6611 6608 6612 6609 6613 6610 6614 6615
1074 1073 388 389 6606 6605 6604 6616 6617 6618 536 537 538 6619 6620 6621 6622 6626 6623 6627 6624 6628 6625 6629 6630
1062 1074 389 390 6591 6590 6589 6621 6620 6619 539 540 541 6384 6383 6382 6631 6635 6632 6636 6633 6637 6634 6638 6639
50 51 1077 1064 222 223 224 6640 6641 6642 6643 6644 6645 6423 6422 6421 6646 6650 6647 6651 6648 6652 6649 6653 6654
51 52 1075 1077 225 226 227 6655 6656 6657 6658 6659 6660 6642 6641 6640 6661 6665 6662 6666 6663 6667 6664 6668 6669
1077 1075 774 1076 6660 6659 6658 6670 6671 6672 6673 6674 6675 6676 6677 6678 6679 6683 6680 6684 6681 6685 6682 6686 6687
1064 1077 1076 771 6645 6644 6643 6678 6677 6676 6688 6689 6690 6438 6437 6436 6691 6695 6692 6696 6693 6697 6694 6698 6699
771 1076 1080 1067 6690 6689 6688 6700 6701 6702 6703 6704 6705 6483 6482 6481 6706 6710 6707 6711 6708 6712 6709 6713 6714
1076 774 1078 1080 6675 6674 6673 6715 6716 6717 6718 6719 6720 6702 6701 6700 6721 6725 6722 6726 6723 6727 6724 6728 6729
1080 1078 775 1079 6720 6719 6718 6730 6731 6732 6733 6734 6735 6736 6737 6738 6739 6743 6740 6744 6741 6745 6742 6746 6747
1067 1080 1079 772 6705 6704 6703 6738 6737 6736 6748 6749 6750 6498 6497 6496 6751 6755 6752 6756 6753 6757 6754 6758 6759
772 1079 1083 1070 6750 6749 6748 6760 6761 6762 6763 6764 6765 6543 6542 6541 6766 6770 6767 6771 6768 6772 6769 6773 6774
1079 775 1081 1083 6735 6734 6733 6775 6776 6777 6778 6779 6780 6762 6761 6760 6781 6785 6782 6786 6783 6787 6784 6788 6789
1083 1081 776 1082 6780 6779 6778 6790 6791 6792 6793 6794 6795 6796 6797 6798 6799 6803 6800 6804 6801 6805 6802 6806 6807
1070 1083 1082 773 6765 6764 6763 6798 6797 6796 6808 6809 6810 6558 6557 6556 6811 6815 6812 6816 6813 6817 6814 6818 6819
773 1082 1085 1073 6810 6809 6808 6820 6821 6822 6823 6824 6825 6603 6602 6601 6826 6830 6827 6831 6828 6832 6829 6833 6834
1082 776 1084 1085 6795 6794 6793 6835 6836 6837 6838 6839 6840 6822 6821 6820 6841 6845 6842 6846 6843 6847 6844 6848 6849
1085 1084 386 387 6840 6839 6838 6850 6851 6852 530 531 532 6853 6854 6855 6856 6860 6857 6861 6858 6862 6859 6863 6864
1073 1085 387 388 6825 6824 6823 6855 6854 6853 533 534 535 6618 6617 6616 6865 6869 6866 6870 6867 6871 6868 6872 6873
52 53 1088 1075 228 229 230 6874 6875 6876 6877 6878 6879 6657 6656 6655 6880 6884 6881 6885 6882 6886 6883 6887 6888
53 54 1086 1088 231 232 233 6889 6890 6891 6892 6893 6894 6876 6875 6874 6895 6899 6896 6900 6897 6901 6898 6902 6903
1088 1086 777 1087 6894 6893 6892 6904 6905 6906 6907 6908 6909 6910 6911 6912 6913 6917 6914 6918 6915 6919 6916 6920 6921
1075 1088 1087 774 6879 6878 6877 6912 6911 6910 6922 6923 6924 6672 6671 6670 6925 6929 6926 6930 6927 6931 6928 6932 6933
774 1087 1091 1078 6924 6923 6922 6934 6935 6936 6937 6938 6939 6717 6716 6715 6940 6944 6941 6945 6942 6946 6943 6947 6948
1087 777 1089 1091 6909 6908 6907 6949 6950 6951 6952 6953 6954 6936 6935 6934 6955 6959 6956 6960 6957 6961 6958 6962 6963
1091 1089 778 1090 6954 6953 6952 6964 6965 6966 6967 6968 6969 6970 6971 6972 6973 6977 6974 6978 6975 6979 6976 6980 6981
1078 1091 1090 775 6939 6938 6937 6972 6971 6970 6982 6983 6984 6732 6731 6730 6985 6989 6986 6990 6987 6991 6988 6992 6993
775 1090 1094 1081 6984 6983 6982 6994 6995 6996 6997 6998 6999 6777 6776 6775 7000 7004 7001 7005 7002 7006 7003 7007 7008
1090 778 1092 1094 6969 6968 6967 7009 7010 7011 7012 7013 7014 6996 6995 6994 7015 7019 7016 7020 7017 7021 7018 7022 7023
1094 1092 779 1093 7014 7013 7012 7024 7025 7026 7027 7028 7029 7030 7031 7032 7033 7037 7034 7038 7035 7039 7036 7040 7041
1081 1094 1093 776 6999 6998 6997 7032 7031 7030 7042 7043 7044 6792 6791 6790 7045 7049 7046 7050 7047 7051 7048 7052 7053
776 1093 1096 1084 7044 7043 7042 7054 7055 7056 7057 7058 7059 6837 6836 6835 7060 7064 7061 7065 7062 7066 7063 7067 7068
1093 779 1095 1096 7029 7028 7027 7069 7070 7071 7072 7073 7074 7056 7055 7054 7075 7079 7076 7080 7077 7081 7078 7082 7083
1096 1095 384 385 7074 7073 7072 7084 7085 7086 524 525 526 7087 7088 7089 7090 7094 7091 7095 7092 7096 7093 7097 7098
1084 1096 385 386 7059 7058 7057 7089 7088 7087 527 528 529 6852 6851 6850 7099 7103 7100 7104 7101 7105 7102 7106 7107
54 55 1099 1086 234 235 236 7108 7109 7110 7111 7112 7113 6891 6890 6889 7114 7118 7115 7119 7116 7120 7117 7121 7122
55 56 1097 1099 237 238 239 7123 7124 7125 7126 7127 7128 7110 7109 7108 7129 7133 7130 7134 7131 7135 7132 7136 7137
1099 1097 780 1098 7128 7127 7126 7138 7139 7140 7141 7142 7143 7144 7145 7146 7147 7151 7148 7152 7149 7153 7150 7154 7155
1086 1099 1098 777 7113 7112 7111 7146 7145 7144 7156 7157 7158 6906 6905 6904 7159 7163 7160 7164 7161 7165 7162 7166 7167
777 1098 1102 1089 7158 7157 7156 7168 7169 7170 7171 7172 7173 6951 6950 6949 7174 7178 7175 7179 7176 7180 7177 7181 7182
1098 780 1100 1102 7143 7142 7141 7183 7184 7185 7186 7187 7188 7170 7169 7168 7189 7193 7190 7194 7191 7195 7192 7196 7197
1102 1100 781 1101 7188 7187 7186 7198 7199 7200 7201 7202 7203 7204 7205 7206 7207 7211 7208 7212 7209 7213 7210 7214 7215
1089 1102 1101 778 7173 7172 7171 7206 7205 7204 7216 7217 7218 6966 6965 6964 7219 7223 7220 7224 7221 7225 7222 7226 7227
778 1101 1105 1092 7218 7217 7216 7228 7229 7230 7231 7232 7233 7011 7010 7009 7234 7238 7235 7239 7236 7240 7237 7241 7242
1101 781 1103 1105 7203 7202 7201 7243 7244 7245 7246 7247 7248 7230 7229 7228 7249 7253 7250 7254 7251 7255 7252 7256 7257
1105 1103 782 1104 7248 7247 7246 7258 7259 7260 7261 7262 7263 7264 7265 7266 7267 7271 7268 7272 7269 7273 7270 7274 7275
1092 1105 1104 779 7233 7232 7231 7266 7265 7264 7276 7277 7278 7026 7025 7024 7279 7283 7280 7284 7281 7285 7282 7286 7287
779 1104 1107 1095 7278 7277 7276 7288 7289 7290 7291 7292 7293 7071 7070 7069 7294 7298 7295 7299 7296 7300 7297 7301 7302
1104 782 1106 1107 7263 7262 7261 7303 7304 7305 7306 7307 7308 7290 7289 7288 7309 7313 7310 7314 7311 7315 7312 7316 7317
1107 1106 382 383 7308 7307 7306 7318 7319 7320 518 519 520 7321 7322 7323 7324 7328 7325 7329 7326 7330 7327 7331 7332
1095 1107 383 384 7293 7292 7291 7323 7322 7321 521 522 523 7086 7085 7084 7333 7337 7334 7338 7335 7339 7336 7340 7341
56 57 1110 1097 240 241 242 7342 7343 7344 7345 7346 7347 7125 7124 7123 7348 7352 7349 7353 7350 7354 7351 7355 7356
57 58 1108 1110 243 244 245 7357 7358 7359 7360 7361 7362 7344 7343 7342 7363 7367 7364 7368 7365 7369 7366 7370 7371
1110 1108 783 1109 7362 7361 7360 7372 7373 7374 7375 7376 7377 7378 7379 7380 7381 7385 7382 7386 7383 7387 7384 7388 7389
1097 1110 1109 780 7347 7346 7345 7380 7379 7378 7390 7391 7392 7140 7139 7138 7393 7397 7394 7398 7395 7399 7396 7400 7401
780 1109 1113 1100 7392 7391 7390 7402 7403 7404 7405 7406 7407 7185 7184 7183 7408 7412 7409 7413 7410 7414 7411 7415 7416
1109 783 1111 1113 7377 7376 7375 7417 7418 7419 7420 7421 7422 7404 7403 7402 7423 7427 7424 7428 7425 7429 7426 7430 7431
1113 1111 784 1112 7422 7421 7420 7432 7433 7434 7435 7436 7437 7438 7439 7440 7441 7445 7442 7446 7443 7447 7444 7448 7449
1100 1113 1112 781 7407 7406 7405 7440 7439 7438 7450 7451 7452 7200 7199 7198 7453 7457 7454 7458 7455 7459 7456 7460 7461
781 1112 1116 1103 7452 7451 7450 7462 7463 7464 7465 7466 7467 7245 7244 7243 7468 7472 7469 7473 7470 7474 7471 7475 7476
1112 784 1114 1116 7437 7436 7435 7477 7478 7479 7480 7481 7482 7464 7463 7462 7483 7487 7484 7488 7485 7489 7486 7490 7491
1116 1114 785 1115 7482 7481 7480 7492 7493 7494 7495 7496 7497 7498 7499 7500 7501 7505 7502 7506 7503 7507 7504 7508 7509
1103 1116 1115 782 7467 7466 7465 7500 7499 7498 7510 7511 7512 7260 7259 7258 7513 7517 7514 7518 7515 7519 7516 7520 7521
782 1115 1118 1106 7512 7511 7510 7522 7523 7524 7525 7526 7527 7305 7304 7303 7528 7532 7529 7533 7530 7534 7531 7535 7536
1115 785 1117 1118 7497 7496 7495 7537 7538 7539 7540 7541 7542 7524 7523 7522 7543 7547 7544 7548 7545 7549 7546 7550 7551
1118 1117 380 381 7542 7541 7540 7552 7553 7554 512 513 514 7555 7556 7557 7558 7562 7559 7563 7560 7564 7561 7565 7566
1106 1118 381 382 7527 7526 7525 7557 7556 7555 515 516 517 7320 7319 7318 7567 7571 7568 7572 7569 7573 7570 7574 7575
58 59 1121 1108 246 247 248 7576 7577 7578 7579 7580 7581 7359 7358 7357 7582 7586 7583 7587 7584 7588 7585 7589 7590
59 60 1119 1121 249 250 251 7591 7592 7593 7594 7595 7596 7578 7577 7576 7597 7601 7598 7602 7599 7603 7600 7604 7605
1121 1119 786 1120 7596 7595 7594 7606 7607 7608 7609 7610 7611 7612 7613 7614 7615 7619 7616 7620 7617 7621 7618 7622 7623
1108 1121 1120 783 7581 7580 7579 7614 7613 7612 7624 7625 7626 7374 7373 7372 7627 7631 7628 7632 7629 7633 7630 7634 7635
783 1120 1124 1111 7626 7625 7624 7636 7637 7638 7639 7640 7641 7419 7418 7417 7642 7646 7643 7647 7644 7648 7645 7649 7650
1120 786 1122 1124 7611 7610 7609 7651 7652 7653 7654 7655 7656 7638 7637 7636 7657 7661 7658 7662 7659 7663 7660 7664 7665
1124 1122 787 1123 7656 7655 7654 7666 7667 7668 7669 7670 7671 7672 7673 7674 7675 7679 7676 7680 7677 7681 7678 7682 7683
1111 1124 1123 784 7641 7640 7639 7674 7673 7672 7684 7685 7686 7434 7433 7432 7687 7691 7688 7692 7689 7693 7690 7694 7695
784 1123 1127 1114 7686 7685 7684 7696 7697 7698 7699 7700 7701 7479 7478 7477 7702 7706 7703 7707 7704 7708 7705 7709 7710
1123 787 1125 1127 7671 7670 7669 7711 7712 7713 7714 7715 7716 7698 7697 7696 7717 7721 7718 7722 7719 7723 7720 7724 7725
1127 1125 788 1126 7716 7715 7714 7726 7727 7728 7729 7730 7731 7732 7733 7734 7735 7739 7736 7740 7737 7741 7738 7742 7743
1114 1127 1126 785 7701 7700 7699 7734 7733 7732 7744 7745 7746 7494 7493 7492 7747 7751 7748 7752 7749 7753 7750 7754 7755
785 1126 1129 1117 7746 7745 7744 7756 7757 7758 7759 7760 7761 7539 7538 7537 7762 7766 7763 7767 7764 7768 7765 7769 7770
1126 788 1128 1129 7731 7730 7729 7771 7772 7773 7774 7775 7776 7758 7757 7756 7777 7781 7778 7782 7779 7783 7780 7784 7785
1129 1128 378 379 7776 7775 7774 7786 7787 7788 506 507 508 7789 7790 7791 7792 7796 7793 7797 7794 7798 7795 7799 7800
1117 1129 379 380 7761 7760 7759 7791 7790 7789 509 510 511 7554 7553 7552 7801 7805 7802 7806 7803 7807 7804 7808 7809
60 61 1132 1119 252 253 254 7810 7811 7812 7813 7814 7815 7593 7592 7591 7816 7820 7817 7821 7818 7822 7819 7823 7824
61 62 1130 1132 255 256 257 7825 7826 7827 7828 7829 7830 7812 7811 7810 7831 7835 7832 7836 7833 7837 7834 7838 7839
1132 1130 789 1131 7830 7829 7828 7840 7841 7842 7843 7844 7845 7846 7847 7848 7849 7853 7850 7854 7851 7855 7852 7856 7857
1119 1132 1131 786 7815 7814 7813 7848 7847 7846 7858 7859 7860 7608 7607 7606 7861 7865 7862 7866 7863 7867 7864 7868 7869
786 1131 1135 1122 7860 7859 7858 7870 7871 7872 7873 7874 7875 7653 7652 7651 7876 7880 7877 7881 7878 7882 7879 7883 7884
1131 789 1133 1135 7845 7844 7843 7885 7886 7887 7888 7889 7890 7872 7871 7870 7891 7895 7892 7896 7893 7897 7894 7898 7899
1135 1133 790 1134 7890 7889 7888 7900 7901 7902 7903 7904 7905 7906 7907 7908 7909 7913 7910 7914 7911 7915 7912 7916 7917
1122 1135 1134 787 7875 7874 7873 7908 7907 7906 7918 7919 7920 7668 7667 7666 7921 7925 7922 7926 7923 7927 7924 7928 7929
787 1134 1138 1125 7920 7919 7918 7930 7931 7932 7933 7934 7935 7713 7712 7711 7936 7940 7937 7941 7938 7942 7939 7943 7944
1134 790 1136 1138 7905 7904 7903 7945 7946 7947 7948 7949 7950 7932 7931 7930 7951 7955 7952 7956 7953 7957 7954 7958 7959
1138 1136 791 1137 7950 7949 7948 7960 7961 7962 7963 7964 7965 7966 7967 7968 7969 7973 7970 7974 7971 7975 7972 7976 7977
1125 1138 1137 788 7935 7934 7933 7968 7967 7966 7978 7979 7980 7728 7727 7726 7981 7985 7982 7986 7983 7987 7984 7988 7989
788 1137 1140 1128 7980 7979 7978 7990 7991 7992 7993 7994 7995 7773 7772 7771 7996 8000 7997 8001 7998 8002 7999 8003 8004
1137 791 1139 1140 7965 7964 7963 8005 8006 8007 8008 8009 8010 7992 7991 7990 8011 8015 8012 8016 8013 8017 8014 8018 8019
1140 1139 376 377 8010 8009 8008 8020 8021 8022 500 501 502 8023 8024 8025 8026 8030 8027 8031 8028 8032 8029 8033 8034
1128 1140 377 378 7995 7994 7993 8025 8024 8023 503 504 505 7788 7787 7786 8035 8039 8036 8040 8037 8041 8038 8042 8043
62 63 1143 1130 258 259 260 8044 8045 8046 8047 8048 8049 7827 7826 7825 8050 8054 8051 8055 8052 8056 8053 8057 8058
63 64 1141 1143 261 262 263 8059 8060 8061 8062 8063 8064 8046 8045 8044 8065 8069 8066 8070 8067 8071 8068 8072 8073
1143 1141 792 1142 8064 8063 8062 8074 8075 8076 8077 8078 8079 8080 8081 8082 8083 8087 8084 8088 8085 8089 8086 8090 8091
1130 1143 1142 789 8049 8048 8047 8082 8081 8080 8092 8093 8094 7842 7841 7840 8095 8099 8096 8100 8097 8101 8098 8102 8103
789 1142 1146 1133 8094 8093 8092 8104 8105 8106 8107 8108 8109 7887 7886 7885 8110 8114 8111 8115 8112 8116 8113 8117 8118
1142 792 1144 1146 8079 8078 8077 8119 8120 8121 8122 8123 8124 8106 8105 8104 8125 8129 8126 8130 8127 8131 8128 8132 8133
1146 1144 793 1145 8124 8123 8122 8134 8135 8136 8137 8138 8139 8140 8141 8142 8143 8147 8144 8148 8145 8149 8146 8150 8151
1133 1146 1145 790 8109 8108 8107 8142 8141 8140 8152 8153 8154 7902 7901 7900 8155 8159 8156 8160 8157 8161 8158 8162 8163
790 1145 1149 1136 8154 8153 8152 8164 8165 8166 8167 8168 8169 7947 7946 7945 8170 8174 8171 8175 8172 8176 8173 8177 8178
1145 793 1147 1149 8139 8138 8137 8179 8180 8181 8182 8183 8184 8166 8165 8164 8185 8189 8186 8190 8187 8191 8188 8192 8193
1149 1147 794 1148 8184 8183 8182 8194 8195 8196 8197 8198 8199 8200 8201 8202 8203 8207 8204 8208 8205 8209 8206 8210 8211
1136 1149 1148 791 8169 8168 8167 8202 8201 8200 8212 8213 8214 7962 7961 7960 8215 8219 8216 8220 8217 8221 8218 8222 8223
791 1148 1151 1139 8214 8213 8212 8224 8225 8226 8227 8228 8229 8007 8006 8005 8230 8234 8231 8235 8232 8236 8233 8237 8238
1148 794 1150 1151 8199 8198 8197 8239 8240 8241 8242 8243 8244 8226 8225 8224 8245 8249 8246 8250 8247 8251 8248 8252 8253
1151 1150 374 375 8244 8243 8242 8254 8255 8256 494 495 496 8257 8258 8259 8260 8264 8261 8265 8262 8266 8263 8267 8268
1139 1151 375 376 8229 8228 8227 8259 8258 8257 497 498 499 8022 8021 8020 8269 8273 8270 8274 8271 8275 8272 8276 8277
64 65 1154 1141 264 265 266 8278 8279 8280 8281 8282 8283 8061 8060 8059 8284 8288 8285 8289 8286 8290 8287 8291 8292
65 66 1152 1154 267 268 269 8293 8294 8295 8296 8297 8298 8280 8279 8278 8299 8303 8300 8304 8301 8305 8302 8306 8307
1154 1152 795 1153 8298 8297 8296 8308 8309 8310 8311 8312 8313 8314 8315 8316 8317 8321 8318 8322 8319 8323 8320 8324 8325
1141 1154 1153 792 8283 8282 8281 8316 8315 8314 8326 8327 8328 8076 8075 8074 8329 8333 8330 8334 8331 8335 8332 8336 8337
792 1153 1157 1144 8328 8327 8326 8338 8339 8340 8341 8342 8343 8121 8120 8119 8344 8348 8345 8349 8346 8350 8347 8351 8352
1153 795 1155 1157 8313 8312 8311 8353 8354 8355 8356 8357 8358 8340 8339 8338 8359 8363 8360 8364 8361 8365 8362 8366 8367
1157 1155 796 1156 8358 8357 8356 8368 8369 8370 8371 8372 8373 8374 8375 8376 8377 8381 8378 8382 8379 8383 8380 8384 8385
1144 1157 1156 793 8343 8342 8341 8376 8375 8374 8386 8387 8388 8136 8135 8134 8389 8393 8390 8394 8391 8395 8392 8396 8397
793 1156 1160 1147 8388 8387 8386 8398 8399 8400 8401 8402 8403 8181 8180 8179 8404 8408 8405 8409 8406 8410 8407 8411 8412
1156 796 1158 1160 8373 8372 8371 8413 8414 8415 8416 8417 8418 8400 8399 8398 8419 8423 8420 8424 8421 8425 8422 8426 8427
1160 1158 797 1159 8418 8417 8416 8428 8429 8430 8431 8432 8433 8434 8435 8436 8437 8441 8438 8442 8439 8443 8440 8444 8445
1147 1160 1159 794 8403 8402 8401 8436 8435 8434 8446 8447 8448 8196 8195 8194 8449 8453 8450 8454 8451 8455 8452 8456 8457
794 1159 1162 1150 8448 8447 8446 8458 8459 8460 8461 8462 8463 8241 8240 8239 8464 8468 8465 8469 8466 8470 8467 8471 8472
1159 797 1161 1162 8433 8432 8431 8473 8474 8475 8476 8477 8478 8460 8459 8458 8479 8483 8480 8484 8481 8485 8482 8486 8487
1162 1161 372 373 8478 8477 8476 8488 8489 8490 488 489 490 8491 8492 8493 8494 8498 8495 8499 8496 8500 8497 8501 8502
1150 1162 373 374 8463 8462 8461 8493 8492 8491 491 492 493 8256 8255 8254 8503 8507 8504 8508 8505 8509 8506 8510 8511
66 67 1165 1152 270 271 272 8512 8513 8514 8515 8516 8517 8295 8294 8293 8518 8522 8519 8523 8520 8524 8521 8525 8526
67 68 1163 1165 273 274 275 8527 8528 8529 8530 8531 8532 8514 8513 8512 8533 8537 8534 8538 8535 8539 8536 8540 8541
1165 1163 798 1164 8532 8531 8530 8542 8543 8544 8545 8546 8547 8548 8549 8550 8551 8555 8552 8556 8553 8557 8554 8558 8559
1152 1165 1164 795 8517 8516 8515 8550 8549 8548 8560 8561 8562 8310 8309 8308 8563 8567 8564 8568 8565 8569 8566 8570 8571
795 1164 1168 1155 8562 8561 8560 8572 8573 8574 8575 8576 8577 8355 8354 8353 8578 8582 8579 8583 8580 8584 8581 8585 8586
1164 798 1166 1168 8547 8546 8545 8587 8588 8589 8590 8591 8592 8574 8573 8572 8593 8597 8594 8598 8595 8599 8596 8600 8601
1168 1166 799 1167 8592 8591 8590 8602 8603 8604 8605 8606 8607 8608 8609 8610 8611 8615 8612 8616 8613 8617 8614 8618 8619
1155 1168 1167 796 8577 8576 8575 8610 8609 8608 8620 8621 8622 8370 8369 8368 8623 8627 8624 8628 8625 8629 8626 8630 8631
796 1167 1171 1158 8622 8621 8620 8632 8633 8634 8635 8636 8637 8415 8414 8413 8638 8642 8639 8643 8640 8644 8641 8645 8646
1167 799 1169 1171 8607 8606 8605 8647 8648 8649 8650 8651 8652 8634 8633 8632 8653 8657 8654 8658 8655 8659 8656 8660 8661
1171 1169 800 1170 8652 8651 8650 8662 8663 8664 8665 8666 8667 8668 8669 8670 8671 8675 8672 8676 8673 8677 8674 8678 8679
1158 1171 1170 797 8637 8636 8635 8670 8669 8668 8680 8681 8682 8430 8429 8428 8683 8687 8684 8688 8685 8689 8686 8690 8691
797 1170 1173 1161 8682 8681 8680 8692 8693 8694 8695 8696 8697 8475 8474 8473 8698 8702 8699 8703 8700 8704 8701 8705 8706
1170 800 1172 1173 8667 8666 8665 8707 8708 8709 8710 8711 8712 8694 8693 8692 8713 8717 8714 8718 8715 8719 8716 8720 8721
1173 1172 370 371 8712 8711 8710 8722 8723 8724 482 483 484 8725 8726 8727 8728 8732 8729 8733 8730 8734 8731 8735 8736
1161 1173 371 372 8697 8696 8695 8727 8726 8725 485 486 487 8490 8489 8488 8737 8741 8738 8742 8739 8743 8740 8744 8745
68 69 1176 1163 276 277 278 8746 8747 8748 8749 8750 8751 8529 8528 8527 8752 8756 8753 8757 8754 8758 8755 8759 8760
69 70 1174 1176 279 280 281 8761 8762 8763 8764 8765 8766 8748 8747 8746 8767 8771 8768 8772 8769 8773 8770 8774 8775
1176 1174 801 1175 8766 8765 8764 8776 8777 8778 8779 8780 8781 8782 8783 8784 8785 8789 8786 8790 8787 8791 8788 8792 8793
1163 1176 1175 798 8751 8750 8749 8784 8783 8782 8794 8795 8796 8544 8543 8542 8797 8801 8798 8802 8799 8803 8800 8804 8805
798 1175 1179 1166 8796 8795 8794 8806 8807 8808 8809 8810 8811 8589 8588 8587 8812 8816 8813 8817 8814 8818 8815 8819 8820
1175 801 1177 1179 8781 8780 8779 8821 8822 8823 8824 8825 8826 8808 8807 8806 8827 8831 8828 8832 8829 8833 8830 8834 8835
1179 1177 802 1178 8826 8825 8824 8836 8837 8838 8839 8840 8841 8842 8843 8844 8845 8849 8846 8850 8847 8851 8848 8852 8853
1166 1179 1178 799 8811 8810 8809 8844 8843 8842 8854 8855 8856 8604 8603 8602 8857 8861 8858 8862 8859 8863 8860 8864 8865
799 1178 1182 1169 8856 8855 8854 8866 8867 8868 8869 8870 8871 8649 8648 8647 8872 8876 8873 8877 8874 8878 8875 8879 8880
1178 802 1180 1182 8841 8840 8839 8881 8882 8883 8884 8885 8886 8868 8867 8866 8887 8891 8888 8892 8889 8893 8890 8894 8895
1182 1180 803 1181 8886 8885 8884 8896 8897 8898 8899 8900 8901 8902 8903 8904 8905 8909 8906 8910 8907 8911 8908 8912 8913
1169 1182 1181 800 8871 8870 8869 8904 8903 8902 8914 8915 8916 8664 8663 8662 8917 8921 8918 8922 8919 8923 8920 8924 8925
800 1181 1184 1172 8916 8915 8914 8926 8927 8928 8929 8930 8931 8709 8708 8707 8932 8936 8933 8937 8934 8938 8935 8939 8940
1181 803 1183 1184 8901 8900 8899 8941 8942 8943 8944 8945 8946 8928 8927 8926 8947 8951 8948 8952 8949 8953 8950 8954 8955
1184 1183 368 369 8946 8945 8944 8956 8957 8958 476 477 478 8959 8960 8961 8962 8966 8963 8967 8964 8968 8965 8969 8970
1172 1184 369 370 8931 8930 8929 8961 8960 8959 479 480 481 8724 8723 8722 8971 8975 8972 8976 8973 8977 8974 8978 8979
70 71 1187 1174 282 283 284 8980 8981 8982 8983 8984 8985 8763 8762 8761 8986 8990 8987 8991 8988 8992 8989 8993 8994
71 72 1185 1187 285 286 287 8995 8996 8997 8998 8999 9000 8982 8981 8980 9001 9005 9002 9006 9003 9007 9004 9008 9009
1187 1185 804 1186 9000 8999 8998 9010 9011 9012 9013 9014 9015 9016 9017 9018 9019 9023 9020 9024 9021 9025 9022 9026 9027
1174 1187 1186 801 8985 8984 8983 9018 9017 9016 9028 9029 9030 8778 8777 8776 9031 9035 9032 9036 9033 9037 9034 9038 9039
801 1186 1190 1177 9030 9029 9028 9040 9041 9042 9043 9044 9045 8823 8822 8821 9046 9050 9047 9051 9048 9052 9049 9053 9054
1186 804 1188 1190 9015 9014 9013 9055 9056 9057 9058 9059 9060 9042 9041 9040 9061 9065 9062 9066 9063 9067 9064 9068 9069
1190 1188 805 1189 9060 9059 9058 9070 9071 9072 9073 9074 9075 9076 9077 9078 9079 9083 9080 9084 9081 9085 9082 9086 9087
1177 1190 1189 802 9045 9044 9043 9078 9077 9076 9088 9089 9090 8838 8837 8836 9091 9095 9092 9096 9093 9097 9094 9098 9099
802 1189 1193 1180 9090 9089 9088 9100 9101 9102 9103 9104 9105 8883 8882 8881 9106 9110 9107 9111 9108 9112 9109 9113 9114
1189 805 1191 1193 9075 9074 9073 9115 9116 9117 9118 9119 9120 9102 9101 9100 9121 9125 9122 9126 9123 9127 9124 9128 9129
1193 1191 806 1192 9120 9119 9118 9130 9131 9132 9133 9134 9135 9136 9137 9138 9139 9143 9140 9144 9141 9145 9142 9146 9147
1180 1193 1192 803 9105 9104 9103 9138 9137 9136 9148 9149 9150 8898 8897 8896 9151 9155 9152 9156 9153 9157 9154 9158 9159
803 1192 1195 1183 9150 9149 9148 9160 9161 9162 9163 9164 9165 8943 8942 8941 9166 9170 9167 9171 9168 9172 9169 9173 9174
1192 806 1194 1195 9135 9134 9133 9175 9176 9177 9178 9179 9180 9162 9161 9160 9181 9185 9182 9186 9183 9187 9184 9188 9189
1195 1194 366 367 9180 9179 9178 9190 9191 9192 470 471 472 9193 9194 9195 9196 9200 9197 9201 9198 9202 9199 9203 9204
1183 1195 367 368 9165 9164 9163 9195 9194 9193 473 474 475 8958 8957 8956 9205 9209 9206 9210 9207 9211 9208 9212 9213
72 73 1198 1185 288 289 290 9214 9215 9216 9217 9218 9219 8997 8996 8995 9220 9224 9221 9225 9222 9226 9223 9227 9228
73 74 1196 1198 291 292 293 9229 9230 9231 9232 9233 9234 9216 9215 9214 9235 9239 9236 9240 9237 9241 9238 9242 9243
1198 1196 807 1197 9234 9233 9232 9244 9245 9246 9247 9248 9249 9250 9251 9252 9253 9257 9254 9258 9255 9259 9256 9260 9261
1185 1198 1197 804 9219 9218 9217 9252 9251 9250 9262 9263 9264 9012 9011 9010 9265 9269 9266 9270 9267 9271 9268 9272 9273
804 1197 1201 1188 9264 9263 9262 9274 9275 9276 9277 9278 9279 9057 9056 9055 9280 9284 9281 9285 9282 9286 9283 9287 9288
1197 807 1199 1201 9249 9248 9247 9289 9290 9291 9292 9293 9294 9276 9275 9274 9295 9299 9296 9300 9297 9301 9298 9302 9303
1201 1199 808 1200 9294 9293 9292 9304 9305 9306 9307 9308 9309 9310 9311 9312 9313 9317 9314 9318 9315 9319 9316 9320 9321
1188 1201 1200 805 9279 9278 9277 9312 9311 9310 9322 9323 9324 9072 9071 9070 9325 9329 9326 9330 9327 9331 9328 9332 9333
805 1200 1204 1191 9324 9323 9322 9334 9335 9336 9337 9338 9339 9117 9116 9115 9340 9344 9341 9345 9342 9346 9343 9347 9348
1200 808 1202 1204 9309 9308 9307 9349 9350 9351 9352 9353 9354 9336 9335 9334 9355 9359 9356 9360 9357 9361 9358 9362 9363
1204 1202 809 1203 9354 9353 9352 9364 9365 9366 9367 9368 9369 9370 9371 9372 9373 9377 9374 9378 9375 9379 9376 9380 9381
1191 1204 1203 806 9339 9338 9337 9372 9371 9370 9382 9383 9384 9132 9131 9130 9385 9389 9386 9390 9387 9391 9388 9392 9393
806 1203 1206 1194 9384 9383 9382 9394 9395 9396 9397 9398 9399 9177 9176 9175 9400 9404 9401 9405 9402 9406 9403 9407 9408
1203 809 1205 1206 9369 9368 9367 9409 9410 9411 9412 9413 9414 9396 9395 9394 9415 9419 9416 9420 9417 9421 9418 9422 9423
1206 1205 364 365 9414 9413 9412 9424 9425 9426 464 465 466 9427 9428 9429 9430 9434 9431 9435 9432 9436 9433 9437 9438
1194 1206 365 366 9399 9398 9397 9429 9428 9427 467 468 469 9192 9191 9190 9439 9443 9440 9444 9441 9445 9442 9446 9447
74 75 1209 1196 294 295 296 9448 9449 9450 9451 9452 9453 9231 9230 9229 9454 9458 9455 9459 9456 9460 9457 9461 9462
75 76 1207 1209 297 298 299 9463 9464 9465 9466 9467 9468 9450 9449 9448 9469 9473 9470 9474 9471 9475 9472 9476 9477
1209 1207 810 1208 9468 9467 9466 9478 9479 9480 9481 9482 9483 9484 9485 9486 9487 9491 9488 9492 9489 9493 9490 9494 9495
1196 1209 1208 807 9453 9452 9451 9486 9485 9484 9496 9497 9498 9246 9245 9244 9499 9503 9500 9504 9501 9505 9502 9506 9507
807 1208 1212 1199 9498 9497 9496 9508 9509 9510 9511 9512 9513 9291 9290 9289 9514 9518 9515 9519 9516 9520 9517 9521 9522
1208 810 1210 1212 9483 9482 9481 9523 9524 9525 9526 9527 9528 9510 9509 9508 9529 9533 9530 9534 9531 9535 9532 9536 9537
1212 1210 811 1211 9528 9527 9526 9538 9539 9540 9541 9542 9543 9544 9545 9546 9547 9551 9548 9552 9549 9553 9550 9554 9555
1199 1212 1211 808 9513 9512 9511 9546 9545 9544 9556 9557 9558 9306 9305 9304 9559 9563 9560 9564 9561 9565 9562 9566 9567
808 1211 1215 1202 9558 9557 9556 9568 9569 9570 9571 9572 9573 9351 9350 9349 9574 9578 9575 9579 9576 9580 9577 9581 9582
1211 811 1213 1215 9543 9542 9541 9583 9584 9585 9586 9587 9588 9570 9569 9568 9589 9593 9590 9594 9591 9595 9592 9596 9597
1215 1213 812 1214 9588 9587 9586 9598 9599 9600 9601 9602 9603 9604 9605 9606 9607 9611 9608 9612 9609 9613 9610 9614 9615
1202 1215 1214 809 9573 9572 9571 9606 9605 9604 9616 9617 9618 9366 9365 9364 9619 9623 9620 9624 9621 9625 9622 9626 9627
809 1214 1217 1205 9618 9617 9616 9628 9629 9630 9631 9632 9633 9411 9410 9409 9634 9638 9635 9639 9636 9640 9637 9641 9642
1214 812 1216 1217 9603 9602 9601 9643 9644 9645 9646 9647 9648 9630 9629 9628 9649 9653 9650 9654 9651 9655 9652 9656 9657
1217 1216 362 363 9648 9647 9646 9658 9659 9660 458 459 460 9661 9662 9663 9664 9668 9665 9669 9666 9670 9667 9671 9672
1205 1217 363 364 9633 9632 9631 9663 9662 9661 461 462 463 9426 9425 9424 9673 9677 9674 9678 9675 9679 9676 9680 9681
76 77 1220 1207 300 301 302 9682 9683 9684 9685 9686 9687 9465 9464 9463 9688 9692 9689 9693 9690 9694 9691 9695 9696
77 78 1218 1220 303 304 305 9697 9698 9699 9700 9701 9702 9684 9683 9682 9703 9707 9704 9708 9705 9709 9706 9710 9711
1220 1218 813 1219 9702 9701 9700 9712 9713 9714 9715 9716 9717 9718 9719 9720 9721 9725 9722 9726 9723 9727 9724 9728 9729
1207 1220 1219 810 9687 9686 9685 9720 9719 9718 9730 9731 9732 9480 9479 9478 9733 9737 9734 9738 9735 9739 9736 9740 9741
810 1219 1223 1210 9732 9731 9730 9742 9743 9744 9745 9746 9747 9525 9524 9523 9748 9752 9749 9753 9750 9754 9751 9755 9756
1219 813 1221 1223 9717 9716 9715 9757 9758 9759 9760 9761 9762 9744 9743 9742 9763 9767 9764 9768 9765 9769 9766 9770 9771
1223 1221 814 1222 9762 9761 9760 9772 9773 9774 9775 9776 9777 9778 9779 9780 9781 9785 9782 9786 9783 9787 9784 9788 9789
1210 1223 1222 811 9747 9746 9745 9780 9779 9778 9790 9791 9792 9540 9539 9538 9793 9797 9794 9798 9795 9799 9796 9800 9801
811 1222 1226 1213 9792 9791 9790 9802 9803 9804 9805 9806 9807 9585 9584 9583 9808 9812 9809 9813 9810 9814 9811 9815 9816
1222 814 1224 1226 9777 9776 9775 9817 9818 9819 9820 9821 9822 9804 9803 9802 9823 9827 9824 9828 9825 9829 9826 9830 9831
1226 1224 815 1225 9822 9821 9820 9832 9833 9834 9835 9836 9837 9838 9839 9840 9841 9845 9842 9846 9843 9847 9844 9848 9849
1213 1226 1225 812 9807 9806 9805 9840 9839 9838 9850 9851 9852 9600 9599 9598 9853 9857 9854 9858 9855 9859 9856 9860 9861
812 1225 1228 1216 9852 9851 9850 9862 9863 9864 9865 9866 9867 9645 9644 9643 9868 9872 9869 9873 9870 9874 9871 9875 9876
1225 815 1227 1228 9837 9836 9835 9877 9878 9879 9880 9881 9882 9864 9863 9862 9883 9887 9884 9888 9885 9889 9886 9890 9891
1228 1227 360 361 9882 9881 9880 9892 9893 9894 452 453 454 9895 9896 9897 9898 9902 9899 9903 9900 9904 9901 9905 9906
1216 1228 361 362 9867 9866 9865 9897 9896 9895 455 456 457 9660 9659 9658 9907 9911 9908 9912 9909 9913 9910 9914 9915
78 79 1231 1218 306 307 308 9916 9917 9918 9919 9920 9921 9699 9698 9697 9922 9926 9923 9927 9924 9928 9925 9929 9930
79 80 1229 1231 309 310 311 9931 9932 9933 9934 9935 9936 9918 9917 9916 9937 9941 9938 9942 9939 9943 9940 9944 9945
1231 1229 816 1230 9936 9935 9934 9946 9947 9948 9949 9950 9951 9952 9953 9954 9955 9959 9956 9960 9957 9961 9958 9962 9963
1218 1231 1230 813 9921 9920 9919 9954 9953 9952 9964 9965 9966 9714 9713 9712 9967 9971 9968 9972 9969 9973 9970 9974 9975
813 1230 1234 1221 9966 9965 9964 9976 9977 9978 9979 9980 9981 9759 9758 9757 9982 9986 9983 9987 9984 9988 9985 9989 9990
1230 816 1232 1234 9951 9950 9949 9991 9992 9993 9994 9995 9996 9978 9977 9976 9997 10001 9998 10002 9999 10003 10000 10004 10005
1234 1232 817 1233 9996 9995 9994 10006 10007 10008 10009 10010 10011 10012 10013 10014 10015 10019 10016 10020 10017 10021 10018 10022 10023
1221 1234 1233 814 9981 9980 9979 10014 10013 10012 10024 10025 10026 9774 9773 9772 10027 10031 10028 10032 10029 10033 10030 10034 10035
814 1233 1237 1224 10026 10025 10024 10036 10037 10038 10039 10040 10041 9819 9818 9817 10042 10046 10043 10047 10044 10048 10045 10049 10050
1233 817 1235 1237 10011 10010 10009 10051 10052 10053 10054 10055 10056 10038 10037 10036 10057 10061 10058 10062 10059 10063 10060 10064 10065
1237 1235 818 1236 10056 10055 10054 10066 10067 10068 10069 10070 10071 10072 10073 10074 10075 10079 10076 10080 10077 10081 10078 10082 10083
1224 1237 1236 815 10041 10040 10039 10074 10073 10072 10084 10085 10086 9834 9833 9832 10087 10091 10088 10092 10089 10093 10090 10094 10095
815 1236 1239 1227 10086 10085 10084 10096 10097 10098 10099 10100 10101 9879 9878 9877 10102 10106 10103 10107 10104 10108 10105 10109 10110
1236 818 1238 1239 10071 10070 10069 10111 10112 10113 10114 10115 10116 10098 10097 10096 10117 10121 10118 10122 10119 10123 10120 10124 10125
1239 1238 358 359 10116 10115 10114 10126 10127 10128 446 447 448 10129 10130 10131 10132 10136 10133 10137 10134 10138 10135 10139 10140
1227 1239 359 360 10101 10100 10099 10131 10130 10129 449 450 451 9894 9893 9892 10141 10145 10142 10146 10143 10147 10144 10148 10149
80 81 1242 1229 312 313 314 10150 10151 10152 10153 10154 10155 9933 9932 9931 10156 10160 10157 10161 10158 10162 10159 10163 10164
81 82 1240 1242 315 316 317 10165 10166 10167 10168 10169 10170 10152 10151 10150 10171 10175 10172 10176 10173 10177 10174 10178 10179
1242 1240 819 1241 10170 10169 10168 10180 10181 10182 10183 10184 10185 10186 10187 10188 10189 10193 10190 10194 10191 10195 10192 10196 10197
1229 1242 1241 816 10155 10154 10153 10188 10187 10186 10198 10199 10200 9948 9947 9946 10201 10205 10202 10206 10203 10207 10204 10208 10209
816 1241 1245 1232 10200 10199 10198 10210 10211 10212 10213 10214 10215 9993 9992 9991 10216 10220 10217 10221 10218 10222 10219 10223 10224
1241 819 1243 1245 10185 10184 10183 10225 10226 10227 10228 10229 10230 10212 10211 10210 10231 10235 10232 10236 10233 10237 10234 10238 10239
1245 1243 820 1244 10230 10229 10228 10240 10241 10242 10243 10244 10245 10246 10247 10248 10249 10253 10250 10254 10251 10255 10252 10256 10257
1232 1245 1244 817 10215 10214 10213 10248 10247 10246 10258 10259 10260 10008 10007 10006 10261 10265 10262 10266 10263 10267 10264 10268 10269
817 1244 1248 1235 10260 10259 10258 10270 10271 10272 10273 10274 10275 10053 10052 10051 10276 10280 10277 10281 10278 10282 10279 10283 10284
1244 820 1246 1248 10245 10244 10243 10285 10286 10287 10288 10289 10290 10272 10271 10270 10291 10295 10292 10296 10293 10297 10294 10298 10299
1248 1246 821 1247 10290 10289 10288 10300 10301 10302 10303 10304 10305 10306 10307 10308 10309 10313 10310 10314 10311 10315 10312 10316 10317
1235 1248 1247 818 10275 10274 10273 10308 10307 10306 10318 10319 10320 10068 10067 10066 10321 10325 10322 10326 10323 10327 10324 10328 10329
818 1247 1250 1238 10320 10319 10318 10330 10331 10332 10333 10334 10335 10113 10112 10111 10336 10340 10337 10341 10338 10342 10339 10343 10344
1247 821 1249 1250 10305 10304 10303 10345 10346 10347 10348 10349 10350 10332 10331 10330 10351 10355 10352 10356 10353 10357 10354 10358 10359
1250 1249 356 357 10350 10349 10348 10360 10361 10362 440 441 442 10363 10364 10365 10366 10370 10367 10371 10368 10372 10369 10373 10374
1238 1250 357 358 10335 10334 10333 10365 10364 10363 443 444 445 10128 10127 10126 10375 10379 10376 10380 10377 10381 10378 10382 10383
82 83 1252 1240 318 319 320 10384 10385 10386 10387 10388 10389 10167 10166 10165 10390 10394 10391 10395 10392 10396 10393 10397 10398
83 2 324 1252 321 322 323 331 332 333 10399 10400 10401 10386 10385 10384 10402 10406 10403 10407 10404 10408 10405 10409 10410
1252 324 325 1251 10401 10400 10399 334 335 336 10411 10412 10413 10414 10415 10416 10417 10421 10418 10422 10419 10423 10420 10424 10425
1240 1252 1251 819 10389 10388 10387 10416 10415 10414 10426 10427 10428 10182 10181 10180 10429 10433 10430 10434 10431 10435 10432 10436 10437
819 1251 1254 1243 10428 10427 10426 10438 10439 10440 10441 10442 10443 10227 10226 10225 10444 10448 10445 10449 10446 10450 10447 10451 10452
1251 325 326 1254 10413 10412 10411 337 338 339 10453 10454 10455 10440 10439 10438 10456 10460 10457 10461 10458 10462 10459 10463 10464
1254 326 327 1253 10455 10454 10453 340 341 342 10465 10466 10467 10468 10469 10470 10471 10475 10472 10476 10473 10477 10474 10478 10479
1243 1254 1253 820 10443 10442 10441 10470 10469 10468 10480 10481 10482 10242 10241 10240 10483 10487 10484 10488 10485 10489 10486 10490 10491
820 1253 1256 1246 10482 10481 10480 10492 10493 10494 10495 10496 10497 10287 10286 10285 10498 10502 10499 10503 10500 10504 10501 10505 10506
1253 327 328 1256 10467 10466 10465 343 344 345 10507 10508 10509 10494 10493 10492 10510 10514 10511 10515 10512 10516 10513 10517 10518
1256 328 329 1255 10509 10508 10507 346 347 348 10519 10520 10521 10522 10523 10524 10525 10529 10526 10530 10527 10531 10528 10532 10533
1246 1256 1255 821 10497 10496 10495 10524 10523 10522 10534 10535 10536 10302 10301 10300 10537 10541 10538 10542 10539 10543 10540 10544 10545
821 1255 1257 1249 10536 10535 10534 10546 10547 10548 10549 10550 10551 10347 10346 10345 10552 10556 10553 10557 10554 10558 10555 10559 10560
1255 329 330 1257 10521 10520 10519 349 350 351 10561 10562 10563 10548 10547 10546 10564 10568 10565 10569 10566 10570 10567 10571 10572
1257 330 3 355 10563 10562 10561 352 353 354 434 435 436 10573 10574 10575 10576 10580 10577 10581 10578 10582 10579 10583 10584
1249 1257 355 356 10551 10550 10549 10575 10574 10573 437 438 439 10362 10361 10360 10585 10589 10586 10590 10587 10591 10588 10592 10593
