1 0.0179740114977131 0.0179740114977131 0
2 0.232025988502287 0.0179740114977131 0
3 0.232025988502287 0.232025988502287 0
4 0.0179740114977131 0.232025988502287 0
5 0.0179740114977131 0.0574310544275679 0
6 0.192568945572432 0.0179740114977131 0
7 0.232025988502287 0.192568945572432 0
8 0.0574310544275679 0.232025988502287 0
9 0.0179740114977131 0.125 0
10 0.125 0.0179740114977131 0
11 0.232025988502287 0.125 0
12 0.125 0.232025988502287 0
13 0.0574310544275679 0.0179740114977131 0
14 0.232025988502287 0.0574310544275679 0
15 0.192568945572432 0.232025988502287 0
16 0.0179740114977131 0.192568945572432 0
17 0.0574310544275679 0.0574310544275679 0
18 0.192568945572432 0.0574310544275679 0
19 0.192568945572432 0.192568945572432 0
20 0.0574310544275679 0.192568945572432 0
21 0.0574310544275679 0.125 0
22 0.125 0.0574310544275679 0
23 0.192568945572432 0.125 0
24 0.125 0.192568945572432 0
25 0.125 0.125 0
26 0.0179740114977131 0.267974011497713 0
27 0.232025988502287 0.267974011497713 0
28 0.232025988502287 0.482025988502287 0
29 0.0179740114977131 0.482025988502287 0
30 0.0179740114977131 0.307431054427568 0
31 0.192568945572432 0.267974011497713 0
32 0.232025988502287 0.442568945572432 0
33 0.0574310544275679 0.482025988502287 0
34 0.0179740114977131 0.375 0
35 0.125 0.267974011497713 0
36 0.232025988502287 0.375 0
37 0.125 0.482025988502287 0
38 0.0574310544275679 0.267974011497713 0
39 0.232025988502287 0.307431054427568 0
40 0.192568945572432 0.482025988502287 0
41 0.0179740114977131 0.442568945572432 0
42 0.0574310544275679 0.307431054427568 0
43 0.192568945572432 0.307431054427568 0
44 0.192568945572432 0.442568945572432 0
45 0.0574310544275679 0.442568945572432 0
46 0.0574310544275679 0.375 0
47 0.125 0.307431054427568 0
48 0.192568945572432 0.375 0
49 0.125 0.442568945572432 0
50 0.125 0.375 0
51 0.0179740114977131 0.517974011497713 0
52 0.232025988502287 0.517974011497713 0
53 0.232025988502287 0.732025988502287 0
54 0.0179740114977131 0.732025988502287 0
55 0.0179740114977131 0.557431054427568 0
56 0.192568945572432 0.517974011497713 0
57 0.232025988502287 0.692568945572432 0
58 0.0574310544275679 0.732025988502287 0
59 0.0179740114977131 0.625 0
60 0.125 0.517974011497713 0
61 0.232025988502287 0.625 0
62 0.125 0.732025988502287 0
63 0.0574310544275679 0.517974011497713 0
64 0.232025988502287 0.557431054427568 0
65 0.192568945572432 0.732025988502287 0
66 0.0179740114977131 0.692568945572432 0
67 0.0574310544275679 0.557431054427568 0
68 0.192568945572432 0.557431054427568 0
69 0.192568945572432 0.692568945572432 0
70 0.0574310544275679 0.692568945572432 0
71 0.0574310544275679 0.625 0
72 0.125 0.557431054427568 0
73 0.192568945572432 0.625 0
74 0.125 0.692568945572432 0
75 0.125 0.625 0
76 0.0179740114977131 0.767974011497713 0
77 0.232025988502287 0.767974011497713 0
78 0.232025988502287 0.982025988502287 0
79 0.0179740114977131 0.982025988502287 0
80 0.0179740114977131 0.807431054427568 0
81 0.192568945572432 0.767974011497713 0
82 0.232025988502287 0.942568945572432 0
83 0.0574310544275679 0.982025988502287 0
84 0.0179740114977131 0.875 0
85 0.125 0.767974011497713 0
86 0.232025988502287 0.875 0
87 0.125 0.982025988502287 0
88 0.0574310544275679 0.767974011497713 0
89 0.232025988502287 0.807431054427568 0
90 0.192568945572432 0.982025988502287 0
91 0.0179740114977131 0.942568945572432 0
92 0.0574310544275679 0.807431054427568 0
93 0.192568945572432 0.807431054427568 0
94 0.192568945572432 0.942568945572432 0
95 0.0574310544275679 0.942568945572432 0
96 0.0574310544275679 0.875 0
97 0.125 0.807431054427568 0
98 0.192568945572432 0.875 0
99 0.125 0.942568945572432 0
100 0.125 0.875 0
101 0.267974011497713 0.0179740114977131 0
102 0.482025988502287 0.0179740114977131 0
103 0.482025988502287 0.232025988502287 0
104 0.267974011497713 0.232025988502287 0
105 0.267974011497713 0.0574310544275679 0
106 0.442568945572432 0.0179740114977131 0
107 0.482025988502287 0.192568945572432 0
108 0.307431054427568 0.232025988502287 0
109 0.267974011497713 0.125 0
110 0.375 0.0179740114977131 0
111 0.482025988502287 0.125 0
112 0.375 0.232025988502287 0
113 0.307431054427568 0.0179740114977131 0
114 0.482025988502287 0.0574310544275679 0
115 0.442568945572432 0.232025988502287 0
116 0.267974011497713 0.192568945572432 0
117 0.307431054427568 0.0574310544275679 0
118 0.442568945572432 0.0574310544275679 0
119 0.442568945572432 0.192568945572432 0
120 0.307431054427568 0.192568945572432 0
121 0.307431054427568 0.125 0
122 0.375 0.0574310544275679 0
123 0.442568945572432 0.125 0
124 0.375 0.192568945572432 0
125 0.375 0.125 0
126 0.267974011497713 0.267974011497713 0
127 0.482025988502287 0.267974011497713 0
128 0.482025988502287 0.482025988502287 0
129 0.267974011497713 0.482025988502287 0
130 0.267974011497713 0.307431054427568 0
131 0.442568945572432 0.267974011497713 0
132 0.482025988502287 0.442568945572432 0
133 0.307431054427568 0.482025988502287 0
134 0.267974011497713 0.375 0
135 0.375 0.267974011497713 0
136 0.482025988502287 0.375 0
137 0.375 0.482025988502287 0
138 0.307431054427568 0.267974011497713 0
139 0.482025988502287 0.307431054427568 0
140 0.442568945572432 0.482025988502287 0
141 0.267974011497713 0.442568945572432 0
142 0.307431054427568 0.307431054427568 0
143 0.442568945572432 0.307431054427568 0
144 0.442568945572432 0.442568945572432 0
145 0.307431054427568 0.442568945572432 0
146 0.307431054427568 0.375 0
147 0.375 0.307431054427568 0
148 0.442568945572432 0.375 0
149 0.375 0.442568945572432 0
150 0.375 0.375 0
151 0.267974011497713 0.517974011497713 0
152 0.482025988502287 0.517974011497713 0
153 0.482025988502287 0.732025988502287 0
154 0.267974011497713 0.732025988502287 0
155 0.267974011497713 0.557431054427568 0
156 0.442568945572432 0.517974011497713 0
157 0.482025988502287 0.692568945572432 0
158 0.307431054427568 0.732025988502287 0
159 0.267974011497713 0.625 0
160 0.375 0.517974011497713 0
161 0.482025988502287 0.625 0
162 0.375 0.732025988502287 0
163 0.307431054427568 0.517974011497713 0
164 0.482025988502287 0.557431054427568 0
165 0.442568945572432 0.732025988502287 0
166 0.267974011497713 0.692568945572432 0
167 0.307431054427568 0.557431054427568 0
168 0.442568945572432 0.557431054427568 0
169 0.442568945572432 0.692568945572432 0
170 0.307431054427568 0.692568945572432 0
171 0.307431054427568 0.625 0
172 0.375 0.557431054427568 0
173 0.442568945572432 0.625 0
174 0.375 0.692568945572432 0
175 0.375 0.625 0
176 0.267974011497713 0.767974011497713 0
177 0.482025988502287 0.767974011497713 0
178 0.482025988502287 0.982025988502287 0
179 0.267974011497713 0.982025988502287 0
180 0.267974011497713 0.807431054427568 0
181 0.442568945572432 0.767974011497713 0
182 0.482025988502287 0.942568945572432 0
183 0.307431054427568 0.982025988502287 0
184 0.267974011497713 0.875 0
185 0.375 0.767974011497713 0
186 0.482025988502287 0.875 0
187 0.375 0.982025988502287 0
188 0.307431054427568 0.767974011497713 0
189 0.482025988502287 0.807431054427568 0
190 0.442568945572432 0.982025988502287 0
191 0.267974011497713 0.942568945572432 0
192 0.307431054427568 0.807431054427568 0
193 0.442568945572432 0.807431054427568 0
194 0.442568945572432 0.942568945572432 0
195 0.307431054427568 0.942568945572432 0
196 0.307431054427568 0.875 0
197 0.375 0.807431054427568 0
198 0.442568945572432 0.875 0
199 0.375 0.942568945572432 0
200 0.375 0.875 0
201 0.517974011497713 0.0179740114977131 0
202 0.732025988502287 0.0179740114977131 0
203 0.732025988502287 0.232025988502287 0
204 0.517974011497713 0.232025988502287 0
205 0.517974011497713 0.0574310544275679 0
206 0.692568945572432 0.0179740114977131 0
207 0.732025988502287 0.192568945572432 0
208 0.557431054427568 0.232025988502287 0
209 0.517974011497713 0.125 0
210 0.625 0.0179740114977131 0
211 0.732025988502287 0.125 0
212 0.625 0.232025988502287 0
213 0.557431054427568 0.0179740114977131 0
214 0.732025988502287 0.0574310544275679 0
215 0.692568945572432 0.232025988502287 0
216 0.517974011497713 0.192568945572432 0
217 0.557431054427568 0.0574310544275679 0
218 0.692568945572432 0.0574310544275679 0
219 0.692568945572432 0.192568945572432 0
220 0.557431054427568 0.192568945572432 0
221 0.557431054427568 0.125 0
222 0.625 0.0574310544275679 0
223 0.692568945572432 0.125 0
224 0.625 0.192568945572432 0
225 0.625 0.125 0
226 0.517974011497713 0.267974011497713 0
227 0.732025988502287 0.267974011497713 0
228 0.732025988502287 0.482025988502287 0
229 0.517974011497713 0.482025988502287 0
230 0.517974011497713 0.307431054427568 0
231 0.692568945572432 0.267974011497713 0
232 0.732025988502287 0.442568945572432 0
233 0.557431054427568 0.482025988502287 0
234 0.517974011497713 0.375 0
235 0.625 0.267974011497713 0
236 0.732025988502287 0.375 0
237 0.625 0.482025988502287 0
238 0.557431054427568 0.267974011497713 0
239 0.732025988502287 0.307431054427568 0
240 0.692568945572432 0.482025988502287 0
241 0.517974011497713 0.442568945572432 0
242 0.557431054427568 0.307431054427568 0
243 0.692568945572432 0.307431054427568 0
244 0.692568945572432 0.442568945572432 0
245 0.557431054427568 0.442568945572432 0
246 0.557431054427568 0.375 0
247 0.625 0.307431054427568 0
248 0.692568945572432 0.375 0
249 0.625 0.442568945572432 0
250 0.625 0.375 0
251 0.517974011497713 0.517974011497713 0
252 0.732025988502287 0.517974011497713 0
253 0.732025988502287 0.732025988502287 0
254 0.517974011497713 0.732025988502287 0
255 0.517974011497713 0.557431054427568 0
256 0.692568945572432 0.517974011497713 0
257 0.732025988502287 0.692568945572432 0
258 0.557431054427568 0.732025988502287 0
259 0.517974011497713 0.625 0
260 0.625 0.517974011497713 0
261 0.732025988502287 0.625 0
262 0.625 0.732025988502287 0
263 0.557431054427568 0.517974011497713 0
264 0.732025988502287 0.557431054427568 0
265 0.692568945572432 0.732025988502287 0
266 0.517974011497713 0.692568945572432 0
267 0.557431054427568 0.557431054427568 0
268 0.692568945572432 0.557431054427568 0
269 0.692568945572432 0.692568945572432 0
270 0.557431054427568 0.692568945572432 0
271 0.557431054427568 0.625 0
272 0.625 0.557431054427568 0
273 0.692568945572432 0.625 0
274 0.625 0.692568945572432 0
275 0.625 0.625 0
276 0.517974011497713 0.767974011497713 0
277 0.732025988502287 0.767974011497713 0
278 0.732025988502287 0.982025988502287 0
279 0.517974011497713 0.982025988502287 0
280 0.517974011497713 0.807431054427568 0
281 0.692568945572432 0.767974011497713 0
282 0.732025988502287 0.942568945572432 0
283 0.557431054427568 0.982025988502287 0
284 0.517974011497713 0.875 0
285 0.625 0.767974011497713 0
286 0.732025988502287 0.875 0
287 0.625 0.982025988502287 0
288 0.557431054427568 0.767974011497713 0
289 0.732025988502287 0.807431054427568 0
290 0.692568945572432 0.982025988502287 0
291 0.517974011497713 0.942568945572432 0
292 0.557431054427568 0.807431054427568 0
293 0.692568945572432 0.807431054427568 0
294 0.692568945572432 0.942568945572432 0
295 0.557431054427568 0.942568945572432 0
296 0.557431054427568 0.875 0
297 0.625 0.807431054427568 0
298 0.692568945572432 0.875 0
299 0.625 0.942568945572432 0
300 0.625 0.875 0
301 0.767974011497713 0.0179740114977131 0
302 0.982025988502287 0.0179740114977131 0
303 0.982025988502287 0.232025988502287 0
304 0.767974011497713 0.232025988502287 0
305 0.767974011497713 0.0574310544275679 0
306 0.942568945572432 0.0179740114977131 0
307 0.982025988502287 0.192568945572432 0
308 0.807431054427568 0.232025988502287 0
309 0.767974011497713 0.125 0
310 0.875 0.0179740114977131 0
311 0.982025988502287 0.125 0
312 0.875 0.232025988502287 0
313 0.807431054427568 0.0179740114977131 0
314 0.982025988502287 0.0574310544275679 0
315 0.942568945572432 0.232025988502287 0
316 0.767974011497713 0.192568945572432 0
317 0.807431054427568 0.0574310544275679 0
318 0.942568945572432 0.0574310544275679 0
319 0.942568945572432 0.192568945572432 0
320 0.807431054427568 0.192568945572432 0
321 0.807431054427568 0.125 0
322 0.875 0.0574310544275679 0
323 0.942568945572432 0.125 0
324 0.875 0.192568945572432 0
325 0.875 0.125 0
326 0.767974011497713 0.267974011497713 0
327 0.982025988502287 0.267974011497713 0
328 0.982025988502287 0.482025988502287 0
329 0.767974011497713 0.482025988502287 0
330 0.767974011497713 0.307431054427568 0
331 0.942568945572432 0.267974011497713 0
332 0.982025988502287 0.442568945572432 0
333 0.807431054427568 0.482025988502287 0
334 0.767974011497713 0.375 0
335 0.875 0.267974011497713 0
336 0.982025988502287 0.375 0
337 0.875 0.482025988502287 0
338 0.807431054427568 0.267974011497713 0
339 0.982025988502287 0.307431054427568 0
340 0.942568945572432 0.482025988502287 0
341 0.767974011497713 0.442568945572432 0
342 0.807431054427568 0.307431054427568 0
343 0.942568945572432 0.307431054427568 0
344 0.942568945572432 0.442568945572432 0
345 0.807431054427568 0.442568945572432 0
346 0.807431054427568 0.375 0
347 0.875 0.307431054427568 0
348 0.942568945572432 0.375 0
349 0.875 0.442568945572432 0
350 0.875 0.375 0
351 0.767974011497713 0.517974011497713 0
352 0.982025988502287 0.517974011497713 0
353 0.982025988502287 0.732025988502287 0
354 0.767974011497713 0.732025988502287 0
355 0.767974011497713 0.557431054427568 0
356 0.942568945572432 0.517974011497713 0
357 0.982025988502287 0.692568945572432 0
358 0.807431054427568 0.732025988502287 0
359 0.767974011497713 0.625 0
360 0.875 0.517974011497713 0
361 0.982025988502287 0.625 0
362 0.875 0.732025988502287 0
363 0.807431054427568 0.517974011497713 0
364 0.982025988502287 0.557431054427568 0
365 0.942568945572432 0.732025988502287 0
366 0.767974011497713 0.692568945572432 0
367 0.807431054427568 0.557431054427568 0
368 0.942568945572432 0.557431054427568 0
369 0.942568945572432 0.692568945572432 0
370 0.807431054427568 0.692568945572432 0
371 0.807431054427568 0.625 0
372 0.875 0.557431054427568 0
373 0.942568945572432 0.625 0
374 0.875 0.692568945572432 0
375 0.875 0.625 0
376 0.767974011497713 0.767974011497713 0
377 0.982025988502287 0.767974011497713 0
378 0.982025988502287 0.982025988502287 0
379 0.767974011497713 0.982025988502287 0
380 0.767974011497713 0.807431054427568 0
381 0.942568945572432 0.767974011497713 0
382 0.982025988502287 0.942568945572432 0
383 0.807431054427568 0.982025988502287 0
384 0.767974011497713 0.875 0
385 0.875 0.767974011497713 0
386 0.982025988502287 0.875 0
387 0.875 0.982025988502287 0
388 0.807431054427568 0.767974011497713 0
389 0.982025988502287 0.807431054427568 0
390 0.942568945572432 0.982025988502287 0
391 0.767974011497713 0.942568945572432 0
392 0.807431054427568 0.807431054427568 0
393 0.942568945572432 0.807431054427568 0
394 0.942568945572432 0.942568945572432 0
395 0.807431054427568 0.942568945572432 0
396 0.807431054427568 0.875 0
397 0.875 0.807431054427568 0
398 0.942568945572432 0.875 0
399 0.875 0.942568945572432 0
400 0.875 0.875 0
401 1.01797401149771 0.0179740114977131 0
402 1.23202598850229 0.0179740114977131 0
403 1.23202598850229 0.232025988502287 0
404 1.01797401149771 0.232025988502287 0
405 1.01797401149771 0.0574310544275679 0
406 1.19256894557243 0.0179740114977131 0
407 1.23202598850229 0.192568945572432 0
408 1.05743105442757 0.232025988502287 0
409 1.01797401149771 0.125 0
410 1.125 0.0179740114977131 0
411 1.23202598850229 0.125 0
412 1.125 0.232025988502287 0
413 1.05743105442757 0.0179740114977131 0
414 1.23202598850229 0.0574310544275679 0
415 1.19256894557243 0.232025988502287 0
416 1.01797401149771 0.192568945572432 0
417 1.05743105442757 0.0574310544275679 0
418 1.19256894557243 0.0574310544275679 0
419 1.19256894557243 0.192568945572432 0
420 1.05743105442757 0.192568945572432 0
421 1.05743105442757 0.125 0
422 1.125 0.0574310544275679 0
423 1.19256894557243 0.125 0
424 1.125 0.192568945572432 0
425 1.125 0.125 0
426 1.01797401149771 0.267974011497713 0
427 1.23202598850229 0.267974011497713 0
428 1.23202598850229 0.482025988502287 0
429 1.01797401149771 0.482025988502287 0
430 1.01797401149771 0.307431054427568 0
431 1.19256894557243 0.267974011497713 0
432 1.23202598850229 0.442568945572432 0
433 1.05743105442757 0.482025988502287 0
434 1.01797401149771 0.375 0
435 1.125 0.267974011497713 0
436 1.23202598850229 0.375 0
437 1.125 0.482025988502287 0
438 1.05743105442757 0.267974011497713 0
439 1.23202598850229 0.307431054427568 0
440 1.19256894557243 0.482025988502287 0
441 1.01797401149771 0.442568945572432 0
442 1.05743105442757 0.307431054427568 0
443 1.19256894557243 0.307431054427568 0
444 1.19256894557243 0.442568945572432 0
445 1.05743105442757 0.442568945572432 0
446 1.05743105442757 0.375 0
447 1.125 0.307431054427568 0
448 1.19256894557243 0.375 0
449 1.125 0.442568945572432 0
450 1.125 0.375 0
451 1.01797401149771 0.517974011497713 0
452 1.23202598850229 0.517974011497713 0
453 1.23202598850229 0.732025988502287 0
454 1.01797401149771 0.732025988502287 0
455 1.01797401149771 0.557431054427568 0
456 1.19256894557243 0.517974011497713 0
457 1.23202598850229 0.692568945572432 0
458 1.05743105442757 0.732025988502287 0
459 1.01797401149771 0.625 0
460 1.125 0.517974011497713 0
461 1.23202598850229 0.625 0
462 1.125 0.732025988502287 0
463 1.05743105442757 0.517974011497713 0
464 1.23202598850229 0.557431054427568 0
465 1.19256894557243 0.732025988502287 0
466 1.01797401149771 0.692568945572432 0
467 1.05743105442757 0.557431054427568 0
468 1.19256894557243 0.557431054427568 0
469 1.19256894557243 0.692568945572432 0
470 1.05743105442757 0.692568945572432 0
471 1.05743105442757 0.625 0
472 1.125 0.557431054427568 0
473 1.19256894557243 0.625 0
474 1.125 0.692568945572432 0
475 1.125 0.625 0
476 1.01797401149771 0.767974011497713 0
477 1.23202598850229 0.767974011497713 0
478 1.23202598850229 0.982025988502287 0
479 1.01797401149771 0.982025988502287 0
480 1.01797401149771 0.807431054427568 0
481 1.19256894557243 0.767974011497713 0
482 1.23202598850229 0.942568945572432 0
483 1.05743105442757 0.982025988502287 0
484 1.01797401149771 0.875 0
485 1.125 0.767974011497713 0
486 1.23202598850229 0.875 0
487 1.125 0.982025988502287 0
488 1.05743105442757 0.767974011497713 0
489 1.23202598850229 0.807431054427568 0
490 1.19256894557243 0.982025988502287 0
491 1.01797401149771 0.942568945572432 0
492 1.05743105442757 0.807431054427568 0
493 1.19256894557243 0.807431054427568 0
494 1.19256894557243 0.942568945572432 0
495 1.05743105442757 0.942568945572432 0
496 1.05743105442757 0.875 0
497 1.125 0.807431054427568 0
498 1.19256894557243 0.875 0
499 1.125 0.942568945572432 0
500 1.125 0.875 0
501 1.26797401149771 0.0179740114977131 0
502 1.48202598850229 0.0179740114977131 0
503 1.48202598850229 0.232025988502287 0
504 1.26797401149771 0.232025988502287 0
505 1.26797401149771 0.0574310544275679 0
506 1.44256894557243 0.0179740114977131 0
507 1.48202598850229 0.192568945572432 0
508 1.30743105442757 0.232025988502287 0
509 1.26797401149771 0.125 0
510 1.375 0.0179740114977131 0
511 1.48202598850229 0.125 0
512 1.375 0.232025988502287 0
513 1.30743105442757 0.0179740114977131 0
514 1.48202598850229 0.0574310544275679 0
515 1.44256894557243 0.232025988502287 0
516 1.26797401149771 0.192568945572432 0
517 1.30743105442757 0.0574310544275679 0
518 1.44256894557243 0.0574310544275679 0
519 1.44256894557243 0.192568945572432 0
520 1.30743105442757 0.192568945572432 0
521 1.30743105442757 0.125 0
522 1.375 0.0574310544275679 0
523 1.44256894557243 0.125 0
524 1.375 0.192568945572432 0
525 1.375 0.125 0
526 1.26797401149771 0.267974011497713 0
527 1.48202598850229 0.267974011497713 0
528 1.48202598850229 0.482025988502287 0
529 1.26797401149771 0.482025988502287 0
530 1.26797401149771 0.307431054427568 0
531 1.44256894557243 0.267974011497713 0
532 1.48202598850229 0.442568945572432 0
533 1.30743105442757 0.482025988502287 0
534 1.26797401149771 0.375 0
535 1.375 0.267974011497713 0
536 1.48202598850229 0.375 0
537 1.375 0.482025988502287 0
538 1.30743105442757 0.267974011497713 0
539 1.48202598850229 0.307431054427568 0
540 1.44256894557243 0.482025988502287 0
541 1.26797401149771 0.442568945572432 0
542 1.30743105442757 0.307431054427568 0
543 1.44256894557243 0.307431054427568 0
544 1.44256894557243 0.442568945572432 0
545 1.30743105442757 0.442568945572432 0
546 1.30743105442757 0.375 0
547 1.375 0.307431054427568 0
548 1.44256894557243 0.375 0
549 1.375 0.442568945572432 0
550 1.375 0.375 0
551 1.26797401149771 0.517974011497713 0
552 1.48202598850229 0.517974011497713 0
553 1.48202598850229 0.732025988502287 0
554 1.26797401149771 0.732025988502287 0
555 1.26797401149771 0.557431054427568 0
556 1.44256894557243 0.517974011497713 0
557 1.48202598850229 0.692568945572432 0
558 1.30743105442757 0.732025988502287 0
559 1.26797401149771 0.625 0
560 1.375 0.517974011497713 0
561 1.48202598850229 0.625 0
562 1.375 0.732025988502287 0
563 1.30743105442757 0.517974011497713 0
564 1.48202598850229 0.557431054427568 0
565 1.44256894557243 0.732025988502287 0
566 1.26797401149771 0.692568945572432 0
567 1.30743105442757 0.557431054427568 0
568 1.44256894557243 0.557431054427568 0
569 1.44256894557243 0.692568945572432 0
570 1.30743105442757 0.692568945572432 0
571 1.30743105442757 0.625 0
572 1.375 0.557431054427568 0
573 1.44256894557243 0.625 0
574 1.375 0.692568945572432 0
575 1.375 0.625 0
576 1.26797401149771 0.767974011497713 0
577 1.48202598850229 0.767974011497713 0
578 1.48202598850229 0.982025988502287 0
579 1.26797401149771 0.982025988502287 0
580 1.26797401149771 0.807431054427568 0
581 1.44256894557243 0.767974011497713 0
582 1.48202598850229 0.942568945572432 0
583 1.30743105442757 0.982025988502287 0
584 1.26797401149771 0.875 0
585 1.375 0.767974011497713 0
586 1.48202598850229 0.875 0
587 1.375 0.982025988502287 0
588 1.30743105442757 0.767974011497713 0
589 1.48202598850229 0.807431054427568 0
590 1.44256894557243 0.982025988502287 0
591 1.26797401149771 0.942568945572432 0
592 1.30743105442757 0.807431054427568 0
593 1.44256894557243 0.807431054427568 0
594 1.44256894557243 0.942568945572432 0
595 1.30743105442757 0.942568945572432 0
596 1.30743105442757 0.875 0
597 1.375 0.807431054427568 0
598 1.44256894557243 0.875 0
599 1.375 0.942568945572432 0
600 1.375 0.875 0
601 1.51797401149771 0.0179740114977131 0
602 1.73202598850229 0.0179740114977131 0
603 1.73202598850229 0.232025988502287 0
604 1.51797401149771 0.232025988502287 0
605 1.51797401149771 0.0574310544275679 0
606 1.69256894557243 0.0179740114977131 0
607 1.73202598850229 0.192568945572432 0
608 1.55743105442757 0.232025988502287 0
609 1.51797401149771 0.125 0
610 1.625 0.0179740114977131 0
611 1.73202598850229 0.125 0
612 1.625 0.232025988502287 0
613 1.55743105442757 0.0179740114977131 0
614 1.73202598850229 0.0574310544275679 0
615 1.69256894557243 0.232025988502287 0
616 1.51797401149771 0.192568945572432 0
617 1.55743105442757 0.0574310544275679 0
618 1.69256894557243 0.0574310544275679 0
619 1.69256894557243 0.192568945572432 0
620 1.55743105442757 0.192568945572432 0
621 1.55743105442757 0.125 0
622 1.625 0.0574310544275679 0
623 1.69256894557243 0.125 0
624 1.625 0.192568945572432 0
625 1.625 0.125 0
626 1.51797401149771 0.267974011497713 0
627 1.73202598850229 0.267974011497713 0
628 1.73202598850229 0.482025988502287 0
629 1.51797401149771 0.482025988502287 0
630 1.51797401149771 0.307431054427568 0
631 1.69256894557243 0.267974011497713 0
632 1.73202598850229 0.442568945572432 0
633 1.55743105442757 0.482025988502287 0
634 1.51797401149771 0.375 0
635 1.625 0.267974011497713 0
636 1.73202598850229 0.375 0
637 1.625 0.482025988502287 0
638 1.55743105442757 0.267974011497713 0
639 1.73202598850229 0.307431054427568 0
640 1.69256894557243 0.482025988502287 0
641 1.51797401149771 0.442568945572432 0
642 1.55743105442757 0.307431054427568 0
643 1.69256894557243 0.307431054427568 0
644 1.69256894557243 0.442568945572432 0
645 1.55743105442757 0.442568945572432 0
646 1.55743105442757 0.375 0
647 1.625 0.307431054427568 0
648 1.69256894557243 0.375 0
649 1.625 0.442568945572432 0
650 1.625 0.375 0
651 1.51797401149771 0.517974011497713 0
652 1.73202598850229 0.517974011497713 0
653 1.73202598850229 0.732025988502287 0
654 1.51797401149771 0.732025988502287 0
655 1.51797401149771 0.557431054427568 0
656 1.69256894557243 0.517974011497713 0
657 1.73202598850229 0.692568945572432 0
658 1.55743105442757 0.732025988502287 0
659 1.51797401149771 0.625 0
660 1.625 0.517974011497713 0
661 1.73202598850229 0.625 0
662 1.625 0.732025988502287 0
663 1.55743105442757 0.517974011497713 0
664 1.73202598850229 0.557431054427568 0
665 1.69256894557243 0.732025988502287 0
666 1.51797401149771 0.692568945572432 0
667 1.55743105442757 0.557431054427568 0
668 1.69256894557243 0.557431054427568 0
669 1.69256894557243 0.692568945572432 0
670 1.55743105442757 0.692568945572432 0
671 1.55743105442757 0.625 0
672 1.625 0.557431054427568 0
673 1.69256894557243 0.625 0
674 1.625 0.692568945572432 0
675 1.625 0.625 0
676 1.51797401149771 0.767974011497713 0
677 1.73202598850229 0.767974011497713 0
678 1.73202598850229 0.982025988502287 0
679 1.51797401149771 0.982025988502287 0
680 1.51797401149771 0.807431054427568 0
681 1.69256894557243 0.767974011497713 0
682 1.73202598850229 0.942568945572432 0
683 1.55743105442757 0.982025988502287 0
684 1.51797401149771 0.875 0
685 1.625 0.767974011497713 0
686 1.73202598850229 0.875 0
687 1.625 0.982025988502287 0
688 1.55743105442757 0.767974011497713 0
689 1.73202598850229 0.807431054427568 0
690 1.69256894557243 0.982025988502287 0
691 1.51797401149771 0.942568945572432 0
692 1.55743105442757 0.807431054427568 0
693 1.69256894557243 0.807431054427568 0
694 1.69256894557243 0.942568945572432 0
695 1.55743105442757 0.942568945572432 0
696 1.55743105442757 0.875 0
697 1.625 0.807431054427568 0
698 1.69256894557243 0.875 0
699 1.625 0.942568945572432 0
700 1.625 0.875 0
701 1.76797401149771 0.0179740114977131 0
702 1.98202598850229 0.0179740114977131 0
703 1.98202598850229 0.232025988502287 0
704 1.76797401149771 0.232025988502287 0
705 1.76797401149771 0.0574310544275679 0
706 1.94256894557243 0.0179740114977131 0
707 1.98202598850229 0.192568945572432 0
708 1.80743105442757 0.232025988502287 0
709 1.76797401149771 0.125 0
710 1.875 0.0179740114977131 0
711 1.98202598850229 0.125 0
712 1.875 0.232025988502287 0
713 1.80743105442757 0.0179740114977131 0
714 1.98202598850229 0.0574310544275679 0
715 1.94256894557243 0.232025988502287 0
716 1.76797401149771 0.192568945572432 0
717 1.80743105442757 0.0574310544275679 0
718 1.94256894557243 0.0574310544275679 0
719 1.94256894557243 0.192568945572432 0
720 1.80743105442757 0.192568945572432 0
721 1.80743105442757 0.125 0
722 1.875 0.0574310544275679 0
723 1.94256894557243 0.125 0
724 1.875 0.192568945572432 0
725 1.875 0.125 0
726 1.76797401149771 0.267974011497713 0
727 1.98202598850229 0.267974011497713 0
728 1.98202598850229 0.482025988502287 0
729 1.76797401149771 0.482025988502287 0
730 1.76797401149771 0.307431054427568 0
731 1.94256894557243 0.267974011497713 0
732 1.98202598850229 0.442568945572432 0
733 1.80743105442757 0.482025988502287 0
734 1.76797401149771 0.375 0
735 1.875 0.267974011497713 0
736 1.98202598850229 0.375 0
737 1.875 0.482025988502287 0
738 1.80743105442757 0.267974011497713 0
739 1.98202598850229 0.307431054427568 0
740 1.94256894557243 0.482025988502287 0
741 1.76797401149771 0.442568945572432 0
742 1.80743105442757 0.307431054427568 0
743 1.94256894557243 0.307431054427568 0
744 1.94256894557243 0.442568945572432 0
745 1.80743105442757 0.442568945572432 0
746 1.80743105442757 0.375 0
747 1.875 0.307431054427568 0
748 1.94256894557243 0.375 0
749 1.875 0.442568945572432 0
750 1.875 0.375 0
751 1.76797401149771 0.517974011497713 0
752 1.98202598850229 0.517974011497713 0
753 1.98202598850229 0.732025988502287 0
754 1.76797401149771 0.732025988502287 0
755 1.76797401149771 0.557431054427568 0
756 1.94256894557243 0.517974011497713 0
757 1.98202598850229 0.692568945572432 0
758 1.80743105442757 0.732025988502287 0
759 1.76797401149771 0.625 0
760 1.875 0.517974011497713 0
761 1.98202598850229 0.625 0
762 1.875 0.732025988502287 0
763 1.80743105442757 0.517974011497713 0
764 1.98202598850229 0.557431054427568 0
765 1.94256894557243 0.732025988502287 0
766 1.76797401149771 0.692568945572432 0
767 1.80743105442757 0.557431054427568 0
768 1.94256894557243 0.557431054427568 0
769 1.94256894557243 0.692568945572432 0
770 1.80743105442757 0.692568945572432 0
771 1.80743105442757 0.625 0
772 1.875 0.557431054427568 0
773 1.94256894557243 0.625 0
774 1.875 0.692568945572432 0
775 1.875 0.625 0
776 1.76797401149771 0.767974011497713 0
777 1.98202598850229 0.767974011497713 0
778 1.98202598850229 0.982025988502287 0
779 1.76797401149771 0.982025988502287 0
780 1.76797401149771 0.807431054427568 0
781 1.94256894557243 0.767974011497713 0
782 1.98202598850229 0.942568945572432 0
783 1.80743105442757 0.982025988502287 0
784 1.76797401149771 0.875 0
785 1.875 0.767974011497713 0
786 1.98202598850229 0.875 0
787 1.875 0.982025988502287 0
788 1.80743105442757 0.767974011497713 0
789 1.98202598850229 0.807431054427568 0
790 1.94256894557243 0.982025988502287 0
791 1.76797401149771 0.942568945572432 0
792 1.80743105442757 0.807431054427568 0
793 1.94256894557243 0.807431054427568 0
794 1.94256894557243 0.942568945572432 0
795 1.80743105442757 0.942568945572432 0
796 1.80743105442757 0.875 0
797 1.875 0.807431054427568 0
798 1.94256894557243 0.875 0
799 1.875 0.942568945572432 0
800 1.875 0.875 0
801 2.01797401149771 0.0179740114977131 0
802 2.23202598850229 0.0179740114977131 0
803 2.23202598850229 0.232025988502287 0
804 2.01797401149771 0.232025988502287 0
805 2.01797401149771 0.0574310544275679 0
806 2.19256894557243 0.0179740114977131 0
807 2.23202598850229 0.192568945572432 0
808 2.05743105442757 0.232025988502287 0
809 2.01797401149771 0.125 0
810 2.125 0.0179740114977131 0
811 2.23202598850229 0.125 0
812 2.125 0.232025988502287 0
813 2.05743105442757 0.0179740114977131 0
814 2.23202598850229 0.0574310544275679 0
815 2.19256894557243 0.232025988502287 0
816 2.01797401149771 0.192568945572432 0
817 2.05743105442757 0.0574310544275679 0
818 2.19256894557243 0.0574310544275679 0
819 2.19256894557243 0.192568945572432 0
820 2.05743105442757 0.192568945572432 0
821 2.05743105442757 0.125 0
822 2.125 0.0574310544275679 0
823 2.19256894557243 0.125 0
824 2.125 0.192568945572432 0
825 2.125 0.125 0
826 2.01797401149771 0.267974011497713 0
827 2.23202598850229 0.267974011497713 0
828 2.23202598850229 0.482025988502287 0
829 2.01797401149771 0.482025988502287 0
830 2.01797401149771 0.307431054427568 0
831 2.19256894557243 0.267974011497713 0
832 2.23202598850229 0.442568945572432 0
833 2.05743105442757 0.482025988502287 0
834 2.01797401149771 0.375 0
835 2.125 0.267974011497713 0
836 2.23202598850229 0.375 0
837 2.125 0.482025988502287 0
838 2.05743105442757 0.267974011497713 0
839 2.23202598850229 0.307431054427568 0
840 2.19256894557243 0.482025988502287 0
841 2.01797401149771 0.442568945572432 0
842 2.05743105442757 0.307431054427568 0
843 2.19256894557243 0.307431054427568 0
844 2.19256894557243 0.442568945572432 0
845 2.05743105442757 0.442568945572432 0
846 2.05743105442757 0.375 0
847 2.125 0.307431054427568 0
848 2.19256894557243 0.375 0
849 2.125 0.442568945572432 0
850 2.125 0.375 0
851 2.01797401149771 0.517974011497713 0
852 2.23202598850229 0.517974011497713 0
853 2.23202598850229 0.732025988502287 0
854 2.01797401149771 0.732025988502287 0
855 2.01797401149771 0.557431054427568 0
856 2.19256894557243 0.517974011497713 0
857 2.23202598850229 0.692568945572432 0
858 2.05743105442757 0.732025988502287 0
859 2.01797401149771 0.625 0
860 2.125 0.517974011497713 0
861 2.23202598850229 0.625 0
862 2.125 0.732025988502287 0
863 2.05743105442757 0.517974011497713 0
864 2.23202598850229 0.557431054427568 0
865 2.19256894557243 0.732025988502287 0
866 2.01797401149771 0.692568945572432 0
867 2.05743105442757 0.557431054427568 0
868 2.19256894557243 0.557431054427568 0
869 2.19256894557243 0.692568945572432 0
870 2.05743105442757 0.692568945572432 0
871 2.05743105442757 0.625 0
872 2.125 0.557431054427568 0
873 2.19256894557243 0.625 0
874 2.125 0.692568945572432 0
875 2.125 0.625 0
876 2.01797401149771 0.767974011497713 0
877 2.23202598850229 0.767974011497713 0
878 2.23202598850229 0.982025988502287 0
879 2.01797401149771 0.982025988502287 0
880 2.01797401149771 0.807431054427568 0
881 2.19256894557243 0.767974011497713 0
882 2.23202598850229 0.942568945572432 0
883 2.05743105442757 0.982025988502287 0
884 2.01797401149771 0.875 0
885 2.125 0.767974011497713 0
886 2.23202598850229 0.875 0
887 2.125 0.982025988502287 0
888 2.05743105442757 0.767974011497713 0
889 2.23202598850229 0.807431054427568 0
890 2.19256894557243 0.982025988502287 0
891 2.01797401149771 0.942568945572432 0
892 2.05743105442757 0.807431054427568 0
893 2.19256894557243 0.807431054427568 0
894 2.19256894557243 0.942568945572432 0
895 2.05743105442757 0.942568945572432 0
896 2.05743105442757 0.875 0
897 2.125 0.807431054427568 0
898 2.19256894557243 0.875 0
899 2.125 0.942568945572432 0
900 2.125 0.875 0
901 2.26797401149771 0.0179740114977131 0
902 2.48202598850229 0.0179740114977131 0
903 2.48202598850229 0.232025988502287 0
904 2.26797401149771 0.232025988502287 0
905 2.26797401149771 0.0574310544275679 0
906 2.44256894557243 0.0179740114977131 0
907 2.48202598850229 0.192568945572432 0
908 2.30743105442757 0.232025988502287 0
909 2.26797401149771 0.125 0
910 2.375 0.0179740114977131 0
911 2.48202598850229 0.125 0
912 2.375 0.232025988502287 0
913 2.30743105442757 0.0179740114977131 0
914 2.48202598850229 0.0574310544275679 0
915 2.44256894557243 0.232025988502287 0
916 2.26797401149771 0.192568945572432 0
917 2.30743105442757 0.0574310544275679 0
918 2.44256894557243 0.0574310544275679 0
919 2.44256894557243 0.192568945572432 0
920 2.30743105442757 0.192568945572432 0
921 2.30743105442757 0.125 0
922 2.375 0.0574310544275679 0
923 2.44256894557243 0.125 0
924 2.375 0.192568945572432 0
925 2.375 0.125 0
926 2.26797401149771 0.267974011497713 0
927 2.48202598850229 0.267974011497713 0
928 2.48202598850229 0.482025988502287 0
929 2.26797401149771 0.482025988502287 0
930 2.26797401149771 0.307431054427568 0
931 2.44256894557243 0.267974011497713 0
932 2.48202598850229 0.442568945572432 0
933 2.30743105442757 0.482025988502287 0
934 2.26797401149771 0.375 0
935 2.375 0.267974011497713 0
936 2.48202598850229 0.375 0
937 2.375 0.482025988502287 0
938 2.30743105442757 0.267974011497713 0
939 2.48202598850229 0.307431054427568 0
940 2.44256894557243 0.482025988502287 0
941 2.26797401149771 0.442568945572432 0
942 2.30743105442757 0.307431054427568 0
943 2.44256894557243 0.307431054427568 0
944 2.44256894557243 0.442568945572432 0
945 2.30743105442757 0.442568945572432 0
946 2.30743105442757 0.375 0
947 2.375 0.307431054427568 0
948 2.44256894557243 0.375 0
949 2.375 0.442568945572432 0
950 2.375 0.375 0
951 2.26797401149771 0.517974011497713 0
952 2.48202598850229 0.517974011497713 0
953 2.48202598850229 0.732025988502287 0
954 2.26797401149771 0.732025988502287 0
955 2.26797401149771 0.557431054427568 0
956 2.44256894557243 0.517974011497713 0
957 2.48202598850229 0.692568945572432 0
958 2.30743105442757 0.732025988502287 0
959 2.26797401149771 0.625 0
960 2.375 0.517974011497713 0
961 2.48202598850229 0.625 0
962 2.375 0.732025988502287 0
963 2.30743105442757 0.517974011497713 0
964 2.48202598850229 0.557431054427568 0
965 2.44256894557243 0.732025988502287 0
966 2.26797401149771 0.692568945572432 0
967 2.30743105442757 0.557431054427568 0
968 2.44256894557243 0.557431054427568 0
969 2.44256894557243 0.692568945572432 0
970 2.30743105442757 0.692568945572432 0
971 2.30743105442757 0.625 0
972 2.375 0.557431054427568 0
973 2.44256894557243 0.625 0
974 2.375 0.692568945572432 0
975 2.375 0.625 0
976 2.26797401149771 0.767974011497713 0
977 2.48202598850229 0.767974011497713 0
978 2.48202598850229 0.982025988502287 0
979 2.26797401149771 0.982025988502287 0
980 2.26797401149771 0.807431054427568 0
981 2.44256894557243 0.767974011497713 0
982 2.48202598850229 0.942568945572432 0
983 2.30743105442757 0.982025988502287 0
984 2.26797401149771 0.875 0
985 2.375 0.767974011497713 0
986 2.48202598850229 0.875 0
987 2.375 0.982025988502287 0
988 2.30743105442757 0.767974011497713 0
989 2.48202598850229 0.807431054427568 0
990 2.44256894557243 0.982025988502287 0
991 2.26797401149771 0.942568945572432 0
992 2.30743105442757 0.807431054427568 0
993 2.44256894557243 0.807431054427568 0
994 2.44256894557243 0.942568945572432 0
995 2.30743105442757 0.942568945572432 0
996 2.30743105442757 0.875 0
997 2.375 0.807431054427568 0
998 2.44256894557243 0.875 0
999 2.375 0.942568945572432 0
1000 2.375 0.875 0
1001 2.51797401149771 0.0179740114977131 0
1002 2.73202598850229 0.0179740114977131 0
1003 2.73202598850229 0.232025988502287 0
1004 2.51797401149771 0.232025988502287 0
1005 2.51797401149771 0.0574310544275679 0
1006 2.69256894557243 0.0179740114977131 0
1007 2.73202598850229 0.192568945572432 0
1008 2.55743105442757 0.232025988502287 0
1009 2.51797401149771 0.125 0
1010 2.625 0.0179740114977131 0
1011 2.73202598850229 0.125 0
1012 2.625 0.232025988502287 0
1013 2.55743105442757 0.0179740114977131 0
1014 2.73202598850229 0.0574310544275679 0
1015 2.69256894557243 0.232025988502287 0
1016 2.51797401149771 0.192568945572432 0
1017 2.55743105442757 0.0574310544275679 0
1018 2.69256894557243 0.0574310544275679 0
1019 2.69256894557243 0.192568945572432 0
1020 2.55743105442757 0.192568945572432 0
1021 2.55743105442757 0.125 0
1022 2.625 0.0574310544275679 0
1023 2.69256894557243 0.125 0
1024 2.625 0.192568945572432 0
1025 2.625 0.125 0
1026 2.51797401149771 0.267974011497713 0
1027 2.73202598850229 0.267974011497713 0
1028 2.73202598850229 0.482025988502287 0
1029 2.51797401149771 0.482025988502287 0
1030 2.51797401149771 0.307431054427568 0
1031 2.69256894557243 0.267974011497713 0
1032 2.73202598850229 0.442568945572432 0
1033 2.55743105442757 0.482025988502287 0
1034 2.51797401149771 0.375 0
1035 2.625 0.267974011497713 0
1036 2.73202598850229 0.375 0
1037 2.625 0.482025988502287 0
1038 2.55743105442757 0.267974011497713 0
1039 2.73202598850229 0.307431054427568 0
1040 2.69256894557243 0.482025988502287 0
1041 2.51797401149771 0.442568945572432 0
1042 2.55743105442757 0.307431054427568 0
1043 2.69256894557243 0.307431054427568 0
1044 2.69256894557243 0.442568945572432 0
1045 2.55743105442757 0.442568945572432 0
1046 2.55743105442757 0.375 0
1047 2.625 0.307431054427568 0
1048 2.69256894557243 0.375 0
1049 2.625 0.442568945572432 0
1050 2.625 0.375 0
1051 2.51797401149771 0.517974011497713 0
1052 2.73202598850229 0.517974011497713 0
1053 2.73202598850229 0.732025988502287 0
1054 2.51797401149771 0.732025988502287 0
1055 2.51797401149771 0.557431054427568 0
1056 2.69256894557243 0.517974011497713 0
1057 2.73202598850229 0.692568945572432 0
1058 2.55743105442757 0.732025988502287 0
1059 2.51797401149771 0.625 0
1060 2.625 0.517974011497713 0
1061 2.73202598850229 0.625 0
1062 2.625 0.732025988502287 0
1063 2.55743105442757 0.517974011497713 0
1064 2.73202598850229 0.557431054427568 0
1065 2.69256894557243 0.732025988502287 0
1066 2.51797401149771 0.692568945572432 0
1067 2.55743105442757 0.557431054427568 0
1068 2.69256894557243 0.557431054427568 0
1069 2.69256894557243 0.692568945572432 0
1070 2.55743105442757 0.692568945572432 0
1071 2.55743105442757 0.625 0
1072 2.625 0.557431054427568 0
1073 2.69256894557243 0.625 0
1074 2.625 0.692568945572432 0
1075 2.625 0.625 0
1076 2.51797401149771 0.767974011497713 0
1077 2.73202598850229 0.767974011497713 0
1078 2.73202598850229 0.982025988502287 0
1079 2.51797401149771 0.982025988502287 0
1080 2.51797401149771 0.807431054427568 0
1081 2.69256894557243 0.767974011497713 0
1082 2.73202598850229 0.942568945572432 0
1083 2.55743105442757 0.982025988502287 0
1084 2.51797401149771 0.875 0
1085 2.625 0.767974011497713 0
1086 2.73202598850229 0.875 0
1087 2.625 0.982025988502287 0
1088 2.55743105442757 0.767974011497713 0
1089 2.73202598850229 0.807431054427568 0
1090 2.69256894557243 0.982025988502287 0
1091 2.51797401149771 0.942568945572432 0
1092 2.55743105442757 0.807431054427568 0
1093 2.69256894557243 0.807431054427568 0
1094 2.69256894557243 0.942568945572432 0
1095 2.55743105442757 0.942568945572432 0
1096 2.55743105442757 0.875 0
1097 2.625 0.807431054427568 0
1098 2.69256894557243 0.875 0
1099 2.625 0.942568945572432 0
1100 2.625 0.875 0
1101 2.76797401149771 0.0179740114977131 0
1102 2.98202598850229 0.0179740114977131 0
1103 2.98202598850229 0.232025988502287 0
1104 2.76797401149771 0.232025988502287 0
1105 2.76797401149771 0.0574310544275679 0
1106 2.94256894557243 0.0179740114977131 0
1107 2.98202598850229 0.192568945572432 0
1108 2.80743105442757 0.232025988502287 0
1109 2.76797401149771 0.125 0
1110 2.875 0.0179740114977131 0
1111 2.98202598850229 0.125 0
1112 2.875 0.232025988502287 0
1113 2.80743105442757 0.0179740114977131 0
1114 2.98202598850229 0.0574310544275679 0
1115 2.94256894557243 0.232025988502287 0
1116 2.76797401149771 0.192568945572432 0
1117 2.80743105442757 0.0574310544275679 0
1118 2.94256894557243 0.0574310544275679 0
1119 2.94256894557243 0.192568945572432 0
1120 2.80743105442757 0.192568945572432 0
1121 2.80743105442757 0.125 0
1122 2.875 0.0574310544275679 0
1123 2.94256894557243 0.125 0
1124 2.875 0.192568945572432 0
1125 2.875 0.125 0
1126 2.76797401149771 0.267974011497713 0
1127 2.98202598850229 0.267974011497713 0
1128 2.98202598850229 0.482025988502287 0
1129 2.76797401149771 0.482025988502287 0
1130 2.76797401149771 0.307431054427568 0
1131 2.94256894557243 0.267974011497713 0
1132 2.98202598850229 0.442568945572432 0
1133 2.80743105442757 0.482025988502287 0
1134 2.76797401149771 0.375 0
1135 2.875 0.267974011497713 0
1136 2.98202598850229 0.375 0
1137 2.875 0.482025988502287 0
1138 2.80743105442757 0.267974011497713 0
1139 2.98202598850229 0.307431054427568 0
1140 2.94256894557243 0.482025988502287 0
1141 2.76797401149771 0.442568945572432 0
1142 2.80743105442757 0.307431054427568 0
1143 2.94256894557243 0.307431054427568 0
1144 2.94256894557243 0.442568945572432 0
1145 2.80743105442757 0.442568945572432 0
1146 2.80743105442757 0.375 0
1147 2.875 0.307431054427568 0
1148 2.94256894557243 0.375 0
1149 2.875 0.442568945572432 0
1150 2.875 0.375 0
1151 2.76797401149771 0.517974011497713 0
1152 2.98202598850229 0.517974011497713 0
1153 2.98202598850229 0.732025988502287 0
1154 2.76797401149771 0.732025988502287 0
1155 2.76797401149771 0.557431054427568 0
1156 2.94256894557243 0.517974011497713 0
1157 2.98202598850229 0.692568945572432 0
1158 2.80743105442757 0.732025988502287 0
1159 2.76797401149771 0.625 0
1160 2.875 0.517974011497713 0
1161 2.98202598850229 0.625 0
1162 2.875 0.732025988502287 0
1163 2.80743105442757 0.517974011497713 0
1164 2.98202598850229 0.557431054427568 0
1165 2.94256894557243 0.732025988502287 0
1166 2.76797401149771 0.692568945572432 0
1167 2.80743105442757 0.557431054427568 0
1168 2.94256894557243 0.557431054427568 0
1169 2.94256894557243 0.692568945572432 0
1170 2.80743105442757 0.692568945572432 0
1171 2.80743105442757 0.625 0
1172 2.875 0.557431054427568 0
1173 2.94256894557243 0.625 0
1174 2.875 0.692568945572432 0
1175 2.875 0.625 0
1176 2.76797401149771 0.767974011497713 0
1177 2.98202598850229 0.767974011497713 0
1178 2.98202598850229 0.982025988502287 0
1179 2.76797401149771 0.982025988502287 0
1180 2.76797401149771 0.807431054427568 0
1181 2.94256894557243 0.767974011497713 0
1182 2.98202598850229 0.942568945572432 0
1183 2.80743105442757 0.982025988502287 0
1184 2.76797401149771 0.875 0
1185 2.875 0.767974011497713 0
1186 2.98202598850229 0.875 0
1187 2.875 0.982025988502287 0
1188 2.80743105442757 0.767974011497713 0
1189 2.98202598850229 0.807431054427568 0
1190 2.94256894557243 0.982025988502287 0
1191 2.76797401149771 0.942568945572432 0
1192 2.80743105442757 0.807431054427568 0
1193 2.94256894557243 0.807431054427568 0
1194 2.94256894557243 0.942568945572432 0
1195 2.80743105442757 0.942568945572432 0
1196 2.80743105442757 0.875 0
1197 2.875 0.807431054427568 0
1198 2.94256894557243 0.875 0
1199 2.875 0.942568945572432 0
1200 2.875 0.875 0
1201 3.01797401149771 0.0179740114977131 0
1202 3.23202598850229 0.0179740114977131 0
1203 3.23202598850229 0.232025988502287 0
1204 3.01797401149771 0.232025988502287 0
1205 3.01797401149771 0.0574310544275679 0
1206 3.19256894557243 0.0179740114977131 0
1207 3.23202598850229 0.192568945572432 0
1208 3.05743105442757 0.232025988502287 0
1209 3.01797401149771 0.125 0
1210 3.125 0.0179740114977131 0
1211 3.23202598850229 0.125 0
1212 3.125 0.232025988502287 0
1213 3.05743105442757 0.0179740114977131 0
1214 3.23202598850229 0.0574310544275679 0
1215 3.19256894557243 0.232025988502287 0
1216 3.01797401149771 0.192568945572432 0
1217 3.05743105442757 0.0574310544275679 0
1218 3.19256894557243 0.0574310544275679 0
1219 3.19256894557243 0.192568945572432 0
1220 3.05743105442757 0.192568945572432 0
1221 3.05743105442757 0.125 0
1222 3.125 0.0574310544275679 0
1223 3.19256894557243 0.125 0
1224 3.125 0.192568945572432 0
1225 3.125 0.125 0
1226 3.01797401149771 0.267974011497713 0
1227 3.23202598850229 0.267974011497713 0
1228 3.23202598850229 0.482025988502287 0
1229 3.01797401149771 0.482025988502287 0
1230 3.01797401149771 0.307431054427568 0
1231 3.19256894557243 0.267974011497713 0
1232 3.23202598850229 0.442568945572432 0
1233 3.05743105442757 0.482025988502287 0
1234 3.01797401149771 0.375 0
1235 3.125 0.267974011497713 0
1236 3.23202598850229 0.375 0
1237 3.125 0.482025988502287 0
1238 3.05743105442757 0.267974011497713 0
1239 3.23202598850229 0.307431054427568 0
1240 3.19256894557243 0.482025988502287 0
1241 3.01797401149771 0.442568945572432 0
1242 3.05743105442757 0.307431054427568 0
1243 3.19256894557243 0.307431054427568 0
1244 3.19256894557243 0.442568945572432 0
1245 3.05743105442757 0.442568945572432 0
1246 3.05743105442757 0.375 0
1247 3.125 0.307431054427568 0
1248 3.19256894557243 0.375 0
1249 3.125 0.442568945572432 0
1250 3.125 0.375 0
1251 3.01797401149771 0.517974011497713 0
1252 3.23202598850229 0.517974011497713 0
1253 3.23202598850229 0.732025988502287 0
1254 3.01797401149771 0.732025988502287 0
1255 3.01797401149771 0.557431054427568 0
1256 3.19256894557243 0.517974011497713 0
1257 3.23202598850229 0.692568945572432 0
1258 3.05743105442757 0.732025988502287 0
1259 3.01797401149771 0.625 0
1260 3.125 0.517974011497713 0
1261 3.23202598850229 0.625 0
1262 3.125 0.732025988502287 0
1263 3.05743105442757 0.517974011497713 0
1264 3.23202598850229 0.557431054427568 0
1265 3.19256894557243 0.732025988502287 0
1266 3.01797401149771 0.692568945572432 0
1267 3.05743105442757 0.557431054427568 0
1268 3.19256894557243 0.557431054427568 0
1269 3.19256894557243 0.692568945572432 0
1270 3.05743105442757 0.692568945572432 0
1271 3.05743105442757 0.625 0
1272 3.125 0.557431054427568 0
1273 3.19256894557243 0.625 0
1274 3.125 0.692568945572432 0
1275 3.125 0.625 0
1276 3.01797401149771 0.767974011497713 0
1277 3.23202598850229 0.767974011497713 0
1278 3.23202598850229 0.982025988502287 0
1279 3.01797401149771 0.982025988502287 0
1280 3.01797401149771 0.807431054427568 0
1281 3.19256894557243 0.767974011497713 0
1282 3.23202598850229 0.942568945572432 0
1283 3.05743105442757 0.982025988502287 0
1284 3.01797401149771 0.875 0
1285 3.125 0.767974011497713 0
1286 3.23202598850229 0.875 0
1287 3.125 0.982025988502287 0
1288 3.05743105442757 0.767974011497713 0
1289 3.23202598850229 0.807431054427568 0
1290 3.19256894557243 0.982025988502287 0
1291 3.01797401149771 0.942568945572432 0
1292 3.05743105442757 0.807431054427568 0
1293 3.19256894557243 0.807431054427568 0
1294 3.19256894557243 0.942568945572432 0
1295 3.05743105442757 0.942568945572432 0
1296 3.05743105442757 0.875 0
1297 3.125 0.807431054427568 0
1298 3.19256894557243 0.875 0
1299 3.125 0.942568945572432 0
1300 3.125 0.875 0
1301 3.26797401149771 0.0179740114977131 0
1302 3.48202598850229 0.0179740114977131 0
1303 3.48202598850229 0.232025988502287 0
1304 3.26797401149771 0.232025988502287 0
1305 3.26797401149771 0.0574310544275679 0
1306 3.44256894557243 0.0179740114977131 0
1307 3.48202598850229 0.192568945572432 0
1308 3.30743105442757 0.232025988502287 0
1309 3.26797401149771 0.125 0
1310 3.375 0.0179740114977131 0
1311 3.48202598850229 0.125 0
1312 3.375 0.232025988502287 0
1313 3.30743105442757 0.0179740114977131 0
1314 3.48202598850229 0.0574310544275679 0
1315 3.44256894557243 0.232025988502287 0
1316 3.26797401149771 0.192568945572432 0
1317 3.30743105442757 0.0574310544275679 0
1318 3.44256894557243 0.0574310544275679 0
1319 3.44256894557243 0.192568945572432 0
1320 3.30743105442757 0.192568945572432 0
1321 3.30743105442757 0.125 0
1322 3.375 0.0574310544275679 0
1323 3.44256894557243 0.125 0
1324 3.375 0.192568945572432 0
1325 3.375 0.125 0
1326 3.26797401149771 0.267974011497713 0
1327 3.48202598850229 0.267974011497713 0
1328 3.48202598850229 0.482025988502287 0
1329 3.26797401149771 0.482025988502287 0
1330 3.26797401149771 0.307431054427568 0
1331 3.44256894557243 0.267974011497713 0
1332 3.48202598850229 0.442568945572432 0
1333 3.30743105442757 0.482025988502287 0
1334 3.26797401149771 0.375 0
1335 3.375 0.267974011497713 0
1336 3.48202598850229 0.375 0
1337 3.375 0.482025988502287 0
1338 3.30743105442757 0.267974011497713 0
1339 3.48202598850229 0.307431054427568 0
1340 3.44256894557243 0.482025988502287 0
1341 3.26797401149771 0.442568945572432 0
1342 3.30743105442757 0.307431054427568 0
1343 3.44256894557243 0.307431054427568 0
1344 3.44256894557243 0.442568945572432 0
1345 3.30743105442757 0.442568945572432 0
1346 3.30743105442757 0.375 0
1347 3.375 0.307431054427568 0
1348 3.44256894557243 0.375 0
1349 3.375 0.442568945572432 0
1350 3.375 0.375 0
1351 3.26797401149771 0.517974011497713 0
1352 3.48202598850229 0.517974011497713 0
1353 3.48202598850229 0.732025988502287 0
1354 3.26797401149771 0.732025988502287 0
1355 3.26797401149771 0.557431054427568 0
1356 3.44256894557243 0.517974011497713 0
1357 3.48202598850229 0.692568945572432 0
1358 3.30743105442757 0.732025988502287 0
1359 3.26797401149771 0.625 0
1360 3.375 0.517974011497713 0
1361 3.48202598850229 0.625 0
1362 3.375 0.732025988502287 0
1363 3.30743105442757 0.517974011497713 0
1364 3.48202598850229 0.557431054427568 0
1365 3.44256894557243 0.732025988502287 0
1366 3.26797401149771 0.692568945572432 0
1367 3.30743105442757 0.557431054427568 0
1368 3.44256894557243 0.557431054427568 0
1369 3.44256894557243 0.692568945572432 0
1370 3.30743105442757 0.692568945572432 0
1371 3.30743105442757 0.625 0
1372 3.375 0.557431054427568 0
1373 3.44256894557243 0.625 0
1374 3.375 0.692568945572432 0
1375 3.375 0.625 0
1376 3.26797401149771 0.767974011497713 0
1377 3.48202598850229 0.767974011497713 0
1378 3.48202598850229 0.982025988502287 0
1379 3.26797401149771 0.982025988502287 0
1380 3.26797401149771 0.807431054427568 0
1381 3.44256894557243 0.767974011497713 0
1382 3.48202598850229 0.942568945572432 0
1383 3.30743105442757 0.982025988502287 0
1384 3.26797401149771 0.875 0
1385 3.375 0.767974011497713 0
1386 3.48202598850229 0.875 0
1387 3.375 0.982025988502287 0
1388 3.30743105442757 0.767974011497713 0
1389 3.48202598850229 0.807431054427568 0
1390 3.44256894557243 0.982025988502287 0
1391 3.26797401149771 0.942568945572432 0
1392 3.30743105442757 0.807431054427568 0
1393 3.44256894557243 0.807431054427568 0
1394 3.44256894557243 0.942568945572432 0
1395 3.30743105442757 0.942568945572432 0
1396 3.30743105442757 0.875 0
1397 3.375 0.807431054427568 0
1398 3.44256894557243 0.875 0
1399 3.375 0.942568945572432 0
1400 3.375 0.875 0
1401 3.51797401149771 0.0179740114977131 0
1402 3.73202598850229 0.0179740114977131 0
1403 3.73202598850229 0.232025988502287 0
1404 3.51797401149771 0.232025988502287 0
1405 3.51797401149771 0.0574310544275679 0
1406 3.69256894557243 0.0179740114977131 0
1407 3.73202598850229 0.192568945572432 0
1408 3.55743105442757 0.232025988502287 0
1409 3.51797401149771 0.125 0
1410 3.625 0.0179740114977131 0
1411 3.73202598850229 0.125 0
1412 3.625 0.232025988502287 0
1413 3.55743105442757 0.0179740114977131 0
1414 3.73202598850229 0.0574310544275679 0
1415 3.69256894557243 0.232025988502287 0
1416 3.51797401149771 0.192568945572432 0
1417 3.55743105442757 0.0574310544275679 0
1418 3.69256894557243 0.0574310544275679 0
1419 3.69256894557243 0.192568945572432 0
1420 3.55743105442757 0.192568945572432 0
1421 3.55743105442757 0.125 0
1422 3.625 0.0574310544275679 0
1423 3.69256894557243 0.125 0
1424 3.625 0.192568945572432 0
1425 3.625 0.125 0
1426 3.51797401149771 0.267974011497713 0
1427 3.73202598850229 0.267974011497713 0
1428 3.73202598850229 0.482025988502287 0
1429 3.51797401149771 0.482025988502287 0
1430 3.51797401149771 0.307431054427568 0
1431 3.69256894557243 0.267974011497713 0
1432 3.73202598850229 0.442568945572432 0
1433 3.55743105442757 0.482025988502287 0
1434 3.51797401149771 0.375 0
1435 3.625 0.267974011497713 0
1436 3.73202598850229 0.375 0
1437 3.625 0.482025988502287 0
1438 3.55743105442757 0.267974011497713 0
1439 3.73202598850229 0.307431054427568 0
1440 3.69256894557243 0.482025988502287 0
1441 3.51797401149771 0.442568945572432 0
1442 3.55743105442757 0.307431054427568 0
1443 3.69256894557243 0.307431054427568 0
1444 3.69256894557243 0.442568945572432 0
1445 3.55743105442757 0.442568945572432 0
1446 3.55743105442757 0.375 0
1447 3.625 0.307431054427568 0
1448 3.69256894557243 0.375 0
1449 3.625 0.442568945572432 0
1450 3.625 0.375 0
1451 3.51797401149771 0.517974011497713 0
1452 3.73202598850229 0.517974011497713 0
1453 3.73202598850229 0.732025988502287 0
1454 3.51797401149771 0.732025988502287 0
1455 3.51797401149771 0.557431054427568 0
1456 3.69256894557243 0.517974011497713 0
1457 3.73202598850229 0.692568945572432 0
1458 3.55743105442757 0.732025988502287 0
1459 3.51797401149771 0.625 0
1460 3.625 0.517974011497713 0
1461 3.73202598850229 0.625 0
1462 3.625 0.732025988502287 0
1463 3.55743105442757 0.517974011497713 0
1464 3.73202598850229 0.557431054427568 0
1465 3.69256894557243 0.732025988502287 0
1466 3.51797401149771 0.692568945572432 0
1467 3.55743105442757 0.557431054427568 0
1468 3.69256894557243 0.557431054427568 0
1469 3.69256894557243 0.692568945572432 0
1470 3.55743105442757 0.692568945572432 0
1471 3.55743105442757 0.625 0
1472 3.625 0.557431054427568 0
1473 3.69256894557243 0.625 0
1474 3.625 0.692568945572432 0
1475 3.625 0.625 0
1476 3.51797401149771 0.767974011497713 0
1477 3.73202598850229 0.767974011497713 0
1478 3.73202598850229 0.982025988502287 0
1479 3.51797401149771 0.982025988502287 0
1480 3.51797401149771 0.807431054427568 0
1481 3.69256894557243 0.767974011497713 0
1482 3.73202598850229 0.942568945572432 0
1483 3.55743105442757 0.982025988502287 0
1484 3.51797401149771 0.875 0
1485 3.625 0.767974011497713 0
1486 3.73202598850229 0.875 0
1487 3.625 0.982025988502287 0
1488 3.55743105442757 0.767974011497713 0
1489 3.73202598850229 0.807431054427568 0
1490 3.69256894557243 0.982025988502287 0
1491 3.51797401149771 0.942568945572432 0
1492 3.55743105442757 0.807431054427568 0
1493 3.69256894557243 0.807431054427568 0
1494 3.69256894557243 0.942568945572432 0
1495 3.55743105442757 0.942568945572432 0
1496 3.55743105442757 0.875 0
1497 3.625 0.807431054427568 0
1498 3.69256894557243 0.875 0
1499 3.625 0.942568945572432 0
1500 3.625 0.875 0
1501 3.76797401149771 0.0179740114977131 0
1502 3.98202598850229 0.0179740114977131 0
1503 3.98202598850229 0.232025988502287 0
1504 3.76797401149771 0.232025988502287 0
1505 3.76797401149771 0.0574310544275679 0
1506 3.94256894557243 0.0179740114977131 0
1507 3.98202598850229 0.192568945572432 0
1508 3.80743105442757 0.232025988502287 0
1509 3.76797401149771 0.125 0
1510 3.875 0.0179740114977131 0
1511 3.98202598850229 0.125 0
1512 3.875 0.232025988502287 0
1513 3.80743105442757 0.0179740114977131 0
1514 3.98202598850229 0.0574310544275679 0
1515 3.94256894557243 0.232025988502287 0
1516 3.76797401149771 0.192568945572432 0
1517 3.80743105442757 0.0574310544275679 0
1518 3.94256894557243 0.0574310544275679 0
1519 3.94256894557243 0.192568945572432 0
1520 3.80743105442757 0.192568945572432 0
1521 3.80743105442757 0.125 0
1522 3.875 0.0574310544275679 0
1523 3.94256894557243 0.125 0
1524 3.875 0.192568945572432 0
1525 3.875 0.125 0
1526 3.76797401149771 0.267974011497713 0
1527 3.98202598850229 0.267974011497713 0
1528 3.98202598850229 0.482025988502287 0
1529 3.76797401149771 0.482025988502287 0
1530 3.76797401149771 0.307431054427568 0
1531 3.94256894557243 0.267974011497713 0
1532 3.98202598850229 0.442568945572432 0
1533 3.80743105442757 0.482025988502287 0
1534 3.76797401149771 0.375 0
1535 3.875 0.267974011497713 0
1536 3.98202598850229 0.375 0
1537 3.875 0.482025988502287 0
1538 3.80743105442757 0.267974011497713 0
1539 3.98202598850229 0.307431054427568 0
1540 3.94256894557243 0.482025988502287 0
1541 3.76797401149771 0.442568945572432 0
1542 3.80743105442757 0.307431054427568 0
1543 3.94256894557243 0.307431054427568 0
1544 3.94256894557243 0.442568945572432 0
1545 3.80743105442757 0.442568945572432 0
1546 3.80743105442757 0.375 0
1547 3.875 0.307431054427568 0
1548 3.94256894557243 0.375 0
1549 3.875 0.442568945572432 0
1550 3.875 0.375 0
1551 3.76797401149771 0.517974011497713 0
1552 3.98202598850229 0.517974011497713 0
1553 3.98202598850229 0.732025988502287 0
1554 3.76797401149771 0.732025988502287 0
1555 3.76797401149771 0.557431054427568 0
1556 3.94256894557243 0.517974011497713 0
1557 3.98202598850229 0.692568945572432 0
1558 3.80743105442757 0.732025988502287 0
1559 3.76797401149771 0.625 0
1560 3.875 0.517974011497713 0
1561 3.98202598850229 0.625 0
1562 3.875 0.732025988502287 0
1563 3.80743105442757 0.517974011497713 0
1564 3.98202598850229 0.557431054427568 0
1565 3.94256894557243 0.732025988502287 0
1566 3.76797401149771 0.692568945572432 0
1567 3.80743105442757 0.557431054427568 0
1568 3.94256894557243 0.557431054427568 0
1569 3.94256894557243 0.692568945572432 0
1570 3.80743105442757 0.692568945572432 0
1571 3.80743105442757 0.625 0
1572 3.875 0.557431054427568 0
1573 3.94256894557243 0.625 0
1574 3.875 0.692568945572432 0
1575 3.875 0.625 0
1576 3.76797401149771 0.767974011497713 0
1577 3.98202598850229 0.767974011497713 0
1578 3.98202598850229 0.982025988502287 0
1579 3.76797401149771 0.982025988502287 0
1580 3.76797401149771 0.807431054427568 0
1581 3.94256894557243 0.767974011497713 0
1582 3.98202598850229 0.942568945572432 0
1583 3.80743105442757 0.982025988502287 0
1584 3.76797401149771 0.875 0
1585 3.875 0.767974011497713 0
1586 3.98202598850229 0.875 0
1587 3.875 0.982025988502287 0
1588 3.80743105442757 0.767974011497713 0
1589 3.98202598850229 0.807431054427568 0
1590 3.94256894557243 0.982025988502287 0
1591 3.76797401149771 0.942568945572432 0
1592 3.80743105442757 0.807431054427568 0
1593 3.94256894557243 0.807431054427568 0
1594 3.94256894557243 0.942568945572432 0
1595 3.80743105442757 0.942568945572432 0
1596 3.80743105442757 0.875 0
1597 3.875 0.807431054427568 0
1598 3.94256894557243 0.875 0
1599 3.875 0.942568945572432 0
1600 3.875 0.875 0
1601 4.01797401149771 0.0179740114977131 0
1602 4.23202598850229 0.0179740114977131 0
1603 4.23202598850229 0.232025988502287 0
1604 4.01797401149771 0.232025988502287 0
1605 4.01797401149771 0.0574310544275679 0
1606 4.19256894557243 0.0179740114977131 0
1607 4.23202598850229 0.192568945572432 0
1608 4.05743105442757 0.232025988502287 0
1609 4.01797401149771 0.125 0
1610 4.125 0.0179740114977131 0
1611 4.23202598850229 0.125 0
1612 4.125 0.232025988502287 0
1613 4.05743105442757 0.0179740114977131 0
1614 4.23202598850229 0.0574310544275679 0
1615 4.19256894557243 0.232025988502287 0
1616 4.01797401149771 0.192568945572432 0
1617 4.05743105442757 0.0574310544275679 0
1618 4.19256894557243 0.0574310544275679 0
1619 4.19256894557243 0.192568945572432 0
1620 4.05743105442757 0.192568945572432 0
1621 4.05743105442757 0.125 0
1622 4.125 0.0574310544275679 0
1623 4.19256894557243 0.125 0
1624 4.125 0.192568945572432 0
1625 4.125 0.125 0
1626 4.01797401149771 0.267974011497713 0
1627 4.23202598850229 0.267974011497713 0
1628 4.23202598850229 0.482025988502287 0
1629 4.01797401149771 0.482025988502287 0
1630 4.01797401149771 0.307431054427568 0
1631 4.19256894557243 0.267974011497713 0
1632 4.23202598850229 0.442568945572432 0
1633 4.05743105442757 0.482025988502287 0
1634 4.01797401149771 0.375 0
1635 4.125 0.267974011497713 0
1636 4.23202598850229 0.375 0
1637 4.125 0.482025988502287 0
1638 4.05743105442757 0.267974011497713 0
1639 4.23202598850229 0.307431054427568 0
1640 4.19256894557243 0.482025988502287 0
1641 4.01797401149771 0.442568945572432 0
1642 4.05743105442757 0.307431054427568 0
1643 4.19256894557243 0.307431054427568 0
1644 4.19256894557243 0.442568945572432 0
1645 4.05743105442757 0.442568945572432 0
1646 4.05743105442757 0.375 0
1647 4.125 0.307431054427568 0
1648 4.19256894557243 0.375 0
1649 4.125 0.442568945572432 0
1650 4.125 0.375 0
1651 4.01797401149771 0.517974011497713 0
1652 4.23202598850229 0.517974011497713 0
1653 4.23202598850229 0.732025988502287 0
1654 4.01797401149771 0.732025988502287 0
1655 4.01797401149771 0.557431054427568 0
1656 4.19256894557243 0.517974011497713 0
1657 4.23202598850229 0.692568945572432 0
1658 4.05743105442757 0.732025988502287 0
1659 4.01797401149771 0.625 0
1660 4.125 0.517974011497713 0
1661 4.23202598850229 0.625 0
1662 4.125 0.732025988502287 0
1663 4.05743105442757 0.517974011497713 0
1664 4.23202598850229 0.557431054427568 0
1665 4.19256894557243 0.732025988502287 0
1666 4.01797401149771 0.692568945572432 0
1667 4.05743105442757 0.557431054427568 0
1668 4.19256894557243 0.557431054427568 0
1669 4.19256894557243 0.692568945572432 0
1670 4.05743105442757 0.692568945572432 0
1671 4.05743105442757 0.625 0
1672 4.125 0.557431054427568 0
1673 4.19256894557243 0.625 0
1674 4.125 0.692568945572432 0
1675 4.125 0.625 0
1676 4.01797401149771 0.767974011497713 0
1677 4.23202598850229 0.767974011497713 0
1678 4.23202598850229 0.982025988502287 0
1679 4.01797401149771 0.982025988502287 0
1680 4.01797401149771 0.807431054427568 0
1681 4.19256894557243 0.767974011497713 0
1682 4.23202598850229 0.942568945572432 0
1683 4.05743105442757 0.982025988502287 0
1684 4.01797401149771 0.875 0
1685 4.125 0.767974011497713 0
1686 4.23202598850229 0.875 0
1687 4.125 0.982025988502287 0
1688 4.05743105442757 0.767974011497713 0
1689 4.23202598850229 0.807431054427568 0
1690 4.19256894557243 0.982025988502287 0
1691 4.01797401149771 0.942568945572432 0
1692 4.05743105442757 0.807431054427568 0
1693 4.19256894557243 0.807431054427568 0
1694 4.19256894557243 0.942568945572432 0
1695 4.05743105442757 0.942568945572432 0
1696 4.05743105442757 0.875 0
1697 4.125 0.807431054427568 0
1698 4.19256894557243 0.875 0
1699 4.125 0.942568945572432 0
1700 4.125 0.875 0
1701 4.26797401149771 0.0179740114977131 0
1702 4.48202598850229 0.0179740114977131 0
1703 4.48202598850229 0.232025988502287 0
1704 4.26797401149771 0.232025988502287 0
1705 4.26797401149771 0.0574310544275679 0
1706 4.44256894557243 0.0179740114977131 0
1707 4.48202598850229 0.192568945572432 0
1708 4.30743105442757 0.232025988502287 0
1709 4.26797401149771 0.125 0
1710 4.375 0.0179740114977131 0
1711 4.48202598850229 0.125 0
1712 4.375 0.232025988502287 0
1713 4.30743105442757 0.0179740114977131 0
1714 4.48202598850229 0.0574310544275679 0
1715 4.44256894557243 0.232025988502287 0
1716 4.26797401149771 0.192568945572432 0
1717 4.30743105442757 0.0574310544275679 0
1718 4.44256894557243 0.0574310544275679 0
1719 4.44256894557243 0.192568945572432 0
1720 4.30743105442757 0.192568945572432 0
1721 4.30743105442757 0.125 0
1722 4.375 0.0574310544275679 0
1723 4.44256894557243 0.125 0
1724 4.375 0.192568945572432 0
1725 4.375 0.125 0
1726 4.26797401149771 0.267974011497713 0
1727 4.48202598850229 0.267974011497713 0
1728 4.48202598850229 0.482025988502287 0
1729 4.26797401149771 0.482025988502287 0
1730 4.26797401149771 0.307431054427568 0
1731 4.44256894557243 0.267974011497713 0
1732 4.48202598850229 0.442568945572432 0
1733 4.30743105442757 0.482025988502287 0
1734 4.26797401149771 0.375 0
1735 4.375 0.267974011497713 0
1736 4.48202598850229 0.375 0
1737 4.375 0.482025988502287 0
1738 4.30743105442757 0.267974011497713 0
1739 4.48202598850229 0.307431054427568 0
1740 4.44256894557243 0.482025988502287 0
1741 4.26797401149771 0.442568945572432 0
1742 4.30743105442757 0.307431054427568 0
1743 4.44256894557243 0.307431054427568 0
1744 4.44256894557243 0.442568945572432 0
1745 4.30743105442757 0.442568945572432 0
1746 4.30743105442757 0.375 0
1747 4.375 0.307431054427568 0
1748 4.44256894557243 0.375 0
1749 4.375 0.442568945572432 0
1750 4.375 0.375 0
1751 4.26797401149771 0.517974011497713 0
1752 4.48202598850229 0.517974011497713 0
1753 4.48202598850229 0.732025988502287 0
1754 4.26797401149771 0.732025988502287 0
1755 4.26797401149771 0.557431054427568 0
1756 4.44256894557243 0.517974011497713 0
1757 4.48202598850229 0.692568945572432 0
1758 4.30743105442757 0.732025988502287 0
1759 4.26797401149771 0.625 0
1760 4.375 0.517974011497713 0
1761 4.48202598850229 0.625 0
1762 4.375 0.732025988502287 0
1763 4.30743105442757 0.517974011497713 0
1764 4.48202598850229 0.557431054427568 0
1765 4.44256894557243 0.732025988502287 0
1766 4.26797401149771 0.692568945572432 0
1767 4.30743105442757 0.557431054427568 0
1768 4.44256894557243 0.557431054427568 0
1769 4.44256894557243 0.692568945572432 0
1770 4.30743105442757 0.692568945572432 0
1771 4.30743105442757 0.625 0
1772 4.375 0.557431054427568 0
1773 4.44256894557243 0.625 0
1774 4.375 0.692568945572432 0
1775 4.375 0.625 0
1776 4.26797401149771 0.767974011497713 0
1777 4.48202598850229 0.767974011497713 0
1778 4.48202598850229 0.982025988502287 0
1779 4.26797401149771 0.982025988502287 0
1780 4.26797401149771 0.807431054427568 0
1781 4.44256894557243 0.767974011497713 0
1782 4.48202598850229 0.942568945572432 0
1783 4.30743105442757 0.982025988502287 0
1784 4.26797401149771 0.875 0
1785 4.375 0.767974011497713 0
1786 4.48202598850229 0.875 0
1787 4.375 0.982025988502287 0
1788 4.30743105442757 0.767974011497713 0
1789 4.48202598850229 0.807431054427568 0
1790 4.44256894557243 0.982025988502287 0
1791 4.26797401149771 0.942568945572432 0
1792 4.30743105442757 0.807431054427568 0
1793 4.44256894557243 0.807431054427568 0
1794 4.44256894557243 0.942568945572432 0
1795 4.30743105442757 0.942568945572432 0
1796 4.30743105442757 0.875 0
1797 4.375 0.807431054427568 0
1798 4.44256894557243 0.875 0
1799 4.375 0.942568945572432 0
1800 4.375 0.875 0
1801 4.51797401149771 0.0179740114977131 0
1802 4.73202598850229 0.0179740114977131 0
1803 4.73202598850229 0.232025988502287 0
1804 4.51797401149771 0.232025988502287 0
1805 4.51797401149771 0.0574310544275679 0
1806 4.69256894557243 0.0179740114977131 0
1807 4.73202598850229 0.192568945572432 0
1808 4.55743105442757 0.232025988502287 0
1809 4.51797401149771 0.125 0
1810 4.625 0.0179740114977131 0
1811 4.73202598850229 0.125 0
1812 4.625 0.232025988502287 0
1813 4.55743105442757 0.0179740114977131 0
1814 4.73202598850229 0.0574310544275679 0
1815 4.69256894557243 0.232025988502287 0
1816 4.51797401149771 0.192568945572432 0
1817 4.55743105442757 0.0574310544275679 0
1818 4.69256894557243 0.0574310544275679 0
1819 4.69256894557243 0.192568945572432 0
1820 4.55743105442757 0.192568945572432 0
1821 4.55743105442757 0.125 0
1822 4.625 0.0574310544275679 0
1823 4.69256894557243 0.125 0
1824 4.625 0.192568945572432 0
1825 4.625 0.125 0
1826 4.51797401149771 0.267974011497713 0
1827 4.73202598850229 0.267974011497713 0
1828 4.73202598850229 0.482025988502287 0
1829 4.51797401149771 0.482025988502287 0
1830 4.51797401149771 0.307431054427568 0
1831 4.69256894557243 0.267974011497713 0
1832 4.73202598850229 0.442568945572432 0
1833 4.55743105442757 0.482025988502287 0
1834 4.51797401149771 0.375 0
1835 4.625 0.267974011497713 0
1836 4.73202598850229 0.375 0
1837 4.625 0.482025988502287 0
1838 4.55743105442757 0.267974011497713 0
1839 4.73202598850229 0.307431054427568 0
1840 4.69256894557243 0.482025988502287 0
1841 4.51797401149771 0.442568945572432 0
1842 4.55743105442757 0.307431054427568 0
1843 4.69256894557243 0.307431054427568 0
1844 4.69256894557243 0.442568945572432 0
1845 4.55743105442757 0.442568945572432 0
1846 4.55743105442757 0.375 0
1847 4.625 0.307431054427568 0
1848 4.69256894557243 0.375 0
1849 4.625 0.442568945572432 0
1850 4.625 0.375 0
1851 4.51797401149771 0.517974011497713 0
1852 4.73202598850229 0.517974011497713 0
1853 4.73202598850229 0.732025988502287 0
1854 4.51797401149771 0.732025988502287 0
1855 4.51797401149771 0.557431054427568 0
1856 4.69256894557243 0.517974011497713 0
1857 4.73202598850229 0.692568945572432 0
1858 4.55743105442757 0.732025988502287 0
1859 4.51797401149771 0.625 0
1860 4.625 0.517974011497713 0
1861 4.73202598850229 0.625 0
1862 4.625 0.732025988502287 0
1863 4.55743105442757 0.517974011497713 0
1864 4.73202598850229 0.557431054427568 0
1865 4.69256894557243 0.732025988502287 0
1866 4.51797401149771 0.692568945572432 0
1867 4.55743105442757 0.557431054427568 0
1868 4.69256894557243 0.557431054427568 0
1869 4.69256894557243 0.692568945572432 0
1870 4.55743105442757 0.692568945572432 0
1871 4.55743105442757 0.625 0
1872 4.625 0.557431054427568 0
1873 4.69256894557243 0.625 0
1874 4.625 0.692568945572432 0
1875 4.625 0.625 0
1876 4.51797401149771 0.767974011497713 0
1877 4.73202598850229 0.767974011497713 0
1878 4.73202598850229 0.982025988502287 0
1879 4.51797401149771 0.982025988502287 0
1880 4.51797401149771 0.807431054427568 0
1881 4.69256894557243 0.767974011497713 0
1882 4.73202598850229 0.942568945572432 0
1883 4.55743105442757 0.982025988502287 0
1884 4.51797401149771 0.875 0
1885 4.625 0.767974011497713 0
1886 4.73202598850229 0.875 0
1887 4.625 0.982025988502287 0
1888 4.55743105442757 0.767974011497713 0
1889 4.73202598850229 0.807431054427568 0
1890 4.69256894557243 0.982025988502287 0
1891 4.51797401149771 0.942568945572432 0
1892 4.55743105442757 0.807431054427568 0
1893 4.69256894557243 0.807431054427568 0
1894 4.69256894557243 0.942568945572432 0
1895 4.55743105442757 0.942568945572432 0
1896 4.55743105442757 0.875 0
1897 4.625 0.807431054427568 0
1898 4.69256894557243 0.875 0
1899 4.625 0.942568945572432 0
1900 4.625 0.875 0
1901 4.76797401149771 0.0179740114977131 0
1902 4.98202598850229 0.0179740114977131 0
1903 4.98202598850229 0.232025988502287 0
1904 4.76797401149771 0.232025988502287 0
1905 4.76797401149771 0.0574310544275679 0
1906 4.94256894557243 0.0179740114977131 0
1907 4.98202598850229 0.192568945572432 0
1908 4.80743105442757 0.232025988502287 0
1909 4.76797401149771 0.125 0
1910 4.875 0.0179740114977131 0
1911 4.98202598850229 0.125 0
1912 4.875 0.232025988502287 0
1913 4.80743105442757 0.0179740114977131 0
1914 4.98202598850229 0.0574310544275679 0
1915 4.94256894557243 0.232025988502287 0
1916 4.76797401149771 0.192568945572432 0
1917 4.80743105442757 0.0574310544275679 0
1918 4.94256894557243 0.0574310544275679 0
1919 4.94256894557243 0.192568945572432 0
1920 4.80743105442757 0.192568945572432 0
1921 4.80743105442757 0.125 0
1922 4.875 0.0574310544275679 0
1923 4.94256894557243 0.125 0
1924 4.875 0.192568945572432 0
1925 4.875 0.125 0
1926 4.76797401149771 0.267974011497713 0
1927 4.98202598850229 0.267974011497713 0
1928 4.98202598850229 0.482025988502287 0
1929 4.76797401149771 0.482025988502287 0
1930 4.76797401149771 0.307431054427568 0
1931 4.94256894557243 0.267974011497713 0
1932 4.98202598850229 0.442568945572432 0
1933 4.80743105442757 0.482025988502287 0
1934 4.76797401149771 0.375 0
1935 4.875 0.267974011497713 0
1936 4.98202598850229 0.375 0
1937 4.875 0.482025988502287 0
1938 4.80743105442757 0.267974011497713 0
1939 4.98202598850229 0.307431054427568 0
1940 4.94256894557243 0.482025988502287 0
1941 4.76797401149771 0.442568945572432 0
1942 4.80743105442757 0.307431054427568 0
1943 4.94256894557243 0.307431054427568 0
1944 4.94256894557243 0.442568945572432 0
1945 4.80743105442757 0.442568945572432 0
1946 4.80743105442757 0.375 0
1947 4.875 0.307431054427568 0
1948 4.94256894557243 0.375 0
1949 4.875 0.442568945572432 0
1950 4.875 0.375 0
1951 4.76797401149771 0.517974011497713 0
1952 4.98202598850229 0.517974011497713 0
1953 4.98202598850229 0.732025988502287 0
1954 4.76797401149771 0.732025988502287 0
1955 4.76797401149771 0.557431054427568 0
1956 4.94256894557243 0.517974011497713 0
1957 4.98202598850229 0.692568945572432 0
1958 4.80743105442757 0.732025988502287 0
1959 4.76797401149771 0.625 0
1960 4.875 0.517974011497713 0
1961 4.98202598850229 0.625 0
1962 4.875 0.732025988502287 0
1963 4.80743105442757 0.517974011497713 0
1964 4.98202598850229 0.557431054427568 0
1965 4.94256894557243 0.732025988502287 0
1966 4.76797401149771 0.692568945572432 0
1967 4.80743105442757 0.557431054427568 0
1968 4.94256894557243 0.557431054427568 0
1969 4.94256894557243 0.692568945572432 0
1970 4.80743105442757 0.692568945572432 0
1971 4.80743105442757 0.625 0
1972 4.875 0.557431054427568 0
1973 4.94256894557243 0.625 0
1974 4.875 0.692568945572432 0
1975 4.875 0.625 0
1976 4.76797401149771 0.767974011497713 0
1977 4.98202598850229 0.767974011497713 0
1978 4.98202598850229 0.982025988502287 0
1979 4.76797401149771 0.982025988502287 0
1980 4.76797401149771 0.807431054427568 0
1981 4.94256894557243 0.767974011497713 0
1982 4.98202598850229 0.942568945572432 0
1983 4.80743105442757 0.982025988502287 0
1984 4.76797401149771 0.875 0
1985 4.875 0.767974011497713 0
1986 4.98202598850229 0.875 0
1987 4.875 0.982025988502287 0
1988 4.80743105442757 0.767974011497713 0
1989 4.98202598850229 0.807431054427568 0
1990 4.94256894557243 0.982025988502287 0
1991 4.76797401149771 0.942568945572432 0
1992 4.80743105442757 0.807431054427568 0
1993 4.94256894557243 0.807431054427568 0
1994 4.94256894557243 0.942568945572432 0
1995 4.80743105442757 0.942568945572432 0
1996 4.80743105442757 0.875 0
1997 4.875 0.807431054427568 0
1998 4.94256894557243 0.875 0
1999 4.875 0.942568945572432 0
2000 4.875 0.875 0
