1 0 0 0
2 2.5 0 0
3 2.5 0.25 0
4 0 0.25 0
5 0.0625 0 0
6 0.125 0 0
7 0.1875 0 0
8 0.25 0 0
9 0.3125 0 0
10 0.375 0 0
11 0.4375 0 0
12 0.5 0 0
13 0.5625 0 0
14 0.625 0 0
15 0.6875 0 0
16 0.75 0 0
17 0.8125 0 0
18 0.875 0 0
19 0.9375 0 0
20 1 0 0
21 1.0625 0 0
22 1.125 0 0
23 1.1875 0 0
24 1.25 0 0
25 1.3125 0 0
26 1.375 0 0
27 1.4375 0 0
28 1.5 0 0
29 1.5625 0 0
30 1.625 0 0
31 1.6875 0 0
32 1.75 0 0
33 1.8125 0 0
34 1.875 0 0
35 1.9375 0 0
36 2 0 0
37 2.0625 0 0
38 2.125 0 0
39 2.1875 0 0
40 2.25 0 0
41 2.3125 0 0
42 2.375 0 0
43 2.4375 0 0
44 2.5 0.0625 0
45 2.5 0.125 0
46 2.5 0.1875 0
47 2.4375 0.25 0
48 2.375 0.25 0
49 2.3125 0.25 0
50 2.25 0.25 0
51 2.1875 0.25 0
52 2.125 0.25 0
53 2.0625 0.25 0
54 2 0.25 0
55 1.9375 0.25 0
56 1.875 0.25 0
57 1.8125 0.25 0
58 1.75 0.25 0
59 1.6875 0.25 0
60 1.625 0.25 0
61 1.5625 0.25 0
62 1.5 0.25 0
63 1.4375 0.25 0
64 1.375 0.25 0
65 1.3125 0.25 0
66 1.25 0.25 0
67 1.1875 0.25 0
68 1.125 0.25 0
69 1.0625 0.25 0
70 1 0.25 0
71 0.9375 0.25 0
72 0.875 0.25 0
73 0.8125 0.25 0
74 0.75 0.25 0
75 0.6875 0.25 0
76 0.625 0.25 0
77 0.5625 0.25 0
78 0.5 0.25 0
79 0.4375 0.25 0
80 0.375 0.25 0
81 0.3125 0.25 0
82 0.25 0.25 0
83 0.1875 0.25 0
84 0.125 0.25 0
85 0.0625 0.25 0
86 0 0.1875 0
87 0 0.125 0
88 0 0.0625 0
89 0.0625 0.0625 0
90 0.0625 0.125 0
91 0.0625 0.1875 0
92 0.125 0.0625 0
93 0.125 0.125 0
94 0.125 0.1875 0
95 0.1875 0.0625 0
96 0.1875 0.125 0
97 0.1875 0.1875 0
98 0.25 0.0625 0
99 0.25 0.125 0
100 0.25 0.1875 0
101 0.3125 0.0625 0
102 0.3125 0.125 0
103 0.3125 0.1875 0
104 0.375 0.0625 0
105 0.375 0.125 0
106 0.375 0.1875 0
107 0.4375 0.0625 0
108 0.4375 0.125 0
109 0.4375 0.1875 0
110 0.5 0.0625 0
111 0.5 0.125 0
112 0.5 0.1875 0
113 0.5625 0.0625 0
114 0.5625 0.125 0
115 0.5625 0.1875 0
116 0.625 0.0625 0
117 0.625 0.125 0
118 0.625 0.1875 0
119 0.6875 0.0625 0
120 0.6875 0.125 0
121 0.6875 0.1875 0
122 0.75 0.0625 0
123 0.75 0.125 0
124 0.75 0.1875 0
125 0.8125 0.0625 0
126 0.8125 0.125 0
127 0.8125 0.1875 0
128 0.875 0.0625 0
129 0.875 0.125 0
130 0.875 0.1875 0
131 0.9375 0.0625 0
132 0.9375 0.125 0
133 0.9375 0.1875 0
134 1 0.0625 0
135 1 0.125 0
136 1 0.1875 0
137 1.0625 0.0625 0
138 1.0625 0.125 0
139 1.0625 0.1875 0
140 1.125 0.0625 0
141 1.125 0.125 0
142 1.125 0.1875 0
143 1.1875 0.0625 0
144 1.1875 0.125 0
145 1.1875 0.1875 0
146 1.25 0.0625 0
147 1.25 0.125 0
148 1.25 0.1875 0
149 1.3125 0.0625 0
150 1.3125 0.125 0
151 1.3125 0.1875 0
152 1.375 0.0625 0
153 1.375 0.125 0
154 1.375 0.1875 0
155 1.4375 0.0625 0
156 1.4375 0.125 0
157 1.4375 0.1875 0
158 1.5 0.0625 0
159 1.5 0.125 0
160 1.5 0.1875 0
161 1.5625 0.0625 0
162 1.5625 0.125 0
163 1.5625 0.1875 0
164 1.625 0.0625 0
165 1.625 0.125 0
166 1.625 0.1875 0
167 1.6875 0.0625 0
168 1.6875 0.125 0
169 1.6875 0.1875 0
170 1.75 0.0625 0
171 1.75 0.125 0
172 1.75 0.1875 0
173 1.8125 0.0625 0
174 1.8125 0.125 0
175 1.8125 0.1875 0
176 1.875 0.0625 0
177 1.875 0.125 0
178 1.875 0.1875 0
179 1.9375 0.0625 0
180 1.9375 0.125 0
181 1.9375 0.1875 0
182 2 0.0625 0
183 2 0.125 0
184 2 0.1875 0
185 2.0625 0.0625 0
186 2.0625 0.125 0
187 2.0625 0.1875 0
188 2.125 0.0625 0
189 2.125 0.125 0
190 2.125 0.1875 0
191 2.1875 0.0625 0
192 2.1875 0.125 0
193 2.1875 0.1875 0
194 2.25 0.0625 0
195 2.25 0.125 0
196 2.25 0.1875 0
197 2.3125 0.0625 0
198 2.3125 0.125 0
199 2.3125 0.1875 0
200 2.375 0.0625 0
201 2.375 0.125 0
202 2.375 0.1875 0
203 2.4375 0.0625 0
204 2.4375 0.125 0
205 2.4375 0.1875 0
