1 0 0 0
2 5 0 0
3 5 1 0
4 0 1 0
5 0.25 0 0
6 0.5 0 0
7 0.75 0 0
8 1 0 0
9 1.25 0 0
10 1.5 0 0
11 1.75 0 0
12 2 0 0
13 2.25 0 0
14 2.5 0 0
15 2.75 0 0
16 3 0 0
17 3.25 0 0
18 3.5 0 0
19 3.75 0 0
20 4 0 0
21 4.25 0 0
22 4.5 0 0
23 4.75 0 0
24 5 0.25 0
25 5 0.5 0
26 5 0.75 0
27 4.75 1 0
28 4.5 1 0
29 4.25 1 0
30 4 1 0
31 3.75 1 0
32 3.5 1 0
33 3.25 1 0
34 3 1 0
35 2.75 1 0
36 2.5 1 0
37 2.25 1 0
38 2 1 0
39 1.75 1 0
40 1.5 1 0
41 1.25 1 0
42 1 1 0
43 0.75 1 0
44 0.5 1 0
45 0.25 1 0
46 0 0.75 0
47 0 0.5 0
48 0 0.25 0
49 0.25 0.25 0
50 0.25 0.5 0
51 0.25 0.75 0
52 0.5 0.25 0
53 0.5 0.5 0
54 0.5 0.75 0
55 0.75 0.25 0
56 0.75 0.5 0
57 0.75 0.75 0
58 1 0.25 0
59 1 0.5 0
60 1 0.75 0
61 1.25 0.25 0
62 1.25 0.5 0
63 1.25 0.75 0
64 1.5 0.25 0
65 1.5 0.5 0
66 1.5 0.75 0
67 1.75 0.25 0
68 1.75 0.5 0
69 1.75 0.75 0
70 2 0.25 0
71 2 0.5 0
72 2 0.75 0
73 2.25 0.25 0
74 2.25 0.5 0
75 2.25 0.75 0
76 2.5 0.25 0
77 2.5 0.5 0
78 2.5 0.75 0
79 2.75 0.25 0
80 2.75 0.5 0
81 2.75 0.75 0
82 3 0.25 0
83 3 0.5 0
84 3 0.75 0
85 3.25 0.25 0
86 3.25 0.5 0
87 3.25 0.75 0
88 3.5 0.25 0
89 3.5 0.5 0
90 3.5 0.75 0
91 3.75 0.25 0
92 3.75 0.5 0
93 3.75 0.75 0
94 4 0.25 0
95 4 0.5 0
96 4 0.75 0
97 4.25 0.25 0
98 4.25 0.5 0
99 4.25 0.75 0
100 4.5 0.25 0
101 4.5 0.5 0
102 4.5 0.75 0
103 4.75 0.25 0
104 4.75 0.5 0
105 4.75 0.75 0
