0,0,0,0
5,0,0,0
5,1,0,0
0,1,0,0
0.25,0,-1.08887742,-0.7533263074
0.5,0,-1.799789161,-1.847863933
0.75,0,-2.258648877,-3.213514575
1,0,-2.476658179,-4.729070824
1.25,0,-2.466868588,-6.269696161
1.5,0,-2.250086421,-7.716816145
1.75,0,-1.855288708,-8.964191765
2,0,-1.319122536,-9.922969812
2.25,0,-0.6847365768,-10.52610797
2.5,0,3.101098321e-12,-10.73187674
2.75,0,0.6847365769,-10.52610797
3,0,1.319122536,-9.922969812
3.25,0,1.855288708,-8.964191764
3.5,0,2.250086421,-7.716816145
3.75,0,2.466868588,-6.269696161
4,0,2.476658179,-4.729070824
4.25,0,2.258648877,-3.213514575
4.5,0,1.799789161,-1.847863933
4.75,0,1.08887742,-0.7533263073
0.05,0,-0.293550369,-0.1332893912
0.1,0,-0.5192132763,-0.2671021808
0.15,0,-0.7242963045,-0.4136183571
0.2,0,-0.9138866714,-0.5757776049
0.3,0,-1.252370177,-0.9451820648
0.35,0,-1.404834733,-1.151503754
0.4,0,-1.546728452,-1.371223543
0.45,0,-1.678319293,-1.603640574
0.55,0,-1.911260679,-2.103022761
0.6,0,-2.012816373,-2.368133561
0.65,0,-2.104524274,-2.642248304
0.7,0,-2.186447032,-2.924375121
0.8,0,-2.321200361,-3.508657228
0.85,0,-2.374180977,-3.808793481
0.9,0,-2.417680889,-4.112911562
0.95,0,-2.451801899,-4.420004368
1.05,0,-2.492376669,-5.039118683
1.1,0,-2.499097275,-5.349166331
1.15,0,-2.496973058,-5.658245092
1.2,0,-2.486170309,-5.965400902
1.3,0,-2.439260745,-6.570211466
1.35,0,-2.403552853,-6.866047309
1.4,0,-2.35996416,-7.156325736
1.45,0,-2.308726957,-7.440191995
1.55,0,-2.184300436,-7.985394651
1.6,0,-2.111639313,-8.245151933
1.65,0,-2.03238554,-8.495341896
1.7,0,-1.946833421,-8.735249415
1.8,0,-1.758068188,-9.181520025
1.85,0,-1.655499203,-9.386620408
1.9,0,-1.547919162,-9.578915539
1.95,0,-1.435674988,-9.75786567
2.05,0,-1.198625993,-10.07376682
2.1,0,-1.074557206,-10.20983637
2.15,0,-0.9472950262,-10.33079989
2.2,0,-0.8172245859,-10.43632133
2.3,0,-0.5502264997,-10.59991101
2.35,0,-0.4140938835,-10.65752612
2.4,0,-0.2767415076,-10.69879392
2.45,0,-0.1385745933,-10.72360032
2.55,0,0.1385745933,-10.72360032
2.6,0,0.2767415076,-10.69879392
2.65,0,0.4140938836,-10.65752612
2.7,0,0.5502264998,-10.59991101
2.8,0,0.8172245859,-10.43632133
2.85,0,0.9472950262,-10.33079989
2.9,0,1.074557206,-10.20983637
2.95,0,1.198625993,-10.07376682
3.05,0,1.435674988,-9.75786567
3.1,0,1.547919162,-9.578915539
3.15,0,1.655499203,-9.386620408
3.2,0,1.758068188,-9.181520025
3.3,0,1.946833421,-8.735249415
3.35,0,2.03238554,-8.495341896
3.4,0,2.111639313,-8.245151933
3.45,0,2.184300436,-7.985394651
3.55,0,2.308726957,-7.440191995
3.6,0,2.35996416,-7.156325736
3.65,0,2.403552853,-6.866047309
3.7,0,2.439260745,-6.570211466
3.8,0,2.486170309,-5.965400902
3.85,0,2.496973058,-5.658245092
3.9,0,2.499097275,-5.349166331
3.95,0,2.492376669,-5.039118683
4.05,0,2.451801899,-4.420004368
4.1,0,2.417680889,-4.112911562
4.15,0,2.374180977,-3.808793481
4.2,0,2.321200361,-3.508657228
4.3,0,2.186447032,-2.924375121
4.35,0,2.104524274,-2.642248304
4.4,0,2.012816373,-2.368133561
4.45,0,1.911260679,-2.103022761
4.55,0,1.678319293,-1.603640574
4.6,0,1.546728452,-1.371223543
4.65,0,1.404834733,-1.151503754
4.7,0,1.252370177,-0.9451820648
4.8,0,0.9138866713,-0.5757776049
4.85,0,0.7242963045,-0.4136183571
4.9,0,0.5192132763,-0.2671021808
4.95,0,0.293550369,-0.1332893912
5,0.25,0,0
5,0.5,0,0
5,0.75,0,0
5,0.05,0,0
5,0.1,0,0
5,0.15,0,0
5,0.2,0,0
5,0.3,0,0
5,0.35,0,0
5,0.4,0,0
5,0.45,0,0
5,0.55,0,0
5,0.6,0,0
5,0.65,0,0
5,0.7,0,0
5,0.8,0,0
5,0.85,0,0
5,0.9,0,0
5,0.95,0,0
4.75,1,-1.086786445,-0.7582235381
4.5,1,-1.796533948,-1.872196953
4.25,1,-2.254387247,-3.268857782
4,1,-2.471697541,-4.823624436
3.75,1,-2.461653385,-6.407726861
3.5,1,-2.245118977,-7.898318156
3.25,1,-1.851057601,-9.184905694
3,1,-1.316045823,-10.17480094
2.75,1,-0.683118302,-10.79791717
2.5,1,5.482311595e-13,-11.01056987
2.25,1,0.683118302,-10.79791717
2,1,1.316045823,-10.17480094
1.75,1,1.851057601,-9.184905694
1.5,1,2.245118977,-7.898318156
1.25,1,2.461653385,-6.407726861
1,1,2.471697541,-4.823624436
0.75,1,2.254387247,-3.268857782
0.5,1,1.796533948,-1.872196953
0.25,1,1.086786445,-0.7582235381
4.95,1,-0.2927609823,-0.1329356659
4.9,1,-0.5180024913,-0.2670734158
4.85,1,-0.7227144584,-0.4145967236
4.8,1,-0.9120367984,-0.5781275283
4.7,1,-1.249991916,-0.9521785054
4.65,1,-1.402288724,-1.161923183
4.6,1,-1.543785414,-1.385536025
4.55,1,-1.675263732,-1.621454995
4.45,1,-1.907700346,-2.130344369
4.4,1,-2.009251473,-2.40177697
4.35,1,-2.10034793,-2.682094882
4.3,1,-2.182354301,-2.968974252
4.2,1,-2.31662975,-3.566464028
4.15,1,-2.369857068,-3.875499641
4.1,1,-2.412472349,-4.187458903
4.05,1,-2.446960446,-4.499658572
3.95,1,-2.487135576,-5.134316949
3.9,1,-2.494425185,-5.455326453
3.85,1,-2.491112052,-5.773099029
3.8,1,-2.481016213,-6.084823197
3.7,1,-2.433816209,-6.705976462
3.65,1,-2.399031596,-7.014138866
3.6,1,-2.353940907,-7.313109834
3.55,1,-2.303766409,-7.600177316
3.45,1,-2.179166497,-8.160920519
3.4,1,-2.107775065,-8.433542395
3.35,1,-2.026723615,-8.691573184
3.3,1,-1.94256735,-8.932622272
3.2,1,-1.753736369,-9.392111403
3.15,1,-1.652739566,-9.609735547
3.1,1,-1.543110779,-9.808252887
3.05,1,-1.432538974,-9.985793993
2.95,1,-1.195510013,-10.31129864
2.9,1,-1.073241733,-10.45870533
2.85,1,-0.9437484471,-10.58366367
2.8,1,-0.8155428394,-10.68498393
2.7,1,-0.5486198758,-10.8536224
2.65,1,-0.4144194554,-10.92065815
2.6,1,-0.2747400978,-10.96330247
2.55,1,-0.1385275433,-10.98114709
2.45,1,0.1385275433,-10.98114709
2.4,1,0.2747400978,-10.96330247
2.35,1,0.4144194554,-10.92065815
2.3,1,0.5486198758,-10.8536224
2.2,1,0.8155428394,-10.68498393
2.15,1,0.9437484471,-10.58366367
2.1,1,1.073241733,-10.45870533
2.05,1,1.195510013,-10.31129864
1.95,1,1.432538974,-9.985793993
1.9,1,1.543110779,-9.808252887
1.85,1,1.652739566,-9.609735547
1.8,1,1.753736369,-9.392111403
1.7,1,1.94256735,-8.932622272
1.65,1,2.026723615,-8.691573184
1.6,1,2.107775065,-8.433542395
1.55,1,2.179166497,-8.160920519
1.45,1,2.303766409,-7.600177316
1.4,1,2.353940907,-7.313109834
1.35,1,2.399031596,-7.014138866
1.3,1,2.433816209,-6.705976462
1.2,1,2.481016213,-6.084823197
1.15,1,2.491112052,-5.773099029
1.1,1,2.494425185,-5.455326453
1.05,1,2.487135576,-5.134316949
0.95,1,2.446960446,-4.499658572
0.9,1,2.412472349,-4.187458903
0.85,1,2.369857068,-3.875499641
0.8,1,2.31662975,-3.566464028
0.7,1,2.182354301,-2.968974252
0.65,1,2.10034793,-2.682094882
0.6,1,2.009251473,-2.40177697
0.55,1,1.907700346,-2.130344369
0.45,1,1.675263732,-1.621454995
0.4,1,1.543785414,-1.385536025
0.35,1,1.402288724,-1.161923183
0.3,1,1.249991916,-0.9521785054
0.2,1,0.9120367984,-0.5781275283
0.15,1,0.7227144584,-0.4145967236
0.1,1,0.5180024913,-0.2670734158
0.05,1,0.2927609823,-0.1329356659
0,0.75,0,0
0,0.5,0,0
0,0.25,0,0
0,0.95,0,0
0,0.9,0,0
0,0.85,0,0
0,0.8,0,0
0,0.7,0,0
0,0.65,0,0
0,0.6,0,0
0,0.55,0,0
0,0.45,0,0
0,0.4,0,0
0,0.35,0,0
0,0.3,0,0
0,0.2,0,0
0,0.15,0,0
0,0.1,0,0
0,0.05,0,0
0.25,0.25,-0.4228900027,-0.6710509177
0.25,0.5,-0.006696900176,-0.6580674444
0.25,0.75,0.4122035248,-0.6731804459
0.5,0.25,-0.7749759916,-1.783590112
0.5,0.5,-0.01290598653,-1.767329862
0.5,0.75,0.7544478178,-1.794791181
0.75,0.25,-1.011739245,-3.176225142
0.75,0.5,-0.01786139886,-3.171310901
0.75,0.75,0.9833991326,-3.202127431
1,0.25,-1.130381169,-4.718937683
1,0.5,-0.02104130039,-4.72843915
1,0.75,1.097027658,-4.763472001
1.25,0.25,-1.137583814,-6.284952557
1.25,0.5,-0.02214170814,-6.30903679
1.25,0.75,1.10249551,-6.350148335
1.5,0.25,-1.044042553,-7.75464205
1.5,0.5,-0.02106490586,-7.79235794
1.5,0.75,1.010662034,-7.840493582
1.75,0.25,-0.8641524539,-9.020800949
1.75,0.5,-0.01792166181,-9.070281816
1.75,0.75,0.8357523879,-9.125282624
2,0.25,-0.6158458281,-9.993704083
2,0.5,-0.01302192628,-10.05225972
2,0.75,0.5952098035,-10.11296937
2.25,0.25,-0.320077357,-10.60561544
2.25,0.5,-0.006846324653,-10.66989864
2.25,0.75,0.3092277345,-10.73437206
2.5,0.25,1.208909133e-12,-10.8143598
2.5,0.5,-1.615624604e-13,-10.88060075
2.5,0.75,-5.849466949e-13,-10.94638688
2.75,0.25,0.320077357,-10.60561544
2.75,0.5,0.006846324652,-10.66989864
2.75,0.75,-0.3092277345,-10.73437206
3,0.25,0.6158458281,-9.993704083
3,0.5,0.01302192628,-10.05225972
3,0.75,-0.5952098035,-10.11296937
3.25,0.25,0.8641524539,-9.020800949
3.25,0.5,0.01792166181,-9.070281816
3.25,0.75,-0.8357523879,-9.125282624
3.5,0.25,1.044042553,-7.75464205
3.5,0.5,0.02106490585,-7.79235794
3.5,0.75,-1.010662034,-7.840493582
3.75,0.25,1.137583814,-6.284952557
3.75,0.5,0.02214170814,-6.30903679
3.75,0.75,-1.10249551,-6.350148335
4,0.25,1.130381169,-4.718937683
4,0.5,0.02104130039,-4.72843915
4,0.75,-1.097027658,-4.763472001
4.25,0.25,1.011739245,-3.176225142
4.25,0.5,0.01786139885,-3.171310901
4.25,0.75,-0.9833991326,-3.202127431
4.5,0.25,0.7749759916,-1.783590112
4.5,0.5,0.01290598653,-1.767329862
4.5,0.75,-0.7544478178,-1.794791181
4.75,0.25,0.4228900027,-0.6710509177
4.75,0.5,0.006696900176,-0.6580674444
4.75,0.75,-0.4122035248,-0.6731804459
0.25,0.05,-0.916479518,-0.7289813581
0.25,0.1,-0.7674497028,-0.708612322
0.25,0.15,-0.6380254958,-0.6920231306
0.25,0.2,-0.5245235728,-0.6798083144
0.2,0.25,-0.3413611457,-0.4947459223
0.15,0.25,-0.2574118571,-0.3370956507
0.1,0.25,-0.1723133528,-0.200602451
0.05,0.25,-0.08621554332,-0.08750402217
0.05,0.05,-0.2041091653,-0.104091342
0.2,0.05,-0.7574012931,-0.5498055039
0.2,0.2,-0.4242053962,-0.5018772398
0.05,0.2,-0.1069610453,-0.08761196422
0.1,0.05,-0.4032897105,-0.238160373
0.15,0.05,-0.5870502321,-0.3862477244
0.2,0.1,-0.6275926831,-0.528799701
0.2,0.15,-0.5181666733,-0.512926641
0.15,0.2,-0.3204394785,-0.3420898874
0.1,0.2,-0.2143568829,-0.2030020137
0.05,0.15,-0.1315754412,-0.08904338884
0.05,0.1,-0.1619438211,-0.09302759482
0.1,0.1,-0.3224803612,-0.2181523352
0.15,0.1,-0.4790597781,-0.3651012939
0.15,0.15,-0.3925667419,-0.3507159931
0.1,0.15,-0.2630243476,-0.208021247
0.25,0.3,-0.3304698033,-0.6652992487
0.25,0.35,-0.2444172043,-0.6615397565
0.25,0.4,-0.1628865788,-0.6593381932
0.25,0.45,-0.08414370808,-0.6582581884
0.2,0.5,-0.005368285899,-0.4855331657
0.15,0.5,-0.004026424985,-0.3325305089
0.1,0.5,-0.002679427481,-0.2001583754
0.05,0.5,-0.001334719696,-0.08920866163
0.05,0.3,-0.06739656294,-0.08782808674
0.2,0.3,-0.2663670957,-0.4902784036
0.2,0.45,-0.06773703534,-0.4856456955
0.05,0.45,-0.01716075477,-0.0891100771
0.1,0.3,-0.1343488824,-0.1997688166
0.15,0.3,-0.2008132231,-0.3345027907
0.2,0.35,-0.1969049196,-0.4876866351
0.2,0.4,-0.1311704549,-0.4862827505
0.15,0.45,-0.05104865859,-0.3325370062
0.1,0.45,-0.03416971898,-0.2000771516
0.05,0.4,-0.03323766193,-0.08880143367
0.05,0.35,-0.0498629431,-0.08834086843
0.1,0.35,-0.09933899134,-0.1996842838
0.15,0.35,-0.1484163285,-0.3332290491
0.15,0.4,-0.09886756128,-0.3327018003
0.1,0.4,-0.06618645419,-0.1998743382
0.25,0.55,0.07085675787,-0.6586802795
0.25,0.6,0.1499219066,-0.6601830594
0.25,0.65,0.2319916845,-0.6628086926
0.25,0.7,0.3188060374,-0.666993545
0.2,0.75,0.332800764,-0.4958617612
0.15,0.75,0.2509920934,-0.3374942793
0.1,0.75,0.168042251,-0.2005739373
0.05,0.75,0.08409176412,-0.08734230122
0.05,0.55,0.01451294742,-0.08907785414
0.2,0.55,0.05708660806,-0.4858677853
0.2,0.7,0.2570169319,-0.4911694642
0.05,0.7,0.06507479488,-0.08769877476
0.1,0.55,0.02885408859,-0.2000713476
0.15,0.55,0.04306037234,-0.3326160833
0.2,0.6,0.1207785886,-0.4867270346
0.2,0.65,0.1869458694,-0.4883535227
0.15,0.7,0.1938017502,-0.3348197603
0.1,0.7,0.1296850634,-0.1997454198
0.05,0.65,0.04738872369,-0.08824382462
0.05,0.6,0.03065482679,-0.08873686463
0.1,0.6,0.06100054337,-0.1998626338
0.15,0.6,0.09107364824,-0.3328599832
0.15,0.65,0.1409474102,-0.3334665383
0.1,0.65,0.09437004384,-0.1996665835
0.25,0.8,0.5150607497,-0.6823683063
0.25,0.85,0.6300140919,-0.6950390676
0.25,0.9,0.7611490241,-0.7120886784
0.25,0.95,0.9121139931,-0.7330015108
0.05,0.8,0.1050786375,-0.08742021722
0.2,0.8,0.4166141717,-0.503225914
0.2,0.95,0.7538241758,-0.5519210043
0.05,0.95,0.2031514919,-0.1038128859
0.1,0.8,0.2105692253,-0.2029699183
0.15,0.8,0.3147460439,-0.3425701589
0.2,0.85,0.5117317369,-0.5145111878
0.2,0.9,0.6224964244,-0.5306389677
0.15,0.95,0.5843021089,-0.3870198279
0.1,0.95,0.4013972562,-0.2381269914
0.05,0.9,0.1606576085,-0.09278240062
0.05,0.85,0.1299745518,-0.08882264712
0.1,0.85,0.2598057596,-0.2079879706
0.15,0.85,0.3877322986,-0.3512849155
0.15,0.9,0.4752083746,-0.3657636464
0.1,0.9,0.3199087219,-0.2181194922
0.5,0.05,-1.560356898,-1.831252627
0.5,0.1,-1.34036015,-1.816396148
0.5,0.15,-1.137638462,-1.803456231
0.5,0.2,-0.9499381057,-1.79250483
0.45,0.25,-0.7133246062,-1.534429415
0.4,0.25,-0.6470601906,-1.297501265
0.35,0.25,-0.5763570583,-1.073861729
0.3,0.25,-0.5015396215,-0.8646872306
0.3,0.05,-1.064657532,-0.9227272302
0.45,0.05,-1.450392128,-1.585588359
0.45,0.2,-0.8760172988,-1.543869222
0.3,0.2,-0.6203023015,-0.8741848987
0.35,0.05,-1.202776678,-1.130504313
0.4,0.05,-1.331260501,-1.351723487
0.45,0.1,-1.242188008,-1.569499875
0.45,0.15,-1.051510099,-1.55556365
0.4,0.2,-0.7963481665,-1.307272411
0.35,0.2,-0.71104384,-1.083707803
0.3,0.15,-0.7516352716,-0.8869240424
0.3,0.1,-0.8986865837,-0.9031219109
0.35,0.1,-1.021475252,-1.112030794
0.4,0.1,-1.135929579,-1.334422021
0.4,0.15,-0.9584552238,-1.319568716
0.35,0.15,-0.8584771421,-1.096383988
0.5,0.3,-0.6104523026,-1.776652209
0.5,0.35,-0.4541380927,-1.771648549
0.5,0.4,-0.3038450545,-1.768475117
0.5,0.45,-0.1574583478,-1.767056154
0.45,0.5,-0.01174420514,-1.517027517
0.4,0.5,-0.01053579389,-1.279650004
0.35,0.5,-0.009287751446,-1.056478351
0.3,0.5,-0.008006109522,-0.8488276758
0.3,0.3,-0.3924349565,-0.8578785546
0.45,0.3,-0.5610499779,-1.527154524
0.45,0.45,-0.144319586,-1.516961876
0.3,0.45,-0.1001278484,-0.8490524824
0.35,0.3,-0.4517910535,-1.066587357
0.4,0.3,-0.5080936783,-1.290081864
0.45,0.35,-0.4169076329,-1.521915904
0.45,0.4,-0.2786974321,-1.518562007
0.4,0.45,-0.1303290915,-1.279743623
0.35,0.45,-0.1155651438,-1.056668337
0.3,0.4,-0.1937430681,-0.8504723262
0.3,0.35,-0.2905568117,-0.8533017022
0.35,0.35,-0.3348901529,-1.061501825
0.4,0.35,-0.3770960431,-1.284799326
0.4,0.4,-0.2518615785,-1.281417003
0.35,0.4,-0.2234809405,-1.0582868
0.5,0.55,0.1318536413,-1.769283667
0.5,0.6,0.2788665815,-1.772932967
0.5,0.65,0.430208834,-1.778342369
0.5,0.7,0.5880099541,-1.78558677
0.45,0.75,0.6946472749,-1.543304436
0.4,0.75,0.6302949198,-1.304304636
0.35,0.75,0.561559509,-1.078840351
0.3,0.75,0.488782254,-0.8681003941
0.3,0.55,0.08424396514,-0.8497309539
0.45,0.55,0.1210204562,-1.518728073
0.45,0.7,0.5406191526,-1.534241739
0.3,0.7,0.3784925736,-0.8606025949
0.35,0.55,0.09713854215,-1.057657453
0.4,0.55,0.1094264755,-1.281095953
0.45,0.6,0.2559668538,-1.522096285
0.45,0.65,0.3951306772,-1.527222372
0.4,0.7,0.4897580494,-1.295509894
0.35,0.7,0.4356217809,-1.070558535
0.3,0.65,0.2757043686,-0.8553405606
0.3,0.6,0.1782447279,-0.8518300435
0.35,0.6,0.2055020767,-1.060266335
0.4,0.6,0.231468079,-1.284123425
0.4,0.65,0.3575556306,-1.288863755
0.35,0.65,0.3176615826,-1.064474556
0.5,0.8,0.9318225466,-1.805954597
0.5,0.85,1.122404615,-1.819227655
0.5,0.9,1.328555229,-1.834478629
0.5,0.95,1.552471148,-1.851795343
0.3,0.8,0.6090038383,-0.8783025148
0.45,0.8,0.8595114993,-1.554559455
0.45,0.95,1.443162806,-1.601855156
0.3,0.95,1.059550205,-0.9290650869
0.35,0.8,0.69795223,-1.089706273
0.4,0.8,0.7815264919,-1.315461505
0.45,0.85,1.037625133,-1.568076737
0.45,0.9,1.231392814,-1.583880123
0.4,0.95,1.324758032,-1.364270449
0.35,0.95,1.196917533,-1.139738302
0.3,0.9,0.8911943617,-0.908698838
0.3,0.85,0.7420902546,-0.8917557172
0.35,0.85,0.8474340056,-1.103422593
0.4,0.85,0.9459678929,-1.329174606
0.4,0.9,1.126186002,-1.345475349
0.35,0.9,1.012850126,-1.120136571
0.75,0.05,-1.97635305,-3.203875772
0.75,0.1,-1.712648795,-3.195236452
0.75,0.15,-1.465394802,-3.187690906
0.75,0.2,-1.232463814,-3.181328448
0.7,0.25,-0.973961274,-2.88156849
0.65,0.25,-0.9314059353,-2.593940989
0.6,0.25,-0.8840537958,-2.314377803
0.55,0.25,-0.8319016517,-2.043911557
0.55,0.05,-1.661285135,-2.087810382
0.7,0.05,-1.910737455,-2.913357841
0.7,0.2,-1.18752531,-2.887512151
0.55,0.2,-1.01805554,-2.052190598
0.6,0.05,-1.753273613,-2.354330919
0.65,0.05,-1.836400752,-2.629842366
0.7,0.1,-1.653776213,-2.90348303
0.7,0.15,-1.413418637,-2.894840103
0.65,0.2,-1.136833225,-2.600704463
0.6,0.2,-1.080351294,-2.32192557
0.55,0.15,-1.216857246,-2.062301706
0.55,0.1,-1.430533882,-2.074202754
0.6,0.1,-1.512783175,-2.341968622
0.65,0.1,-1.58717599,-2.618725886
0.65,0.15,-1.354704431,-2.608986736
0.6,0.15,-1.28919954,-2.331140929
0.75,0.3,-0.8011150839,-3.172445172
0.75,0.35,-0.5984954621,-3.170034841
0.75,0.4,-0.4017959648,-3.169029235
0.75,0.45,-0.2089412741,-3.169450359
0.7,0.5,-0.01699995965,-2.873964487
0.65,0.5,-0.01606897011,-2.583787634
0.6,0.5,-0.01507364924,-2.301874709
0.55,0.5,-0.01401832629,-2.029341861
0.55,0.3,-0.6561700768,-2.037470483
0.7,0.3,-0.7705988252,-2.877062583
0.7,0.45,-0.2006088424,-2.872471979
0.55,0.45,-0.1696888294,-2.028810693
0.6,0.3,-0.6981224041,-2.308520932
0.65,0.3,-0.7362698808,-2.588737791
0.7,0.35,-0.57532027,-2.874030749
0.7,0.4,-0.3860211928,-2.872496288
0.65,0.45,-0.1912836794,-2.582642972
0.6,0.45,-0.1809721947,-2.301052354
0.55,0.4,-0.3272056105,-2.029964569
0.55,0.35,-0.4886585282,-2.032835723
0.6,0.35,-0.5203896425,-2.304358323
0.65,0.35,-0.5492839019,-2.585116476
0.65,0.4,-0.368324138,-2.583085028
0.6,0.4,-0.3487119073,-2.301874996
0.75,0.55,0.173508036,-3.174616054
0.75,0.6,0.3672375215,-3.179364083
0.75,0.65,0.5654028764,-3.185545563
0.75,0.7,0.7700999563,-3.193132301
0.7,0.75,0.9469999767,-2.90413682
0.65,0.75,0.905921439,-2.613378966
0.6,0.75,0.8601145107,-2.330863736
0.55,0.75,0.8096429293,-2.057639105
0.55,0.55,0.1418790443,-2.031545969
0.7,0.55,0.1668856856,-2.876976018
0.7,0.7,0.7410722482,-2.895105713
0.55,0.7,0.6318008322,-2.048438363
0.6,0.55,0.1510690287,-2.304337744
0.65,0.55,0.1594062031,-2.586518738
0.7,0.6,0.3531294531,-2.88150661
0.7,0.65,0.5438235067,-2.88755205
0.65,0.7,0.7083533152,-2.604268131
0.6,0.7,0.6719279672,-2.321690109
0.55,0.65,0.4626745135,-2.041051221
0.55,0.6,0.3000777157,-2.035437442
0.6,0.6,0.3195432346,-2.308448433
0.65,0.6,0.3372316792,-2.590839313
0.65,0.65,0.5195076046,-2.596755136
0.6,0.65,0.4924528993,-2.314225176
0.75,0.8,1.207494011,-3.212387207
0.75,0.85,1.444449527,-3.224032453
0.75,0.9,1.696487689,-3.23679995
0.75,0.95,1.96565366,-3.250895678
0.55,0.8,0.9984021164,-2.068708835
0.7,0.8,1.163745456,-2.914644676
0.7,0.95,1.900526949,-2.954225128
0.55,0.95,1.652800972,-2.112785131
0.6,0.8,1.059229948,-2.341743107
0.65,0.8,1.114354426,-2.624057716
0.7,0.85,1.393478369,-2.926523428
0.7,0.9,1.638364858,-2.939768316
0.65,0.95,1.826831666,-2.665168154
0.6,0.95,1.744118915,-2.384356795
0.55,0.9,1.417722917,-2.096353494
0.55,0.85,1.200349368,-2.081613986
0.6,0.85,1.271468959,-2.35431819
0.65,0.85,1.335839624,-2.636295911
0.65,0.9,1.57255228,-2.650018146
0.6,0.9,1.49907062,-2.368531748
1,0.05,-2.176408659,-4.726132923
1,0.1,-1.893708148,-4.723507062
1,0.15,-1.626489934,-4.721344747
1,0.2,-1.372717885,-4.719781801
0.95,0.25,-1.115845253,-4.404543547
0.9,0.25,-1.09677205,-4.092060257
0.85,0.25,-1.073099422,-3.78249897
0.8,0.25,-1.044771546,-3.476879012
0.8,0.05,-2.033320364,-3.500387204
0.95,0.05,-2.153161133,-4.415757692
0.95,0.2,-1.355711143,-4.406232147
0.8,0.2,-1.271694306,-3.481130099
0.85,0.05,-2.081718069,-3.801878949
0.9,0.05,-2.121632982,-4.10733878
0.95,0.1,-1.872320588,-4.411956733
0.95,0.15,-1.607190726,-4.40873993
0.9,0.2,-1.333253573,-4.094600091
0.85,0.2,-1.305270576,-3.785894199
0.8,0.15,-1.510691632,-3.48652354
0.8,0.1,-1.763862191,-3.492974543
0.85,0.1,-1.807490257,-3.795682922
0.9,0.1,-1.843613586,-4.1023472
0.9,0.15,-1.581514248,-4.098062827
0.85,0.15,-1.549374177,-3.790319745
1,0.3,-0.8974892527,-4.718914467
1,0.35,-0.6720678557,-4.719796457
1,0.4,-0.4521547441,-4.72164957
1,0.45,-0.2357961557,-4.724521265
0.95,0.5,-0.02056605771,-4.411103643
0.9,0.5,-0.02000734519,-4.095691256
0.85,0.5,-0.01936871332,-3.783229399
0.8,0.5,-0.01865324308,-3.474753409
0.8,0.3,-0.8278376846,-3.473841165
0.95,0.3,-0.8855756186,-4.403768436
0.95,0.45,-0.2323757786,-4.407617021
0.8,0.45,-0.2162795587,-3.472506045
0.85,0.3,-0.8507961898,-3.780213118
0.9,0.3,-0.8700276467,-4.090529934
0.95,0.35,-0.6629000165,-4.403984657
0.95,0.4,-0.445827709,-4.40525298
0.9,0.45,-0.2279896318,-4.092629362
0.85,0.45,-0.2226270206,-3.780580934
0.8,0.4,-0.4156513664,-3.471618627
0.8,0.35,-0.6188188492,-3.472073527
0.85,0.35,-0.6363092488,-3.779100882
0.9,0.35,-0.650992511,-4.090080375
0.9,0.4,-0.4376496133,-4.090766962
0.85,0.4,-0.4275974054,-3.779211833
1,0.55,0.1940561215,-4.733415247
1,0.6,0.4114495281,-4.739440581
1,0.65,0.6330963262,-4.746490245
1,0.7,0.8609740081,-4.754502982
0.95,0.75,1.083264526,-4.4450895
0.9,0.75,1.065094879,-4.128766679
0.85,0.75,1.042386559,-3.815465973
0.8,0.75,1.015217755,-3.506224173
0.8,0.55,0.1792774358,-3.478366983
0.95,0.55,0.1915802134,-4.415721485
0.95,0.7,0.8498812995,-4.436203871
0.8,0.7,0.7954511148,-3.497309018
0.85,0.55,0.184205567,-3.787164674
0.9,0.55,0.1883012153,-4.099961802
0.95,0.6,0.4060429951,-4.421463049
0.95,0.65,0.6248110699,-4.428302723
0.9,0.7,0.8352993725,-4.119879078
0.85,0.7,0.8171734904,-3.806570125
0.8,0.65,0.5842662886,-3.489664415
0.8,0.6,0.3795641443,-3.483342452
0.85,0.6,0.3901263437,-3.792381538
0.9,0.6,0.3989446784,-4.10543395
0.9,0.65,0.6139361423,-4.112086417
0.85,0.65,0.6004321083,-3.798860892
1,0.8,1.343345555,-4.77314771
1,0.85,1.601868723,-4.783731817
1,0.9,1.874730363,-4.794788235
1,0.95,2.163868175,-4.806648452
0.8,0.8,1.245632343,-3.516392852
0.95,0.8,1.326994546,-4.454936572
0.95,0.95,2.140880395,-4.488831923
0.8,0.95,2.022213423,-3.553360889
0.85,0.8,1.278201687,-3.82547739
0.9,0.8,1.30533458,-4.138660143
0.95,0.85,1.583134018,-4.465556441
0.95,0.9,1.853761464,-4.47694032
0.9,0.95,2.10987056,-4.17367535
0.85,0.95,2.07005099,-3.861513091
0.8,0.9,1.746955796,-3.540074339
0.8,0.85,1.488842988,-3.527680757
0.85,0.85,1.526686488,-3.836547817
0.9,0.85,1.558110971,-4.149520288
0.9,0.9,1.8254923,-4.161216954
0.85,0.9,1.790000385,-3.84856998
1.25,0.05,-2.172917679,-6.272977886
1.25,0.1,-1.894895211,-6.275936626
1.25,0.15,-1.630903706,-6.278793017
1.25,0.2,-1.379078719,-6.281741952
1.2,0.25,-1.144598235,-5.975773239
1.15,0.25,-1.14747366,-5.663628417
1.1,0.25,-1.146118622,-5.349463641
1.05,0.25,-1.140447654,-5.034241062
1.05,0.05,-2.191492407,-5.037470351
1.2,0.05,-2.189096457,-5.967488097
1.2,0.2,-1.387967145,-5.973345959
1.05,0.2,-1.384355159,-5.03424967
1.1,0.05,-2.198540253,-5.348786633
1.15,0.05,-2.197691386,-5.659111188
1.2,0.1,-1.908324746,-5.969374252
1.2,0.15,-1.641916783,-5.971265936
1.15,0.2,-1.391881088,-5.661999743
1.1,0.2,-1.39071117,-5.348647437
1.05,0.15,-1.639505941,-5.034879781
1.05,0.1,-1.907882195,-5.036002423
1.1,0.1,-1.914958026,-5.348457785
1.15,0.1,-1.915060608,-5.659900924
1.15,0.15,-1.647104881,-5.660806843
1.1,0.15,-1.646340825,-5.348358415
1.25,0.3,-0.9046055525,-6.288568155
1.25,0.35,-0.6783490071,-6.292706092
1.25,0.4,-0.4570331192,-6.297457836
1.25,0.45,-0.2388865698,-6.302888851
1.2,0.5,-0.02209688688,-5.996988449
1.15,0.5,-0.02196304295,-5.681941047
1.1,0.5,-0.02174181572,-5.364851794
1.05,0.5,-0.02143517996,-5.046689904
1.05,0.3,-0.9058226169,-5.034964072
1.2,0.3,-0.9099554019,-5.978682642
1.2,0.45,-0.2400835251,-5.991288
1.05,0.45,-0.2382625284,-5.042331261
1.1,0.3,-0.9106348211,-5.350925262
1.15,0.3,-0.9119895819,-5.665819355
1.2,0.35,-0.6822022256,-5.982184826
1.2,0.4,-0.4595160531,-5.986366041
1.15,0.45,-0.2403904196,-5.676690872
1.1,0.45,-0.2397889188,-5.360049082
1.05,0.4,-0.4566570174,-5.038948182
1.05,0.35,-0.6785361513,-5.036509451
1.1,0.35,-0.6823489214,-5.353129594
1.15,0.35,-0.6835538483,-5.66867648
1.15,0.4,-0.460304889,-5.672280915
1.1,0.4,-0.4593632173,-5.356152688
1.25,0.55,0.1949641264,-6.315917704
1.25,0.6,0.4142010267,-6.323517981
1.25,0.65,0.6373434429,-6.331801922
1.25,0.7,0.8661873831,-6.340681761
1.2,0.75,1.109601556,-6.036718859
1.15,0.75,1.112725813,-5.720413876
1.1,0.75,1.111654522,-5.402102888
1.05,0.75,1.106515016,-5.082766907
1.05,0.55,0.1957431158,-5.052034169
1.2,0.55,0.1962520038,-6.00347885
1.2,0.7,0.8716132104,-6.027450542
1.05,0.7,0.8686234097,-5.073788138
1.1,0.55,0.196661003,-5.370572036
1.15,0.55,0.1968232517,-5.68804405
1.2,0.6,0.416772378,-6.010747367
1.2,0.65,0.6412833194,-6.018755932
1.15,0.7,0.8738777351,-5.711238429
1.1,0.7,0.872907025,-5.393026606
1.05,0.65,0.638840911,-5.065620804
1.05,0.6,0.4151925604,-5.058354599
1.1,0.6,0.417304838,-5.377199683
1.15,0.6,0.4178198525,-5.694988205
1.15,0.65,0.6428823599,-5.702739994
1.1,0.65,0.6420841011,-5.384702603
1.25,0.8,1.348182153,-6.359843884
1.25,0.85,1.605008144,-6.370060693
1.25,0.9,1.874937968,-6.380169691
1.25,0.95,2.159731908,-6.390634183
1.05,0.8,1.354441963,-5.092526252
1.2,0.8,1.357127502,-6.046526648
1.2,0.95,2.17590226,-6.07709767
1.05,0.95,2.17879005,-5.124793165
1.1,0.8,1.360345832,-5.411818152
1.15,0.8,1.361261452,-5.730134213
1.2,0.85,1.616088189,-6.056597674
1.2,0.9,1.888413519,-6.066915949
1.15,0.95,2.18486364,-5.761490895
1.1,0.95,2.185421847,-5.443735129
1.05,0.9,1.888492263,-5.113715236
1.05,0.85,1.614440194,-5.102848884
1.1,0.85,1.620900959,-5.422089454
1.15,0.85,1.621443661,-5.740335904
1.15,0.9,1.895179976,-5.750824507
1.1,0.9,1.895374003,-5.43274818
1.5,0.05,-1.984754534,-7.725606867
1.5,0.1,-1.733111954,-7.733512752
1.5,0.15,-1.493515728,-7.740823439
1.5,0.2,-1.264354232,-7.747793333
1.45,0.25,-1.070172313,-7.473776796
1.4,0.25,-1.092709606,-7.185525306
1.35,0.25,-1.111533138,-6.890725184
1.3,0.25,-1.126527638,-6.590239002
1.3,0.05,-2.149328875,-6.574659285
1.45,0.05,-2.036014187,-7.447948876
1.45,0.2,-1.296221075,-7.467613971
1.3,0.2,-1.36533242,-6.586261794
1.35,0.05,-2.118515464,-6.871630917
1.4,0.05,-2.080674421,-7.163012976
1.45,0.1,-1.777487186,-7.454926272
1.45,0.15,-1.531445617,-7.461400375
1.4,0.2,-1.323768866,-7.180070595
1.35,0.2,-1.346852096,-6.885999481
1.3,0.15,-1.614201396,-6.582463615
1.3,0.1,-1.874926813,-6.578665105
1.35,0.1,-1.848584415,-6.876656643
1.4,0.1,-1.816042917,-7.169029777
1.4,0.15,-1.564315111,-7.174638657
1.35,0.15,-1.591954211,-6.881373155
1.5,0.3,-0.8310178406,-7.761554805
1.5,0.35,-0.6237350962,-7.768682599
1.5,0.4,-0.4206627767,-7.776142659
1.5,0.45,-0.2202788381,-7.78401856
1.45,0.5,-0.02145324852,-7.508889913
1.4,0.5,-0.02175556207,-7.217964171
1.35,0.5,-0.02197131723,-6.920430563
1.3,0.5,-0.02210136667,-6.617157985
1.3,0.3,-0.8960179429,-6.594547015
1.45,0.3,-0.8516806597,-7.480065846
1.45,0.45,-0.2256064972,-7.500973481
1.3,0.45,-0.2368186244,-6.610560088
1.35,0.3,-0.8842754434,-6.895710522
1.4,0.3,-0.8694655643,-7.191171448
1.45,0.35,-0.6391454984,-7.486625613
1.45,0.4,-0.4309799559,-7.493568211
1.4,0.45,-0.2301556726,-7.210482364
1.35,0.45,-0.2339009073,-6.913388442
1.3,0.4,-0.4528953176,-6.604624749
1.3,0.35,-0.6720527189,-6.599310062
1.35,0.35,-0.6633755551,-6.901086488
1.4,0.35,-0.6523833424,-7.197146784
1.4,0.4,-0.439823357,-7.203558303
1.35,0.4,-0.4471440111,-6.906954919
1.5,0.55,0.1784925412,-7.801180945
1.5,0.6,0.3799140717,-7.810469308
1.5,0.65,0.5847244657,-7.820176648
1.5,0.7,0.7944691482,-7.830188636
1.45,0.75,1.036192887,-7.555527463
1.4,0.75,1.058305889,-7.263205628
1.35,0.75,1.076698512,-6.964260529
1.3,0.75,1.09155115,-6.659573505
1.3,0.55,0.1929780934,-6.624431272
1.45,0.55,0.1830518749,-7.517331757
1.45,0.7,0.8144573515,-7.545490499
1.3,0.7,0.8576674094,-6.650030917
1.35,0.55,0.1903180863,-6.928095699
1.4,0.55,0.1870002102,-7.226019554
1.45,0.6,0.3894817991,-7.526282883
1.45,0.65,0.5994194731,-7.535692925
1.4,0.7,0.8317160791,-7.253313247
1.35,0.7,0.8461533411,-6.954535644
1.3,0.65,0.63112698,-6.640920045
1.3,0.6,0.4101436853,-6.632366182
1.35,0.6,0.4046425629,-6.936369299
1.4,0.6,0.3977406458,-7.234632407
1.4,0.65,0.6120981744,-7.243757428
1.35,0.65,0.6226875347,-6.945207456
1.5,0.8,1.234961521,-7.850624993
1.5,0.85,1.468880253,-7.86096513
1.5,0.9,1.714124739,-7.870691122
1.5,0.95,1.972207369,-7.880397641
1.3,0.8,1.334499791,-6.669505388
1.45,0.8,1.266280205,-7.565757689
1.45,0.95,2.02318184,-7.594821405
1.3,0.95,2.13625548,-6.69924906
1.35,0.8,1.316162937,-6.974224887
1.4,0.8,1.29345225,-7.273258395
1.45,0.85,1.506371986,-7.575815176
1.45,0.9,1.758170502,-7.585675117
1.4,0.95,2.068047026,-7.302904145
1.35,0.95,2.105186281,-7.004092247
1.3,0.9,1.854931115,-6.689589242
1.3,0.85,1.588365391,-6.679519954
1.35,0.85,1.566245663,-6.984318719
1.4,0.85,1.538906765,-7.283380816
1.4,0.9,1.796334022,-7.293310787
1.35,0.9,1.828816543,-6.994305895
1.75,0.05,-1.63792564,-8.977553849
1.75,0.1,-1.431428629,-8.98956585
1.75,0.15,-1.234486612,-9.000579456
1.75,0.2,-1.045815136,-9.010902732
1.7,0.25,-0.906225413,-8.788448729
1.65,0.25,-0.9453975382,-8.544951023
1.6,0.25,-0.9815194775,-8.29099734
1.55,0.25,-1.014447299,-8.027309894
1.55,0.05,-1.927126405,-7.995181634
1.7,0.05,-1.718503266,-8.747782507
1.7,0.2,-1.096851643,-8.779105516
1.55,0.2,-1.228320936,-8.019798897
1.6,0.05,-1.863371686,-8.255895854
1.65,0.05,-1.793742973,-8.507001737
1.7,0.1,-1.501647045,-8.759049812
1.7,0.15,-1.294881622,-8.769391462
1.65,0.2,-1.144399972,-8.536191487
1.6,0.2,-1.188280731,-8.282848971
1.55,0.15,-1.450703807,-8.012099463
1.55,0.1,-1.683121682,-8.003982303
1.6,0.1,-1.627730372,-8.265556033
1.65,0.1,-1.567161357,-8.517484623
1.65,0.15,-1.351188231,-8.527118655
1.6,0.15,-1.403196437,-8.274448112
1.75,0.3,-0.6882555974,-9.030497323
1.75,0.35,-0.5168968067,-9.040173454
1.75,0.4,-0.3488598037,-9.049970059
1.75,0.45,-0.1829364259,-9.059987247
1.7,0.5,-0.01870439465,-8.835770536
1.65,0.5,-0.01941241001,-8.590007368
1.6,0.5,-0.02004293157,-8.333694184
1.55,0.5,-0.02059573138,-8.067558961
1.55,0.3,-0.8075787946,-8.034825702
1.7,0.3,-0.7216909416,-8.797637215
1.7,0.45,-0.1917322525,-8.825835957
1.55,0.45,-0.2141988467,-8.058800808
1.6,0.3,-0.7814699901,-8.299094338
1.65,0.3,-0.7528022669,-8.553606
1.7,0.35,-0.541952011,-8.806846981
1.7,0.4,-0.3657244451,-8.816214293
1.65,0.45,-0.1998957428,-8.580452611
1.6,0.45,-0.2073947351,-8.324531727
1.55,0.4,-0.4089235551,-8.050466636
1.55,0.35,-0.6062287185,-8.042503905
1.6,0.35,-0.5867064863,-8.307303838
1.65,0.35,-0.5652519623,-8.562326444
1.65,0.4,-0.3813968194,-8.571244072
1.6,0.4,-0.3958160896,-8.315752861
1.75,0.55,0.1473853512,-9.080877659
1.75,0.6,0.3141914651,-9.091752295
1.75,0.65,0.4837071224,-9.102849596
1.75,0.7,0.6571603475,-9.114031101
1.7,0.75,0.8765936966,-8.889374171
1.65,0.75,0.9147153823,-8.642295799
1.6,0.75,0.9497270057,-8.384603617
1.55,0.75,0.9818591202,-8.117036768
1.55,0.55,0.173344937,-8.076756676
1.7,0.55,0.1546302951,-8.846034929
1.7,0.7,0.6892373878,-8.878413149
1.55,0.7,0.7718411592,-8.106635857
1.6,0.55,0.1676372306,-8.343257849
1.65,0.55,0.1613881958,-8.599927247
1.7,0.6,0.3295434544,-8.856609016
1.7,0.65,0.5073159627,-8.867430979
1.65,0.7,0.719118205,-8.631485551
1.6,0.7,0.7466944178,-8.373982506
1.55,0.65,0.5680915972,-8.096362056
1.55,0.6,0.3690846361,-8.086375978
1.6,0.6,0.3570448042,-8.353203854
1.65,0.6,0.34384687,-8.610191976
1.65,0.65,0.5293063315,-8.620744966
1.6,0.65,0.5495892325,-8.363476893
1.75,0.8,1.020807425,-9.136039352
1.75,0.85,1.213525679,-9.146764513
1.75,0.9,1.415272293,-9.156460293
1.75,0.95,1.627247275,-9.165839865
1.55,0.8,1.199591382,-8.127510703
1.7,0.8,1.070743822,-8.900256481
1.7,0.95,1.707283909,-8.928998665
1.55,0.95,1.914963623,-8.156298791
1.6,0.8,1.160272762,-8.395139838
1.65,0.8,1.117360962,-8.652958181
1.7,0.85,1.273020145,-8.910611334
1.7,0.9,1.484821318,-8.920405198
1.65,0.95,1.782576079,-8.682199221
1.6,0.95,1.851110232,-8.42439164
1.55,0.9,1.664471384,-8.14745616
1.55,0.85,1.426626976,-8.137662602
1.6,0.85,1.379735195,-8.405455913
1.65,0.85,1.328524018,-8.663354786
1.65,0.9,1.549548299,-8.673160165
1.6,0.9,1.609718835,-8.415249846
2,0.05,-1.165182076,-9.939761976
2,0.1,-1.018788714,-9.95485561
2,0.15,-0.8790285305,-9.968651606
2,0.2,-0.7450069348,-9.981500594
1.95,0.25,-0.6700122835,-9.826184057
1.9,0.25,-0.7220966938,-9.644608061
1.85,0.25,-0.7719263952,-9.449482294
1.8,0.25,-0.8193329811,-9.241352143
1.8,0.05,-1.552292881,-9.195665315
1.95,0.05,-1.268028421,-9.774071618
1.95,0.2,-0.8105863119,-9.814375561
1.8,0.2,-0.9914760452,-9.23092882
1.85,0.05,-1.46189707,-9.401501653
1.9,0.05,-1.367039145,-9.594484106
1.95,0.1,-1.108626484,-9.788638546
1.95,0.15,-0.9564713888,-9.801958789
1.9,0.2,-0.8736617981,-9.633228546
1.85,0.2,-0.9340258786,-9.438564846
1.8,0.15,-1.170220501,-9.220029541
1.8,0.1,-1.356755773,-9.208380909
1.85,0.1,-1.277886247,-9.414878422
1.9,0.1,-1.19508555,-9.60847838
1.9,0.15,-1.030978792,-9.621281452
1.85,0.15,-1.102307578,-9.427123927
2,0.3,-0.490680752,-10.00551548
2,0.35,-0.3686582987,-10.0171407
2,0.4,-0.2489334042,-10.02873916
2,0.45,-0.1306669041,-10.04042413
1.95,0.5,-0.01412211283,-9.883178168
1.9,0.5,-0.01516618765,-9.699905558
1.85,0.5,-0.01614927537,-9.502959648
1.8,0.5,-0.01707021823,-9.292890424
1.8,0.3,-0.6526198428,-9.251529482
1.95,0.3,-0.5338052112,-9.837632411
1.95,0.45,-0.1421064152,-9.871606542
1.8,0.45,-0.1735409907,-9.28224604
1.85,0.3,-0.6149113731,-9.460112684
1.9,0.3,-0.5752615109,-9.655662458
1.95,0.35,-0.4010329045,-9.848922449
1.95,0.4,-0.2707722775,-9.860210247
1.9,0.45,-0.1530901713,-9.688624365
1.85,0.45,-0.1635804365,-9.491987661
1.8,0.4,-0.330866164,-9.271852583
1.8,0.35,-0.4901795991,-9.261648017
1.85,0.35,-0.4618966676,-9.470648338
1.9,0.35,-0.4321471672,-9.666588951
1.9,0.4,-0.2917542452,-9.677540122
1.85,0.4,-0.3118085652,-9.481238103
2,0.55,0.1048353843,-10.0642728
2,0.6,0.2237432333,-10.07643754
2,0.65,0.3445424351,-10.08869008
2,0.7,0.4680865795,-10.10087276
1.95,0.75,0.6476314529,-9.942779976
1.9,0.75,0.6981473611,-9.758465024
1.85,0.75,0.7462888651,-9.560372631
1.8,0.75,0.7923290984,-9.349061626
1.8,0.55,0.1396802643,-9.303803781
1.95,0.55,0.1140938945,-9.894944226
1.95,0.7,0.5093024845,-9.930953978
1.8,0.7,0.6229989223,-9.337736452
1.85,0.55,0.1315465674,-9.514174514
1.9,0.55,0.1230055146,-9.711405178
1.95,0.6,0.2434548735,-9.906881321
1.95,0.65,0.3748817427,-9.918918265
1.9,0.7,0.5489446026,-9.746756863
1.85,0.7,0.5868916301,-9.548833341
1.8,0.65,0.4585707163,-9.326306714
1.8,0.6,0.2978467841,-9.314964417
1.85,0.6,0.2805688264,-9.525609631
1.9,0.6,0.2624181462,-9.72309948
1.9,0.65,0.4040648395,-9.734922307
1.85,0.65,0.4319890912,-9.537199862
2,0.8,0.7268355631,-10.12433705
2,0.85,0.8637972514,-10.13550323
2,0.9,1.007048086,-10.14533127
2,0.95,1.157421305,-10.15462838
1.8,0.8,0.9676662846,-9.360217868
1.95,0.8,0.7908701803,-9.95432911
1.95,0.95,1.259517759,-9.983353619
1.8,0.95,1.542239978,-9.388997596
1.85,0.8,0.9114415537,-9.571579529
1.9,0.8,0.8525538685,-9.769794977
1.95,0.85,0.9399656029,-9.965085263
1.95,0.9,1.095946082,-9.975007306
1.9,0.95,1.358453545,-9.799330144
1.85,0.95,1.451882362,-9.601029502
1.8,0.9,1.34127523,-9.380559747
1.8,0.85,1.15026265,-9.370731683
1.85,0.85,1.083391529,-9.582298187
1.9,0.85,1.013282639,-9.780604632
1.9,0.9,1.181289911,-9.790515964
1.85,0.9,1.263402973,-9.59216919
2.25,0.05,-0.6049973601,-10.5450275
2.25,0.1,-0.5291263076,-10.56203266
2.25,0.15,-0.4566540106,-10.57755593
2.25,0.2,-0.3871212201,-10.59197526
2.2,0.25,-0.3819403781,-10.51452769
2.15,0.25,-0.4426362538,-10.40747501
2.1,0.25,-0.5019761067,-10.28475325
2.05,0.25,-0.5597737354,-10.14670206
2.05,0.05,-1.058824617,-10.09109291
2.2,0.05,-0.7220282761,-10.45492551
2.2,0.2,-0.4619567622,-10.50110083
2.05,0.2,-0.6771358669,-10.1341385
2.1,0.05,-0.9492872982,-10.22764304
2.15,0.05,-0.8369075348,-10.34903287
2.2,0.1,-0.6314568993,-10.4716473
2.2,0.15,-0.5449493832,-10.48691446
2.15,0.2,-0.5353885833,-10.39429906
2.1,0.2,-0.6071896068,-10.27186529
2.05,0.15,-0.7988988844,-10.12089566
2.05,0.1,-0.9258582942,-10.10666627
2.1,0.1,-0.8301271696,-10.24364823
2.15,0.1,-0.7318926567,-10.36542112
2.15,0.15,-0.6315988526,-10.38038683
2.1,0.15,-0.716336199,-10.25826779
2.25,0.3,-0.2550790132,-10.61874924
2.25,0.35,-0.1916885895,-10.63159821
2.25,0.4,-0.1294728733,-10.64433377
2.25,0.45,-0.06800175357,-10.65707765
2.2,0.5,-0.008156107943,-10.57796122
2.15,0.5,-0.009433899124,-10.46990432
2.1,0.5,-0.01067308519,-10.34603371
2.05,0.5,-0.01187182887,-10.206692
2.05,0.3,-0.4460294663,-10.15884456
2.2,0.3,-0.3043701701,-10.52746492
2.2,0.45,-0.08112924409,-10.5652837
2.05,0.45,-0.1188097297,-10.1946074
2.1,0.3,-0.399995659,-10.29719426
2.15,0.3,-0.3527261468,-10.42018115
2.2,0.35,-0.228722939,-10.54013187
2.2,0.4,-0.1544807578,-10.55269806
2.15,0.45,-0.09400061383,-10.45740119
2.1,0.45,-0.1065742662,-10.33372831
2.05,0.4,-0.2263102091,-10.1826585
2.05,0.35,-0.3351300827,-10.17077594
2.1,0.35,-0.3005571936,-10.30940174
2.15,0.35,-0.2650505858,-10.43263403
2.15,0.4,-0.1790078727,-10.4450011
2.1,0.4,-0.2029765648,-10.32154072
2.25,0.55,0.054420733,-10.68282554
2.25,0.6,0.1162290259,-10.69583039
2.25,0.65,0.179009532,-10.70884433
2.25,0.7,0.2431999457,-10.72169739
2.2,0.75,0.369002581,-10.64175748
2.15,0.75,0.4277706451,-10.53307747
2.1,0.75,0.4850024509,-10.40845108
2.05,0.75,0.541002056,-10.2682266
2.05,0.55,0.09526051887,-10.21893222
2.2,0.55,0.0649509284,-10.59075126
2.2,0.7,0.2902194785,-10.62929982
2.05,0.7,0.4254281384,-10.25611176
2.1,0.55,0.08540319921,-10.35847953
2.15,0.55,0.07528669098,-10.48253374
2.2,0.6,0.1387036178,-10.60362818
2.2,0.65,0.2136191359,-10.61651445
2.15,0.7,0.3363552357,-10.52067558
2.1,0.7,0.3814777983,-10.39616471
2.05,0.65,0.3131471793,-10.243732
2.05,0.6,0.2033462869,-10.23130354
2.1,0.6,0.1823296636,-10.37104031
2.15,0.6,0.1607602425,-10.49526329
2.15,0.65,0.2475834815,-10.50801994
2.1,0.65,0.2807900218,-10.38364368
2.25,0.8,0.3775673236,-10.74617534
2.25,0.85,0.4486457893,-10.75767593
2.25,0.9,0.5229532034,-10.767648
2.25,0.95,0.6009165608,-10.77695917
2.05,0.8,0.6605803449,-10.28000441
2.2,0.8,0.4505643418,-10.65381356
2.2,0.95,0.7170562997,-10.68325019
2.05,0.95,1.05187512,-10.30917746
2.1,0.8,0.5922396801,-10.42023596
2.15,0.8,0.522283752,-10.54495002
2.2,0.85,0.535417866,-10.66490658
2.2,0.9,0.624169852,-10.6749897
2.15,0.95,0.8317711204,-10.5749697
2.1,0.95,0.9424786432,-10.45016547
2.05,0.9,0.9150621057,-10.3008984
2.05,0.85,0.785016621,-10.29091109
2.1,0.85,0.7038180235,-10.43134968
2.15,0.85,0.620607855,-10.55613242
2.15,0.9,0.7232620591,-10.56620999
2.1,0.9,0.8205987831,-10.44138954
2.5,0.05,6.920608284e-12,-10.75151729
2.5,0.1,5.097755249e-12,-10.76917036
2.5,0.15,4.662226802e-12,-10.78527933
2.5,0.2,4.210510123e-12,-10.80023154
2.45,0.25,-0.06480083194,-10.80596384
2.4,0.25,-0.1294049347,-10.78079914
2.35,0.25,-0.1936159146,-10.73893497
2.3,0.25,-0.257238214,-10.68048669
2.3,0.05,-0.4861668581,-10.61908941
2.45,0.05,-0.1224476106,-10.74321191
2.45,0.2,-0.07836879833,-10.79185521
2.3,0.2,-0.3111117414,-10.66667136
2.35,0.05,-0.3658923891,-10.67690641
2.4,0.05,-0.2445324297,-10.71831871
2.45,0.1,-0.1071004359,-10.76083897
2.45,0.15,-0.09243837485,-10.7769244
2.4,0.2,-0.1565009741,-10.76674929
2.35,0.2,-0.2341603708,-10.72498297
2.3,0.15,-0.3669821328,-10.65206074
2.3,0.1,-0.4252109833,-10.6363272
2.35,0.1,-0.3200241234,-10.69432561
2.4,0.1,-0.2138814183,-10.73586775
2.4,0.15,-0.1845992881,-10.75188266
2.35,0.15,-0.276205819,-10.71022314
2.5,0.3,4.301017362e-12,-10.82794358
2.5,0.35,3.089515141e-12,-10.8412098
2.5,0.4,2.775357717e-12,-10.854334
2.5,0.45,2.631491796e-12,-10.86744085
2.45,0.5,-0.001391044595,-10.87213012
2.4,0.5,-0.002777383499,-10.84672791
2.35,0.5,-0.004151201391,-10.80447104
2.3,0.5,-0.00551030291,-10.74547589
2.3,0.3,-0.2050057414,-10.6937819
2.45,0.3,-0.05164507892,-10.81952948
2.45,0.45,-0.01377289565,-10.85897976
2.3,0.45,-0.05465983206,-10.73252946
2.35,0.3,-0.1543049826,-10.75235619
2.4,0.3,-0.103132511,-10.79431057
2.45,0.35,-0.03881329185,-10.83277899
2.45,0.4,-0.02621814857,-10.84588766
2.4,0.45,-0.02750262889,-10.83361988
2.35,0.45,-0.04114584374,-10.79143101
2.3,0.4,-0.10406294,-10.71965562
2.3,0.35,-0.1540631907,-10.70678061
2.35,0.35,-0.1159635555,-10.7654717
2.4,0.35,-0.07750745642,-10.80750976
2.4,0.4,-0.05235522743,-10.82057153
2.35,0.4,-0.07833035685,-10.77845551
2.5,0.55,2.757423105e-12,-10.89384317
2.5,0.6,1.913165188e-12,-10.9071394
2.5,0.65,1.712925526e-12,-10.92041885
2.5,0.7,1.797558505e-12,-10.93350733
2.45,0.75,0.062572685,-10.93775058
2.4,0.75,0.125083587,-10.91223143
2.35,0.75,0.186965791,-10.86971098
2.3,0.75,0.2485396118,-10.81030756
2.3,0.55,0.04372936497,-10.75851598
2.45,0.55,0.01101380745,-10.88536004
2.45,0.7,0.04923308075,-10.92501258
2.3,0.7,0.1954426115,-10.7976911
2.35,0.55,0.0329118543,-10.81759944
2.4,0.55,0.02199280586,-10.8599197
2.45,0.6,0.02352700394,-10.89864291
2.45,0.65,0.03623666224,-10.91189851
2.4,0.7,0.09831160189,-10.89947072
2.35,0.7,0.1471036422,-10.85699121
2.3,0.65,0.1438602215,-10.78471945
2.3,0.6,0.09340443884,-10.77162349
2.35,0.6,0.07029917906,-10.83078915
2.4,0.6,0.04698387832,-10.87316794
2.4,0.65,0.07236707624,-10.88639611
2.35,0.65,0.1082734883,-10.84396387
2.5,0.8,1.779560638e-12,-10.95834722
2.5,0.85,1.56043803e-12,-10.96997125
2.5,0.9,1.489562237e-12,-10.98000244
2.5,0.95,1.892814424e-12,-10.98932921
2.3,0.8,0.3034337438,-10.82249234
2.45,0.8,0.07641617025,-10.95003543
2.45,0.95,0.1214966302,-10.97969279
2.3,0.95,0.4830095067,-10.85204181
2.35,0.8,0.2283071863,-10.88183968
2.4,0.8,0.1526867264,-10.92439173
2.45,0.85,0.09081585241,-10.96128676
2.45,0.9,0.105925632,-10.97145448
2.4,0.95,0.2433742315,-10.95472496
2.35,0.95,0.3629341253,-10.91213614
2.3,0.9,0.4201542754,-10.84380355
2.3,0.85,0.3605363801,-10.83367454
2.35,0.85,0.2713108803,-10.89320199
2.4,0.85,0.1813930813,-10.93577935
2.4,0.9,0.211256751,-10.94596255
2.35,0.9,0.3163911775,-10.90337029
2.75,0.05,0.6049973601,-10.5450275
2.75,0.1,0.5291263076,-10.56203266
2.75,0.15,0.4566540106,-10.57755593
2.75,0.2,0.3871212201,-10.59197526
2.7,0.25,0.257238214,-10.68048669
2.65,0.25,0.1936159147,-10.73893497
2.6,0.25,0.1294049347,-10.78079914
2.55,0.25,0.06480083195,-10.80596384
2.55,0.05,0.1224476106,-10.74321191
2.7,0.05,0.4861668581,-10.61908941
2.7,0.2,0.3111117414,-10.66667136
2.55,0.2,0.07836879834,-10.79185521
2.6,0.05,0.2445324297,-10.71831871
2.65,0.05,0.3658923891,-10.67690641
2.7,0.1,0.4252109833,-10.6363272
2.7,0.15,0.3669821328,-10.65206074
2.65,0.2,0.2341603708,-10.72498297
2.6,0.2,0.1565009741,-10.76674929
2.55,0.15,0.09243837486,-10.7769244
2.55,0.1,0.1071004359,-10.76083897
2.6,0.1,0.2138814183,-10.73586775
2.65,0.1,0.3200241234,-10.69432561
2.65,0.15,0.276205819,-10.71022314
2.6,0.15,0.1845992881,-10.75188266
2.75,0.3,0.2550790132,-10.61874924
2.75,0.35,0.1916885895,-10.63159821
2.75,0.4,0.1294728733,-10.64433377
2.75,0.45,0.06800175358,-10.65707765
2.7,0.5,0.005510302912,-10.74547589
2.65,0.5,0.004151201394,-10.80447104
2.6,0.5,0.002777383503,-10.84672791
2.55,0.5,0.001391044597,-10.87213012
2.55,0.3,0.05164507893,-10.81952948
2.7,0.3,0.2050057414,-10.6937819
2.7,0.45,0.05465983207,-10.73252946
2.55,0.45,0.01377289565,-10.85897976
2.6,0.3,0.103132511,-10.79431057
2.65,0.3,0.1543049826,-10.75235619
2.7,0.35,0.1540631907,-10.70678061
2.7,0.4,0.10406294,-10.71965562
2.65,0.45,0.04114584375,-10.79143101
2.6,0.45,0.02750262889,-10.83361988
2.55,0.4,0.02621814858,-10.84588766
2.55,0.35,0.03881329186,-10.83277899
2.6,0.35,0.07750745643,-10.80750976
2.65,0.35,0.1159635555,-10.7654717
2.65,0.4,0.07833035686,-10.77845551
2.6,0.4,0.05235522744,-10.82057153
2.75,0.55,-0.05442073299,-10.68282554
2.75,0.6,-0.1162290259,-10.69583039
2.75,0.65,-0.179009532,-10.70884433
2.75,0.7,-0.2431999457,-10.72169739
2.7,0.75,-0.2485396118,-10.81030756
2.65,0.75,-0.186965791,-10.86971098
2.6,0.75,-0.125083587,-10.91223143
2.55,0.75,-0.062572685,-10.93775058
2.55,0.55,-0.01101380744,-10.88536004
2.7,0.55,-0.04372936496,-10.75851598
2.7,0.7,-0.1954426115,-10.7976911
2.55,0.7,-0.04923308074,-10.92501258
2.6,0.55,-0.02199280586,-10.8599197
2.65,0.55,-0.03291185429,-10.81759944
2.7,0.6,-0.09340443883,-10.77162349
2.7,0.65,-0.1438602215,-10.78471945
2.65,0.7,-0.1471036422,-10.85699121
2.6,0.7,-0.09831160189,-10.89947072
2.55,0.65,-0.03623666224,-10.91189851
2.55,0.6,-0.02352700394,-10.89864291
2.6,0.6,-0.04698387832,-10.87316794
2.65,0.6,-0.07029917906,-10.83078915
2.65,0.65,-0.1082734883,-10.84396387
2.6,0.65,-0.07236707624,-10.88639611
2.75,0.8,-0.3775673236,-10.74617534
2.75,0.85,-0.4486457893,-10.75767593
2.75,0.9,-0.5229532034,-10.767648
2.75,0.95,-0.6009165608,-10.77695917
2.55,0.8,-0.07641617024,-10.95003543
2.7,0.8,-0.3034337438,-10.82249234
2.7,0.95,-0.4830095067,-10.85204181
2.55,0.95,-0.1214966302,-10.97969279
2.6,0.8,-0.1526867264,-10.92439173
2.65,0.8,-0.2283071863,-10.88183968
2.7,0.85,-0.3605363801,-10.83367454
2.7,0.9,-0.4201542754,-10.84380355
2.65,0.95,-0.3629341253,-10.91213614
2.6,0.95,-0.2433742315,-10.95472496
2.55,0.9,-0.105925632,-10.97145448
2.55,0.85,-0.09081585241,-10.96128676
2.6,0.85,-0.1813930813,-10.93577935
2.65,0.85,-0.2713108803,-10.89320199
2.65,0.9,-0.3163911775,-10.90337029
2.6,0.9,-0.211256751,-10.94596255
3,0.05,1.165182076,-9.939761976
3,0.1,1.018788714,-9.95485561
3,0.15,0.8790285305,-9.968651606
3,0.2,0.7450069348,-9.981500594
2.95,0.25,0.5597737354,-10.14670206
2.9,0.25,0.5019761067,-10.28475325
2.85,0.25,0.4426362538,-10.40747501
2.8,0.25,0.3819403781,-10.51452769
2.8,0.05,0.7220282761,-10.45492551
2.95,0.05,1.058824617,-10.09109291
2.95,0.2,0.6771358669,-10.1341385
2.8,0.2,0.4619567622,-10.50110083
2.85,0.05,0.8369075348,-10.34903287
2.9,0.05,0.9492872982,-10.22764304
2.95,0.1,0.9258582942,-10.10666627
2.95,0.15,0.7988988844,-10.12089566
2.9,0.2,0.6071896068,-10.27186529
2.85,0.2,0.5353885833,-10.39429906
2.8,0.15,0.5449493833,-10.48691446
2.8,0.1,0.6314568993,-10.4716473
2.85,0.1,0.7318926567,-10.36542112
2.9,0.1,0.8301271696,-10.24364823
2.9,0.15,0.716336199,-10.25826779
2.85,0.15,0.6315988526,-10.38038683
3,0.3,0.490680752,-10.00551548
3,0.35,0.3686582987,-10.0171407
3,0.4,0.2489334042,-10.02873916
3,0.45,0.1306669041,-10.04042413
2.95,0.5,0.01187182887,-10.206692
2.9,0.5,0.01067308519,-10.34603371
2.85,0.5,0.009433899128,-10.46990432
2.8,0.5,0.008156107946,-10.57796122
2.8,0.3,0.3043701701,-10.52746492
2.95,0.3,0.4460294663,-10.15884456
2.95,0.45,0.1188097297,-10.1946074
2.8,0.45,0.0811292441,-10.5652837
2.85,0.3,0.3527261468,-10.42018115
2.9,0.3,0.399995659,-10.29719426
2.95,0.35,0.3351300827,-10.17077594
2.95,0.4,0.2263102091,-10.1826585
2.9,0.45,0.1065742662,-10.33372831
2.85,0.45,0.09400061383,-10.45740119
2.8,0.4,0.1544807578,-10.55269806
2.8,0.35,0.228722939,-10.54013187
2.85,0.35,0.2650505858,-10.43263403
2.9,0.35,0.3005571936,-10.30940174
2.9,0.4,0.2029765648,-10.32154072
2.85,0.4,0.1790078727,-10.4450011
3,0.55,-0.1048353843,-10.0642728
3,0.6,-0.2237432333,-10.07643754
3,0.65,-0.3445424351,-10.08869008
3,0.7,-0.4680865795,-10.10087276
2.95,0.75,-0.541002056,-10.2682266
2.9,0.75,-0.4850024509,-10.40845108
2.85,0.75,-0.4277706451,-10.53307747
2.8,0.75,-0.369002581,-10.64175748
2.8,0.55,-0.06495092839,-10.59075126
2.95,0.55,-0.09526051887,-10.21893222
2.95,0.7,-0.4254281384,-10.25611176
2.8,0.7,-0.2902194785,-10.62929982
2.85,0.55,-0.07528669098,-10.48253374
2.9,0.55,-0.08540319921,-10.35847953
2.95,0.6,-0.2033462869,-10.23130354
2.95,0.65,-0.3131471793,-10.243732
2.9,0.7,-0.3814777983,-10.39616471
2.85,0.7,-0.3363552357,-10.52067558
2.8,0.65,-0.2136191359,-10.61651445
2.8,0.6,-0.1387036178,-10.60362818
2.85,0.6,-0.1607602425,-10.49526329
2.9,0.6,-0.1823296636,-10.37104031
2.9,0.65,-0.2807900218,-10.38364368
2.85,0.65,-0.2475834815,-10.50801994
3,0.8,-0.7268355631,-10.12433705
3,0.85,-0.8637972514,-10.13550323
3,0.9,-1.007048086,-10.14533127
3,0.95,-1.157421305,-10.15462838
2.8,0.8,-0.4505643417,-10.65381356
2.95,0.8,-0.6605803449,-10.28000441
2.95,0.95,-1.05187512,-10.30917746
2.8,0.95,-0.7170562997,-10.68325019
2.85,0.8,-0.522283752,-10.54495002
2.9,0.8,-0.5922396801,-10.42023596
2.95,0.85,-0.785016621,-10.29091109
2.95,0.9,-0.9150621057,-10.3008984
2.9,0.95,-0.9424786432,-10.45016547
2.85,0.95,-0.8317711204,-10.5749697
2.8,0.9,-0.624169852,-10.6749897
2.8,0.85,-0.535417866,-10.66490658
2.85,0.85,-0.620607855,-10.55613242
2.9,0.85,-0.7038180235,-10.43134968
2.9,0.9,-0.8205987831,-10.44138954
2.85,0.9,-0.7232620591,-10.56620999
3.25,0.05,1.63792564,-8.977553849
3.25,0.1,1.431428629,-8.98956585
3.25,0.15,1.234486612,-9.000579456
3.25,0.2,1.045815136,-9.010902732
3.2,0.25,0.8193329811,-9.241352143
3.15,0.25,0.7719263952,-9.449482294
3.1,0.25,0.7220966938,-9.644608061
3.05,0.25,0.6700122835,-9.826184057
3.05,0.05,1.268028421,-9.774071618
3.2,0.05,1.552292881,-9.195665315
3.2,0.2,0.9914760452,-9.23092882
3.05,0.2,0.8105863119,-9.814375561
3.1,0.05,1.367039145,-9.594484106
3.15,0.05,1.46189707,-9.401501653
3.2,0.1,1.356755773,-9.208380909
3.2,0.15,1.170220501,-9.220029541
3.15,0.2,0.9340258786,-9.438564846
3.1,0.2,0.8736617981,-9.633228546
3.05,0.15,0.9564713889,-9.801958789
3.05,0.1,1.108626484,-9.788638546
3.1,0.1,1.19508555,-9.60847838
3.15,0.1,1.277886247,-9.414878422
3.15,0.15,1.102307578,-9.427123927
3.1,0.15,1.030978792,-9.621281452
3.25,0.3,0.6882555974,-9.030497323
3.25,0.35,0.5168968067,-9.040173454
3.25,0.4,0.3488598037,-9.049970059
3.25,0.45,0.1829364259,-9.059987247
3.2,0.5,0.01707021823,-9.292890424
3.15,0.5,0.01614927537,-9.502959648
3.1,0.5,0.01516618765,-9.699905558
3.05,0.5,0.01412211283,-9.883178168
3.05,0.3,0.5338052112,-9.837632411
3.2,0.3,0.6526198428,-9.251529482
3.2,0.45,0.1735409907,-9.28224604
3.05,0.45,0.1421064152,-9.871606542
3.1,0.3,0.5752615109,-9.655662458
3.15,0.3,0.6149113732,-9.460112684
3.2,0.35,0.4901795992,-9.261648017
3.2,0.4,0.330866164,-9.271852583
3.15,0.45,0.1635804365,-9.491987661
3.1,0.45,0.1530901713,-9.688624365
3.05,0.4,0.2707722775,-9.860210247
3.05,0.35,0.4010329045,-9.848922449
3.1,0.35,0.4321471672,-9.666588951
3.15,0.35,0.4618966676,-9.470648338
3.15,0.4,0.3118085652,-9.481238103
3.1,0.4,0.2917542452,-9.677540122
3.25,0.55,-0.1473853512,-9.080877659
3.25,0.6,-0.3141914651,-9.091752295
3.25,0.65,-0.4837071224,-9.102849596
3.25,0.7,-0.6571603475,-9.114031101
3.2,0.75,-0.7923290984,-9.349061626
3.15,0.75,-0.7462888651,-9.560372631
3.1,0.75,-0.6981473611,-9.758465024
3.05,0.75,-0.6476314529,-9.942779976
3.05,0.55,-0.1140938945,-9.894944226
3.2,0.55,-0.1396802643,-9.303803781
3.2,0.7,-0.6229989223,-9.337736452
3.05,0.7,-0.5093024845,-9.930953978
3.1,0.55,-0.1230055146,-9.711405178
3.15,0.55,-0.1315465674,-9.514174514
3.2,0.6,-0.2978467841,-9.314964417
3.2,0.65,-0.4585707163,-9.326306714
3.15,0.7,-0.5868916301,-9.548833341
3.1,0.7,-0.5489446026,-9.746756863
3.05,0.65,-0.3748817427,-9.918918265
3.05,0.6,-0.2434548735,-9.906881321
3.1,0.6,-0.2624181462,-9.72309948
3.15,0.6,-0.2805688264,-9.525609631
3.15,0.65,-0.4319890912,-9.537199862
3.1,0.65,-0.4040648395,-9.734922307
3.25,0.8,-1.020807425,-9.136039352
3.25,0.85,-1.213525679,-9.146764513
3.25,0.9,-1.415272293,-9.156460293
3.25,0.95,-1.627247275,-9.165839865
3.05,0.8,-0.7908701803,-9.95432911
3.2,0.8,-0.9676662846,-9.360217868
3.2,0.95,-1.542239978,-9.388997596
3.05,0.95,-1.259517759,-9.983353619
3.1,0.8,-0.8525538685,-9.769794977
3.15,0.8,-0.9114415537,-9.571579529
3.2,0.85,-1.15026265,-9.370731683
3.2,0.9,-1.34127523,-9.380559747
3.15,0.95,-1.451882362,-9.601029502
3.1,0.95,-1.358453545,-9.799330144
3.05,0.9,-1.095946082,-9.975007306
3.05,0.85,-0.9399656029,-9.965085263
3.1,0.85,-1.013282639,-9.780604632
3.15,0.85,-1.083391529,-9.582298187
3.15,0.9,-1.263402973,-9.59216919
3.1,0.9,-1.181289911,-9.790515964
3.5,0.05,1.984754534,-7.725606867
3.5,0.1,1.733111954,-7.733512752
3.5,0.15,1.493515728,-7.740823439
3.5,0.2,1.264354232,-7.747793333
3.45,0.25,1.014447299,-8.027309894
3.4,0.25,0.9815194775,-8.29099734
3.35,0.25,0.9453975382,-8.544951023
3.3,0.25,0.906225413,-8.788448729
3.3,0.05,1.718503266,-8.747782507
3.45,0.05,1.927126405,-7.995181634
3.45,0.2,1.228320936,-8.019798897
3.3,0.2,1.096851643,-8.779105516
3.35,0.05,1.793742973,-8.507001737
3.4,0.05,1.863371686,-8.255895854
3.45,0.1,1.683121682,-8.003982303
3.45,0.15,1.450703807,-8.012099463
3.4,0.2,1.188280731,-8.282848971
3.35,0.2,1.144399972,-8.536191487
3.3,0.15,1.294881622,-8.769391462
3.3,0.1,1.501647045,-8.759049812
3.35,0.1,1.567161357,-8.517484623
3.4,0.1,1.627730372,-8.265556033
3.4,0.15,1.403196437,-8.274448112
3.35,0.15,1.351188231,-8.527118655
3.5,0.3,0.8310178406,-7.761554805
3.5,0.35,0.6237350962,-7.768682599
3.5,0.4,0.4206627767,-7.776142659
3.5,0.45,0.2202788381,-7.78401856
3.45,0.5,0.02059573138,-8.067558961
3.4,0.5,0.02004293158,-8.333694184
3.35,0.5,0.01941241002,-8.590007368
3.3,0.5,0.01870439465,-8.835770536
3.3,0.3,0.7216909416,-8.797637215
3.45,0.3,0.8075787947,-8.034825702
3.45,0.45,0.2141988467,-8.058800808
3.3,0.45,0.1917322525,-8.825835957
3.35,0.3,0.7528022669,-8.553606
3.4,0.3,0.7814699901,-8.299094337
3.45,0.35,0.6062287185,-8.042503905
3.45,0.4,0.4089235551,-8.050466636
3.4,0.45,0.2073947351,-8.324531727
3.35,0.45,0.1998957428,-8.580452611
3.3,0.4,0.3657244452,-8.816214293
3.3,0.35,0.541952011,-8.806846981
3.35,0.35,0.5652519623,-8.562326444
3.4,0.35,0.5867064863,-8.307303838
3.4,0.4,0.3958160896,-8.315752861
3.35,0.4,0.3813968194,-8.571244072
3.5,0.55,-0.1784925412,-7.801180945
3.5,0.6,-0.3799140717,-7.810469308
3.5,0.65,-0.5847244657,-7.820176648
3.5,0.7,-0.7944691482,-7.830188636
3.45,0.75,-0.9818591202,-8.117036768
3.4,0.75,-0.9497270057,-8.384603617
3.35,0.75,-0.9147153823,-8.642295799
3.3,0.75,-0.8765936966,-8.889374171
3.3,0.55,-0.1546302951,-8.846034929
3.45,0.55,-0.173344937,-8.076756676
3.45,0.7,-0.7718411592,-8.106635857
3.3,0.7,-0.6892373878,-8.878413149
3.35,0.55,-0.1613881958,-8.599927247
3.4,0.55,-0.1676372306,-8.343257849
3.45,0.6,-0.3690846361,-8.086375978
3.45,0.65,-0.5680915972,-8.096362056
3.4,0.7,-0.7466944178,-8.373982506
3.35,0.7,-0.719118205,-8.631485551
3.3,0.65,-0.5073159627,-8.867430979
3.3,0.6,-0.3295434544,-8.856609016
3.35,0.6,-0.34384687,-8.610191976
3.4,0.6,-0.3570448042,-8.353203854
3.4,0.65,-0.5495892325,-8.363476893
3.35,0.65,-0.5293063315,-8.620744966
3.5,0.8,-1.234961521,-7.850624993
3.5,0.85,-1.468880253,-7.86096513
3.5,0.9,-1.714124739,-7.870691122
3.5,0.95,-1.972207369,-7.880397641
3.3,0.8,-1.070743822,-8.900256481
3.45,0.8,-1.199591382,-8.127510703
3.45,0.95,-1.914963623,-8.156298791
3.3,0.95,-1.707283909,-8.928998665
3.35,0.8,-1.117360962,-8.652958181
3.4,0.8,-1.160272762,-8.395139838
3.45,0.85,-1.426626976,-8.137662602
3.45,0.9,-1.664471384,-8.14745616
3.4,0.95,-1.851110232,-8.42439164
3.35,0.95,-1.782576079,-8.682199221
3.3,0.9,-1.484821318,-8.920405198
3.3,0.85,-1.273020145,-8.910611334
3.35,0.85,-1.328524018,-8.663354786
3.4,0.85,-1.379735195,-8.405455913
3.4,0.9,-1.609718835,-8.415249846
3.35,0.9,-1.549548299,-8.673160165
3.75,0.05,2.172917679,-6.272977886
3.75,0.1,1.894895211,-6.275936626
3.75,0.15,1.630903706,-6.278793017
3.75,0.2,1.379078719,-6.281741952
3.7,0.25,1.126527638,-6.590239002
3.65,0.25,1.111533138,-6.890725184
3.6,0.25,1.092709606,-7.185525306
3.55,0.25,1.070172313,-7.473776796
3.55,0.05,2.036014187,-7.447948876
3.7,0.05,2.149328875,-6.574659285
3.7,0.2,1.36533242,-6.586261794
3.55,0.2,1.296221075,-7.467613971
3.6,0.05,2.080674421,-7.163012976
3.65,0.05,2.118515464,-6.871630917
3.7,0.1,1.874926813,-6.578665105
3.7,0.15,1.614201396,-6.582463615
3.65,0.2,1.346852097,-6.885999481
3.6,0.2,1.323768866,-7.180070595
3.55,0.15,1.531445617,-7.461400375
3.55,0.1,1.777487186,-7.454926272
3.6,0.1,1.816042917,-7.169029777
3.65,0.1,1.848584415,-6.876656643
3.65,0.15,1.591954211,-6.881373155
3.6,0.15,1.564315111,-7.174638657
3.75,0.3,0.9046055525,-6.288568155
3.75,0.35,0.6783490071,-6.292706092
3.75,0.4,0.4570331192,-6.297457836
3.75,0.45,0.2388865698,-6.302888851
3.7,0.5,0.02210136668,-6.617157985
3.65,0.5,0.02197131723,-6.920430563
3.6,0.5,0.02175556207,-7.217964171
3.55,0.5,0.02145324852,-7.508889913
3.55,0.3,0.8516806597,-7.480065846
3.7,0.3,0.8960179429,-6.594547015
3.7,0.45,0.2368186244,-6.610560088
3.55,0.45,0.2256064972,-7.500973481
3.6,0.3,0.8694655643,-7.191171448
3.65,0.3,0.8842754434,-6.895710522
3.7,0.35,0.6720527189,-6.599310062
3.7,0.4,0.4528953176,-6.604624749
3.65,0.45,0.2339009073,-6.913388442
3.6,0.45,0.2301556726,-7.210482364
3.55,0.4,0.4309799559,-7.493568211
3.55,0.35,0.6391454984,-7.486625613
3.6,0.35,0.6523833424,-7.197146784
3.65,0.35,0.6633755551,-6.901086488
3.65,0.4,0.4471440111,-6.906954919
3.6,0.4,0.439823357,-7.203558303
3.75,0.55,-0.1949641264,-6.315917704
3.75,0.6,-0.4142010267,-6.323517981
3.75,0.65,-0.6373434429,-6.331801922
3.75,0.7,-0.8661873831,-6.340681761
3.7,0.75,-1.09155115,-6.659573505
3.65,0.75,-1.076698512,-6.964260529
3.6,0.75,-1.058305889,-7.263205628
3.55,0.75,-1.036192887,-7.555527463
3.55,0.55,-0.1830518749,-7.517331757
3.7,0.55,-0.1929780934,-6.624431272
3.7,0.7,-0.8576674094,-6.650030917
3.55,0.7,-0.8144573515,-7.545490499
3.6,0.55,-0.1870002102,-7.226019554
3.65,0.55,-0.1903180863,-6.928095699
3.7,0.6,-0.4101436853,-6.632366182
3.7,0.65,-0.63112698,-6.640920045
3.65,0.7,-0.8461533411,-6.954535644
3.6,0.7,-0.8317160791,-7.253313247
3.55,0.65,-0.5994194731,-7.535692925
3.55,0.6,-0.3894817991,-7.526282883
3.6,0.6,-0.3977406458,-7.234632407
3.65,0.6,-0.4046425629,-6.936369299
3.65,0.65,-0.6226875347,-6.945207456
3.6,0.65,-0.6120981744,-7.243757428
3.75,0.8,-1.348182153,-6.359843884
3.75,0.85,-1.605008144,-6.370060693
3.75,0.9,-1.874937968,-6.380169691
3.75,0.95,-2.159731908,-6.390634183
3.55,0.8,-1.266280205,-7.565757689
3.7,0.8,-1.334499791,-6.669505388
3.7,0.95,-2.13625548,-6.69924906
3.55,0.95,-2.02318184,-7.594821405
3.6,0.8,-1.29345225,-7.273258395
3.65,0.8,-1.316162937,-6.974224887
3.7,0.85,-1.588365391,-6.679519954
3.7,0.9,-1.854931115,-6.689589242
3.65,0.95,-2.105186281,-7.004092247
3.6,0.95,-2.068047026,-7.302904145
3.55,0.9,-1.758170502,-7.585675117
3.55,0.85,-1.506371986,-7.575815176
3.6,0.85,-1.538906765,-7.283380816
3.65,0.85,-1.566245663,-6.984318719
3.65,0.9,-1.828816543,-6.994305895
3.6,0.9,-1.796334022,-7.293310787
4,0.05,2.176408659,-4.726132923
4,0.1,1.893708148,-4.723507062
4,0.15,1.626489934,-4.721344747
4,0.2,1.372717885,-4.719781801
3.95,0.25,1.140447654,-5.034241062
3.9,0.25,1.146118622,-5.349463641
3.85,0.25,1.14747366,-5.663628417
3.8,0.25,1.144598235,-5.975773239
3.8,0.05,2.189096457,-5.967488097
3.95,0.05,2.191492407,-5.037470351
3.95,0.2,1.384355159,-5.03424967
3.8,0.2,1.387967145,-5.973345959
3.85,0.05,2.197691386,-5.659111188
3.9,0.05,2.198540253,-5.348786633
3.95,0.1,1.907882195,-5.036002423
3.95,0.15,1.639505941,-5.034879781
3.9,0.2,1.39071117,-5.348647437
3.85,0.2,1.391881088,-5.661999743
3.8,0.15,1.641916783,-5.971265936
3.8,0.1,1.908324746,-5.969374252
3.85,0.1,1.915060608,-5.659900924
3.9,0.1,1.914958026,-5.348457785
3.9,0.15,1.646340825,-5.348358415
3.85,0.15,1.647104881,-5.660806843
4,0.3,0.8974892527,-4.718914467
4,0.35,0.6720678557,-4.719796457
4,0.4,0.4521547441,-4.72164957
4,0.45,0.2357961557,-4.724521265
3.95,0.5,0.02143517997,-5.046689903
3.9,0.5,0.02174181572,-5.364851794
3.85,0.5,0.02196304295,-5.681941047
3.8,0.5,0.02209688688,-5.996988449
3.8,0.3,0.9099554019,-5.978682642
3.95,0.3,0.9058226169,-5.034964072
3.95,0.45,0.2382625284,-5.042331261
3.8,0.45,0.2400835251,-5.991288
3.85,0.3,0.9119895819,-5.665819355
3.9,0.3,0.9106348211,-5.350925262
3.95,0.35,0.6785361513,-5.036509451
3.95,0.4,0.4566570174,-5.038948182
3.9,0.45,0.2397889188,-5.360049082
3.85,0.45,0.2403904196,-5.676690872
3.8,0.4,0.4595160531,-5.986366041
3.8,0.35,0.6822022256,-5.982184826
3.85,0.35,0.6835538484,-5.66867648
3.9,0.35,0.6823489214,-5.353129594
3.9,0.4,0.4593632173,-5.356152688
3.85,0.4,0.460304889,-5.672280915
4,0.55,-0.1940561215,-4.733415247
4,0.6,-0.4114495281,-4.739440581
4,0.65,-0.6330963262,-4.746490245
4,0.7,-0.8609740081,-4.754502982
3.95,0.75,-1.106515016,-5.082766907
3.9,0.75,-1.111654522,-5.402102888
3.85,0.75,-1.112725813,-5.720413876
3.8,0.75,-1.109601556,-6.036718859
3.8,0.55,-0.1962520038,-6.00347885
3.95,0.55,-0.1957431157,-5.052034169
3.95,0.7,-0.8686234097,-5.073788138
3.8,0.7,-0.8716132104,-6.027450542
3.85,0.55,-0.1968232517,-5.68804405
3.9,0.55,-0.196661003,-5.370572036
3.95,0.6,-0.4151925604,-5.058354599
3.95,0.65,-0.638840911,-5.065620804
3.9,0.7,-0.872907025,-5.393026606
3.85,0.7,-0.8738777351,-5.711238429
3.8,0.65,-0.6412833194,-6.018755932
3.8,0.6,-0.416772378,-6.010747367
3.85,0.6,-0.4178198525,-5.694988205
3.9,0.6,-0.417304838,-5.377199683
3.9,0.65,-0.6420841011,-5.384702603
3.85,0.65,-0.6428823599,-5.702739994
4,0.8,-1.343345555,-4.77314771
4,0.85,-1.601868723,-4.783731817
4,0.9,-1.874730363,-4.794788235
4,0.95,-2.163868175,-4.806648452
3.8,0.8,-1.357127502,-6.046526648
3.95,0.8,-1.354441963,-5.092526252
3.95,0.95,-2.17879005,-5.124793165
3.8,0.95,-2.17590226,-6.07709767
3.85,0.8,-1.361261452,-5.730134213
3.9,0.8,-1.360345832,-5.411818152
3.95,0.85,-1.614440194,-5.102848884
3.95,0.9,-1.888492263,-5.113715236
3.9,0.95,-2.185421847,-5.443735129
3.85,0.95,-2.184863639,-5.761490895
3.8,0.9,-1.888413519,-6.066915949
3.8,0.85,-1.616088189,-6.056597674
3.85,0.85,-1.621443661,-5.740335903
3.9,0.85,-1.620900959,-5.422089454
3.9,0.9,-1.895374003,-5.43274818
3.85,0.9,-1.895179976,-5.750824507
4.25,0.05,1.97635305,-3.203875772
4.25,0.1,1.712648795,-3.195236452
4.25,0.15,1.465394802,-3.187690906
4.25,0.2,1.232463814,-3.181328448
4.2,0.25,1.044771546,-3.476879012
4.15,0.25,1.073099422,-3.78249897
4.1,0.25,1.09677205,-4.092060257
4.05,0.25,1.115845253,-4.404543546
4.05,0.05,2.153161133,-4.415757692
4.2,0.05,2.033320364,-3.500387204
4.2,0.2,1.271694306,-3.481130099
4.05,0.2,1.355711143,-4.406232147
4.1,0.05,2.121632982,-4.10733878
4.15,0.05,2.081718069,-3.801878949
4.2,0.1,1.763862191,-3.492974543
4.2,0.15,1.510691632,-3.48652354
4.15,0.2,1.305270576,-3.785894199
4.1,0.2,1.333253573,-4.094600091
4.05,0.15,1.607190726,-4.40873993
4.05,0.1,1.872320588,-4.411956733
4.1,0.1,1.843613586,-4.1023472
4.15,0.1,1.807490257,-3.795682922
4.15,0.15,1.549374177,-3.790319745
4.1,0.15,1.581514248,-4.098062827
4.25,0.3,0.8011150839,-3.172445172
4.25,0.35,0.5984954621,-3.170034841
4.25,0.4,0.4017959648,-3.169029234
4.25,0.45,0.2089412741,-3.169450359
4.2,0.5,0.01865324309,-3.474753409
4.15,0.5,0.01936871332,-3.783229399
4.1,0.5,0.0200073452,-4.095691256
4.05,0.5,0.02056605771,-4.411103643
4.05,0.3,0.8855756186,-4.403768436
4.2,0.3,0.8278376846,-3.473841165
4.2,0.45,0.2162795587,-3.472506045
4.05,0.45,0.2323757786,-4.407617021
4.1,0.3,0.8700276467,-4.090529934
4.15,0.3,0.8507961898,-3.780213118
4.2,0.35,0.6188188492,-3.472073527
4.2,0.4,0.4156513664,-3.471618627
4.15,0.45,0.2226270206,-3.780580934
4.1,0.45,0.2279896318,-4.092629362
4.05,0.4,0.445827709,-4.40525298
4.05,0.35,0.6629000165,-4.403984657
4.1,0.35,0.650992511,-4.090080375
4.15,0.35,0.6363092488,-3.779100882
4.15,0.4,0.4275974055,-3.779211833
4.1,0.4,0.4376496133,-4.090766962
4.25,0.55,-0.173508036,-3.174616054
4.25,0.6,-0.3672375214,-3.179364083
4.25,0.65,-0.5654028764,-3.185545563
4.25,0.7,-0.7700999563,-3.193132301
4.2,0.75,-1.015217755,-3.506224173
4.15,0.75,-1.042386559,-3.815465973
4.1,0.75,-1.065094879,-4.128766679
4.05,0.75,-1.083264526,-4.4450895
4.05,0.55,-0.1915802134,-4.415721485
4.2,0.55,-0.1792774358,-3.478366983
4.2,0.7,-0.7954511148,-3.497309018
4.05,0.7,-0.8498812995,-4.436203871
4.1,0.55,-0.1883012153,-4.099961802
4.15,0.55,-0.184205567,-3.787164674
4.2,0.6,-0.3795641443,-3.483342452
4.2,0.65,-0.5842662886,-3.489664415
4.15,0.7,-0.8171734904,-3.806570125
4.1,0.7,-0.8352993725,-4.119879078
4.05,0.65,-0.6248110699,-4.428302723
4.05,0.6,-0.4060429951,-4.421463049
4.1,0.6,-0.3989446784,-4.10543395
4.15,0.6,-0.3901263437,-3.792381538
4.15,0.65,-0.6004321083,-3.798860892
4.1,0.65,-0.6139361423,-4.112086417
4.25,0.8,-1.207494011,-3.212387207
4.25,0.85,-1.444449527,-3.224032453
4.25,0.9,-1.696487689,-3.23679995
4.25,0.95,-1.96565366,-3.250895678
4.05,0.8,-1.326994546,-4.454936572
4.2,0.8,-1.245632343,-3.516392852
4.2,0.95,-2.022213423,-3.553360889
4.05,0.95,-2.140880395,-4.488831923
4.1,0.8,-1.30533458,-4.138660143
4.15,0.8,-1.278201687,-3.82547739
4.2,0.85,-1.488842988,-3.527680757
4.2,0.9,-1.746955796,-3.540074339
4.15,0.95,-2.07005099,-3.861513091
4.1,0.95,-2.10987056,-4.17367535
4.05,0.9,-1.853761464,-4.47694032
4.05,0.85,-1.583134018,-4.465556441
4.1,0.85,-1.558110971,-4.149520288
4.15,0.85,-1.526686488,-3.836547817
4.15,0.9,-1.790000385,-3.84856998
4.1,0.9,-1.8254923,-4.161216954
4.5,0.05,1.560356898,-1.831252627
4.5,0.1,1.34036015,-1.816396148
4.5,0.15,1.137638462,-1.803456231
4.5,0.2,0.9499381057,-1.79250483
4.45,0.25,0.8319016517,-2.043911557
4.4,0.25,0.8840537958,-2.314377803
4.35,0.25,0.9314059353,-2.593940989
4.3,0.25,0.973961274,-2.88156849
4.3,0.05,1.910737455,-2.913357841
4.45,0.05,1.661285135,-2.087810382
4.45,0.2,1.01805554,-2.052190598
4.3,0.2,1.18752531,-2.887512151
4.35,0.05,1.836400752,-2.629842366
4.4,0.05,1.753273613,-2.354330919
4.45,0.1,1.430533882,-2.074202754
4.45,0.15,1.216857246,-2.062301706
4.4,0.2,1.080351294,-2.32192557
4.35,0.2,1.136833225,-2.600704463
4.3,0.15,1.413418637,-2.894840103
4.3,0.1,1.653776213,-2.90348303
4.35,0.1,1.58717599,-2.618725886
4.4,0.1,1.512783175,-2.341968622
4.4,0.15,1.28919954,-2.331140929
4.35,0.15,1.354704431,-2.608986736
4.5,0.3,0.6104523026,-1.776652209
4.5,0.35,0.4541380927,-1.771648549
4.5,0.4,0.3038450545,-1.768475117
4.5,0.45,0.1574583478,-1.767056154
4.45,0.5,0.01401832629,-2.029341861
4.4,0.5,0.01507364924,-2.301874709
4.35,0.5,0.01606897012,-2.583787634
4.3,0.5,0.01699995965,-2.873964486
4.3,0.3,0.7705988252,-2.877062583
4.45,0.3,0.6561700768,-2.037470483
4.45,0.45,0.1696888294,-2.028810693
4.3,0.45,0.2006088424,-2.872471979
4.35,0.3,0.7362698808,-2.588737791
4.4,0.3,0.6981224041,-2.308520932
4.45,0.35,0.4886585282,-2.032835723
4.45,0.4,0.3272056105,-2.029964569
4.4,0.45,0.1809721947,-2.301052354
4.35,0.45,0.1912836794,-2.582642972
4.3,0.4,0.3860211928,-2.872496288
4.3,0.35,0.57532027,-2.874030749
4.35,0.35,0.5492839019,-2.585116476
4.4,0.35,0.5203896425,-2.304358323
4.4,0.4,0.3487119073,-2.301874996
4.35,0.4,0.368324138,-2.583085028
4.5,0.55,-0.1318536413,-1.769283667
4.5,0.6,-0.2788665815,-1.772932967
4.5,0.65,-0.430208834,-1.778342369
4.5,0.7,-0.5880099541,-1.78558677
4.45,0.75,-0.8096429293,-2.057639105
4.4,0.75,-0.8601145107,-2.330863736
4.35,0.75,-0.905921439,-2.613378966
4.3,0.75,-0.9469999767,-2.90413682
4.3,0.55,-0.1668856856,-2.876976018
4.45,0.55,-0.1418790443,-2.031545969
4.45,0.7,-0.6318008322,-2.048438363
4.3,0.7,-0.7410722482,-2.895105713
4.35,0.55,-0.1594062031,-2.586518738
4.4,0.55,-0.1510690287,-2.304337744
4.45,0.6,-0.3000777157,-2.035437442
4.45,0.65,-0.4626745135,-2.041051221
4.4,0.7,-0.6719279672,-2.321690109
4.35,0.7,-0.7083533152,-2.604268131
4.3,0.65,-0.5438235067,-2.88755205
4.3,0.6,-0.3531294531,-2.88150661
4.35,0.6,-0.3372316792,-2.590839313
4.4,0.6,-0.3195432346,-2.308448433
4.4,0.65,-0.4924528993,-2.314225176
4.35,0.65,-0.5195076046,-2.596755136
4.5,0.8,-0.9318225466,-1.805954597
4.5,0.85,-1.122404615,-1.819227655
4.5,0.9,-1.328555229,-1.834478629
4.5,0.95,-1.552471148,-1.851795343
4.3,0.8,-1.163745456,-2.914644676
4.45,0.8,-0.9984021164,-2.068708835
4.45,0.95,-1.652800972,-2.112785131
4.3,0.95,-1.900526949,-2.954225128
4.35,0.8,-1.114354426,-2.624057716
4.4,0.8,-1.059229948,-2.341743107
4.45,0.85,-1.200349368,-2.081613987
4.45,0.9,-1.417722917,-2.096353494
4.4,0.95,-1.744118915,-2.384356795
4.35,0.95,-1.826831666,-2.665168154
4.3,0.9,-1.638364858,-2.939768316
4.3,0.85,-1.393478369,-2.926523428
4.35,0.85,-1.335839624,-2.636295911
4.4,0.85,-1.271468959,-2.35431819
4.4,0.9,-1.49907062,-2.368531748
4.35,0.9,-1.57255228,-2.650018146
4.75,0.05,0.916479518,-0.7289813581
4.75,0.1,0.7674497028,-0.708612322
4.75,0.15,0.6380254958,-0.6920231306
4.75,0.2,0.5245235728,-0.6798083144
4.7,0.25,0.5015396215,-0.8646872306
4.65,0.25,0.5763570583,-1.073861729
4.6,0.25,0.6470601906,-1.297501265
4.55,0.25,0.7133246062,-1.534429415
4.55,0.05,1.450392128,-1.585588359
4.7,0.05,1.064657532,-0.9227272302
4.7,0.2,0.6203023015,-0.8741848987
4.55,0.2,0.8760172988,-1.543869222
4.6,0.05,1.331260501,-1.351723487
4.65,0.05,1.202776678,-1.130504313
4.7,0.1,0.8986865837,-0.9031219109
4.7,0.15,0.7516352716,-0.8869240424
4.65,0.2,0.71104384,-1.083707803
4.6,0.2,0.7963481665,-1.307272411
4.55,0.15,1.051510099,-1.55556365
4.55,0.1,1.242188008,-1.569499875
4.6,0.1,1.135929579,-1.334422021
4.65,0.1,1.021475252,-1.112030794
4.65,0.15,0.8584771421,-1.096383988
4.6,0.15,0.9584552238,-1.319568716
4.75,0.3,0.3304698033,-0.6652992487
4.75,0.35,0.2444172043,-0.6615397565
4.75,0.4,0.1628865788,-0.6593381932
4.75,0.45,0.08414370808,-0.6582581884
4.7,0.5,0.008006109525,-0.8488276758
4.65,0.5,0.009287751449,-1.056478351
4.6,0.5,0.01053579389,-1.279650004
4.55,0.5,0.01174420514,-1.517027517
4.55,0.3,0.5610499779,-1.527154524
4.7,0.3,0.3924349565,-0.8578785546
4.7,0.45,0.1001278484,-0.8490524824
4.55,0.45,0.144319586,-1.516961876
4.6,0.3,0.5080936783,-1.290081864
4.65,0.3,0.4517910535,-1.066587357
4.7,0.35,0.2905568117,-0.8533017022
4.7,0.4,0.1937430681,-0.8504723262
4.65,0.45,0.1155651438,-1.056668337
4.6,0.45,0.1303290915,-1.279743623
4.55,0.4,0.2786974321,-1.518562007
4.55,0.35,0.4169076329,-1.521915904
4.6,0.35,0.3770960431,-1.284799326
4.65,0.35,0.3348901529,-1.061501825
4.65,0.4,0.2234809405,-1.0582868
4.6,0.4,0.2518615785,-1.281417003
4.75,0.55,-0.07085675786,-0.6586802795
4.75,0.6,-0.1499219066,-0.6601830594
4.75,0.65,-0.2319916845,-0.6628086926
4.75,0.7,-0.3188060374,-0.666993545
4.7,0.75,-0.488782254,-0.8681003941
4.65,0.75,-0.561559509,-1.078840351
4.6,0.75,-0.6302949197,-1.304304636
4.55,0.75,-0.6946472749,-1.543304436
4.55,0.55,-0.1210204562,-1.518728073
4.7,0.55,-0.08424396513,-0.8497309539
4.7,0.7,-0.3784925736,-0.8606025949
4.55,0.7,-0.5406191526,-1.534241739
4.6,0.55,-0.1094264755,-1.281095953
4.65,0.55,-0.09713854214,-1.057657453
4.7,0.6,-0.1782447279,-0.8518300435
4.7,0.65,-0.2757043686,-0.8553405606
4.65,0.7,-0.4356217809,-1.070558535
4.6,0.7,-0.4897580494,-1.295509894
4.55,0.65,-0.3951306772,-1.527222372
4.55,0.6,-0.2559668538,-1.522096285
4.6,0.6,-0.231468079,-1.284123425
4.65,0.6,-0.2055020767,-1.060266335
4.65,0.65,-0.3176615826,-1.064474556
4.6,0.65,-0.3575556306,-1.288863755
4.75,0.8,-0.5150607497,-0.6823683063
4.75,0.85,-0.6300140919,-0.6950390676
4.75,0.9,-0.7611490241,-0.7120886784
4.75,0.95,-0.9121139931,-0.7330015109
4.55,0.8,-0.8595114993,-1.554559455
4.7,0.8,-0.6090038383,-0.8783025148
4.7,0.95,-1.059550205,-0.9290650869
4.55,0.95,-1.443162806,-1.601855156
4.6,0.8,-0.7815264919,-1.315461505
4.65,0.8,-0.69795223,-1.089706273
4.7,0.85,-0.7420902546,-0.8917557172
4.7,0.9,-0.8911943617,-0.908698838
4.65,0.95,-1.196917533,-1.139738302
4.6,0.95,-1.324758032,-1.364270449
4.55,0.9,-1.231392814,-1.583880123
4.55,0.85,-1.037625133,-1.568076737
4.6,0.85,-0.9459678929,-1.329174606
4.65,0.85,-0.8474340055,-1.103422593
4.65,0.9,-1.012850126,-1.120136571
4.6,0.9,-1.126186002,-1.345475349
4.95,0.25,0.08621554333,-0.08750402217
4.9,0.25,0.1723133528,-0.200602451
4.85,0.25,0.2574118571,-0.3370956507
4.8,0.25,0.3413611457,-0.4947459223
4.8,0.05,0.7574012931,-0.5498055039
4.95,0.05,0.2041091653,-0.1040913421
4.95,0.2,0.1069610453,-0.08761196422
4.8,0.2,0.4242053962,-0.5018772398
4.85,0.05,0.5870502321,-0.3862477244
4.9,0.05,0.4032897105,-0.238160373
4.95,0.1,0.1619438211,-0.09302759482
4.95,0.15,0.1315754412,-0.08904338884
4.9,0.2,0.2143568829,-0.2030020137
4.85,0.2,0.3204394786,-0.3420898874
4.8,0.15,0.5181666733,-0.512926641
4.8,0.1,0.6275926831,-0.528799701
4.85,0.1,0.4790597781,-0.3651012939
4.9,0.1,0.3224803612,-0.2181523352
4.9,0.15,0.2630243476,-0.208021247
4.85,0.15,0.3925667419,-0.3507159931
4.95,0.5,0.001334719698,-0.08920866163
4.9,0.5,0.002679427483,-0.2001583754
4.85,0.5,0.004026424988,-0.3325305089
4.8,0.5,0.005368285901,-0.4855331657
4.8,0.3,0.2663670957,-0.4902784036
4.95,0.3,0.06739656294,-0.08782808674
4.95,0.45,0.01716075477,-0.0891100771
4.8,0.45,0.06773703534,-0.4856456955
4.85,0.3,0.2008132231,-0.3345027907
4.9,0.3,0.1343488824,-0.1997688166
4.95,0.35,0.0498629431,-0.08834086843
4.95,0.4,0.03323766193,-0.08880143367
4.9,0.45,0.03416971898,-0.2000771516
4.85,0.45,0.0510486586,-0.3325370062
4.8,0.4,0.1311704549,-0.4862827505
4.8,0.35,0.1969049196,-0.4876866351
4.85,0.35,0.1484163285,-0.3332290491
4.9,0.35,0.09933899134,-0.1996842838
4.9,0.4,0.06618645419,-0.1998743382
4.85,0.4,0.09886756128,-0.3327018003
4.95,0.75,-0.08409176412,-0.08734230121
4.9,0.75,-0.168042251,-0.2005739373
4.85,0.75,-0.2509920934,-0.3374942793
4.8,0.75,-0.332800764,-0.4958617612
4.8,0.55,-0.05708660805,-0.4858677853
4.95,0.55,-0.01451294741,-0.08907785414
4.95,0.7,-0.06507479488,-0.08769877476
4.8,0.7,-0.2570169319,-0.4911694642
4.85,0.55,-0.04306037233,-0.3326160833
4.9,0.55,-0.02885408858,-0.2000713476
4.95,0.6,-0.03065482679,-0.08873686463
4.95,0.65,-0.04738872368,-0.08824382462
4.9,0.7,-0.1296850634,-0.1997454198
4.85,0.7,-0.1938017502,-0.3348197603
4.8,0.65,-0.1869458694,-0.4883535227
4.8,0.6,-0.1207785886,-0.4867270346
4.85,0.6,-0.09107364823,-0.3328599832
4.9,0.6,-0.06100054337,-0.1998626338
4.9,0.65,-0.09437004384,-0.1996665835
4.85,0.65,-0.1409474102,-0.3334665383
4.8,0.8,-0.4166141717,-0.503225914
4.95,0.8,-0.1050786375,-0.08742021722
4.95,0.95,-0.2031514919,-0.1038128859
4.8,0.95,-0.7538241758,-0.5519210043
4.85,0.8,-0.3147460439,-0.3425701589
4.9,0.8,-0.2105692253,-0.2029699183
4.95,0.85,-0.1299745518,-0.08882264712
4.95,0.9,-0.1606576085,-0.09278240062
4.9,0.95,-0.4013972562,-0.2381269914
4.85,0.95,-0.5843021089,-0.3870198279
4.8,0.9,-0.6224964244,-0.5306389677
4.8,0.85,-0.5117317369,-0.5145111878
4.85,0.85,-0.3877322986,-0.3512849155
4.9,0.85,-0.2598057596,-0.2079879706
4.9,0.9,-0.3199087219,-0.2181194922
4.85,0.9,-0.4752083746,-0.3657636464
