1 1 1 1 1 5 337 312 24 25 26 27 28 29 394 395 396 397 398 399 400 401 402 403 404 405 331 332 333 334 335 336 406 410 411 412 413 407 414 415 416 417 408 418 419 420 421 409 422 423 424 425 426 430 431 427 432 433 428 434 435 429 436 437 438 439 440 441
2 1 1 1 312 337 338 311 405 404 403 402 401 400 442 443 444 445 446 447 448 449 450 451 452 453 325 326 327 328 329 330 454 458 459 460 461 455 462 463 464 465 456 466 467 468 469 457 470 471 472 473 474 478 479 475 480 481 476 482 483 477 484 485 486 487 488 489
3 1 1 1 311 338 339 310 453 452 451 450 449 448 490 491 492 493 494 495 496 497 498 499 500 501 319 320 321 322 323 324 502 506 507 508 509 503 510 511 512 513 504 514 515 516 517 505 518 519 520 521 522 526 527 523 528 529 524 530 531 525 532 533 534 535 536 537
4 1 1 1 310 339 189 4 501 500 499 498 497 496 538 539 540 541 542 543 304 305 306 307 308 309 313 314 315 316 317 318 544 548 549 550 551 545 552 553 554 555 546 556 557 558 559 547 560 561 562 563 564 568 569 565 570 571 566 572 573 567 574 575 576 577 578 579
5 1 1 1 5 6 340 337 30 31 32 33 34 35 580 581 582 583 584 585 586 587 588 589 590 591 399 398 397 396 395 394 592 596 597 598 599 593 600 601 602 603 594 604 605 606 607 595 608 609 610 611 612 616 617 613 618 619 614 620 621 615 622 623 624 625 626 627
6 1 1 1 337 340 341 338 591 590 589 588 587 586 628 629 630 631 632 633 634 635 636 637 638 639 447 446 445 444 443 442 640 644 645 646 647 641 648 649 650 651 642 652 653 654 655 643 656 657 658 659 660 664 665 661 666 667 662 668 669 663 670 671 672 673 674 675
7 1 1 1 338 341 342 339 639 638 637 636 635 634 676 677 678 679 680 681 682 683 684 685 686 687 495 494 493 492 491 490 688 692 693 694 695 689 696 697 698 699 690 700 701 702 703 691 704 705 706 707 708 712 713 709 714 715 710 716 717 711 718 719 720 721 722 723
8 1 1 1 339 342 188 189 687 686 685 684 683 682 724 725 726 727 728 729 298 299 300 301 302 303 543 542 541 540 539 538 730 734 735 736 737 731 738 739 740 741 732 742 743 744 745 733 746 747 748 749 750 754 755 751 756 757 752 758 759 753 760 761 762 763 764 765
9 1 1 1 6 7 343 340 36 37 38 39 40 41 766 767 768 769 770 771 772 773 774 775 776 777 585 584 583 582 581 580 778 782 783 784 785 779 786 787 788 789 780 790 791 792 793 781 794 795 796 797 798 802 803 799 804 805 800 806 807 801 808 809 810 811 812 813
10 1 1 1 340 343 344 341 777 776 775 774 773 772 814 815 816 817 818 819 820 821 822 823 824 825 633 632 631 630 629 628 826 830 831 832 833 827 834 835 836 837 828 838 839 840 841 829 842 843 844 845 846 850 851 847 852 853 848 854 855 849 856 857 858 859 860 861
11 1 1 1 341 344 345 342 825 824 823 822 821 820 862 863 864 865 866 867 868 869 870 871 872 873 681 680 679 678 677 676 874 878 879 880 881 875 882 883 884 885 876 886 887 888 889 877 890 891 892 893 894 898 899 895 900 901 896 902 903 897 904 905 906 907 908 909
12 1 1 1 342 345 187 188 873 872 871 870 869 868 910 911 912 913 914 915 292 293 294 295 296 297 729 728 727 726 725 724 916 920 921 922 923 917 924 925 926 927 918 928 929 930 931 919 932 933 934 935 936 940 941 937 942 943 938 944 945 939 946 947 948 949 950 951
13 1 1 1 7 8 346 343 42 43 44 45 46 47 952 953 954 955 956 957 958 959 960 961 962 963 771 770 769 768 767 766 964 968 969 970 971 965 972 973 974 975 966 976 977 978 979 967 980 981 982 983 984 988 989 985 990 991 986 992 993 987 994 995 996 997 998 999
14 1 1 1 343 346 347 344 963 962 961 960 959 958 1000 1001 1002 1003 1004 1005 1006 1007 1008 1009 1010 1011 819 818 817 816 815 814 1012 1016 1017 1018 1019 1013 1020 1021 1022 1023 1014 1024 1025 1026 1027 1015 1028 1029 1030 1031 1032 1036 1037 1033 1038 1039 1034 1040 1041 1035 1042 1043 1044 1045 1046 1047
15 1 1 1 344 347 348 345 1011 1010 1009 1008 1007 1006 1048 1049 1050 1051 1052 1053 1054 1055 1056 1057 1058 1059 867 866 865 864 863 862 1060 1064 1065 1066 1067 1061 1068 1069 1070 1071 1062 1072 1073 1074 1075 1063 1076 1077 1078 1079 1080 1084 1085 1081 1086 1087 1082 1088 1089 1083 1090 1091 1092 1093 1094 1095
16 1 1 1 345 348 186 187 1059 1058 1057 1056 1055 1054 1096 1097 1098 1099 1100 1101 286 287 288 289 290 291 915 914 913 912 911 910 1102 1106 1107 1108 1109 1103 1110 1111 1112 1113 1104 1114 1115 1116 1117 1105 1118 1119 1120 1121 1122 1126 1127 1123 1128 1129 1124 1130 1131 1125 1132 1133 1134 1135 1136 1137
17 1 1 1 8 9 349 346 48 49 50 51 52 53 1138 1139 1140 1141 1142 1143 1144 1145 1146 1147 1148 1149 957 956 955 954 953 952 1150 1154 1155 1156 1157 1151 1158 1159 1160 1161 1152 1162 1163 1164 1165 1153 1166 1167 1168 1169 1170 1174 1175 1171 1176 1177 1172 1178 1179 1173 1180 1181 1182 1183 1184 1185
18 1 1 1 346 349 350 347 1149 1148 1147 1146 1145 1144 1186 1187 1188 1189 1190 1191 1192 1193 1194 1195 1196 1197 1005 1004 1003 1002 1001 1000 1198 1202 1203 1204 1205 1199 1206 1207 1208 1209 1200 1210 1211 1212 1213 1201 1214 1215 1216 1217 1218 1222 1223 1219 1224 1225 1220 1226 1227 1221 1228 1229 1230 1231 1232 1233
19 1 1 1 347 350 351 348 1197 1196 1195 1194 1193 1192 1234 1235 1236 1237 1238 1239 1240 1241 1242 1243 1244 1245 1053 1052 1051 1050 1049 1048 1246 1250 1251 1252 1253 1247 1254 1255 1256 1257 1248 1258 1259 1260 1261 1249 1262 1263 1264 1265 1266 1270 1271 1267 1272 1273 1268 1274 1275 1269 1276 1277 1278 1279 1280 1281
20 1 1 1 348 351 185 186 1245 1244 1243 1242 1241 1240 1282 1283 1284 1285 1286 1287 280 281 282 283 284 285 1101 1100 1099 1098 1097 1096 1288 1292 1293 1294 1295 1289 1296 1297 1298 1299 1290 1300 1301 1302 1303 1291 1304 1305 1306 1307 1308 1312 1313 1309 1314 1315 1310 1316 1317 1311 1318 1319 1320 1321 1322 1323
21 1 1 1 9 10 352 349 54 55 56 57 58 59 1324 1325 1326 1327 1328 1329 1330 1331 1332 1333 1334 1335 1143 1142 1141 1140 1139 1138 1336 1340 1341 1342 1343 1337 1344 1345 1346 1347 1338 1348 1349 1350 1351 1339 1352 1353 1354 1355 1356 1360 1361 1357 1362 1363 1358 1364 1365 1359 1366 1367 1368 1369 1370 1371
22 1 1 1 349 352 353 350 1335 1334 1333 1332 1331 1330 1372 1373 1374 1375 1376 1377 1378 1379 1380 1381 1382 1383 1191 1190 1189 1188 1187 1186 1384 1388 1389 1390 1391 1385 1392 1393 1394 1395 1386 1396 1397 1398 1399 1387 1400 1401 1402 1403 1404 1408 1409 1405 1410 1411 1406 1412 1413 1407 1414 1415 1416 1417 1418 1419
23 1 1 1 350 353 354 351 1383 1382 1381 1380 1379 1378 1420 1421 1422 1423 1424 1425 1426 1427 1428 1429 1430 1431 1239 1238 1237 1236 1235 1234 1432 1436 1437 1438 1439 1433 1440 1441 1442 1443 1434 1444 1445 1446 1447 1435 1448 1449 1450 1451 1452 1456 1457 1453 1458 1459 1454 1460 1461 1455 1462 1463 1464 1465 1466 1467
24 1 1 1 351 354 184 185 1431 1430 1429 1428 1427 1426 1468 1469 1470 1471 1472 1473 274 275 276 277 278 279 1287 1286 1285 1284 1283 1282 1474 1478 1479 1480 1481 1475 1482 1483 1484 1485 1476 1486 1487 1488 1489 1477 1490 1491 1492 1493 1494 1498 1499 1495 1500 1501 1496 1502 1503 1497 1504 1505 1506 1507 1508 1509
25 1 1 1 10 11 355 352 60 61 62 63 64 65 1510 1511 1512 1513 1514 1515 1516 1517 1518 1519 1520 1521 1329 1328 1327 1326 1325 1324 1522 1526 1527 1528 1529 1523 1530 1531 1532 1533 1524 1534 1535 1536 1537 1525 1538 1539 1540 1541 1542 1546 1547 1543 1548 1549 1544 1550 1551 1545 1552 1553 1554 1555 1556 1557
26 1 1 1 352 355 356 353 1521 1520 1519 1518 1517 1516 1558 1559 1560 1561 1562 1563 1564 1565 1566 1567 1568 1569 1377 1376 1375 1374 1373 1372 1570 1574 1575 1576 1577 1571 1578 1579 1580 1581 1572 1582 1583 1584 1585 1573 1586 1587 1588 1589 1590 1594 1595 1591 1596 1597 1592 1598 1599 1593 1600 1601 1602 1603 1604 1605
27 1 1 1 353 356 357 354 1569 1568 1567 1566 1565 1564 1606 1607 1608 1609 1610 1611 1612 1613 1614 1615 1616 1617 1425 1424 1423 1422 1421 1420 1618 1622 1623 1624 1625 1619 1626 1627 1628 1629 1620 1630 1631 1632 1633 1621 1634 1635 1636 1637 1638 1642 1643 1639 1644 1645 1640 1646 1647 1641 1648 1649 1650 1651 1652 1653
28 1 1 1 354 357 183 184 1617 1616 1615 1614 1613 1612 1654 1655 1656 1657 1658 1659 268 269 270 271 272 273 1473 1472 1471 1470 1469 1468 1660 1664 1665 1666 1667 1661 1668 1669 1670 1671 1662 1672 1673 1674 1675 1663 1676 1677 1678 1679 1680 1684 1685 1681 1686 1687 1682 1688 1689 1683 1690 1691 1692 1693 1694 1695
29 1 1 1 11 12 358 355 66 67 68 69 70 71 1696 1697 1698 1699 1700 1701 1702 1703 1704 1705 1706 1707 1515 1514 1513 1512 1511 1510 1708 1712 1713 1714 1715 1709 1716 1717 1718 1719 1710 1720 1721 1722 1723 1711 1724 1725 1726 1727 1728 1732 1733 1729 1734 1735 1730 1736 1737 1731 1738 1739 1740 1741 1742 1743
30 1 1 1 355 358 359 356 1707 1706 1705 1704 1703 1702 1744 1745 1746 1747 1748 1749 1750 1751 1752 1753 1754 1755 1563 1562 1561 1560 1559 1558 1756 1760 1761 1762 1763 1757 1764 1765 1766 1767 1758 1768 1769 1770 1771 1759 1772 1773 1774 1775 1776 1780 1781 1777 1782 1783 1778 1784 1785 1779 1786 1787 1788 1789 1790 1791
31 1 1 1 356 359 360 357 1755 1754 1753 1752 1751 1750 1792 1793 1794 1795 1796 1797 1798 1799 1800 1801 1802 1803 1611 1610 1609 1608 1607 1606 1804 1808 1809 1810 1811 1805 1812 1813 1814 1815 1806 1816 1817 1818 1819 1807 1820 1821 1822 1823 1824 1828 1829 1825 1830 1831 1826 1832 1833 1827 1834 1835 1836 1837 1838 1839
32 1 1 1 357 360 182 183 1803 1802 1801 1800 1799 1798 1840 1841 1842 1843 1844 1845 262 263 264 265 266 267 1659 1658 1657 1656 1655 1654 1846 1850 1851 1852 1853 1847 1854 1855 1856 1857 1848 1858 1859 1860 1861 1849 1862 1863 1864 1865 1866 1870 1871 1867 1872 1873 1868 1874 1875 1869 1876 1877 1878 1879 1880 1881
33 1 1 1 12 13 361 358 72 73 74 75 76 77 1882 1883 1884 1885 1886 1887 1888 1889 1890 1891 1892 1893 1701 1700 1699 1698 1697 1696 1894 1898 1899 1900 1901 1895 1902 1903 1904 1905 1896 1906 1907 1908 1909 1897 1910 1911 1912 1913 1914 1918 1919 1915 1920 1921 1916 1922 1923 1917 1924 1925 1926 1927 1928 1929
34 1 1 1 358 361 362 359 1893 1892 1891 1890 1889 1888 1930 1931 1932 1933 1934 1935 1936 1937 1938 1939 1940 1941 1749 1748 1747 1746 1745 1744 1942 1946 1947 1948 1949 1943 1950 1951 1952 1953 1944 1954 1955 1956 1957 1945 1958 1959 1960 1961 1962 1966 1967 1963 1968 1969 1964 1970 1971 1965 1972 1973 1974 1975 1976 1977
35 1 1 1 359 362 363 360 1941 1940 1939 1938 1937 1936 1978 1979 1980 1981 1982 1983 1984 1985 1986 1987 1988 1989 1797 1796 1795 1794 1793 1792 1990 1994 1995 1996 1997 1991 1998 1999 2000 2001 1992 2002 2003 2004 2005 1993 2006 2007 2008 2009 2010 2014 2015 2011 2016 2017 2012 2018 2019 2013 2020 2021 2022 2023 2024 2025
36 1 1 1 360 363 181 182 1989 1988 1987 1986 1985 1984 2026 2027 2028 2029 2030 2031 256 257 258 259 260 261 1845 1844 1843 1842 1841 1840 2032 2036 2037 2038 2039 2033 2040 2041 2042 2043 2034 2044 2045 2046 2047 2035 2048 2049 2050 2051 2052 2056 2057 2053 2058 2059 2054 2060 2061 2055 2062 2063 2064 2065 2066 2067
37 1 1 1 13 14 364 361 78 79 80 81 82 83 2068 2069 2070 2071 2072 2073 2074 2075 2076 2077 2078 2079 1887 1886 1885 1884 1883 1882 2080 2084 2085 2086 2087 2081 2088 2089 2090 2091 2082 2092 2093 2094 2095 2083 2096 2097 2098 2099 2100 2104 2105 2101 2106 2107 2102 2108 2109 2103 2110 2111 2112 2113 2114 2115
38 1 1 1 361 364 365 362 2079 2078 2077 2076 2075 2074 2116 2117 2118 2119 2120 2121 2122 2123 2124 2125 2126 2127 1935 1934 1933 1932 1931 1930 2128 2132 2133 2134 2135 2129 2136 2137 2138 2139 2130 2140 2141 2142 2143 2131 2144 2145 2146 2147 2148 2152 2153 2149 2154 2155 2150 2156 2157 2151 2158 2159 2160 2161 2162 2163
39 1 1 1 362 365 366 363 2127 2126 2125 2124 2123 2122 2164 2165 2166 2167 2168 2169 2170 2171 2172 2173 2174 2175 1983 1982 1981 1980 1979 1978 2176 2180 2181 2182 2183 2177 2184 2185 2186 2187 2178 2188 2189 2190 2191 2179 2192 2193 2194 2195 2196 2200 2201 2197 2202 2203 2198 2204 2205 2199 2206 2207 2208 2209 2210 2211
40 1 1 1 363 366 180 181 2175 2174 2173 2172 2171 2170 2212 2213 2214 2215 2216 2217 250 251 252 253 254 255 2031 2030 2029 2028 2027 2026 2218 2222 2223 2224 2225 2219 2226 2227 2228 2229 2220 2230 2231 2232 2233 2221 2234 2235 2236 2237 2238 2242 2243 2239 2244 2245 2240 2246 2247 2241 2248 2249 2250 2251 2252 2253
41 1 1 1 14 15 367 364 84 85 86 87 88 89 2254 2255 2256 2257 2258 2259 2260 2261 2262 2263 2264 2265 2073 2072 2071 2070 2069 2068 2266 2270 2271 2272 2273 2267 2274 2275 2276 2277 2268 2278 2279 2280 2281 2269 2282 2283 2284 2285 2286 2290 2291 2287 2292 2293 2288 2294 2295 2289 2296 2297 2298 2299 2300 2301
42 1 1 1 364 367 368 365 2265 2264 2263 2262 2261 2260 2302 2303 2304 2305 2306 2307 2308 2309 2310 2311 2312 2313 2121 2120 2119 2118 2117 2116 2314 2318 2319 2320 2321 2315 2322 2323 2324 2325 2316 2326 2327 2328 2329 2317 2330 2331 2332 2333 2334 2338 2339 2335 2340 2341 2336 2342 2343 2337 2344 2345 2346 2347 2348 2349
43 1 1 1 365 368 369 366 2313 2312 2311 2310 2309 2308 2350 2351 2352 2353 2354 2355 2356 2357 2358 2359 2360 2361 2169 2168 2167 2166 2165 2164 2362 2366 2367 2368 2369 2363 2370 2371 2372 2373 2364 2374 2375 2376 2377 2365 2378 2379 2380 2381 2382 2386 2387 2383 2388 2389 2384 2390 2391 2385 2392 2393 2394 2395 2396 2397
44 1 1 1 366 369 179 180 2361 2360 2359 2358 2357 2356 2398 2399 2400 2401 2402 2403 244 245 246 247 248 249 2217 2216 2215 2214 2213 2212 2404 2408 2409 2410 2411 2405 2412 2413 2414 2415 2406 2416 2417 2418 2419 2407 2420 2421 2422 2423 2424 2428 2429 2425 2430 2431 2426 2432 2433 2427 2434 2435 2436 2437 2438 2439
45 1 1 1 15 16 370 367 90 91 92 93 94 95 2440 2441 2442 2443 2444 2445 2446 2447 2448 2449 2450 2451 2259 2258 2257 2256 2255 2254 2452 2456 2457 2458 2459 2453 2460 2461 2462 2463 2454 2464 2465 2466 2467 2455 2468 2469 2470 2471 2472 2476 2477 2473 2478 2479 2474 2480 2481 2475 2482 2483 2484 2485 2486 2487
46 1 1 1 367 370 371 368 2451 2450 2449 2448 2447 2446 2488 2489 2490 2491 2492 2493 2494 2495 2496 2497 2498 2499 2307 2306 2305 2304 2303 2302 2500 2504 2505 2506 2507 2501 2508 2509 2510 2511 2502 2512 2513 2514 2515 2503 2516 2517 2518 2519 2520 2524 2525 2521 2526 2527 2522 2528 2529 2523 2530 2531 2532 2533 2534 2535
47 1 1 1 368 371 372 369 2499 2498 2497 2496 2495 2494 2536 2537 2538 2539 2540 2541 2542 2543 2544 2545 2546 2547 2355 2354 2353 2352 2351 2350 2548 2552 2553 2554 2555 2549 2556 2557 2558 2559 2550 2560 2561 2562 2563 2551 2564 2565 2566 2567 2568 2572 2573 2569 2574 2575 2570 2576 2577 2571 2578 2579 2580 2581 2582 2583
48 1 1 1 369 372 178 179 2547 2546 2545 2544 2543 2542 2584 2585 2586 2587 2588 2589 238 239 240 241 242 243 2403 2402 2401 2400 2399 2398 2590 2594 2595 2596 2597 2591 2598 2599 2600 2601 2592 2602 2603 2604 2605 2593 2606 2607 2608 2609 2610 2614 2615 2611 2616 2617 2612 2618 2619 2613 2620 2621 2622 2623 2624 2625
49 1 1 1 16 17 373 370 96 97 98 99 100 101 2626 2627 2628 2629 2630 2631 2632 2633 2634 2635 2636 2637 2445 2444 2443 2442 2441 2440 2638 2642 2643 2644 2645 2639 2646 2647 2648 2649 2640 2650 2651 2652 2653 2641 2654 2655 2656 2657 2658 2662 2663 2659 2664 2665 2660 2666 2667 2661 2668 2669 2670 2671 2672 2673
50 1 1 1 370 373 374 371 2637 2636 2635 2634 2633 2632 2674 2675 2676 2677 2678 2679 2680 2681 2682 2683 2684 2685 2493 2492 2491 2490 2489 2488 2686 2690 2691 2692 2693 2687 2694 2695 2696 2697 2688 2698 2699 2700 2701 2689 2702 2703 2704 2705 2706 2710 2711 2707 2712 2713 2708 2714 2715 2709 2716 2717 2718 2719 2720 2721
51 1 1 1 371 374 375 372 2685 2684 2683 2682 2681 2680 2722 2723 2724 2725 2726 2727 2728 2729 2730 2731 2732 2733 2541 2540 2539 2538 2537 2536 2734 2738 2739 2740 2741 2735 2742 2743 2744 2745 2736 2746 2747 2748 2749 2737 2750 2751 2752 2753 2754 2758 2759 2755 2760 2761 2756 2762 2763 2757 2764 2765 2766 2767 2768 2769
52 1 1 1 372 375 177 178 2733 2732 2731 2730 2729 2728 2770 2771 2772 2773 2774 2775 232 233 234 235 236 237 2589 2588 2587 2586 2585 2584 2776 2780 2781 2782 2783 2777 2784 2785 2786 2787 2778 2788 2789 2790 2791 2779 2792 2793 2794 2795 2796 2800 2801 2797 2802 2803 2798 2804 2805 2799 2806 2807 2808 2809 2810 2811
53 1 1 1 17 18 376 373 102 103 104 105 106 107 2812 2813 2814 2815 2816 2817 2818 2819 2820 2821 2822 2823 2631 2630 2629 2628 2627 2626 2824 2828 2829 2830 2831 2825 2832 2833 2834 2835 2826 2836 2837 2838 2839 2827 2840 2841 2842 2843 2844 2848 2849 2845 2850 2851 2846 2852 2853 2847 2854 2855 2856 2857 2858 2859
54 1 1 1 373 376 377 374 2823 2822 2821 2820 2819 2818 2860 2861 2862 2863 2864 2865 2866 2867 2868 2869 2870 2871 2679 2678 2677 2676 2675 2674 2872 2876 2877 2878 2879 2873 2880 2881 2882 2883 2874 2884 2885 2886 2887 2875 2888 2889 2890 2891 2892 2896 2897 2893 2898 2899 2894 2900 2901 2895 2902 2903 2904 2905 2906 2907
55 1 1 1 374 377 378 375 2871 2870 2869 2868 2867 2866 2908 2909 2910 2911 2912 2913 2914 2915 2916 2917 2918 2919 2727 2726 2725 2724 2723 2722 2920 2924 2925 2926 2927 2921 2928 2929 2930 2931 2922 2932 2933 2934 2935 2923 2936 2937 2938 2939 2940 2944 2945 2941 2946 2947 2942 2948 2949 2943 2950 2951 2952 2953 2954 2955
56 1 1 1 375 378 176 177 2919 2918 2917 2916 2915 2914 2956 2957 2958 2959 2960 2961 226 227 228 229 230 231 2775 2774 2773 2772 2771 2770 2962 2966 2967 2968 2969 2963 2970 2971 2972 2973 2964 2974 2975 2976 2977 2965 2978 2979 2980 2981 2982 2986 2987 2983 2988 2989 2984 2990 2991 2985 2992 2993 2994 2995 2996 2997
57 1 1 1 18 19 379 376 108 109 110 111 112 113 2998 2999 3000 3001 3002 3003 3004 3005 3006 3007 3008 3009 2817 2816 2815 2814 2813 2812 3010 3014 3015 3016 3017 3011 3018 3019 3020 3021 3012 3022 3023 3024 3025 3013 3026 3027 3028 3029 3030 3034 3035 3031 3036 3037 3032 3038 3039 3033 3040 3041 3042 3043 3044 3045
58 1 1 1 376 379 380 377 3009 3008 3007 3006 3005 3004 3046 3047 3048 3049 3050 3051 3052 3053 3054 3055 3056 3057 2865 2864 2863 2862 2861 2860 3058 3062 3063 3064 3065 3059 3066 3067 3068 3069 3060 3070 3071 3072 3073 3061 3074 3075 3076 3077 3078 3082 3083 3079 3084 3085 3080 3086 3087 3081 3088 3089 3090 3091 3092 3093
59 1 1 1 377 380 381 378 3057 3056 3055 3054 3053 3052 3094 3095 3096 3097 3098 3099 3100 3101 3102 3103 3104 3105 2913 2912 2911 2910 2909 2908 3106 3110 3111 3112 3113 3107 3114 3115 3116 3117 3108 3118 3119 3120 3121 3109 3122 3123 3124 3125 3126 3130 3131 3127 3132 3133 3128 3134 3135 3129 3136 3137 3138 3139 3140 3141
60 1 1 1 378 381 175 176 3105 3104 3103 3102 3101 3100 3142 3143 3144 3145 3146 3147 220 221 222 223 224 225 2961 2960 2959 2958 2957 2956 3148 3152 3153 3154 3155 3149 3156 3157 3158 3159 3150 3160 3161 3162 3163 3151 3164 3165 3166 3167 3168 3172 3173 3169 3174 3175 3170 3176 3177 3171 3178 3179 3180 3181 3182 3183
61 1 1 1 19 20 382 379 114 115 116 117 118 119 3184 3185 3186 3187 3188 3189 3190 3191 3192 3193 3194 3195 3003 3002 3001 3000 2999 2998 3196 3200 3201 3202 3203 3197 3204 3205 3206 3207 3198 3208 3209 3210 3211 3199 3212 3213 3214 3215 3216 3220 3221 3217 3222 3223 3218 3224 3225 3219 3226 3227 3228 3229 3230 3231
62 1 1 1 379 382 383 380 3195 3194 3193 3192 3191 3190 3232 3233 3234 3235 3236 3237 3238 3239 3240 3241 3242 3243 3051 3050 3049 3048 3047 3046 3244 3248 3249 3250 3251 3245 3252 3253 3254 3255 3246 3256 3257 3258 3259 3247 3260 3261 3262 3263 3264 3268 3269 3265 3270 3271 3266 3272 3273 3267 3274 3275 3276 3277 3278 3279
63 1 1 1 380 383 384 381 3243 3242 3241 3240 3239 3238 3280 3281 3282 3283 3284 3285 3286 3287 3288 3289 3290 3291 3099 3098 3097 3096 3095 3094 3292 3296 3297 3298 3299 3293 3300 3301 3302 3303 3294 3304 3305 3306 3307 3295 3308 3309 3310 3311 3312 3316 3317 3313 3318 3319 3314 3320 3321 3315 3322 3323 3324 3325 3326 3327
64 1 1 1 381 384 174 175 3291 3290 3289 3288 3287 3286 3328 3329 3330 3331 3332 3333 214 215 216 217 218 219 3147 3146 3145 3144 3143 3142 3334 3338 3339 3340 3341 3335 3342 3343 3344 3345 3336 3346 3347 3348 3349 3337 3350 3351 3352 3353 3354 3358 3359 3355 3360 3361 3356 3362 3363 3357 3364 3365 3366 3367 3368 3369
65 1 1 1 20 21 385 382 120 121 122 123 124 125 3370 3371 3372 3373 3374 3375 3376 3377 3378 3379 3380 3381 3189 3188 3187 3186 3185 3184 3382 3386 3387 3388 3389 3383 3390 3391 3392 3393 3384 3394 3395 3396 3397 3385 3398 3399 3400 3401 3402 3406 3407 3403 3408 3409 3404 3410 3411 3405 3412 3413 3414 3415 3416 3417
66 1 1 1 382 385 386 383 3381 3380 3379 3378 3377 3376 3418 3419 3420 3421 3422 3423 3424 3425 3426 3427 3428 3429 3237 3236 3235 3234 3233 3232 3430 3434 3435 3436 3437 3431 3438 3439 3440 3441 3432 3442 3443 3444 3445 3433 3446 3447 3448 3449 3450 3454 3455 3451 3456 3457 3452 3458 3459 3453 3460 3461 3462 3463 3464 3465
67 1 1 1 383 386 387 384 3429 3428 3427 3426 3425 3424 3466 3467 3468 3469 3470 3471 3472 3473 3474 3475 3476 3477 3285 3284 3283 3282 3281 3280 3478 3482 3483 3484 3485 3479 3486 3487 3488 3489 3480 3490 3491 3492 3493 3481 3494 3495 3496 3497 3498 3502 3503 3499 3504 3505 3500 3506 3507 3501 3508 3509 3510 3511 3512 3513
68 1 1 1 384 387 173 174 3477 3476 3475 3474 3473 3472 3514 3515 3516 3517 3518 3519 208 209 210 211 212 213 3333 3332 3331 3330 3329 3328 3520 3524 3525 3526 3527 3521 3528 3529 3530 3531 3522 3532 3533 3534 3535 3523 3536 3537 3538 3539 3540 3544 3545 3541 3546 3547 3542 3548 3549 3543 3550 3551 3552 3553 3554 3555
69 1 1 1 21 22 388 385 126 127 128 129 130 131 3556 3557 3558 3559 3560 3561 3562 3563 3564 3565 3566 3567 3375 3374 3373 3372 3371 3370 3568 3572 3573 3574 3575 3569 3576 3577 3578 3579 3570 3580 3581 3582 3583 3571 3584 3585 3586 3587 3588 3592 3593 3589 3594 3595 3590 3596 3597 3591 3598 3599 3600 3601 3602 3603
70 1 1 1 385 388 389 386 3567 3566 3565 3564 3563 3562 3604 3605 3606 3607 3608 3609 3610 3611 3612 3613 3614 3615 3423 3422 3421 3420 3419 3418 3616 3620 3621 3622 3623 3617 3624 3625 3626 3627 3618 3628 3629 3630 3631 3619 3632 3633 3634 3635 3636 3640 3641 3637 3642 3643 3638 3644 3645 3639 3646 3647 3648 3649 3650 3651
71 1 1 1 386 389 390 387 3615 3614 3613 3612 3611 3610 3652 3653 3654 3655 3656 3657 3658 3659 3660 3661 3662 3663 3471 3470 3469 3468 3467 3466 3664 3668 3669 3670 3671 3665 3672 3673 3674 3675 3666 3676 3677 3678 3679 3667 3680 3681 3682 3683 3684 3688 3689 3685 3690 3691 3686 3692 3693 3687 3694 3695 3696 3697 3698 3699
72 1 1 1 387 390 172 173 3663 3662 3661 3660 3659 3658 3700 3701 3702 3703 3704 3705 202 203 204 205 206 207 3519 3518 3517 3516 3515 3514 3706 3710 3711 3712 3713 3707 3714 3715 3716 3717 3708 3718 3719 3720 3721 3709 3722 3723 3724 3725 3726 3730 3731 3727 3732 3733 3728 3734 3735 3729 3736 3737 3738 3739 3740 3741
73 1 1 1 22 23 391 388 132 133 134 135 136 137 3742 3743 3744 3745 3746 3747 3748 3749 3750 3751 3752 3753 3561 3560 3559 3558 3557 3556 3754 3758 3759 3760 3761 3755 3762 3763 3764 3765 3756 3766 3767 3768 3769 3757 3770 3771 3772 3773 3774 3778 3779 3775 3780 3781 3776 3782 3783 3777 3784 3785 3786 3787 3788 3789
74 1 1 1 388 391 392 389 3753 3752 3751 3750 3749 3748 3790 3791 3792 3793 3794 3795 3796 3797 3798 3799 3800 3801 3609 3608 3607 3606 3605 3604 3802 3806 3807 3808 3809 3803 3810 3811 3812 3813 3804 3814 3815 3816 3817 3805 3818 3819 3820 3821 3822 3826 3827 3823 3828 3829 3824 3830 3831 3825 3832 3833 3834 3835 3836 3837
75 1 1 1 389 392 393 390 3801 3800 3799 3798 3797 3796 3838 3839 3840 3841 3842 3843 3844 3845 3846 3847 3848 3849 3657 3656 3655 3654 3653 3652 3850 3854 3855 3856 3857 3851 3858 3859 3860 3861 3852 3862 3863 3864 3865 3853 3866 3867 3868 3869 3870 3874 3875 3871 3876 3877 3872 3878 3879 3873 3880 3881 3882 3883 3884 3885
76 1 1 1 390 393 171 172 3849 3848 3847 3846 3845 3844 3886 3887 3888 3889 3890 3891 196 197 198 199 200 201 3705 3704 3703 3702 3701 3700 3892 3896 3897 3898 3899 3893 3900 3901 3902 3903 3894 3904 3905 3906 3907 3895 3908 3909 3910 3911 3912 3916 3917 3913 3918 3919 3914 3920 3921 3915 3922 3923 3924 3925 3926 3927
77 1 1 1 23 2 144 391 138 139 140 141 142 143 147 148 149 150 151 152 3928 3929 3930 3931 3932 3933 3747 3746 3745 3744 3743 3742 3934 3938 3939 3940 3941 3935 3942 3943 3944 3945 3936 3946 3947 3948 3949 3937 3950 3951 3952 3953 3954 3958 3959 3955 3960 3961 3956 3962 3963 3957 3964 3965 3966 3967 3968 3969
78 1 1 1 391 144 145 392 3933 3932 3931 3930 3929 3928 153 154 155 156 157 158 3970 3971 3972 3973 3974 3975 3795 3794 3793 3792 3791 3790 3976 3980 3981 3982 3983 3977 3984 3985 3986 3987 3978 3988 3989 3990 3991 3979 3992 3993 3994 3995 3996 4000 4001 3997 4002 4003 3998 4004 4005 3999 4006 4007 4008 4009 4010 4011
79 1 1 1 392 145 146 393 3975 3974 3973 3972 3971 3970 159 160 161 162 163 164 4012 4013 4014 4015 4016 4017 3843 3842 3841 3840 3839 3838 4018 4022 4023 4024 4025 4019 4026 4027 4028 4029 4020 4030 4031 4032 4033 4021 4034 4035 4036 4037 4038 4042 4043 4039 4044 4045 4040 4046 4047 4041 4048 4049 4050 4051 4052 4053
80 1 1 1 393 146 3 171 4017 4016 4015 4014 4013 4012 165 166 167 168 169 170 190 191 192 193 194 195 3891 3890 3889 3888 3887 3886 4054 4058 4059 4060 4061 4055 4062 4063 4064 4065 4056 4066 4067 4068 4069 4057 4070 4071 4072 4073 4074 4078 4079 4075 4080 4081 4076 4082 4083 4077 4084 4085 4086 4087 4088 4089
