1 0 0 0
2 5 0 0
3 5 1 0
4 0 1 0
5 0.25 0 0
6 0.5 0 0
7 0.75 0 0
8 1 0 0
9 1.25 0 0
10 1.5 0 0
11 1.75 0 0
12 2 0 0
13 2.25 0 0
14 2.5 0 0
15 2.75 0 0
16 3 0 0
17 3.25 0 0
18 3.5 0 0
19 3.75 0 0
20 4 0 0
21 4.25 0 0
22 4.5 0 0
23 4.75 0 0
24 0.0833333333333333 0 0
25 0.166666666666667 0 0
26 0.333333333333333 0 0
27 0.416666666666667 0 0
28 0.583333333333333 0 0
29 0.666666666666667 0 0
30 0.833333333333333 0 0
31 0.916666666666667 0 0
32 1.08333333333333 0 0
33 1.16666666666667 0 0
34 1.33333333333333 0 0
35 1.41666666666667 0 0
36 1.58333333333333 0 0
37 1.66666666666667 0 0
38 1.83333333333333 0 0
39 1.91666666666667 0 0
40 2.08333333333333 0 0
41 2.16666666666667 0 0
42 2.33333333333333 0 0
43 2.41666666666667 0 0
44 2.58333333333333 0 0
45 2.66666666666667 0 0
46 2.83333333333333 0 0
47 2.91666666666667 0 0
48 3.08333333333333 0 0
49 3.16666666666667 0 0
50 3.33333333333333 0 0
51 3.41666666666667 0 0
52 3.58333333333333 0 0
53 3.66666666666667 0 0
54 3.83333333333333 0 0
55 3.91666666666667 0 0
56 4.08333333333333 0 0
57 4.16666666666667 0 0
58 4.33333333333333 0 0
59 4.41666666666667 0 0
60 4.58333333333333 0 0
61 4.66666666666667 0 0
62 4.83333333333333 0 0
63 4.91666666666667 0 0
64 5 0.25 0
65 5 0.5 0
66 5 0.75 0
67 5 0.0833333333333333 0
68 5 0.166666666666667 0
69 5 0.333333333333333 0
70 5 0.416666666666667 0
71 5 0.583333333333333 0
72 5 0.666666666666667 0
73 5 0.833333333333333 0
74 5 0.916666666666667 0
75 4.75 1 0
76 4.5 1 0
77 4.25 1 0
78 4 1 0
79 3.75 1 0
80 3.5 1 0
81 3.25 1 0
82 3 1 0
83 2.75 1 0
84 2.5 1 0
85 2.25 1 0
86 2 1 0
87 1.75 1 0
88 1.5 1 0
89 1.25 1 0
90 1 1 0
91 0.75 1 0
92 0.5 1 0
93 0.25 1 0
94 4.91666666666667 1 0
95 4.83333333333333 1 0
96 4.66666666666667 1 0
97 4.58333333333333 1 0
98 4.41666666666667 1 0
99 4.33333333333333 1 0
100 4.16666666666667 1 0
101 4.08333333333333 1 0
102 3.91666666666667 1 0
103 3.83333333333333 1 0
104 3.66666666666667 1 0
105 3.58333333333333 1 0
106 3.41666666666667 1 0
107 3.33333333333333 1 0
108 3.16666666666667 1 0
109 3.08333333333333 1 0
110 2.91666666666667 1 0
111 2.83333333333333 1 0
112 2.66666666666667 1 0
113 2.58333333333333 1 0
114 2.41666666666667 1 0
115 2.33333333333333 1 0
116 2.16666666666667 1 0
117 2.08333333333333 1 0
118 1.91666666666667 1 0
119 1.83333333333333 1 0
120 1.66666666666667 1 0
121 1.58333333333333 1 0
122 1.41666666666667 1 0
123 1.33333333333333 1 0
124 1.16666666666667 1 0
125 1.08333333333333 1 0
126 0.916666666666667 1 0
127 0.833333333333334 1 0
128 0.666666666666667 1 0
129 0.583333333333334 1 0
130 0.416666666666667 1 0
131 0.333333333333334 1 0
132 0.166666666666667 1 0
133 0.0833333333333339 1 0
134 0 0.75 0
135 0 0.5 0
136 0 0.25 0
137 0 0.916666666666667 0
138 0 0.833333333333333 0
139 0 0.666666666666667 0
140 0 0.583333333333333 0
141 0 0.416666666666667 0
142 0 0.333333333333333 0
143 0 0.166666666666667 0
144 0 0.0833333333333334 0
145 0.25 0.25 0
146 0.25 0.5 0
147 0.25 0.75 0
148 0.5 0.25 0
149 0.5 0.5 0
150 0.5 0.75 0
151 0.75 0.25 0
152 0.75 0.5 0
153 0.75 0.75 0
154 1 0.25 0
155 1 0.5 0
156 1 0.75 0
157 1.25 0.25 0
158 1.25 0.5 0
159 1.25 0.75 0
160 1.5 0.25 0
161 1.5 0.5 0
162 1.5 0.75 0
163 1.75 0.25 0
164 1.75 0.5 0
165 1.75 0.75 0
166 2 0.25 0
167 2 0.5 0
168 2 0.75 0
169 2.25 0.25 0
170 2.25 0.5 0
171 2.25 0.75 0
172 2.5 0.25 0
173 2.5 0.5 0
174 2.5 0.75 0
175 2.75 0.25 0
176 2.75 0.5 0
177 2.75 0.75 0
178 3 0.25 0
179 3 0.5 0
180 3 0.75 0
181 3.25 0.25 0
182 3.25 0.5 0
183 3.25 0.75 0
184 3.5 0.25 0
185 3.5 0.5 0
186 3.5 0.75 0
187 3.75 0.25 0
188 3.75 0.5 0
189 3.75 0.75 0
190 4 0.25 0
191 4 0.5 0
192 4 0.75 0
193 4.25 0.25 0
194 4.25 0.5 0
195 4.25 0.75 0
196 4.5 0.25 0
197 4.5 0.5 0
198 4.5 0.75 0
199 4.75 0.25 0
200 4.75 0.5 0
201 4.75 0.75 0
202 0.25 0.0833333333333333 0
203 0.25 0.166666666666667 0
204 0.166666666666666 0.25 0
205 0.0833333333333335 0.25 0
206 0.0833333333333334 0.0833333333333333 0
207 0.166666666666667 0.0833333333333333 0
208 0.166666666666667 0.166666666666667 0
209 0.0833333333333334 0.166666666666667 0
210 0.25 0.333333333333333 0
211 0.25 0.416666666666667 0
212 0.166666666666666 0.5 0
213 0.0833333333333335 0.5 0
214 0.0833333333333335 0.333333333333333 0
215 0.166666666666666 0.333333333333333 0
216 0.166666666666666 0.416666666666667 0
217 0.0833333333333335 0.416666666666667 0
218 0.25 0.583333333333333 0
219 0.25 0.666666666666667 0
220 0.166666666666666 0.75 0
221 0.0833333333333335 0.75 0
222 0.0833333333333335 0.583333333333333 0
223 0.166666666666666 0.583333333333333 0
224 0.166666666666666 0.666666666666667 0
225 0.0833333333333335 0.666666666666667 0
226 0.25 0.833333333333333 0
227 0.25 0.916666666666667 0
228 0.0833333333333336 0.833333333333333 0
229 0.166666666666667 0.833333333333333 0
230 0.166666666666667 0.916666666666667 0
231 0.0833333333333338 0.916666666666667 0
232 0.5 0.0833333333333333 0
233 0.5 0.166666666666667 0
234 0.416666666666667 0.25 0
235 0.333333333333333 0.25 0
236 0.333333333333333 0.0833333333333333 0
237 0.416666666666667 0.0833333333333333 0
238 0.416666666666667 0.166666666666667 0
239 0.333333333333333 0.166666666666667 0
240 0.5 0.333333333333333 0
241 0.5 0.416666666666667 0
242 0.416666666666667 0.5 0
243 0.333333333333333 0.5 0
244 0.333333333333333 0.333333333333333 0
245 0.416666666666667 0.333333333333333 0
246 0.416666666666667 0.416666666666667 0
247 0.333333333333333 0.416666666666667 0
248 0.5 0.583333333333333 0
249 0.5 0.666666666666667 0
250 0.416666666666667 0.75 0
251 0.333333333333333 0.75 0
252 0.333333333333333 0.583333333333333 0
253 0.416666666666667 0.583333333333333 0
254 0.416666666666667 0.666666666666667 0
255 0.333333333333333 0.666666666666667 0
256 0.5 0.833333333333333 0
257 0.5 0.916666666666667 0
258 0.333333333333334 0.833333333333333 0
259 0.416666666666667 0.833333333333333 0
260 0.416666666666667 0.916666666666667 0
261 0.333333333333334 0.916666666666667 0
262 0.75 0.0833333333333333 0
263 0.75 0.166666666666667 0
264 0.666666666666667 0.25 0
265 0.583333333333333 0.25 0
266 0.583333333333333 0.0833333333333333 0
267 0.666666666666667 0.0833333333333333 0
268 0.666666666666667 0.166666666666667 0
269 0.583333333333333 0.166666666666667 0
270 0.75 0.333333333333333 0
271 0.75 0.416666666666667 0
272 0.666666666666667 0.5 0
273 0.583333333333333 0.5 0
274 0.583333333333333 0.333333333333333 0
275 0.666666666666667 0.333333333333333 0
276 0.666666666666667 0.416666666666667 0
277 0.583333333333333 0.416666666666667 0
278 0.75 0.583333333333333 0
279 0.75 0.666666666666667 0
280 0.666666666666667 0.75 0
281 0.583333333333333 0.75 0
282 0.583333333333333 0.583333333333333 0
283 0.666666666666667 0.583333333333333 0
284 0.666666666666667 0.666666666666667 0
285 0.583333333333333 0.666666666666667 0
286 0.75 0.833333333333333 0
287 0.75 0.916666666666667 0
288 0.583333333333333 0.833333333333333 0
289 0.666666666666667 0.833333333333333 0
290 0.666666666666667 0.916666666666667 0
291 0.583333333333334 0.916666666666667 0
292 1 0.0833333333333333 0
293 1 0.166666666666667 0
294 0.916666666666667 0.25 0
295 0.833333333333333 0.25 0
296 0.833333333333333 0.0833333333333333 0
297 0.916666666666667 0.0833333333333333 0
298 0.916666666666667 0.166666666666667 0
299 0.833333333333333 0.166666666666667 0
300 1 0.333333333333333 0
301 1 0.416666666666667 0
302 0.916666666666667 0.5 0
303 0.833333333333333 0.5 0
304 0.833333333333333 0.333333333333333 0
305 0.916666666666667 0.333333333333333 0
306 0.916666666666667 0.416666666666667 0
307 0.833333333333333 0.416666666666667 0
308 1 0.583333333333333 0
309 1 0.666666666666667 0
310 0.916666666666667 0.75 0
311 0.833333333333333 0.75 0
312 0.833333333333333 0.583333333333333 0
313 0.916666666666667 0.583333333333333 0
314 0.916666666666667 0.666666666666667 0
315 0.833333333333333 0.666666666666667 0
316 1 0.833333333333333 0
317 1 0.916666666666667 0
318 0.833333333333333 0.833333333333333 0
319 0.916666666666667 0.833333333333333 0
320 0.916666666666667 0.916666666666667 0
321 0.833333333333334 0.916666666666667 0
322 1.25 0.0833333333333333 0
323 1.25 0.166666666666667 0
324 1.16666666666667 0.25 0
325 1.08333333333333 0.25 0
326 1.08333333333333 0.0833333333333333 0
327 1.16666666666667 0.0833333333333333 0
328 1.16666666666667 0.166666666666667 0
329 1.08333333333333 0.166666666666667 0
330 1.25 0.333333333333333 0
331 1.25 0.416666666666667 0
332 1.16666666666667 0.5 0
333 1.08333333333333 0.5 0
334 1.08333333333333 0.333333333333333 0
335 1.16666666666667 0.333333333333333 0
336 1.16666666666667 0.416666666666667 0
337 1.08333333333333 0.416666666666667 0
338 1.25 0.583333333333333 0
339 1.25 0.666666666666667 0
340 1.16666666666667 0.75 0
341 1.08333333333333 0.75 0
342 1.08333333333333 0.583333333333333 0
343 1.16666666666667 0.583333333333333 0
344 1.16666666666667 0.666666666666667 0
345 1.08333333333333 0.666666666666667 0
346 1.25 0.833333333333333 0
347 1.25 0.916666666666667 0
348 1.08333333333333 0.833333333333333 0
349 1.16666666666667 0.833333333333333 0
350 1.16666666666667 0.916666666666667 0
351 1.08333333333333 0.916666666666667 0
352 1.5 0.0833333333333333 0
353 1.5 0.166666666666667 0
354 1.41666666666667 0.25 0
355 1.33333333333333 0.25 0
356 1.33333333333333 0.0833333333333333 0
357 1.41666666666667 0.0833333333333333 0
358 1.41666666666667 0.166666666666667 0
359 1.33333333333333 0.166666666666667 0
360 1.5 0.333333333333333 0
361 1.5 0.416666666666667 0
362 1.41666666666667 0.5 0
363 1.33333333333333 0.5 0
364 1.33333333333333 0.333333333333333 0
365 1.41666666666667 0.333333333333333 0
366 1.41666666666667 0.416666666666667 0
367 1.33333333333333 0.416666666666667 0
368 1.5 0.583333333333333 0
369 1.5 0.666666666666667 0
370 1.41666666666667 0.75 0
371 1.33333333333333 0.75 0
372 1.33333333333333 0.583333333333333 0
373 1.41666666666667 0.583333333333333 0
374 1.41666666666667 0.666666666666667 0
375 1.33333333333333 0.666666666666667 0
376 1.5 0.833333333333333 0
377 1.5 0.916666666666667 0
378 1.33333333333333 0.833333333333333 0
379 1.41666666666667 0.833333333333333 0
380 1.41666666666667 0.916666666666667 0
381 1.33333333333333 0.916666666666667 0
382 1.75 0.0833333333333333 0
383 1.75 0.166666666666667 0
384 1.66666666666667 0.25 0
385 1.58333333333333 0.25 0
386 1.58333333333333 0.0833333333333333 0
387 1.66666666666667 0.0833333333333333 0
388 1.66666666666667 0.166666666666667 0
389 1.58333333333333 0.166666666666667 0
390 1.75 0.333333333333333 0
391 1.75 0.416666666666667 0
392 1.66666666666667 0.5 0
393 1.58333333333333 0.5 0
394 1.58333333333333 0.333333333333333 0
395 1.66666666666667 0.333333333333333 0
396 1.66666666666667 0.416666666666667 0
397 1.58333333333333 0.416666666666667 0
398 1.75 0.583333333333333 0
399 1.75 0.666666666666667 0
400 1.66666666666667 0.75 0
401 1.58333333333333 0.75 0
402 1.58333333333333 0.583333333333333 0
403 1.66666666666667 0.583333333333333 0
404 1.66666666666667 0.666666666666667 0
405 1.58333333333333 0.666666666666667 0
406 1.75 0.833333333333333 0
407 1.75 0.916666666666667 0
408 1.58333333333333 0.833333333333333 0
409 1.66666666666667 0.833333333333333 0
410 1.66666666666667 0.916666666666667 0
411 1.58333333333333 0.916666666666667 0
412 2 0.0833333333333333 0
413 2 0.166666666666667 0
414 1.91666666666667 0.25 0
415 1.83333333333333 0.25 0
416 1.83333333333333 0.0833333333333333 0
417 1.91666666666667 0.0833333333333333 0
418 1.91666666666667 0.166666666666667 0
419 1.83333333333333 0.166666666666667 0
420 2 0.333333333333333 0
421 2 0.416666666666667 0
422 1.91666666666667 0.5 0
423 1.83333333333333 0.5 0
424 1.83333333333333 0.333333333333333 0
425 1.91666666666667 0.333333333333333 0
426 1.91666666666667 0.416666666666667 0
427 1.83333333333333 0.416666666666667 0
428 2 0.583333333333333 0
429 2 0.666666666666667 0
430 1.91666666666667 0.75 0
431 1.83333333333333 0.75 0
432 1.83333333333333 0.583333333333333 0
433 1.91666666666667 0.583333333333333 0
434 1.91666666666667 0.666666666666667 0
435 1.83333333333333 0.666666666666667 0
436 2 0.833333333333333 0
437 2 0.916666666666667 0
438 1.83333333333333 0.833333333333333 0
439 1.91666666666667 0.833333333333333 0
440 1.91666666666667 0.916666666666667 0
441 1.83333333333333 0.916666666666667 0
442 2.25 0.0833333333333333 0
443 2.25 0.166666666666667 0
444 2.16666666666667 0.25 0
445 2.08333333333333 0.25 0
446 2.08333333333333 0.0833333333333333 0
447 2.16666666666667 0.0833333333333333 0
448 2.16666666666667 0.166666666666667 0
449 2.08333333333333 0.166666666666667 0
450 2.25 0.333333333333333 0
451 2.25 0.416666666666667 0
452 2.16666666666667 0.5 0
453 2.08333333333333 0.5 0
454 2.08333333333333 0.333333333333333 0
455 2.16666666666667 0.333333333333333 0
456 2.16666666666667 0.416666666666667 0
457 2.08333333333333 0.416666666666667 0
458 2.25 0.583333333333333 0
459 2.25 0.666666666666667 0
460 2.16666666666667 0.75 0
461 2.08333333333333 0.75 0
462 2.08333333333333 0.583333333333333 0
463 2.16666666666667 0.583333333333333 0
464 2.16666666666667 0.666666666666667 0
465 2.08333333333333 0.666666666666667 0
466 2.25 0.833333333333333 0
467 2.25 0.916666666666667 0
468 2.08333333333333 0.833333333333333 0
469 2.16666666666667 0.833333333333333 0
470 2.16666666666667 0.916666666666667 0
471 2.08333333333333 0.916666666666667 0
472 2.5 0.0833333333333333 0
473 2.5 0.166666666666667 0
474 2.41666666666667 0.25 0
475 2.33333333333333 0.25 0
476 2.33333333333333 0.0833333333333333 0
477 2.41666666666667 0.0833333333333333 0
478 2.41666666666667 0.166666666666667 0
479 2.33333333333333 0.166666666666667 0
480 2.5 0.333333333333333 0
481 2.5 0.416666666666667 0
482 2.41666666666667 0.5 0
483 2.33333333333333 0.5 0
484 2.33333333333333 0.333333333333333 0
485 2.41666666666667 0.333333333333333 0
486 2.41666666666667 0.416666666666667 0
487 2.33333333333333 0.416666666666667 0
488 2.5 0.583333333333333 0
489 2.5 0.666666666666667 0
490 2.41666666666667 0.75 0
491 2.33333333333333 0.75 0
492 2.33333333333333 0.583333333333333 0
493 2.41666666666667 0.583333333333333 0
494 2.41666666666667 0.666666666666667 0
495 2.33333333333333 0.666666666666667 0
496 2.5 0.833333333333333 0
497 2.5 0.916666666666667 0
498 2.33333333333333 0.833333333333333 0
499 2.41666666666667 0.833333333333333 0
500 2.41666666666667 0.916666666666667 0
501 2.33333333333333 0.916666666666667 0
502 2.75 0.0833333333333333 0
503 2.75 0.166666666666667 0
504 2.66666666666667 0.25 0
505 2.58333333333333 0.25 0
506 2.58333333333333 0.0833333333333333 0
507 2.66666666666667 0.0833333333333333 0
508 2.66666666666667 0.166666666666667 0
509 2.58333333333333 0.166666666666667 0
510 2.75 0.333333333333333 0
511 2.75 0.416666666666667 0
512 2.66666666666667 0.5 0
513 2.58333333333333 0.5 0
514 2.58333333333333 0.333333333333333 0
515 2.66666666666667 0.333333333333333 0
516 2.66666666666667 0.416666666666667 0
517 2.58333333333333 0.416666666666667 0
518 2.75 0.583333333333333 0
519 2.75 0.666666666666667 0
520 2.66666666666667 0.75 0
521 2.58333333333333 0.75 0
522 2.58333333333333 0.583333333333333 0
523 2.66666666666667 0.583333333333333 0
524 2.66666666666667 0.666666666666667 0
525 2.58333333333333 0.666666666666667 0
526 2.75 0.833333333333333 0
527 2.75 0.916666666666667 0
528 2.58333333333333 0.833333333333333 0
529 2.66666666666667 0.833333333333333 0
530 2.66666666666667 0.916666666666667 0
531 2.58333333333333 0.916666666666667 0
532 3 0.0833333333333333 0
533 3 0.166666666666667 0
534 2.91666666666667 0.25 0
535 2.83333333333333 0.25 0
536 2.83333333333333 0.0833333333333333 0
537 2.91666666666667 0.0833333333333333 0
538 2.91666666666667 0.166666666666667 0
539 2.83333333333333 0.166666666666667 0
540 3 0.333333333333333 0
541 3 0.416666666666667 0
542 2.91666666666667 0.5 0
543 2.83333333333333 0.5 0
544 2.83333333333333 0.333333333333333 0
545 2.91666666666667 0.333333333333333 0
546 2.91666666666667 0.416666666666667 0
547 2.83333333333333 0.416666666666667 0
548 3 0.583333333333333 0
549 3 0.666666666666667 0
550 2.91666666666667 0.75 0
551 2.83333333333333 0.75 0
552 2.83333333333333 0.583333333333333 0
553 2.91666666666667 0.583333333333333 0
554 2.91666666666667 0.666666666666667 0
555 2.83333333333333 0.666666666666667 0
556 3 0.833333333333333 0
557 3 0.916666666666667 0
558 2.83333333333333 0.833333333333333 0
559 2.91666666666667 0.833333333333333 0
560 2.91666666666667 0.916666666666667 0
561 2.83333333333333 0.916666666666667 0
562 3.25 0.0833333333333333 0
563 3.25 0.166666666666667 0
564 3.16666666666667 0.25 0
565 3.08333333333333 0.25 0
566 3.08333333333333 0.0833333333333333 0
567 3.16666666666667 0.0833333333333333 0
568 3.16666666666667 0.166666666666667 0
569 3.08333333333333 0.166666666666667 0
570 3.25 0.333333333333333 0
571 3.25 0.416666666666667 0
572 3.16666666666667 0.5 0
573 3.08333333333333 0.5 0
574 3.08333333333333 0.333333333333333 0
575 3.16666666666667 0.333333333333333 0
576 3.16666666666667 0.416666666666667 0
577 3.08333333333333 0.416666666666667 0
578 3.25 0.583333333333333 0
579 3.25 0.666666666666667 0
580 3.16666666666667 0.75 0
581 3.08333333333333 0.75 0
582 3.08333333333333 0.583333333333333 0
583 3.16666666666667 0.583333333333333 0
584 3.16666666666667 0.666666666666667 0
585 3.08333333333333 0.666666666666667 0
586 3.25 0.833333333333333 0
587 3.25 0.916666666666667 0
588 3.08333333333333 0.833333333333333 0
589 3.16666666666667 0.833333333333333 0
590 3.16666666666667 0.916666666666667 0
591 3.08333333333333 0.916666666666667 0
592 3.5 0.0833333333333333 0
593 3.5 0.166666666666667 0
594 3.41666666666667 0.25 0
595 3.33333333333333 0.25 0
596 3.33333333333333 0.0833333333333333 0
597 3.41666666666667 0.0833333333333333 0
598 3.41666666666667 0.166666666666667 0
599 3.33333333333333 0.166666666666667 0
600 3.5 0.333333333333333 0
601 3.5 0.416666666666667 0
602 3.41666666666667 0.5 0
603 3.33333333333333 0.5 0
604 3.33333333333333 0.333333333333333 0
605 3.41666666666667 0.333333333333333 0
606 3.41666666666667 0.416666666666667 0
607 3.33333333333333 0.416666666666667 0
608 3.5 0.583333333333333 0
609 3.5 0.666666666666667 0
610 3.41666666666667 0.75 0
611 3.33333333333333 0.75 0
612 3.33333333333333 0.583333333333333 0
613 3.41666666666667 0.583333333333333 0
614 3.41666666666667 0.666666666666667 0
615 3.33333333333333 0.666666666666667 0
616 3.5 0.833333333333333 0
617 3.5 0.916666666666667 0
618 3.33333333333333 0.833333333333333 0
619 3.41666666666667 0.833333333333333 0
620 3.41666666666667 0.916666666666667 0
621 3.33333333333333 0.916666666666667 0
622 3.75 0.0833333333333333 0
623 3.75 0.166666666666667 0
624 3.66666666666667 0.25 0
625 3.58333333333333 0.25 0
626 3.58333333333333 0.0833333333333333 0
627 3.66666666666667 0.0833333333333333 0
628 3.66666666666667 0.166666666666667 0
629 3.58333333333333 0.166666666666667 0
630 3.75 0.333333333333333 0
631 3.75 0.416666666666667 0
632 3.66666666666667 0.5 0
633 3.58333333333333 0.5 0
634 3.58333333333333 0.333333333333333 0
635 3.66666666666667 0.333333333333333 0
636 3.66666666666667 0.416666666666667 0
637 3.58333333333333 0.416666666666667 0
638 3.75 0.583333333333333 0
639 3.75 0.666666666666667 0
640 3.66666666666667 0.75 0
641 3.58333333333333 0.75 0
642 3.58333333333333 0.583333333333333 0
643 3.66666666666667 0.583333333333333 0
644 3.66666666666667 0.666666666666667 0
645 3.58333333333333 0.666666666666667 0
646 3.75 0.833333333333333 0
647 3.75 0.916666666666667 0
648 3.58333333333333 0.833333333333333 0
649 3.66666666666667 0.833333333333333 0
650 3.66666666666667 0.916666666666667 0
651 3.58333333333333 0.916666666666667 0
652 4 0.0833333333333333 0
653 4 0.166666666666667 0
654 3.91666666666667 0.25 0
655 3.83333333333333 0.25 0
656 3.83333333333333 0.0833333333333333 0
657 3.91666666666667 0.0833333333333333 0
658 3.91666666666667 0.166666666666667 0
659 3.83333333333333 0.166666666666667 0
660 4 0.333333333333333 0
661 4 0.416666666666667 0
662 3.91666666666667 0.5 0
663 3.83333333333333 0.5 0
664 3.83333333333333 0.333333333333333 0
665 3.91666666666667 0.333333333333333 0
666 3.91666666666667 0.416666666666667 0
667 3.83333333333333 0.416666666666667 0
668 4 0.583333333333333 0
669 4 0.666666666666667 0
670 3.91666666666667 0.75 0
671 3.83333333333333 0.75 0
672 3.83333333333333 0.583333333333333 0
673 3.91666666666667 0.583333333333333 0
674 3.91666666666667 0.666666666666667 0
675 3.83333333333333 0.666666666666667 0
676 4 0.833333333333333 0
677 4 0.916666666666667 0
678 3.83333333333333 0.833333333333333 0
679 3.91666666666667 0.833333333333333 0
680 3.91666666666667 0.916666666666667 0
681 3.83333333333333 0.916666666666667 0
682 4.25 0.0833333333333333 0
683 4.25 0.166666666666667 0
684 4.16666666666667 0.25 0
685 4.08333333333333 0.25 0
686 4.08333333333333 0.0833333333333333 0
687 4.16666666666667 0.0833333333333333 0
688 4.16666666666667 0.166666666666667 0
689 4.08333333333333 0.166666666666667 0
690 4.25 0.333333333333333 0
691 4.25 0.416666666666667 0
692 4.16666666666667 0.5 0
693 4.08333333333333 0.5 0
694 4.08333333333333 0.333333333333333 0
695 4.16666666666667 0.333333333333333 0
696 4.16666666666667 0.416666666666667 0
697 4.08333333333333 0.416666666666667 0
698 4.25 0.583333333333333 0
699 4.25 0.666666666666667 0
700 4.16666666666667 0.75 0
701 4.08333333333333 0.75 0
702 4.08333333333333 0.583333333333333 0
703 4.16666666666667 0.583333333333333 0
704 4.16666666666667 0.666666666666667 0
705 4.08333333333333 0.666666666666667 0
706 4.25 0.833333333333333 0
707 4.25 0.916666666666667 0
708 4.08333333333333 0.833333333333333 0
709 4.16666666666667 0.833333333333333 0
710 4.16666666666667 0.916666666666667 0
711 4.08333333333333 0.916666666666667 0
712 4.5 0.0833333333333333 0
713 4.5 0.166666666666667 0
714 4.41666666666667 0.25 0
715 4.33333333333333 0.25 0
716 4.33333333333333 0.0833333333333333 0
717 4.41666666666667 0.0833333333333333 0
718 4.41666666666667 0.166666666666667 0
719 4.33333333333333 0.166666666666667 0
720 4.5 0.333333333333333 0
721 4.5 0.416666666666667 0
722 4.41666666666667 0.5 0
723 4.33333333333333 0.5 0
724 4.33333333333333 0.333333333333333 0
725 4.41666666666667 0.333333333333333 0
726 4.41666666666667 0.416666666666667 0
727 4.33333333333333 0.416666666666667 0
728 4.5 0.583333333333333 0
729 4.5 0.666666666666667 0
730 4.41666666666667 0.75 0
731 4.33333333333333 0.75 0
732 4.33333333333333 0.583333333333333 0
733 4.41666666666667 0.583333333333333 0
734 4.41666666666667 0.666666666666667 0
735 4.33333333333333 0.666666666666667 0
736 4.5 0.833333333333333 0
737 4.5 0.916666666666667 0
738 4.33333333333333 0.833333333333333 0
739 4.41666666666667 0.833333333333333 0
740 4.41666666666667 0.916666666666667 0
741 4.33333333333333 0.916666666666667 0
742 4.75 0.0833333333333333 0
743 4.75 0.166666666666667 0
744 4.66666666666667 0.25 0
745 4.58333333333333 0.25 0
746 4.58333333333333 0.0833333333333333 0
747 4.66666666666667 0.0833333333333333 0
748 4.66666666666667 0.166666666666667 0
749 4.58333333333333 0.166666666666667 0
750 4.75 0.333333333333333 0
751 4.75 0.416666666666667 0
752 4.66666666666667 0.5 0
753 4.58333333333333 0.5 0
754 4.58333333333333 0.333333333333333 0
755 4.66666666666667 0.333333333333333 0
756 4.66666666666667 0.416666666666667 0
757 4.58333333333333 0.416666666666667 0
758 4.75 0.583333333333333 0
759 4.75 0.666666666666667 0
760 4.66666666666667 0.75 0
761 4.58333333333333 0.75 0
762 4.58333333333333 0.583333333333333 0
763 4.66666666666667 0.583333333333333 0
764 4.66666666666667 0.666666666666667 0
765 4.58333333333333 0.666666666666667 0
766 4.75 0.833333333333333 0
767 4.75 0.916666666666667 0
768 4.58333333333333 0.833333333333333 0
769 4.66666666666667 0.833333333333333 0
770 4.66666666666667 0.916666666666667 0
771 4.58333333333333 0.916666666666667 0
772 4.91666666666667 0.25 0
773 4.83333333333333 0.25 0
774 4.83333333333333 0.0833333333333333 0
775 4.91666666666667 0.0833333333333333 0
776 4.91666666666667 0.166666666666667 0
777 4.83333333333333 0.166666666666667 0
778 4.91666666666667 0.5 0
779 4.83333333333333 0.5 0
780 4.83333333333333 0.333333333333333 0
781 4.91666666666667 0.333333333333333 0
782 4.91666666666667 0.416666666666667 0
783 4.83333333333333 0.416666666666667 0
784 4.91666666666667 0.75 0
785 4.83333333333333 0.75 0
786 4.83333333333333 0.583333333333333 0
787 4.91666666666667 0.583333333333333 0
788 4.91666666666667 0.666666666666667 0
789 4.83333333333333 0.666666666666667 0
790 4.83333333333333 0.833333333333333 0
791 4.91666666666667 0.833333333333333 0
792 4.91666666666667 0.916666666666667 0
793 4.83333333333333 0.916666666666667 0
