1 1 1 1 1 5 660 368 84 1570 1571 384 1572
2 1 1 1 5 6 658 660 85 1573 1574 1570 1575
3 1 1 1 660 658 444 659 1574 1576 1577 1578 1579
4 1 1 1 368 660 659 367 1571 1578 1580 383 1581
5 1 1 1 6 7 663 658 86 1582 1583 1573 1584
6 1 1 1 7 8 661 663 87 1585 1586 1582 1587
7 1 1 1 663 661 442 662 1586 1588 1589 1590 1591
8 1 1 1 658 663 662 444 1583 1590 1592 1576 1593
9 1 1 1 444 662 667 666 1592 1594 1595 1596 1597
10 1 1 1 662 442 664 667 1589 1598 1599 1594 1600
11 1 1 1 667 664 385 665 1599 1601 1602 1603 1604
12 1 1 1 666 667 665 443 1595 1603 1605 1606 1607
13 1 1 1 367 659 669 366 1580 1608 1609 382 1610
14 1 1 1 659 444 666 669 1577 1596 1611 1608 1612
15 1 1 1 669 666 443 668 1611 1606 1613 1614 1615
16 1 1 1 366 669 668 365 1609 1614 1616 381 1617
17 1 1 1 365 668 672 364 1616 1618 1619 380 1620
18 1 1 1 668 443 670 672 1613 1621 1622 1618 1623
19 1 1 1 672 670 447 671 1622 1624 1625 1626 1627
20 1 1 1 364 672 671 363 1619 1626 1628 379 1629
21 1 1 1 443 665 675 670 1605 1630 1631 1621 1632
22 1 1 1 665 385 673 675 1602 1633 1634 1630 1635
23 1 1 1 675 673 445 674 1634 1636 1637 1638 1639
24 1 1 1 670 675 674 447 1631 1638 1640 1624 1641
25 1 1 1 447 674 679 678 1640 1642 1643 1644 1645
26 1 1 1 674 445 676 679 1637 1646 1647 1642 1648
27 1 1 1 679 676 386 677 1647 1649 1650 1651 1652
28 1 1 1 678 679 677 446 1643 1651 1653 1654 1655
29 1 1 1 363 671 681 362 1628 1656 1657 378 1658
30 1 1 1 671 447 678 681 1625 1644 1659 1656 1660
31 1 1 1 681 678 446 680 1659 1654 1661 1662 1663
32 1 1 1 362 681 680 361 1657 1662 1664 377 1665
33 1 1 1 361 680 684 360 1664 1666 1667 376 1668
34 1 1 1 680 446 682 684 1661 1669 1670 1666 1671
35 1 1 1 684 682 450 683 1670 1672 1673 1674 1675
36 1 1 1 360 684 683 359 1667 1674 1676 375 1677
37 1 1 1 446 677 687 682 1653 1678 1679 1669 1680
38 1 1 1 677 386 685 687 1650 1681 1682 1678 1683
39 1 1 1 687 685 448 686 1682 1684 1685 1686 1687
40 1 1 1 682 687 686 450 1679 1686 1688 1672 1689
41 1 1 1 450 686 691 690 1688 1690 1691 1692 1693
42 1 1 1 686 448 688 691 1685 1694 1695 1690 1696
43 1 1 1 691 688 387 689 1695 1697 1698 1699 1700
44 1 1 1 690 691 689 449 1691 1699 1701 1702 1703
45 1 1 1 359 683 693 358 1676 1704 1705 374 1706
46 1 1 1 683 450 690 693 1673 1692 1707 1704 1708
47 1 1 1 693 690 449 692 1707 1702 1709 1710 1711
48 1 1 1 358 693 692 357 1705 1710 1712 373 1713
49 1 1 1 357 692 696 356 1712 1714 1715 372 1716
50 1 1 1 692 449 694 696 1709 1717 1718 1714 1719
51 1 1 1 696 694 452 695 1718 1720 1721 1722 1723
52 1 1 1 356 696 695 355 1715 1722 1724 371 1725
53 1 1 1 449 689 699 694 1701 1726 1727 1717 1728
54 1 1 1 689 387 697 699 1698 1729 1730 1726 1731
55 1 1 1 699 697 451 698 1730 1732 1733 1734 1735
56 1 1 1 694 699 698 452 1727 1734 1736 1720 1737
57 1 1 1 452 698 702 701 1736 1738 1739 1740 1741
58 1 1 1 698 451 700 702 1733 1742 1743 1738 1744
59 1 1 1 702 700 270 271 1743 1745 350 1746 1747
60 1 1 1 701 702 271 272 1739 1746 351 1748 1749
61 1 1 1 355 695 703 354 1724 1750 1751 370 1752
62 1 1 1 695 452 701 703 1721 1740 1753 1750 1754
63 1 1 1 703 701 272 273 1753 1748 352 1755 1756
64 1 1 1 354 703 273 4 1751 1755 353 369 1757
65 1 1 1 8 9 706 661 88 1758 1759 1585 1760
66 1 1 1 9 10 704 706 89 1761 1762 1758 1763
67 1 1 1 706 704 455 705 1762 1764 1765 1766 1767
68 1 1 1 661 706 705 442 1759 1766 1768 1588 1769
69 1 1 1 10 11 709 704 90 1770 1771 1761 1772
70 1 1 1 11 12 707 709 91 1773 1774 1770 1775
71 1 1 1 709 707 453 708 1774 1776 1777 1778 1779
72 1 1 1 704 709 708 455 1771 1778 1780 1764 1781
73 1 1 1 455 708 713 712 1780 1782 1783 1784 1785
74 1 1 1 708 453 710 713 1777 1786 1787 1782 1788
75 1 1 1 713 710 388 711 1787 1789 1790 1791 1792
76 1 1 1 712 713 711 454 1783 1791 1793 1794 1795
77 1 1 1 442 705 715 664 1768 1796 1797 1598 1798
78 1 1 1 705 455 712 715 1765 1784 1799 1796 1800
79 1 1 1 715 712 454 714 1799 1794 1801 1802 1803
80 1 1 1 664 715 714 385 1797 1802 1804 1601 1805
81 1 1 1 385 714 718 673 1804 1806 1807 1633 1808
82 1 1 1 714 454 716 718 1801 1809 1810 1806 1811
83 1 1 1 718 716 458 717 1810 1812 1813 1814 1815
84 1 1 1 673 718 717 445 1807 1814 1816 1636 1817
85 1 1 1 454 711 721 716 1793 1818 1819 1809 1820
86 1 1 1 711 388 719 721 1790 1821 1822 1818 1823
87 1 1 1 721 719 456 720 1822 1824 1825 1826 1827
88 1 1 1 716 721 720 458 1819 1826 1828 1812 1829
89 1 1 1 458 720 725 724 1828 1830 1831 1832 1833
90 1 1 1 720 456 722 725 1825 1834 1835 1830 1836
91 1 1 1 725 722 389 723 1835 1837 1838 1839 1840
92 1 1 1 724 725 723 457 1831 1839 1841 1842 1843
93 1 1 1 445 717 727 676 1816 1844 1845 1646 1846
94 1 1 1 717 458 724 727 1813 1832 1847 1844 1848
95 1 1 1 727 724 457 726 1847 1842 1849 1850 1851
96 1 1 1 676 727 726 386 1845 1850 1852 1649 1853
97 1 1 1 386 726 730 685 1852 1854 1855 1681 1856
98 1 1 1 726 457 728 730 1849 1857 1858 1854 1859
99 1 1 1 730 728 461 729 1858 1860 1861 1862 1863
100 1 1 1 685 730 729 448 1855 1862 1864 1684 1865
101 1 1 1 457 723 733 728 1841 1866 1867 1857 1868
102 1 1 1 723 389 731 733 1838 1869 1870 1866 1871
103 1 1 1 733 731 459 732 1870 1872 1873 1874 1875
104 1 1 1 728 733 732 461 1867 1874 1876 1860 1877
105 1 1 1 461 732 737 736 1876 1878 1879 1880 1881
106 1 1 1 732 459 734 737 1873 1882 1883 1878 1884
107 1 1 1 737 734 390 735 1883 1885 1886 1887 1888
108 1 1 1 736 737 735 460 1879 1887 1889 1890 1891
109 1 1 1 448 729 739 688 1864 1892 1893 1694 1894
110 1 1 1 729 461 736 739 1861 1880 1895 1892 1896
111 1 1 1 739 736 460 738 1895 1890 1897 1898 1899
112 1 1 1 688 739 738 387 1893 1898 1900 1697 1901
113 1 1 1 387 738 742 697 1900 1902 1903 1729 1904
114 1 1 1 738 460 740 742 1897 1905 1906 1902 1907
115 1 1 1 742 740 463 741 1906 1908 1909 1910 1911
116 1 1 1 697 742 741 451 1903 1910 1912 1732 1913
117 1 1 1 460 735 745 740 1889 1914 1915 1905 1916
118 1 1 1 735 390 743 745 1886 1917 1918 1914 1919
119 1 1 1 745 743 462 744 1918 1920 1921 1922 1923
120 1 1 1 740 745 744 463 1915 1922 1924 1908 1925
121 1 1 1 463 744 748 747 1924 1926 1927 1928 1929
122 1 1 1 744 462 746 748 1921 1930 1931 1926 1932
123 1 1 1 748 746 266 267 1931 1933 346 1934 1935
124 1 1 1 747 748 267 268 1927 1934 347 1936 1937
125 1 1 1 451 741 749 700 1912 1938 1939 1742 1940
126 1 1 1 741 463 747 749 1909 1928 1941 1938 1942
127 1 1 1 749 747 268 269 1941 1936 348 1943 1944
128 1 1 1 700 749 269 270 1939 1943 349 1745 1945
129 1 1 1 12 13 752 707 92 1946 1947 1773 1948
130 1 1 1 13 14 750 752 93 1949 1950 1946 1951
131 1 1 1 752 750 466 751 1950 1952 1953 1954 1955
132 1 1 1 707 752 751 453 1947 1954 1956 1776 1957
133 1 1 1 14 15 755 750 94 1958 1959 1949 1960
134 1 1 1 15 16 753 755 95 1961 1962 1958 1963
135 1 1 1 755 753 464 754 1962 1964 1965 1966 1967
136 1 1 1 750 755 754 466 1959 1966 1968 1952 1969
137 1 1 1 466 754 759 758 1968 1970 1971 1972 1973
138 1 1 1 754 464 756 759 1965 1974 1975 1970 1976
139 1 1 1 759 756 391 757 1975 1977 1978 1979 1980
140 1 1 1 758 759 757 465 1971 1979 1981 1982 1983
141 1 1 1 453 751 761 710 1956 1984 1985 1786 1986
142 1 1 1 751 466 758 761 1953 1972 1987 1984 1988
143 1 1 1 761 758 465 760 1987 1982 1989 1990 1991
144 1 1 1 710 761 760 388 1985 1990 1992 1789 1993
145 1 1 1 388 760 764 719 1992 1994 1995 1821 1996
146 1 1 1 760 465 762 764 1989 1997 1998 1994 1999
147 1 1 1 764 762 469 763 1998 2000 2001 2002 2003
148 1 1 1 719 764 763 456 1995 2002 2004 1824 2005
149 1 1 1 465 757 767 762 1981 2006 2007 1997 2008
150 1 1 1 757 391 765 767 1978 2009 2010 2006 2011
151 1 1 1 767 765 467 766 2010 2012 2013 2014 2015
152 1 1 1 762 767 766 469 2007 2014 2016 2000 2017
153 1 1 1 469 766 771 770 2016 2018 2019 2020 2021
154 1 1 1 766 467 768 771 2013 2022 2023 2018 2024
155 1 1 1 771 768 392 769 2023 2025 2026 2027 2028
156 1 1 1 770 771 769 468 2019 2027 2029 2030 2031
157 1 1 1 456 763 773 722 2004 2032 2033 1834 2034
158 1 1 1 763 469 770 773 2001 2020 2035 2032 2036
159 1 1 1 773 770 468 772 2035 2030 2037 2038 2039
160 1 1 1 722 773 772 389 2033 2038 2040 1837 2041
161 1 1 1 389 772 776 731 2040 2042 2043 1869 2044
162 1 1 1 772 468 774 776 2037 2045 2046 2042 2047
163 1 1 1 776 774 472 775 2046 2048 2049 2050 2051
164 1 1 1 731 776 775 459 2043 2050 2052 1872 2053
165 1 1 1 468 769 779 774 2029 2054 2055 2045 2056
166 1 1 1 769 392 777 779 2026 2057 2058 2054 2059
167 1 1 1 779 777 470 778 2058 2060 2061 2062 2063
168 1 1 1 774 779 778 472 2055 2062 2064 2048 2065
169 1 1 1 472 778 783 782 2064 2066 2067 2068 2069
170 1 1 1 778 470 780 783 2061 2070 2071 2066 2072
171 1 1 1 783 780 393 781 2071 2073 2074 2075 2076
172 1 1 1 782 783 781 471 2067 2075 2077 2078 2079
173 1 1 1 459 775 785 734 2052 2080 2081 1882 2082
174 1 1 1 775 472 782 785 2049 2068 2083 2080 2084
175 1 1 1 785 782 471 784 2083 2078 2085 2086 2087
176 1 1 1 734 785 784 390 2081 2086 2088 1885 2089
177 1 1 1 390 784 788 743 2088 2090 2091 1917 2092
178 1 1 1 784 471 786 788 2085 2093 2094 2090 2095
179 1 1 1 788 786 474 787 2094 2096 2097 2098 2099
180 1 1 1 743 788 787 462 2091 2098 2100 1920 2101
181 1 1 1 471 781 791 786 2077 2102 2103 2093 2104
182 1 1 1 781 393 789 791 2074 2105 2106 2102 2107
183 1 1 1 791 789 473 790 2106 2108 2109 2110 2111
184 1 1 1 786 791 790 474 2103 2110 2112 2096 2113
185 1 1 1 474 790 794 793 2112 2114 2115 2116 2117
186 1 1 1 790 473 792 794 2109 2118 2119 2114 2120
187 1 1 1 794 792 262 263 2119 2121 342 2122 2123
188 1 1 1 793 794 263 264 2115 2122 343 2124 2125
189 1 1 1 462 787 795 746 2100 2126 2127 1930 2128
190 1 1 1 787 474 793 795 2097 2116 2129 2126 2130
191 1 1 1 795 793 264 265 2129 2124 344 2131 2132
192 1 1 1 746 795 265 266 2127 2131 345 1933 2133
193 1 1 1 16 17 798 753 96 2134 2135 1961 2136
194 1 1 1 17 18 796 798 97 2137 2138 2134 2139
195 1 1 1 798 796 477 797 2138 2140 2141 2142 2143
196 1 1 1 753 798 797 464 2135 2142 2144 1964 2145
197 1 1 1 18 19 801 796 98 2146 2147 2137 2148
198 1 1 1 19 20 799 801 99 2149 2150 2146 2151
199 1 1 1 801 799 475 800 2150 2152 2153 2154 2155
200 1 1 1 796 801 800 477 2147 2154 2156 2140 2157
201 1 1 1 477 800 805 804 2156 2158 2159 2160 2161
202 1 1 1 800 475 802 805 2153 2162 2163 2158 2164
203 1 1 1 805 802 394 803 2163 2165 2166 2167 2168
204 1 1 1 804 805 803 476 2159 2167 2169 2170 2171
205 1 1 1 464 797 807 756 2144 2172 2173 1974 2174
206 1 1 1 797 477 804 807 2141 2160 2175 2172 2176
207 1 1 1 807 804 476 806 2175 2170 2177 2178 2179
208 1 1 1 756 807 806 391 2173 2178 2180 1977 2181
209 1 1 1 391 806 810 765 2180 2182 2183 2009 2184
210 1 1 1 806 476 808 810 2177 2185 2186 2182 2187
211 1 1 1 810 808 480 809 2186 2188 2189 2190 2191
212 1 1 1 765 810 809 467 2183 2190 2192 2012 2193
213 1 1 1 476 803 813 808 2169 2194 2195 2185 2196
214 1 1 1 803 394 811 813 2166 2197 2198 2194 2199
215 1 1 1 813 811 478 812 2198 2200 2201 2202 2203
216 1 1 1 808 813 812 480 2195 2202 2204 2188 2205
217 1 1 1 480 812 817 816 2204 2206 2207 2208 2209
218 1 1 1 812 478 814 817 2201 2210 2211 2206 2212
219 1 1 1 817 814 395 815 2211 2213 2214 2215 2216
220 1 1 1 816 817 815 479 2207 2215 2217 2218 2219
221 1 1 1 467 809 819 768 2192 2220 2221 2022 2222
222 1 1 1 809 480 816 819 2189 2208 2223 2220 2224
223 1 1 1 819 816 479 818 2223 2218 2225 2226 2227
224 1 1 1 768 819 818 392 2221 2226 2228 2025 2229
225 1 1 1 392 818 822 777 2228 2230 2231 2057 2232
226 1 1 1 818 479 820 822 2225 2233 2234 2230 2235
227 1 1 1 822 820 483 821 2234 2236 2237 2238 2239
228 1 1 1 777 822 821 470 2231 2238 2240 2060 2241
229 1 1 1 479 815 825 820 2217 2242 2243 2233 2244
230 1 1 1 815 395 823 825 2214 2245 2246 2242 2247
231 1 1 1 825 823 481 824 2246 2248 2249 2250 2251
232 1 1 1 820 825 824 483 2243 2250 2252 2236 2253
233 1 1 1 483 824 829 828 2252 2254 2255 2256 2257
234 1 1 1 824 481 826 829 2249 2258 2259 2254 2260
235 1 1 1 829 826 396 827 2259 2261 2262 2263 2264
236 1 1 1 828 829 827 482 2255 2263 2265 2266 2267
237 1 1 1 470 821 831 780 2240 2268 2269 2070 2270
238 1 1 1 821 483 828 831 2237 2256 2271 2268 2272
239 1 1 1 831 828 482 830 2271 2266 2273 2274 2275
240 1 1 1 780 831 830 393 2269 2274 2276 2073 2277
241 1 1 1 393 830 834 789 2276 2278 2279 2105 2280
242 1 1 1 830 482 832 834 2273 2281 2282 2278 2283
243 1 1 1 834 832 485 833 2282 2284 2285 2286 2287
244 1 1 1 789 834 833 473 2279 2286 2288 2108 2289
245 1 1 1 482 827 837 832 2265 2290 2291 2281 2292
246 1 1 1 827 396 835 837 2262 2293 2294 2290 2295
247 1 1 1 837 835 484 836 2294 2296 2297 2298 2299
248 1 1 1 832 837 836 485 2291 2298 2300 2284 2301
249 1 1 1 485 836 840 839 2300 2302 2303 2304 2305
250 1 1 1 836 484 838 840 2297 2306 2307 2302 2308
251 1 1 1 840 838 258 259 2307 2309 338 2310 2311
252 1 1 1 839 840 259 260 2303 2310 339 2312 2313
253 1 1 1 473 833 841 792 2288 2314 2315 2118 2316
254 1 1 1 833 485 839 841 2285 2304 2317 2314 2318
255 1 1 1 841 839 260 261 2317 2312 340 2319 2320
256 1 1 1 792 841 261 262 2315 2319 341 2121 2321
257 1 1 1 20 21 844 799 100 2322 2323 2149 2324
258 1 1 1 21 22 842 844 101 2325 2326 2322 2327
259 1 1 1 844 842 488 843 2326 2328 2329 2330 2331
260 1 1 1 799 844 843 475 2323 2330 2332 2152 2333
261 1 1 1 22 23 847 842 102 2334 2335 2325 2336
262 1 1 1 23 24 845 847 103 2337 2338 2334 2339
263 1 1 1 847 845 486 846 2338 2340 2341 2342 2343
264 1 1 1 842 847 846 488 2335 2342 2344 2328 2345
265 1 1 1 488 846 851 850 2344 2346 2347 2348 2349
266 1 1 1 846 486 848 851 2341 2350 2351 2346 2352
267 1 1 1 851 848 397 849 2351 2353 2354 2355 2356
268 1 1 1 850 851 849 487 2347 2355 2357 2358 2359
269 1 1 1 475 843 853 802 2332 2360 2361 2162 2362
270 1 1 1 843 488 850 853 2329 2348 2363 2360 2364
271 1 1 1 853 850 487 852 2363 2358 2365 2366 2367
272 1 1 1 802 853 852 394 2361 2366 2368 2165 2369
273 1 1 1 394 852 856 811 2368 2370 2371 2197 2372
274 1 1 1 852 487 854 856 2365 2373 2374 2370 2375
275 1 1 1 856 854 491 855 2374 2376 2377 2378 2379
276 1 1 1 811 856 855 478 2371 2378 2380 2200 2381
277 1 1 1 487 849 859 854 2357 2382 2383 2373 2384
278 1 1 1 849 397 857 859 2354 2385 2386 2382 2387
279 1 1 1 859 857 489 858 2386 2388 2389 2390 2391
280 1 1 1 854 859 858 491 2383 2390 2392 2376 2393
281 1 1 1 491 858 863 862 2392 2394 2395 2396 2397
282 1 1 1 858 489 860 863 2389 2398 2399 2394 2400
283 1 1 1 863 860 398 861 2399 2401 2402 2403 2404
284 1 1 1 862 863 861 490 2395 2403 2405 2406 2407
285 1 1 1 478 855 865 814 2380 2408 2409 2210 2410
286 1 1 1 855 491 862 865 2377 2396 2411 2408 2412
287 1 1 1 865 862 490 864 2411 2406 2413 2414 2415
288 1 1 1 814 865 864 395 2409 2414 2416 2213 2417
289 1 1 1 395 864 868 823 2416 2418 2419 2245 2420
290 1 1 1 864 490 866 868 2413 2421 2422 2418 2423
291 1 1 1 868 866 494 867 2422 2424 2425 2426 2427
292 1 1 1 823 868 867 481 2419 2426 2428 2248 2429
293 1 1 1 490 861 871 866 2405 2430 2431 2421 2432
294 1 1 1 861 398 869 871 2402 2433 2434 2430 2435
295 1 1 1 871 869 492 870 2434 2436 2437 2438 2439
296 1 1 1 866 871 870 494 2431 2438 2440 2424 2441
297 1 1 1 494 870 875 874 2440 2442 2443 2444 2445
298 1 1 1 870 492 872 875 2437 2446 2447 2442 2448
299 1 1 1 875 872 399 873 2447 2449 2450 2451 2452
300 1 1 1 874 875 873 493 2443 2451 2453 2454 2455
301 1 1 1 481 867 877 826 2428 2456 2457 2258 2458
302 1 1 1 867 494 874 877 2425 2444 2459 2456 2460
303 1 1 1 877 874 493 876 2459 2454 2461 2462 2463
304 1 1 1 826 877 876 396 2457 2462 2464 2261 2465
305 1 1 1 396 876 880 835 2464 2466 2467 2293 2468
306 1 1 1 876 493 878 880 2461 2469 2470 2466 2471
307 1 1 1 880 878 496 879 2470 2472 2473 2474 2475
308 1 1 1 835 880 879 484 2467 2474 2476 2296 2477
309 1 1 1 493 873 883 878 2453 2478 2479 2469 2480
310 1 1 1 873 399 881 883 2450 2481 2482 2478 2483
311 1 1 1 883 881 495 882 2482 2484 2485 2486 2487
312 1 1 1 878 883 882 496 2479 2486 2488 2472 2489
313 1 1 1 496 882 886 885 2488 2490 2491 2492 2493
314 1 1 1 882 495 884 886 2485 2494 2495 2490 2496
315 1 1 1 886 884 254 255 2495 2497 334 2498 2499
316 1 1 1 885 886 255 256 2491 2498 335 2500 2501
317 1 1 1 484 879 887 838 2476 2502 2503 2306 2504
318 1 1 1 879 496 885 887 2473 2492 2505 2502 2506
319 1 1 1 887 885 256 257 2505 2500 336 2507 2508
320 1 1 1 838 887 257 258 2503 2507 337 2309 2509
321 1 1 1 24 25 890 845 104 2510 2511 2337 2512
322 1 1 1 25 26 888 890 105 2513 2514 2510 2515
323 1 1 1 890 888 499 889 2514 2516 2517 2518 2519
324 1 1 1 845 890 889 486 2511 2518 2520 2340 2521
325 1 1 1 26 27 893 888 106 2522 2523 2513 2524
326 1 1 1 27 28 891 893 107 2525 2526 2522 2527
327 1 1 1 893 891 497 892 2526 2528 2529 2530 2531
328 1 1 1 888 893 892 499 2523 2530 2532 2516 2533
329 1 1 1 499 892 897 896 2532 2534 2535 2536 2537
330 1 1 1 892 497 894 897 2529 2538 2539 2534 2540
331 1 1 1 897 894 400 895 2539 2541 2542 2543 2544
332 1 1 1 896 897 895 498 2535 2543 2545 2546 2547
333 1 1 1 486 889 899 848 2520 2548 2549 2350 2550
334 1 1 1 889 499 896 899 2517 2536 2551 2548 2552
335 1 1 1 899 896 498 898 2551 2546 2553 2554 2555
336 1 1 1 848 899 898 397 2549 2554 2556 2353 2557
337 1 1 1 397 898 902 857 2556 2558 2559 2385 2560
338 1 1 1 898 498 900 902 2553 2561 2562 2558 2563
339 1 1 1 902 900 502 901 2562 2564 2565 2566 2567
340 1 1 1 857 902 901 489 2559 2566 2568 2388 2569
341 1 1 1 498 895 905 900 2545 2570 2571 2561 2572
342 1 1 1 895 400 903 905 2542 2573 2574 2570 2575
343 1 1 1 905 903 500 904 2574 2576 2577 2578 2579
344 1 1 1 900 905 904 502 2571 2578 2580 2564 2581
345 1 1 1 502 904 909 908 2580 2582 2583 2584 2585
346 1 1 1 904 500 906 909 2577 2586 2587 2582 2588
347 1 1 1 909 906 401 907 2587 2589 2590 2591 2592
348 1 1 1 908 909 907 501 2583 2591 2593 2594 2595
349 1 1 1 489 901 911 860 2568 2596 2597 2398 2598
350 1 1 1 901 502 908 911 2565 2584 2599 2596 2600
351 1 1 1 911 908 501 910 2599 2594 2601 2602 2603
352 1 1 1 860 911 910 398 2597 2602 2604 2401 2605
353 1 1 1 398 910 914 869 2604 2606 2607 2433 2608
354 1 1 1 910 501 912 914 2601 2609 2610 2606 2611
355 1 1 1 914 912 505 913 2610 2612 2613 2614 2615
356 1 1 1 869 914 913 492 2607 2614 2616 2436 2617
357 1 1 1 501 907 917 912 2593 2618 2619 2609 2620
358 1 1 1 907 401 915 917 2590 2621 2622 2618 2623
359 1 1 1 917 915 503 916 2622 2624 2625 2626 2627
360 1 1 1 912 917 916 505 2619 2626 2628 2612 2629
361 1 1 1 505 916 921 920 2628 2630 2631 2632 2633
362 1 1 1 916 503 918 921 2625 2634 2635 2630 2636
363 1 1 1 921 918 402 919 2635 2637 2638 2639 2640
364 1 1 1 920 921 919 504 2631 2639 2641 2642 2643
365 1 1 1 492 913 923 872 2616 2644 2645 2446 2646
366 1 1 1 913 505 920 923 2613 2632 2647 2644 2648
367 1 1 1 923 920 504 922 2647 2642 2649 2650 2651
368 1 1 1 872 923 922 399 2645 2650 2652 2449 2653
369 1 1 1 399 922 926 881 2652 2654 2655 2481 2656
370 1 1 1 922 504 924 926 2649 2657 2658 2654 2659
371 1 1 1 926 924 507 925 2658 2660 2661 2662 2663
372 1 1 1 881 926 925 495 2655 2662 2664 2484 2665
373 1 1 1 504 919 929 924 2641 2666 2667 2657 2668
374 1 1 1 919 402 927 929 2638 2669 2670 2666 2671
375 1 1 1 929 927 506 928 2670 2672 2673 2674 2675
376 1 1 1 924 929 928 507 2667 2674 2676 2660 2677
377 1 1 1 507 928 932 931 2676 2678 2679 2680 2681
378 1 1 1 928 506 930 932 2673 2682 2683 2678 2684
379 1 1 1 932 930 250 251 2683 2685 330 2686 2687
380 1 1 1 931 932 251 252 2679 2686 331 2688 2689
381 1 1 1 495 925 933 884 2664 2690 2691 2494 2692
382 1 1 1 925 507 931 933 2661 2680 2693 2690 2694
383 1 1 1 933 931 252 253 2693 2688 332 2695 2696
384 1 1 1 884 933 253 254 2691 2695 333 2497 2697
385 1 1 1 28 29 936 891 108 2698 2699 2525 2700
386 1 1 1 29 30 934 936 109 2701 2702 2698 2703
387 1 1 1 936 934 510 935 2702 2704 2705 2706 2707
388 1 1 1 891 936 935 497 2699 2706 2708 2528 2709
389 1 1 1 30 31 939 934 110 2710 2711 2701 2712
390 1 1 1 31 32 937 939 111 2713 2714 2710 2715
391 1 1 1 939 937 508 938 2714 2716 2717 2718 2719
392 1 1 1 934 939 938 510 2711 2718 2720 2704 2721
393 1 1 1 510 938 943 942 2720 2722 2723 2724 2725
394 1 1 1 938 508 940 943 2717 2726 2727 2722 2728
395 1 1 1 943 940 403 941 2727 2729 2730 2731 2732
396 1 1 1 942 943 941 509 2723 2731 2733 2734 2735
397 1 1 1 497 935 945 894 2708 2736 2737 2538 2738
398 1 1 1 935 510 942 945 2705 2724 2739 2736 2740
399 1 1 1 945 942 509 944 2739 2734 2741 2742 2743
400 1 1 1 894 945 944 400 2737 2742 2744 2541 2745
401 1 1 1 400 944 948 903 2744 2746 2747 2573 2748
402 1 1 1 944 509 946 948 2741 2749 2750 2746 2751
403 1 1 1 948 946 513 947 2750 2752 2753 2754 2755
404 1 1 1 903 948 947 500 2747 2754 2756 2576 2757
405 1 1 1 509 941 951 946 2733 2758 2759 2749 2760
406 1 1 1 941 403 949 951 2730 2761 2762 2758 2763
407 1 1 1 951 949 511 950 2762 2764 2765 2766 2767
408 1 1 1 946 951 950 513 2759 2766 2768 2752 2769
409 1 1 1 513 950 955 954 2768 2770 2771 2772 2773
410 1 1 1 950 511 952 955 2765 2774 2775 2770 2776
411 1 1 1 955 952 404 953 2775 2777 2778 2779 2780
412 1 1 1 954 955 953 512 2771 2779 2781 2782 2783
413 1 1 1 500 947 957 906 2756 2784 2785 2586 2786
414 1 1 1 947 513 954 957 2753 2772 2787 2784 2788
415 1 1 1 957 954 512 956 2787 2782 2789 2790 2791
416 1 1 1 906 957 956 401 2785 2790 2792 2589 2793
417 1 1 1 401 956 960 915 2792 2794 2795 2621 2796
418 1 1 1 956 512 958 960 2789 2797 2798 2794 2799
419 1 1 1 960 958 516 959 2798 2800 2801 2802 2803
420 1 1 1 915 960 959 503 2795 2802 2804 2624 2805
421 1 1 1 512 953 963 958 2781 2806 2807 2797 2808
422 1 1 1 953 404 961 963 2778 2809 2810 2806 2811
423 1 1 1 963 961 514 962 2810 2812 2813 2814 2815
424 1 1 1 958 963 962 516 2807 2814 2816 2800 2817
425 1 1 1 516 962 967 966 2816 2818 2819 2820 2821
426 1 1 1 962 514 964 967 2813 2822 2823 2818 2824
427 1 1 1 967 964 405 965 2823 2825 2826 2827 2828
428 1 1 1 966 967 965 515 2819 2827 2829 2830 2831
429 1 1 1 503 959 969 918 2804 2832 2833 2634 2834
430 1 1 1 959 516 966 969 2801 2820 2835 2832 2836
431 1 1 1 969 966 515 968 2835 2830 2837 2838 2839
432 1 1 1 918 969 968 402 2833 2838 2840 2637 2841
433 1 1 1 402 968 972 927 2840 2842 2843 2669 2844
434 1 1 1 968 515 970 972 2837 2845 2846 2842 2847
435 1 1 1 972 970 518 971 2846 2848 2849 2850 2851
436 1 1 1 927 972 971 506 2843 2850 2852 2672 2853
437 1 1 1 515 965 975 970 2829 2854 2855 2845 2856
438 1 1 1 965 405 973 975 2826 2857 2858 2854 2859
439 1 1 1 975 973 517 974 2858 2860 2861 2862 2863
440 1 1 1 970 975 974 518 2855 2862 2864 2848 2865
441 1 1 1 518 974 978 977 2864 2866 2867 2868 2869
442 1 1 1 974 517 976 978 2861 2870 2871 2866 2872
443 1 1 1 978 976 246 247 2871 2873 326 2874 2875
444 1 1 1 977 978 247 248 2867 2874 327 2876 2877
445 1 1 1 506 971 979 930 2852 2878 2879 2682 2880
446 1 1 1 971 518 977 979 2849 2868 2881 2878 2882
447 1 1 1 979 977 248 249 2881 2876 328 2883 2884
448 1 1 1 930 979 249 250 2879 2883 329 2685 2885
449 1 1 1 32 33 982 937 112 2886 2887 2713 2888
450 1 1 1 33 34 980 982 113 2889 2890 2886 2891
451 1 1 1 982 980 521 981 2890 2892 2893 2894 2895
452 1 1 1 937 982 981 508 2887 2894 2896 2716 2897
453 1 1 1 34 35 985 980 114 2898 2899 2889 2900
454 1 1 1 35 36 983 985 115 2901 2902 2898 2903
455 1 1 1 985 983 519 984 2902 2904 2905 2906 2907
456 1 1 1 980 985 984 521 2899 2906 2908 2892 2909
457 1 1 1 521 984 989 988 2908 2910 2911 2912 2913
458 1 1 1 984 519 986 989 2905 2914 2915 2910 2916
459 1 1 1 989 986 406 987 2915 2917 2918 2919 2920
460 1 1 1 988 989 987 520 2911 2919 2921 2922 2923
461 1 1 1 508 981 991 940 2896 2924 2925 2726 2926
462 1 1 1 981 521 988 991 2893 2912 2927 2924 2928
463 1 1 1 991 988 520 990 2927 2922 2929 2930 2931
464 1 1 1 940 991 990 403 2925 2930 2932 2729 2933
465 1 1 1 403 990 994 949 2932 2934 2935 2761 2936
466 1 1 1 990 520 992 994 2929 2937 2938 2934 2939
467 1 1 1 994 992 524 993 2938 2940 2941 2942 2943
468 1 1 1 949 994 993 511 2935 2942 2944 2764 2945
469 1 1 1 520 987 997 992 2921 2946 2947 2937 2948
470 1 1 1 987 406 995 997 2918 2949 2950 2946 2951
471 1 1 1 997 995 522 996 2950 2952 2953 2954 2955
472 1 1 1 992 997 996 524 2947 2954 2956 2940 2957
473 1 1 1 524 996 1001 1000 2956 2958 2959 2960 2961
474 1 1 1 996 522 998 1001 2953 2962 2963 2958 2964
475 1 1 1 1001 998 407 999 2963 2965 2966 2967 2968
476 1 1 1 1000 1001 999 523 2959 2967 2969 2970 2971
477 1 1 1 511 993 1003 952 2944 2972 2973 2774 2974
478 1 1 1 993 524 1000 1003 2941 2960 2975 2972 2976
479 1 1 1 1003 1000 523 1002 2975 2970 2977 2978 2979
480 1 1 1 952 1003 1002 404 2973 2978 2980 2777 2981
481 1 1 1 404 1002 1006 961 2980 2982 2983 2809 2984
482 1 1 1 1002 523 1004 1006 2977 2985 2986 2982 2987
483 1 1 1 1006 1004 527 1005 2986 2988 2989 2990 2991
484 1 1 1 961 1006 1005 514 2983 2990 2992 2812 2993
485 1 1 1 523 999 1009 1004 2969 2994 2995 2985 2996
486 1 1 1 999 407 1007 1009 2966 2997 2998 2994 2999
487 1 1 1 1009 1007 525 1008 2998 3000 3001 3002 3003
488 1 1 1 1004 1009 1008 527 2995 3002 3004 2988 3005
489 1 1 1 527 1008 1013 1012 3004 3006 3007 3008 3009
490 1 1 1 1008 525 1010 1013 3001 3010 3011 3006 3012
491 1 1 1 1013 1010 408 1011 3011 3013 3014 3015 3016
492 1 1 1 1012 1013 1011 526 3007 3015 3017 3018 3019
493 1 1 1 514 1005 1015 964 2992 3020 3021 2822 3022
494 1 1 1 1005 527 1012 1015 2989 3008 3023 3020 3024
495 1 1 1 1015 1012 526 1014 3023 3018 3025 3026 3027
496 1 1 1 964 1015 1014 405 3021 3026 3028 2825 3029
497 1 1 1 405 1014 1018 973 3028 3030 3031 2857 3032
498 1 1 1 1014 526 1016 1018 3025 3033 3034 3030 3035
499 1 1 1 1018 1016 529 1017 3034 3036 3037 3038 3039
500 1 1 1 973 1018 1017 517 3031 3038 3040 2860 3041
501 1 1 1 526 1011 1021 1016 3017 3042 3043 3033 3044
502 1 1 1 1011 408 1019 1021 3014 3045 3046 3042 3047
503 1 1 1 1021 1019 528 1020 3046 3048 3049 3050 3051
504 1 1 1 1016 1021 1020 529 3043 3050 3052 3036 3053
505 1 1 1 529 1020 1024 1023 3052 3054 3055 3056 3057
506 1 1 1 1020 528 1022 1024 3049 3058 3059 3054 3060
507 1 1 1 1024 1022 242 243 3059 3061 322 3062 3063
508 1 1 1 1023 1024 243 244 3055 3062 323 3064 3065
509 1 1 1 517 1017 1025 976 3040 3066 3067 2870 3068
510 1 1 1 1017 529 1023 1025 3037 3056 3069 3066 3070
511 1 1 1 1025 1023 244 245 3069 3064 324 3071 3072
512 1 1 1 976 1025 245 246 3067 3071 325 2873 3073
513 1 1 1 36 37 1028 983 116 3074 3075 2901 3076
514 1 1 1 37 38 1026 1028 117 3077 3078 3074 3079
515 1 1 1 1028 1026 532 1027 3078 3080 3081 3082 3083
516 1 1 1 983 1028 1027 519 3075 3082 3084 2904 3085
517 1 1 1 38 39 1031 1026 118 3086 3087 3077 3088
518 1 1 1 39 40 1029 1031 119 3089 3090 3086 3091
519 1 1 1 1031 1029 530 1030 3090 3092 3093 3094 3095
520 1 1 1 1026 1031 1030 532 3087 3094 3096 3080 3097
521 1 1 1 532 1030 1035 1034 3096 3098 3099 3100 3101
522 1 1 1 1030 530 1032 1035 3093 3102 3103 3098 3104
523 1 1 1 1035 1032 409 1033 3103 3105 3106 3107 3108
524 1 1 1 1034 1035 1033 531 3099 3107 3109 3110 3111
525 1 1 1 519 1027 1037 986 3084 3112 3113 2914 3114
526 1 1 1 1027 532 1034 1037 3081 3100 3115 3112 3116
527 1 1 1 1037 1034 531 1036 3115 3110 3117 3118 3119
528 1 1 1 986 1037 1036 406 3113 3118 3120 2917 3121
529 1 1 1 406 1036 1040 995 3120 3122 3123 2949 3124
530 1 1 1 1036 531 1038 1040 3117 3125 3126 3122 3127
531 1 1 1 1040 1038 535 1039 3126 3128 3129 3130 3131
532 1 1 1 995 1040 1039 522 3123 3130 3132 2952 3133
533 1 1 1 531 1033 1043 1038 3109 3134 3135 3125 3136
534 1 1 1 1033 409 1041 1043 3106 3137 3138 3134 3139
535 1 1 1 1043 1041 533 1042 3138 3140 3141 3142 3143
536 1 1 1 1038 1043 1042 535 3135 3142 3144 3128 3145
537 1 1 1 535 1042 1047 1046 3144 3146 3147 3148 3149
538 1 1 1 1042 533 1044 1047 3141 3150 3151 3146 3152
539 1 1 1 1047 1044 410 1045 3151 3153 3154 3155 3156
540 1 1 1 1046 1047 1045 534 3147 3155 3157 3158 3159
541 1 1 1 522 1039 1049 998 3132 3160 3161 2962 3162
542 1 1 1 1039 535 1046 1049 3129 3148 3163 3160 3164
543 1 1 1 1049 1046 534 1048 3163 3158 3165 3166 3167
544 1 1 1 998 1049 1048 407 3161 3166 3168 2965 3169
545 1 1 1 407 1048 1052 1007 3168 3170 3171 2997 3172
546 1 1 1 1048 534 1050 1052 3165 3173 3174 3170 3175
547 1 1 1 1052 1050 538 1051 3174 3176 3177 3178 3179
548 1 1 1 1007 1052 1051 525 3171 3178 3180 3000 3181
549 1 1 1 534 1045 1055 1050 3157 3182 3183 3173 3184
550 1 1 1 1045 410 1053 1055 3154 3185 3186 3182 3187
551 1 1 1 1055 1053 536 1054 3186 3188 3189 3190 3191
552 1 1 1 1050 1055 1054 538 3183 3190 3192 3176 3193
553 1 1 1 538 1054 1059 1058 3192 3194 3195 3196 3197
554 1 1 1 1054 536 1056 1059 3189 3198 3199 3194 3200
555 1 1 1 1059 1056 411 1057 3199 3201 3202 3203 3204
556 1 1 1 1058 1059 1057 537 3195 3203 3205 3206 3207
557 1 1 1 525 1051 1061 1010 3180 3208 3209 3010 3210
558 1 1 1 1051 538 1058 1061 3177 3196 3211 3208 3212
559 1 1 1 1061 1058 537 1060 3211 3206 3213 3214 3215
560 1 1 1 1010 1061 1060 408 3209 3214 3216 3013 3217
561 1 1 1 408 1060 1064 1019 3216 3218 3219 3045 3220
562 1 1 1 1060 537 1062 1064 3213 3221 3222 3218 3223
563 1 1 1 1064 1062 540 1063 3222 3224 3225 3226 3227
564 1 1 1 1019 1064 1063 528 3219 3226 3228 3048 3229
565 1 1 1 537 1057 1067 1062 3205 3230 3231 3221 3232
566 1 1 1 1057 411 1065 1067 3202 3233 3234 3230 3235
567 1 1 1 1067 1065 539 1066 3234 3236 3237 3238 3239
568 1 1 1 1062 1067 1066 540 3231 3238 3240 3224 3241
569 1 1 1 540 1066 1070 1069 3240 3242 3243 3244 3245
570 1 1 1 1066 539 1068 1070 3237 3246 3247 3242 3248
571 1 1 1 1070 1068 238 239 3247 3249 318 3250 3251
572 1 1 1 1069 1070 239 240 3243 3250 319 3252 3253
573 1 1 1 528 1063 1071 1022 3228 3254 3255 3058 3256
574 1 1 1 1063 540 1069 1071 3225 3244 3257 3254 3258
575 1 1 1 1071 1069 240 241 3257 3252 320 3259 3260
576 1 1 1 1022 1071 241 242 3255 3259 321 3061 3261
577 1 1 1 40 41 1074 1029 120 3262 3263 3089 3264
578 1 1 1 41 42 1072 1074 121 3265 3266 3262 3267
579 1 1 1 1074 1072 543 1073 3266 3268 3269 3270 3271
580 1 1 1 1029 1074 1073 530 3263 3270 3272 3092 3273
581 1 1 1 42 43 1077 1072 122 3274 3275 3265 3276
582 1 1 1 43 44 1075 1077 123 3277 3278 3274 3279
583 1 1 1 1077 1075 541 1076 3278 3280 3281 3282 3283
584 1 1 1 1072 1077 1076 543 3275 3282 3284 3268 3285
585 1 1 1 543 1076 1081 1080 3284 3286 3287 3288 3289
586 1 1 1 1076 541 1078 1081 3281 3290 3291 3286 3292
587 1 1 1 1081 1078 412 1079 3291 3293 3294 3295 3296
588 1 1 1 1080 1081 1079 542 3287 3295 3297 3298 3299
589 1 1 1 530 1073 1083 1032 3272 3300 3301 3102 3302
590 1 1 1 1073 543 1080 1083 3269 3288 3303 3300 3304
591 1 1 1 1083 1080 542 1082 3303 3298 3305 3306 3307
592 1 1 1 1032 1083 1082 409 3301 3306 3308 3105 3309
593 1 1 1 409 1082 1086 1041 3308 3310 3311 3137 3312
594 1 1 1 1082 542 1084 1086 3305 3313 3314 3310 3315
595 1 1 1 1086 1084 546 1085 3314 3316 3317 3318 3319
596 1 1 1 1041 1086 1085 533 3311 3318 3320 3140 3321
597 1 1 1 542 1079 1089 1084 3297 3322 3323 3313 3324
598 1 1 1 1079 412 1087 1089 3294 3325 3326 3322 3327
599 1 1 1 1089 1087 544 1088 3326 3328 3329 3330 3331
600 1 1 1 1084 1089 1088 546 3323 3330 3332 3316 3333
601 1 1 1 546 1088 1093 1092 3332 3334 3335 3336 3337
602 1 1 1 1088 544 1090 1093 3329 3338 3339 3334 3340
603 1 1 1 1093 1090 413 1091 3339 3341 3342 3343 3344
604 1 1 1 1092 1093 1091 545 3335 3343 3345 3346 3347
605 1 1 1 533 1085 1095 1044 3320 3348 3349 3150 3350
606 1 1 1 1085 546 1092 1095 3317 3336 3351 3348 3352
607 1 1 1 1095 1092 545 1094 3351 3346 3353 3354 3355
608 1 1 1 1044 1095 1094 410 3349 3354 3356 3153 3357
609 1 1 1 410 1094 1098 1053 3356 3358 3359 3185 3360
610 1 1 1 1094 545 1096 1098 3353 3361 3362 3358 3363
611 1 1 1 1098 1096 549 1097 3362 3364 3365 3366 3367
612 1 1 1 1053 1098 1097 536 3359 3366 3368 3188 3369
613 1 1 1 545 1091 1101 1096 3345 3370 3371 3361 3372
614 1 1 1 1091 413 1099 1101 3342 3373 3374 3370 3375
615 1 1 1 1101 1099 547 1100 3374 3376 3377 3378 3379
616 1 1 1 1096 1101 1100 549 3371 3378 3380 3364 3381
617 1 1 1 549 1100 1105 1104 3380 3382 3383 3384 3385
618 1 1 1 1100 547 1102 1105 3377 3386 3387 3382 3388
619 1 1 1 1105 1102 414 1103 3387 3389 3390 3391 3392
620 1 1 1 1104 1105 1103 548 3383 3391 3393 3394 3395
621 1 1 1 536 1097 1107 1056 3368 3396 3397 3198 3398
622 1 1 1 1097 549 1104 1107 3365 3384 3399 3396 3400
623 1 1 1 1107 1104 548 1106 3399 3394 3401 3402 3403
624 1 1 1 1056 1107 1106 411 3397 3402 3404 3201 3405
625 1 1 1 411 1106 1110 1065 3404 3406 3407 3233 3408
626 1 1 1 1106 548 1108 1110 3401 3409 3410 3406 3411
627 1 1 1 1110 1108 551 1109 3410 3412 3413 3414 3415
628 1 1 1 1065 1110 1109 539 3407 3414 3416 3236 3417
629 1 1 1 548 1103 1113 1108 3393 3418 3419 3409 3420
630 1 1 1 1103 414 1111 1113 3390 3421 3422 3418 3423
631 1 1 1 1113 1111 550 1112 3422 3424 3425 3426 3427
632 1 1 1 1108 1113 1112 551 3419 3426 3428 3412 3429
633 1 1 1 551 1112 1116 1115 3428 3430 3431 3432 3433
634 1 1 1 1112 550 1114 1116 3425 3434 3435 3430 3436
635 1 1 1 1116 1114 234 235 3435 3437 314 3438 3439
636 1 1 1 1115 1116 235 236 3431 3438 315 3440 3441
637 1 1 1 539 1109 1117 1068 3416 3442 3443 3246 3444
638 1 1 1 1109 551 1115 1117 3413 3432 3445 3442 3446
639 1 1 1 1117 1115 236 237 3445 3440 316 3447 3448
640 1 1 1 1068 1117 237 238 3443 3447 317 3249 3449
641 1 1 1 44 45 1120 1075 124 3450 3451 3277 3452
642 1 1 1 45 46 1118 1120 125 3453 3454 3450 3455
643 1 1 1 1120 1118 554 1119 3454 3456 3457 3458 3459
644 1 1 1 1075 1120 1119 541 3451 3458 3460 3280 3461
645 1 1 1 46 47 1123 1118 126 3462 3463 3453 3464
646 1 1 1 47 48 1121 1123 127 3465 3466 3462 3467
647 1 1 1 1123 1121 552 1122 3466 3468 3469 3470 3471
648 1 1 1 1118 1123 1122 554 3463 3470 3472 3456 3473
649 1 1 1 554 1122 1127 1126 3472 3474 3475 3476 3477
650 1 1 1 1122 552 1124 1127 3469 3478 3479 3474 3480
651 1 1 1 1127 1124 415 1125 3479 3481 3482 3483 3484
652 1 1 1 1126 1127 1125 553 3475 3483 3485 3486 3487
653 1 1 1 541 1119 1129 1078 3460 3488 3489 3290 3490
654 1 1 1 1119 554 1126 1129 3457 3476 3491 3488 3492
655 1 1 1 1129 1126 553 1128 3491 3486 3493 3494 3495
656 1 1 1 1078 1129 1128 412 3489 3494 3496 3293 3497
657 1 1 1 412 1128 1132 1087 3496 3498 3499 3325 3500
658 1 1 1 1128 553 1130 1132 3493 3501 3502 3498 3503
659 1 1 1 1132 1130 557 1131 3502 3504 3505 3506 3507
660 1 1 1 1087 1132 1131 544 3499 3506 3508 3328 3509
661 1 1 1 553 1125 1135 1130 3485 3510 3511 3501 3512
662 1 1 1 1125 415 1133 1135 3482 3513 3514 3510 3515
663 1 1 1 1135 1133 555 1134 3514 3516 3517 3518 3519
664 1 1 1 1130 1135 1134 557 3511 3518 3520 3504 3521
665 1 1 1 557 1134 1139 1138 3520 3522 3523 3524 3525
666 1 1 1 1134 555 1136 1139 3517 3526 3527 3522 3528
667 1 1 1 1139 1136 416 1137 3527 3529 3530 3531 3532
668 1 1 1 1138 1139 1137 556 3523 3531 3533 3534 3535
669 1 1 1 544 1131 1141 1090 3508 3536 3537 3338 3538
670 1 1 1 1131 557 1138 1141 3505 3524 3539 3536 3540
671 1 1 1 1141 1138 556 1140 3539 3534 3541 3542 3543
672 1 1 1 1090 1141 1140 413 3537 3542 3544 3341 3545
673 1 1 1 413 1140 1144 1099 3544 3546 3547 3373 3548
674 1 1 1 1140 556 1142 1144 3541 3549 3550 3546 3551
675 1 1 1 1144 1142 560 1143 3550 3552 3553 3554 3555
676 1 1 1 1099 1144 1143 547 3547 3554 3556 3376 3557
677 1 1 1 556 1137 1147 1142 3533 3558 3559 3549 3560
678 1 1 1 1137 416 1145 1147 3530 3561 3562 3558 3563
679 1 1 1 1147 1145 558 1146 3562 3564 3565 3566 3567
680 1 1 1 1142 1147 1146 560 3559 3566 3568 3552 3569
681 1 1 1 560 1146 1151 1150 3568 3570 3571 3572 3573
682 1 1 1 1146 558 1148 1151 3565 3574 3575 3570 3576
683 1 1 1 1151 1148 417 1149 3575 3577 3578 3579 3580
684 1 1 1 1150 1151 1149 559 3571 3579 3581 3582 3583
685 1 1 1 547 1143 1153 1102 3556 3584 3585 3386 3586
686 1 1 1 1143 560 1150 1153 3553 3572 3587 3584 3588
687 1 1 1 1153 1150 559 1152 3587 3582 3589 3590 3591
688 1 1 1 1102 1153 1152 414 3585 3590 3592 3389 3593
689 1 1 1 414 1152 1156 1111 3592 3594 3595 3421 3596
690 1 1 1 1152 559 1154 1156 3589 3597 3598 3594 3599
691 1 1 1 1156 1154 562 1155 3598 3600 3601 3602 3603
692 1 1 1 1111 1156 1155 550 3595 3602 3604 3424 3605
693 1 1 1 559 1149 1159 1154 3581 3606 3607 3597 3608
694 1 1 1 1149 417 1157 1159 3578 3609 3610 3606 3611
695 1 1 1 1159 1157 561 1158 3610 3612 3613 3614 3615
696 1 1 1 1154 1159 1158 562 3607 3614 3616 3600 3617
697 1 1 1 562 1158 1162 1161 3616 3618 3619 3620 3621
698 1 1 1 1158 561 1160 1162 3613 3622 3623 3618 3624
699 1 1 1 1162 1160 230 231 3623 3625 310 3626 3627
700 1 1 1 1161 1162 231 232 3619 3626 311 3628 3629
701 1 1 1 550 1155 1163 1114 3604 3630 3631 3434 3632
702 1 1 1 1155 562 1161 1163 3601 3620 3633 3630 3634
703 1 1 1 1163 1161 232 233 3633 3628 312 3635 3636
704 1 1 1 1114 1163 233 234 3631 3635 313 3437 3637
705 1 1 1 48 49 1166 1121 128 3638 3639 3465 3640
706 1 1 1 49 50 1164 1166 129 3641 3642 3638 3643
707 1 1 1 1166 1164 565 1165 3642 3644 3645 3646 3647
708 1 1 1 1121 1166 1165 552 3639 3646 3648 3468 3649
709 1 1 1 50 51 1169 1164 130 3650 3651 3641 3652
710 1 1 1 51 52 1167 1169 131 3653 3654 3650 3655
711 1 1 1 1169 1167 563 1168 3654 3656 3657 3658 3659
712 1 1 1 1164 1169 1168 565 3651 3658 3660 3644 3661
713 1 1 1 565 1168 1173 1172 3660 3662 3663 3664 3665
714 1 1 1 1168 563 1170 1173 3657 3666 3667 3662 3668
715 1 1 1 1173 1170 418 1171 3667 3669 3670 3671 3672
716 1 1 1 1172 1173 1171 564 3663 3671 3673 3674 3675
717 1 1 1 552 1165 1175 1124 3648 3676 3677 3478 3678
718 1 1 1 1165 565 1172 1175 3645 3664 3679 3676 3680
719 1 1 1 1175 1172 564 1174 3679 3674 3681 3682 3683
720 1 1 1 1124 1175 1174 415 3677 3682 3684 3481 3685
721 1 1 1 415 1174 1178 1133 3684 3686 3687 3513 3688
722 1 1 1 1174 564 1176 1178 3681 3689 3690 3686 3691
723 1 1 1 1178 1176 568 1177 3690 3692 3693 3694 3695
724 1 1 1 1133 1178 1177 555 3687 3694 3696 3516 3697
725 1 1 1 564 1171 1181 1176 3673 3698 3699 3689 3700
726 1 1 1 1171 418 1179 1181 3670 3701 3702 3698 3703
727 1 1 1 1181 1179 566 1180 3702 3704 3705 3706 3707
728 1 1 1 1176 1181 1180 568 3699 3706 3708 3692 3709
729 1 1 1 568 1180 1185 1184 3708 3710 3711 3712 3713
730 1 1 1 1180 566 1182 1185 3705 3714 3715 3710 3716
731 1 1 1 1185 1182 419 1183 3715 3717 3718 3719 3720
732 1 1 1 1184 1185 1183 567 3711 3719 3721 3722 3723
733 1 1 1 555 1177 1187 1136 3696 3724 3725 3526 3726
734 1 1 1 1177 568 1184 1187 3693 3712 3727 3724 3728
735 1 1 1 1187 1184 567 1186 3727 3722 3729 3730 3731
736 1 1 1 1136 1187 1186 416 3725 3730 3732 3529 3733
737 1 1 1 416 1186 1190 1145 3732 3734 3735 3561 3736
738 1 1 1 1186 567 1188 1190 3729 3737 3738 3734 3739
739 1 1 1 1190 1188 571 1189 3738 3740 3741 3742 3743
740 1 1 1 1145 1190 1189 558 3735 3742 3744 3564 3745
741 1 1 1 567 1183 1193 1188 3721 3746 3747 3737 3748
742 1 1 1 1183 419 1191 1193 3718 3749 3750 3746 3751
743 1 1 1 1193 1191 569 1192 3750 3752 3753 3754 3755
744 1 1 1 1188 1193 1192 571 3747 3754 3756 3740 3757
745 1 1 1 571 1192 1197 1196 3756 3758 3759 3760 3761
746 1 1 1 1192 569 1194 1197 3753 3762 3763 3758 3764
747 1 1 1 1197 1194 420 1195 3763 3765 3766 3767 3768
748 1 1 1 1196 1197 1195 570 3759 3767 3769 3770 3771
749 1 1 1 558 1189 1199 1148 3744 3772 3773 3574 3774
750 1 1 1 1189 571 1196 1199 3741 3760 3775 3772 3776
751 1 1 1 1199 1196 570 1198 3775 3770 3777 3778 3779
752 1 1 1 1148 1199 1198 417 3773 3778 3780 3577 3781
753 1 1 1 417 1198 1202 1157 3780 3782 3783 3609 3784
754 1 1 1 1198 570 1200 1202 3777 3785 3786 3782 3787
755 1 1 1 1202 1200 573 1201 3786 3788 3789 3790 3791
756 1 1 1 1157 1202 1201 561 3783 3790 3792 3612 3793
757 1 1 1 570 1195 1205 1200 3769 3794 3795 3785 3796
758 1 1 1 1195 420 1203 1205 3766 3797 3798 3794 3799
759 1 1 1 1205 1203 572 1204 3798 3800 3801 3802 3803
760 1 1 1 1200 1205 1204 573 3795 3802 3804 3788 3805
761 1 1 1 573 1204 1208 1207 3804 3806 3807 3808 3809
762 1 1 1 1204 572 1206 1208 3801 3810 3811 3806 3812
763 1 1 1 1208 1206 226 227 3811 3813 306 3814 3815
764 1 1 1 1207 1208 227 228 3807 3814 307 3816 3817
765 1 1 1 561 1201 1209 1160 3792 3818 3819 3622 3820
766 1 1 1 1201 573 1207 1209 3789 3808 3821 3818 3822
767 1 1 1 1209 1207 228 229 3821 3816 308 3823 3824
768 1 1 1 1160 1209 229 230 3819 3823 309 3625 3825
769 1 1 1 52 53 1212 1167 132 3826 3827 3653 3828
770 1 1 1 53 54 1210 1212 133 3829 3830 3826 3831
771 1 1 1 1212 1210 576 1211 3830 3832 3833 3834 3835
772 1 1 1 1167 1212 1211 563 3827 3834 3836 3656 3837
773 1 1 1 54 55 1215 1210 134 3838 3839 3829 3840
774 1 1 1 55 56 1213 1215 135 3841 3842 3838 3843
775 1 1 1 1215 1213 574 1214 3842 3844 3845 3846 3847
776 1 1 1 1210 1215 1214 576 3839 3846 3848 3832 3849
777 1 1 1 576 1214 1219 1218 3848 3850 3851 3852 3853
778 1 1 1 1214 574 1216 1219 3845 3854 3855 3850 3856
779 1 1 1 1219 1216 421 1217 3855 3857 3858 3859 3860
780 1 1 1 1218 1219 1217 575 3851 3859 3861 3862 3863
781 1 1 1 563 1211 1221 1170 3836 3864 3865 3666 3866
782 1 1 1 1211 576 1218 1221 3833 3852 3867 3864 3868
783 1 1 1 1221 1218 575 1220 3867 3862 3869 3870 3871
784 1 1 1 1170 1221 1220 418 3865 3870 3872 3669 3873
785 1 1 1 418 1220 1224 1179 3872 3874 3875 3701 3876
786 1 1 1 1220 575 1222 1224 3869 3877 3878 3874 3879
787 1 1 1 1224 1222 579 1223 3878 3880 3881 3882 3883
788 1 1 1 1179 1224 1223 566 3875 3882 3884 3704 3885
789 1 1 1 575 1217 1227 1222 3861 3886 3887 3877 3888
790 1 1 1 1217 421 1225 1227 3858 3889 3890 3886 3891
791 1 1 1 1227 1225 577 1226 3890 3892 3893 3894 3895
792 1 1 1 1222 1227 1226 579 3887 3894 3896 3880 3897
793 1 1 1 579 1226 1231 1230 3896 3898 3899 3900 3901
794 1 1 1 1226 577 1228 1231 3893 3902 3903 3898 3904
795 1 1 1 1231 1228 422 1229 3903 3905 3906 3907 3908
796 1 1 1 1230 1231 1229 578 3899 3907 3909 3910 3911
797 1 1 1 566 1223 1233 1182 3884 3912 3913 3714 3914
798 1 1 1 1223 579 1230 1233 3881 3900 3915 3912 3916
799 1 1 1 1233 1230 578 1232 3915 3910 3917 3918 3919
800 1 1 1 1182 1233 1232 419 3913 3918 3920 3717 3921
801 1 1 1 419 1232 1236 1191 3920 3922 3923 3749 3924
802 1 1 1 1232 578 1234 1236 3917 3925 3926 3922 3927
803 1 1 1 1236 1234 582 1235 3926 3928 3929 3930 3931
804 1 1 1 1191 1236 1235 569 3923 3930 3932 3752 3933
805 1 1 1 578 1229 1239 1234 3909 3934 3935 3925 3936
806 1 1 1 1229 422 1237 1239 3906 3937 3938 3934 3939
807 1 1 1 1239 1237 580 1238 3938 3940 3941 3942 3943
808 1 1 1 1234 1239 1238 582 3935 3942 3944 3928 3945
809 1 1 1 582 1238 1243 1242 3944 3946 3947 3948 3949
810 1 1 1 1238 580 1240 1243 3941 3950 3951 3946 3952
811 1 1 1 1243 1240 423 1241 3951 3953 3954 3955 3956
812 1 1 1 1242 1243 1241 581 3947 3955 3957 3958 3959
813 1 1 1 569 1235 1245 1194 3932 3960 3961 3762 3962
814 1 1 1 1235 582 1242 1245 3929 3948 3963 3960 3964
815 1 1 1 1245 1242 581 1244 3963 3958 3965 3966 3967
816 1 1 1 1194 1245 1244 420 3961 3966 3968 3765 3969
817 1 1 1 420 1244 1248 1203 3968 3970 3971 3797 3972
818 1 1 1 1244 581 1246 1248 3965 3973 3974 3970 3975
819 1 1 1 1248 1246 584 1247 3974 3976 3977 3978 3979
820 1 1 1 1203 1248 1247 572 3971 3978 3980 3800 3981
821 1 1 1 581 1241 1251 1246 3957 3982 3983 3973 3984
822 1 1 1 1241 423 1249 1251 3954 3985 3986 3982 3987
823 1 1 1 1251 1249 583 1250 3986 3988 3989 3990 3991
824 1 1 1 1246 1251 1250 584 3983 3990 3992 3976 3993
825 1 1 1 584 1250 1254 1253 3992 3994 3995 3996 3997
826 1 1 1 1250 583 1252 1254 3989 3998 3999 3994 4000
827 1 1 1 1254 1252 222 223 3999 4001 302 4002 4003
828 1 1 1 1253 1254 223 224 3995 4002 303 4004 4005
829 1 1 1 572 1247 1255 1206 3980 4006 4007 3810 4008
830 1 1 1 1247 584 1253 1255 3977 3996 4009 4006 4010
831 1 1 1 1255 1253 224 225 4009 4004 304 4011 4012
832 1 1 1 1206 1255 225 226 4007 4011 305 3813 4013
833 1 1 1 56 57 1258 1213 136 4014 4015 3841 4016
834 1 1 1 57 58 1256 1258 137 4017 4018 4014 4019
835 1 1 1 1258 1256 587 1257 4018 4020 4021 4022 4023
836 1 1 1 1213 1258 1257 574 4015 4022 4024 3844 4025
837 1 1 1 58 59 1261 1256 138 4026 4027 4017 4028
838 1 1 1 59 60 1259 1261 139 4029 4030 4026 4031
839 1 1 1 1261 1259 585 1260 4030 4032 4033 4034 4035
840 1 1 1 1256 1261 1260 587 4027 4034 4036 4020 4037
841 1 1 1 587 1260 1265 1264 4036 4038 4039 4040 4041
842 1 1 1 1260 585 1262 1265 4033 4042 4043 4038 4044
843 1 1 1 1265 1262 424 1263 4043 4045 4046 4047 4048
844 1 1 1 1264 1265 1263 586 4039 4047 4049 4050 4051
845 1 1 1 574 1257 1267 1216 4024 4052 4053 3854 4054
846 1 1 1 1257 587 1264 1267 4021 4040 4055 4052 4056
847 1 1 1 1267 1264 586 1266 4055 4050 4057 4058 4059
848 1 1 1 1216 1267 1266 421 4053 4058 4060 3857 4061
849 1 1 1 421 1266 1270 1225 4060 4062 4063 3889 4064
850 1 1 1 1266 586 1268 1270 4057 4065 4066 4062 4067
851 1 1 1 1270 1268 590 1269 4066 4068 4069 4070 4071
852 1 1 1 1225 1270 1269 577 4063 4070 4072 3892 4073
853 1 1 1 586 1263 1273 1268 4049 4074 4075 4065 4076
854 1 1 1 1263 424 1271 1273 4046 4077 4078 4074 4079
855 1 1 1 1273 1271 588 1272 4078 4080 4081 4082 4083
856 1 1 1 1268 1273 1272 590 4075 4082 4084 4068 4085
857 1 1 1 590 1272 1277 1276 4084 4086 4087 4088 4089
858 1 1 1 1272 588 1274 1277 4081 4090 4091 4086 4092
859 1 1 1 1277 1274 425 1275 4091 4093 4094 4095 4096
860 1 1 1 1276 1277 1275 589 4087 4095 4097 4098 4099
861 1 1 1 577 1269 1279 1228 4072 4100 4101 3902 4102
862 1 1 1 1269 590 1276 1279 4069 4088 4103 4100 4104
863 1 1 1 1279 1276 589 1278 4103 4098 4105 4106 4107
864 1 1 1 1228 1279 1278 422 4101 4106 4108 3905 4109
865 1 1 1 422 1278 1282 1237 4108 4110 4111 3937 4112
866 1 1 1 1278 589 1280 1282 4105 4113 4114 4110 4115
867 1 1 1 1282 1280 593 1281 4114 4116 4117 4118 4119
868 1 1 1 1237 1282 1281 580 4111 4118 4120 3940 4121
869 1 1 1 589 1275 1285 1280 4097 4122 4123 4113 4124
870 1 1 1 1275 425 1283 1285 4094 4125 4126 4122 4127
871 1 1 1 1285 1283 591 1284 4126 4128 4129 4130 4131
872 1 1 1 1280 1285 1284 593 4123 4130 4132 4116 4133
873 1 1 1 593 1284 1289 1288 4132 4134 4135 4136 4137
874 1 1 1 1284 591 1286 1289 4129 4138 4139 4134 4140
875 1 1 1 1289 1286 426 1287 4139 4141 4142 4143 4144
876 1 1 1 1288 1289 1287 592 4135 4143 4145 4146 4147
877 1 1 1 580 1281 1291 1240 4120 4148 4149 3950 4150
878 1 1 1 1281 593 1288 1291 4117 4136 4151 4148 4152
879 1 1 1 1291 1288 592 1290 4151 4146 4153 4154 4155
880 1 1 1 1240 1291 1290 423 4149 4154 4156 3953 4157
881 1 1 1 423 1290 1294 1249 4156 4158 4159 3985 4160
882 1 1 1 1290 592 1292 1294 4153 4161 4162 4158 4163
883 1 1 1 1294 1292 595 1293 4162 4164 4165 4166 4167
884 1 1 1 1249 1294 1293 583 4159 4166 4168 3988 4169
885 1 1 1 592 1287 1297 1292 4145 4170 4171 4161 4172
886 1 1 1 1287 426 1295 1297 4142 4173 4174 4170 4175
887 1 1 1 1297 1295 594 1296 4174 4176 4177 4178 4179
888 1 1 1 1292 1297 1296 595 4171 4178 4180 4164 4181
889 1 1 1 595 1296 1300 1299 4180 4182 4183 4184 4185
890 1 1 1 1296 594 1298 1300 4177 4186 4187 4182 4188
891 1 1 1 1300 1298 218 219 4187 4189 298 4190 4191
892 1 1 1 1299 1300 219 220 4183 4190 299 4192 4193
893 1 1 1 583 1293 1301 1252 4168 4194 4195 3998 4196
894 1 1 1 1293 595 1299 1301 4165 4184 4197 4194 4198
895 1 1 1 1301 1299 220 221 4197 4192 300 4199 4200
896 1 1 1 1252 1301 221 222 4195 4199 301 4001 4201
897 1 1 1 60 61 1304 1259 140 4202 4203 4029 4204
898 1 1 1 61 62 1302 1304 141 4205 4206 4202 4207
899 1 1 1 1304 1302 598 1303 4206 4208 4209 4210 4211
900 1 1 1 1259 1304 1303 585 4203 4210 4212 4032 4213
901 1 1 1 62 63 1307 1302 142 4214 4215 4205 4216
902 1 1 1 63 64 1305 1307 143 4217 4218 4214 4219
903 1 1 1 1307 1305 596 1306 4218 4220 4221 4222 4223
904 1 1 1 1302 1307 1306 598 4215 4222 4224 4208 4225
905 1 1 1 598 1306 1311 1310 4224 4226 4227 4228 4229
906 1 1 1 1306 596 1308 1311 4221 4230 4231 4226 4232
907 1 1 1 1311 1308 427 1309 4231 4233 4234 4235 4236
908 1 1 1 1310 1311 1309 597 4227 4235 4237 4238 4239
909 1 1 1 585 1303 1313 1262 4212 4240 4241 4042 4242
910 1 1 1 1303 598 1310 1313 4209 4228 4243 4240 4244
911 1 1 1 1313 1310 597 1312 4243 4238 4245 4246 4247
912 1 1 1 1262 1313 1312 424 4241 4246 4248 4045 4249
913 1 1 1 424 1312 1316 1271 4248 4250 4251 4077 4252
914 1 1 1 1312 597 1314 1316 4245 4253 4254 4250 4255
915 1 1 1 1316 1314 601 1315 4254 4256 4257 4258 4259
916 1 1 1 1271 1316 1315 588 4251 4258 4260 4080 4261
917 1 1 1 597 1309 1319 1314 4237 4262 4263 4253 4264
918 1 1 1 1309 427 1317 1319 4234 4265 4266 4262 4267
919 1 1 1 1319 1317 599 1318 4266 4268 4269 4270 4271
920 1 1 1 1314 1319 1318 601 4263 4270 4272 4256 4273
921 1 1 1 601 1318 1323 1322 4272 4274 4275 4276 4277
922 1 1 1 1318 599 1320 1323 4269 4278 4279 4274 4280
923 1 1 1 1323 1320 428 1321 4279 4281 4282 4283 4284
924 1 1 1 1322 1323 1321 600 4275 4283 4285 4286 4287
925 1 1 1 588 1315 1325 1274 4260 4288 4289 4090 4290
926 1 1 1 1315 601 1322 1325 4257 4276 4291 4288 4292
927 1 1 1 1325 1322 600 1324 4291 4286 4293 4294 4295
928 1 1 1 1274 1325 1324 425 4289 4294 4296 4093 4297
929 1 1 1 425 1324 1328 1283 4296 4298 4299 4125 4300
930 1 1 1 1324 600 1326 1328 4293 4301 4302 4298 4303
931 1 1 1 1328 1326 604 1327 4302 4304 4305 4306 4307
932 1 1 1 1283 1328 1327 591 4299 4306 4308 4128 4309
933 1 1 1 600 1321 1331 1326 4285 4310 4311 4301 4312
934 1 1 1 1321 428 1329 1331 4282 4313 4314 4310 4315
935 1 1 1 1331 1329 602 1330 4314 4316 4317 4318 4319
936 1 1 1 1326 1331 1330 604 4311 4318 4320 4304 4321
937 1 1 1 604 1330 1335 1334 4320 4322 4323 4324 4325
938 1 1 1 1330 602 1332 1335 4317 4326 4327 4322 4328
939 1 1 1 1335 1332 429 1333 4327 4329 4330 4331 4332
940 1 1 1 1334 1335 1333 603 4323 4331 4333 4334 4335
941 1 1 1 591 1327 1337 1286 4308 4336 4337 4138 4338
942 1 1 1 1327 604 1334 1337 4305 4324 4339 4336 4340
943 1 1 1 1337 1334 603 1336 4339 4334 4341 4342 4343
944 1 1 1 1286 1337 1336 426 4337 4342 4344 4141 4345
945 1 1 1 426 1336 1340 1295 4344 4346 4347 4173 4348
946 1 1 1 1336 603 1338 1340 4341 4349 4350 4346 4351
947 1 1 1 1340 1338 606 1339 4350 4352 4353 4354 4355
948 1 1 1 1295 1340 1339 594 4347 4354 4356 4176 4357
949 1 1 1 603 1333 1343 1338 4333 4358 4359 4349 4360
950 1 1 1 1333 429 1341 1343 4330 4361 4362 4358 4363
951 1 1 1 1343 1341 605 1342 4362 4364 4365 4366 4367
952 1 1 1 1338 1343 1342 606 4359 4366 4368 4352 4369
953 1 1 1 606 1342 1346 1345 4368 4370 4371 4372 4373
954 1 1 1 1342 605 1344 1346 4365 4374 4375 4370 4376
955 1 1 1 1346 1344 214 215 4375 4377 294 4378 4379
956 1 1 1 1345 1346 215 216 4371 4378 295 4380 4381
957 1 1 1 594 1339 1347 1298 4356 4382 4383 4186 4384
958 1 1 1 1339 606 1345 1347 4353 4372 4385 4382 4386
959 1 1 1 1347 1345 216 217 4385 4380 296 4387 4388
960 1 1 1 1298 1347 217 218 4383 4387 297 4189 4389
961 1 1 1 64 65 1350 1305 144 4390 4391 4217 4392
962 1 1 1 65 66 1348 1350 145 4393 4394 4390 4395
963 1 1 1 1350 1348 609 1349 4394 4396 4397 4398 4399
964 1 1 1 1305 1350 1349 596 4391 4398 4400 4220 4401
965 1 1 1 66 67 1353 1348 146 4402 4403 4393 4404
966 1 1 1 67 68 1351 1353 147 4405 4406 4402 4407
967 1 1 1 1353 1351 607 1352 4406 4408 4409 4410 4411
968 1 1 1 1348 1353 1352 609 4403 4410 4412 4396 4413
969 1 1 1 609 1352 1357 1356 4412 4414 4415 4416 4417
970 1 1 1 1352 607 1354 1357 4409 4418 4419 4414 4420
971 1 1 1 1357 1354 430 1355 4419 4421 4422 4423 4424
972 1 1 1 1356 1357 1355 608 4415 4423 4425 4426 4427
973 1 1 1 596 1349 1359 1308 4400 4428 4429 4230 4430
974 1 1 1 1349 609 1356 1359 4397 4416 4431 4428 4432
975 1 1 1 1359 1356 608 1358 4431 4426 4433 4434 4435
976 1 1 1 1308 1359 1358 427 4429 4434 4436 4233 4437
977 1 1 1 427 1358 1362 1317 4436 4438 4439 4265 4440
978 1 1 1 1358 608 1360 1362 4433 4441 4442 4438 4443
979 1 1 1 1362 1360 612 1361 4442 4444 4445 4446 4447
980 1 1 1 1317 1362 1361 599 4439 4446 4448 4268 4449
981 1 1 1 608 1355 1365 1360 4425 4450 4451 4441 4452
982 1 1 1 1355 430 1363 1365 4422 4453 4454 4450 4455
983 1 1 1 1365 1363 610 1364 4454 4456 4457 4458 4459
984 1 1 1 1360 1365 1364 612 4451 4458 4460 4444 4461
985 1 1 1 612 1364 1369 1368 4460 4462 4463 4464 4465
986 1 1 1 1364 610 1366 1369 4457 4466 4467 4462 4468
987 1 1 1 1369 1366 431 1367 4467 4469 4470 4471 4472
988 1 1 1 1368 1369 1367 611 4463 4471 4473 4474 4475
989 1 1 1 599 1361 1371 1320 4448 4476 4477 4278 4478
990 1 1 1 1361 612 1368 1371 4445 4464 4479 4476 4480
991 1 1 1 1371 1368 611 1370 4479 4474 4481 4482 4483
992 1 1 1 1320 1371 1370 428 4477 4482 4484 4281 4485
993 1 1 1 428 1370 1374 1329 4484 4486 4487 4313 4488
994 1 1 1 1370 611 1372 1374 4481 4489 4490 4486 4491
995 1 1 1 1374 1372 615 1373 4490 4492 4493 4494 4495
996 1 1 1 1329 1374 1373 602 4487 4494 4496 4316 4497
997 1 1 1 611 1367 1377 1372 4473 4498 4499 4489 4500
998 1 1 1 1367 431 1375 1377 4470 4501 4502 4498 4503
999 1 1 1 1377 1375 613 1376 4502 4504 4505 4506 4507
1000 1 1 1 1372 1377 1376 615 4499 4506 4508 4492 4509
1001 1 1 1 615 1376 1381 1380 4508 4510 4511 4512 4513
1002 1 1 1 1376 613 1378 1381 4505 4514 4515 4510 4516
1003 1 1 1 1381 1378 432 1379 4515 4517 4518 4519 4520
1004 1 1 1 1380 1381 1379 614 4511 4519 4521 4522 4523
1005 1 1 1 602 1373 1383 1332 4496 4524 4525 4326 4526
1006 1 1 1 1373 615 1380 1383 4493 4512 4527 4524 4528
1007 1 1 1 1383 1380 614 1382 4527 4522 4529 4530 4531
1008 1 1 1 1332 1383 1382 429 4525 4530 4532 4329 4533
1009 1 1 1 429 1382 1386 1341 4532 4534 4535 4361 4536
1010 1 1 1 1382 614 1384 1386 4529 4537 4538 4534 4539
1011 1 1 1 1386 1384 617 1385 4538 4540 4541 4542 4543
1012 1 1 1 1341 1386 1385 605 4535 4542 4544 4364 4545
1013 1 1 1 614 1379 1389 1384 4521 4546 4547 4537 4548
1014 1 1 1 1379 432 1387 1389 4518 4549 4550 4546 4551
1015 1 1 1 1389 1387 616 1388 4550 4552 4553 4554 4555
1016 1 1 1 1384 1389 1388 617 4547 4554 4556 4540 4557
1017 1 1 1 617 1388 1392 1391 4556 4558 4559 4560 4561
1018 1 1 1 1388 616 1390 1392 4553 4562 4563 4558 4564
1019 1 1 1 1392 1390 210 211 4563 4565 290 4566 4567
1020 1 1 1 1391 1392 211 212 4559 4566 291 4568 4569
1021 1 1 1 605 1385 1393 1344 4544 4570 4571 4374 4572
1022 1 1 1 1385 617 1391 1393 4541 4560 4573 4570 4574
1023 1 1 1 1393 1391 212 213 4573 4568 292 4575 4576
1024 1 1 1 1344 1393 213 214 4571 4575 293 4377 4577
1025 1 1 1 68 69 1396 1351 148 4578 4579 4405 4580
1026 1 1 1 69 70 1394 1396 149 4581 4582 4578 4583
1027 1 1 1 1396 1394 620 1395 4582 4584 4585 4586 4587
1028 1 1 1 1351 1396 1395 607 4579 4586 4588 4408 4589
1029 1 1 1 70 71 1399 1394 150 4590 4591 4581 4592
1030 1 1 1 71 72 1397 1399 151 4593 4594 4590 4595
1031 1 1 1 1399 1397 618 1398 4594 4596 4597 4598 4599
1032 1 1 1 1394 1399 1398 620 4591 4598 4600 4584 4601
1033 1 1 1 620 1398 1403 1402 4600 4602 4603 4604 4605
1034 1 1 1 1398 618 1400 1403 4597 4606 4607 4602 4608
1035 1 1 1 1403 1400 433 1401 4607 4609 4610 4611 4612
1036 1 1 1 1402 1403 1401 619 4603 4611 4613 4614 4615
1037 1 1 1 607 1395 1405 1354 4588 4616 4617 4418 4618
1038 1 1 1 1395 620 1402 1405 4585 4604 4619 4616 4620
1039 1 1 1 1405 1402 619 1404 4619 4614 4621 4622 4623
1040 1 1 1 1354 1405 1404 430 4617 4622 4624 4421 4625
1041 1 1 1 430 1404 1408 1363 4624 4626 4627 4453 4628
1042 1 1 1 1404 619 1406 1408 4621 4629 4630 4626 4631
1043 1 1 1 1408 1406 623 1407 4630 4632 4633 4634 4635
1044 1 1 1 1363 1408 1407 610 4627 4634 4636 4456 4637
1045 1 1 1 619 1401 1411 1406 4613 4638 4639 4629 4640
1046 1 1 1 1401 433 1409 1411 4610 4641 4642 4638 4643
1047 1 1 1 1411 1409 621 1410 4642 4644 4645 4646 4647
1048 1 1 1 1406 1411 1410 623 4639 4646 4648 4632 4649
1049 1 1 1 623 1410 1415 1414 4648 4650 4651 4652 4653
1050 1 1 1 1410 621 1412 1415 4645 4654 4655 4650 4656
1051 1 1 1 1415 1412 434 1413 4655 4657 4658 4659 4660
1052 1 1 1 1414 1415 1413 622 4651 4659 4661 4662 4663
1053 1 1 1 610 1407 1417 1366 4636 4664 4665 4466 4666
1054 1 1 1 1407 623 1414 1417 4633 4652 4667 4664 4668
1055 1 1 1 1417 1414 622 1416 4667 4662 4669 4670 4671
1056 1 1 1 1366 1417 1416 431 4665 4670 4672 4469 4673
1057 1 1 1 431 1416 1420 1375 4672 4674 4675 4501 4676
1058 1 1 1 1416 622 1418 1420 4669 4677 4678 4674 4679
1059 1 1 1 1420 1418 626 1419 4678 4680 4681 4682 4683
1060 1 1 1 1375 1420 1419 613 4675 4682 4684 4504 4685
1061 1 1 1 622 1413 1423 1418 4661 4686 4687 4677 4688
1062 1 1 1 1413 434 1421 1423 4658 4689 4690 4686 4691
1063 1 1 1 1423 1421 624 1422 4690 4692 4693 4694 4695
1064 1 1 1 1418 1423 1422 626 4687 4694 4696 4680 4697
1065 1 1 1 626 1422 1427 1426 4696 4698 4699 4700 4701
1066 1 1 1 1422 624 1424 1427 4693 4702 4703 4698 4704
1067 1 1 1 1427 1424 435 1425 4703 4705 4706 4707 4708
1068 1 1 1 1426 1427 1425 625 4699 4707 4709 4710 4711
1069 1 1 1 613 1419 1429 1378 4684 4712 4713 4514 4714
1070 1 1 1 1419 626 1426 1429 4681 4700 4715 4712 4716
1071 1 1 1 1429 1426 625 1428 4715 4710 4717 4718 4719
1072 1 1 1 1378 1429 1428 432 4713 4718 4720 4517 4721
1073 1 1 1 432 1428 1432 1387 4720 4722 4723 4549 4724
1074 1 1 1 1428 625 1430 1432 4717 4725 4726 4722 4727
1075 1 1 1 1432 1430 628 1431 4726 4728 4729 4730 4731
1076 1 1 1 1387 1432 1431 616 4723 4730 4732 4552 4733
1077 1 1 1 625 1425 1435 1430 4709 4734 4735 4725 4736
1078 1 1 1 1425 435 1433 1435 4706 4737 4738 4734 4739
1079 1 1 1 1435 1433 627 1434 4738 4740 4741 4742 4743
1080 1 1 1 1430 1435 1434 628 4735 4742 4744 4728 4745
1081 1 1 1 628 1434 1438 1437 4744 4746 4747 4748 4749
1082 1 1 1 1434 627 1436 1438 4741 4750 4751 4746 4752
1083 1 1 1 1438 1436 206 207 4751 4753 286 4754 4755
1084 1 1 1 1437 1438 207 208 4747 4754 287 4756 4757
1085 1 1 1 616 1431 1439 1390 4732 4758 4759 4562 4760
1086 1 1 1 1431 628 1437 1439 4729 4748 4761 4758 4762
1087 1 1 1 1439 1437 208 209 4761 4756 288 4763 4764
1088 1 1 1 1390 1439 209 210 4759 4763 289 4565 4765
1089 1 1 1 72 73 1442 1397 152 4766 4767 4593 4768
1090 1 1 1 73 74 1440 1442 153 4769 4770 4766 4771
1091 1 1 1 1442 1440 631 1441 4770 4772 4773 4774 4775
1092 1 1 1 1397 1442 1441 618 4767 4774 4776 4596 4777
1093 1 1 1 74 75 1445 1440 154 4778 4779 4769 4780
1094 1 1 1 75 76 1443 1445 155 4781 4782 4778 4783
1095 1 1 1 1445 1443 629 1444 4782 4784 4785 4786 4787
1096 1 1 1 1440 1445 1444 631 4779 4786 4788 4772 4789
1097 1 1 1 631 1444 1449 1448 4788 4790 4791 4792 4793
1098 1 1 1 1444 629 1446 1449 4785 4794 4795 4790 4796
1099 1 1 1 1449 1446 436 1447 4795 4797 4798 4799 4800
1100 1 1 1 1448 1449 1447 630 4791 4799 4801 4802 4803
1101 1 1 1 618 1441 1451 1400 4776 4804 4805 4606 4806
1102 1 1 1 1441 631 1448 1451 4773 4792 4807 4804 4808
1103 1 1 1 1451 1448 630 1450 4807 4802 4809 4810 4811
1104 1 1 1 1400 1451 1450 433 4805 4810 4812 4609 4813
1105 1 1 1 433 1450 1454 1409 4812 4814 4815 4641 4816
1106 1 1 1 1450 630 1452 1454 4809 4817 4818 4814 4819
1107 1 1 1 1454 1452 634 1453 4818 4820 4821 4822 4823
1108 1 1 1 1409 1454 1453 621 4815 4822 4824 4644 4825
1109 1 1 1 630 1447 1457 1452 4801 4826 4827 4817 4828
1110 1 1 1 1447 436 1455 1457 4798 4829 4830 4826 4831
1111 1 1 1 1457 1455 632 1456 4830 4832 4833 4834 4835
1112 1 1 1 1452 1457 1456 634 4827 4834 4836 4820 4837
1113 1 1 1 634 1456 1461 1460 4836 4838 4839 4840 4841
1114 1 1 1 1456 632 1458 1461 4833 4842 4843 4838 4844
1115 1 1 1 1461 1458 437 1459 4843 4845 4846 4847 4848
1116 1 1 1 1460 1461 1459 633 4839 4847 4849 4850 4851
1117 1 1 1 621 1453 1463 1412 4824 4852 4853 4654 4854
1118 1 1 1 1453 634 1460 1463 4821 4840 4855 4852 4856
1119 1 1 1 1463 1460 633 1462 4855 4850 4857 4858 4859
1120 1 1 1 1412 1463 1462 434 4853 4858 4860 4657 4861
1121 1 1 1 434 1462 1466 1421 4860 4862 4863 4689 4864
1122 1 1 1 1462 633 1464 1466 4857 4865 4866 4862 4867
1123 1 1 1 1466 1464 637 1465 4866 4868 4869 4870 4871
1124 1 1 1 1421 1466 1465 624 4863 4870 4872 4692 4873
1125 1 1 1 633 1459 1469 1464 4849 4874 4875 4865 4876
1126 1 1 1 1459 437 1467 1469 4846 4877 4878 4874 4879
1127 1 1 1 1469 1467 635 1468 4878 4880 4881 4882 4883
1128 1 1 1 1464 1469 1468 637 4875 4882 4884 4868 4885
1129 1 1 1 637 1468 1473 1472 4884 4886 4887 4888 4889
1130 1 1 1 1468 635 1470 1473 4881 4890 4891 4886 4892
1131 1 1 1 1473 1470 438 1471 4891 4893 4894 4895 4896
1132 1 1 1 1472 1473 1471 636 4887 4895 4897 4898 4899
1133 1 1 1 624 1465 1475 1424 4872 4900 4901 4702 4902
1134 1 1 1 1465 637 1472 1475 4869 4888 4903 4900 4904
1135 1 1 1 1475 1472 636 1474 4903 4898 4905 4906 4907
1136 1 1 1 1424 1475 1474 435 4901 4906 4908 4705 4909
1137 1 1 1 435 1474 1478 1433 4908 4910 4911 4737 4912
1138 1 1 1 1474 636 1476 1478 4905 4913 4914 4910 4915
1139 1 1 1 1478 1476 639 1477 4914 4916 4917 4918 4919
1140 1 1 1 1433 1478 1477 627 4911 4918 4920 4740 4921
1141 1 1 1 636 1471 1481 1476 4897 4922 4923 4913 4924
1142 1 1 1 1471 438 1479 1481 4894 4925 4926 4922 4927
1143 1 1 1 1481 1479 638 1480 4926 4928 4929 4930 4931
1144 1 1 1 1476 1481 1480 639 4923 4930 4932 4916 4933
1145 1 1 1 639 1480 1484 1483 4932 4934 4935 4936 4937
1146 1 1 1 1480 638 1482 1484 4929 4938 4939 4934 4940
1147 1 1 1 1484 1482 202 203 4939 4941 282 4942 4943
1148 1 1 1 1483 1484 203 204 4935 4942 283 4944 4945
1149 1 1 1 627 1477 1485 1436 4920 4946 4947 4750 4948
1150 1 1 1 1477 639 1483 1485 4917 4936 4949 4946 4950
1151 1 1 1 1485 1483 204 205 4949 4944 284 4951 4952
1152 1 1 1 1436 1485 205 206 4947 4951 285 4753 4953
1153 1 1 1 76 77 1488 1443 156 4954 4955 4781 4956
1154 1 1 1 77 78 1486 1488 157 4957 4958 4954 4959
1155 1 1 1 1488 1486 642 1487 4958 4960 4961 4962 4963
1156 1 1 1 1443 1488 1487 629 4955 4962 4964 4784 4965
1157 1 1 1 78 79 1491 1486 158 4966 4967 4957 4968
1158 1 1 1 79 80 1489 1491 159 4969 4970 4966 4971
1159 1 1 1 1491 1489 640 1490 4970 4972 4973 4974 4975
1160 1 1 1 1486 1491 1490 642 4967 4974 4976 4960 4977
1161 1 1 1 642 1490 1495 1494 4976 4978 4979 4980 4981
1162 1 1 1 1490 640 1492 1495 4973 4982 4983 4978 4984
1163 1 1 1 1495 1492 439 1493 4983 4985 4986 4987 4988
1164 1 1 1 1494 1495 1493 641 4979 4987 4989 4990 4991
1165 1 1 1 629 1487 1497 1446 4964 4992 4993 4794 4994
1166 1 1 1 1487 642 1494 1497 4961 4980 4995 4992 4996
1167 1 1 1 1497 1494 641 1496 4995 4990 4997 4998 4999
1168 1 1 1 1446 1497 1496 436 4993 4998 5000 4797 5001
1169 1 1 1 436 1496 1500 1455 5000 5002 5003 4829 5004
1170 1 1 1 1496 641 1498 1500 4997 5005 5006 5002 5007
1171 1 1 1 1500 1498 645 1499 5006 5008 5009 5010 5011
1172 1 1 1 1455 1500 1499 632 5003 5010 5012 4832 5013
1173 1 1 1 641 1493 1503 1498 4989 5014 5015 5005 5016
1174 1 1 1 1493 439 1501 1503 4986 5017 5018 5014 5019
1175 1 1 1 1503 1501 643 1502 5018 5020 5021 5022 5023
1176 1 1 1 1498 1503 1502 645 5015 5022 5024 5008 5025
1177 1 1 1 645 1502 1507 1506 5024 5026 5027 5028 5029
1178 1 1 1 1502 643 1504 1507 5021 5030 5031 5026 5032
1179 1 1 1 1507 1504 440 1505 5031 5033 5034 5035 5036
1180 1 1 1 1506 1507 1505 644 5027 5035 5037 5038 5039
1181 1 1 1 632 1499 1509 1458 5012 5040 5041 4842 5042
1182 1 1 1 1499 645 1506 1509 5009 5028 5043 5040 5044
1183 1 1 1 1509 1506 644 1508 5043 5038 5045 5046 5047
1184 1 1 1 1458 1509 1508 437 5041 5046 5048 4845 5049
1185 1 1 1 437 1508 1512 1467 5048 5050 5051 4877 5052
1186 1 1 1 1508 644 1510 1512 5045 5053 5054 5050 5055
1187 1 1 1 1512 1510 648 1511 5054 5056 5057 5058 5059
1188 1 1 1 1467 1512 1511 635 5051 5058 5060 4880 5061
1189 1 1 1 644 1505 1515 1510 5037 5062 5063 5053 5064
1190 1 1 1 1505 440 1513 1515 5034 5065 5066 5062 5067
1191 1 1 1 1515 1513 646 1514 5066 5068 5069 5070 5071
1192 1 1 1 1510 1515 1514 648 5063 5070 5072 5056 5073
1193 1 1 1 648 1514 1519 1518 5072 5074 5075 5076 5077
1194 1 1 1 1514 646 1516 1519 5069 5078 5079 5074 5080
1195 1 1 1 1519 1516 441 1517 5079 5081 5082 5083 5084
1196 1 1 1 1518 1519 1517 647 5075 5083 5085 5086 5087
1197 1 1 1 635 1511 1521 1470 5060 5088 5089 4890 5090
1198 1 1 1 1511 648 1518 1521 5057 5076 5091 5088 5092
1199 1 1 1 1521 1518 647 1520 5091 5086 5093 5094 5095
1200 1 1 1 1470 1521 1520 438 5089 5094 5096 4893 5097
1201 1 1 1 438 1520 1524 1479 5096 5098 5099 4925 5100
1202 1 1 1 1520 647 1522 1524 5093 5101 5102 5098 5103
1203 1 1 1 1524 1522 650 1523 5102 5104 5105 5106 5107
1204 1 1 1 1479 1524 1523 638 5099 5106 5108 4928 5109
1205 1 1 1 647 1517 1527 1522 5085 5110 5111 5101 5112
1206 1 1 1 1517 441 1525 1527 5082 5113 5114 5110 5115
1207 1 1 1 1527 1525 649 1526 5114 5116 5117 5118 5119
1208 1 1 1 1522 1527 1526 650 5111 5118 5120 5104 5121
1209 1 1 1 650 1526 1530 1529 5120 5122 5123 5124 5125
1210 1 1 1 1526 649 1528 1530 5117 5126 5127 5122 5128
1211 1 1 1 1530 1528 198 199 5127 5129 278 5130 5131
1212 1 1 1 1529 1530 199 200 5123 5130 279 5132 5133
1213 1 1 1 638 1523 1531 1482 5108 5134 5135 4938 5136
1214 1 1 1 1523 650 1529 1531 5105 5124 5137 5134 5138
1215 1 1 1 1531 1529 200 201 5137 5132 280 5139 5140
1216 1 1 1 1482 1531 201 202 5135 5139 281 4941 5141
1217 1 1 1 80 81 1534 1489 160 5142 5143 4969 5144
1218 1 1 1 81 82 1532 1534 161 5145 5146 5142 5147
1219 1 1 1 1534 1532 652 1533 5146 5148 5149 5150 5151
1220 1 1 1 1489 1534 1533 640 5143 5150 5152 4972 5153
1221 1 1 1 82 83 1536 1532 162 5154 5155 5145 5156
1222 1 1 1 83 2 164 1536 163 179 5157 5154 5158
1223 1 1 1 1536 164 165 1535 5157 180 5159 5160 5161
1224 1 1 1 1532 1536 1535 652 5155 5160 5162 5148 5163
1225 1 1 1 652 1535 1539 1538 5162 5164 5165 5166 5167
1226 1 1 1 1535 165 166 1539 5159 181 5168 5164 5169
1227 1 1 1 1539 166 167 1537 5168 182 5170 5171 5172
1228 1 1 1 1538 1539 1537 651 5165 5171 5173 5174 5175
1229 1 1 1 640 1533 1541 1492 5152 5176 5177 4982 5178
1230 1 1 1 1533 652 1538 1541 5149 5166 5179 5176 5180
1231 1 1 1 1541 1538 651 1540 5179 5174 5181 5182 5183
1232 1 1 1 1492 1541 1540 439 5177 5182 5184 4985 5185
1233 1 1 1 439 1540 1544 1501 5184 5186 5187 5017 5188
1234 1 1 1 1540 651 1542 1544 5181 5189 5190 5186 5191
1235 1 1 1 1544 1542 654 1543 5190 5192 5193 5194 5195
1236 1 1 1 1501 1544 1543 643 5187 5194 5196 5020 5197
1237 1 1 1 651 1537 1546 1542 5173 5198 5199 5189 5200
1238 1 1 1 1537 167 168 1546 5170 183 5201 5198 5202
1239 1 1 1 1546 168 169 1545 5201 184 5203 5204 5205
1240 1 1 1 1542 1546 1545 654 5199 5204 5206 5192 5207
1241 1 1 1 654 1545 1549 1548 5206 5208 5209 5210 5211
1242 1 1 1 1545 169 170 1549 5203 185 5212 5208 5213
1243 1 1 1 1549 170 171 1547 5212 186 5214 5215 5216
1244 1 1 1 1548 1549 1547 653 5209 5215 5217 5218 5219
1245 1 1 1 643 1543 1551 1504 5196 5220 5221 5030 5222
1246 1 1 1 1543 654 1548 1551 5193 5210 5223 5220 5224
1247 1 1 1 1551 1548 653 1550 5223 5218 5225 5226 5227
1248 1 1 1 1504 1551 1550 440 5221 5226 5228 5033 5229
1249 1 1 1 440 1550 1554 1513 5228 5230 5231 5065 5232
1250 1 1 1 1550 653 1552 1554 5225 5233 5234 5230 5235
1251 1 1 1 1554 1552 656 1553 5234 5236 5237 5238 5239
1252 1 1 1 1513 1554 1553 646 5231 5238 5240 5068 5241
1253 1 1 1 653 1547 1556 1552 5217 5242 5243 5233 5244
1254 1 1 1 1547 171 172 1556 5214 187 5245 5242 5246
1255 1 1 1 1556 172 173 1555 5245 188 5247 5248 5249
1256 1 1 1 1552 1556 1555 656 5243 5248 5250 5236 5251
1257 1 1 1 656 1555 1559 1558 5250 5252 5253 5254 5255
1258 1 1 1 1555 173 174 1559 5247 189 5256 5252 5257
1259 1 1 1 1559 174 175 1557 5256 190 5258 5259 5260
1260 1 1 1 1558 1559 1557 655 5253 5259 5261 5262 5263
1261 1 1 1 646 1553 1561 1516 5240 5264 5265 5078 5266
1262 1 1 1 1553 656 1558 1561 5237 5254 5267 5264 5268
1263 1 1 1 1561 1558 655 1560 5267 5262 5269 5270 5271
1264 1 1 1 1516 1561 1560 441 5265 5270 5272 5081 5273
1265 1 1 1 441 1560 1564 1525 5272 5274 5275 5113 5276
1266 1 1 1 1560 655 1562 1564 5269 5277 5278 5274 5279
1267 1 1 1 1564 1562 657 1563 5278 5280 5281 5282 5283
1268 1 1 1 1525 1564 1563 649 5275 5282 5284 5116 5285
1269 1 1 1 655 1557 1566 1562 5261 5286 5287 5277 5288
1270 1 1 1 1557 175 176 1566 5258 191 5289 5286 5290
1271 1 1 1 1566 176 177 1565 5289 192 5291 5292 5293
1272 1 1 1 1562 1566 1565 657 5287 5292 5294 5280 5295
1273 1 1 1 657 1565 1568 1567 5294 5296 5297 5298 5299
1274 1 1 1 1565 177 178 1568 5291 193 5300 5296 5301
1275 1 1 1 1568 178 3 195 5300 194 274 5302 5303
1276 1 1 1 1567 1568 195 196 5297 5302 275 5304 5305
1277 1 1 1 649 1563 1569 1528 5284 5306 5307 5126 5308
1278 1 1 1 1563 657 1567 1569 5281 5298 5309 5306 5310
1279 1 1 1 1569 1567 196 197 5309 5304 276 5311 5312
1280 1 1 1 1528 1569 197 198 5307 5311 277 5129 5313
