27352.851680966716
40525.89773735536
29658.144507949168
23968.419361885328
28085.75563012105
29001.046446479006
23535.25499223647
17006.226241946744
12033.479021249617
13047.980388691452
18642.18697929048
25262.94914493963
32116.849401182943
37343.041752883124
38540.646997530916
38634.82595536766
37301.10249798974
34278.6281966536
32549.550719571238
33708.93371050301
33217.55574475877
31854.633020689034
30366.684648948518
29241.182697776516
27276.83591450212
25742.94952966961
24231.361686793745
22192.503805637494
18316.276239817264
20424.030537279472
25504.41465015479
29469.68501141743
33260.865533502394
37241.13531695543
40287.760586332006
42850.96160110629
46392.95571878186
51603.29821845394
51552.63954523395
42901.873926455344
36884.683435045576
34941.00639003827
39035.23765876879
34381.41348565905
29288.48050868844
28325.323385888405
33907.54646489199
42728.185542976615
44904.27675550364
45365.96075869805
48155.97487170854
47111.9802736588
43928.26046544557
42196.52441242432
41286.379805767894
39967.75714940459
37919.08939530961
36594.53073046435
35740.61000101646
34858.941804429116
33807.05190336706
32442.86235048031
30986.58848448307
29789.63740113847
29004.241407621263
28273.542349115407
33338.5497434299
39189.70496807633
46645.20297368714
56146.70614451296
68240.01654107394
66697.84115026427
57219.99053546063
49340.40909219906
42233.652192669644
34423.25499888797
31442.697679424586
30204.73558938734
28466.62629605204
27806.972194112655
26574.841487937618
23337.006552601204
21166.00797936333
20363.43307243901
22573.963284332964
21377.803467961716
19652.97840473692
20836.03056501619
21610.25083955379
20266.150651807275
20847.06564793367
22170.861966419416
25467.51260116355
19612.31029420504
21015.601855272947
22182.837903588104
20615.3885416758
16816.325611612803
18868.912812272905
21072.77006714915
12616.737536473967
17657.462161780233
21337.95435428489
13916.007191462762
18818.113051456352
23108.209962027948
19937.479036529767
23188.285861080058
26301.22049529583
27479.06470349984
30388.06612359365
30875.35087789724
35037.748286751485
41555.16215034738
36519.00496016172
40132.71626122921
49720.83491534855
41490.274512581804
43283.02911286033
47479.4412459917
45889.28892565151
43860.284941517784
48658.01734630174
50463.013558828796
43959.57440749711
51597.79146966931
56503.51273158484
42954.62472545979
55551.271461467244
63279.95364053272
41181.961247035164
54937.46303821628
63347.66211546285
39879.81664762706
47848.788746278056
53866.66781464383
37019.28434142703
41459.074407016
45046.824068468726
33879.6557401023
36059.41968196393
38065.38078452112
31045.683634011046
31425.992809578278
32893.133923836096
30920.069749833085
27450.91934252591
30428.067966854476
27577.01270477584
27594.421620309527
28673.02049832457
26885.456870948718
28049.993862569005
29077.50835948356
26625.447511034035
29024.869253447014
30407.30993138087
26840.383519695475
31261.749294748537
32526.923559367086
28058.86826775407
36237.16576888873
34434.2527300589
28960.22334148925
36309.28311467633
35724.94125139044
30005.394502778392
34273.05498265188
35768.95018538507
32080.071567003553
34532.4735283806
36036.42071473683
34728.0365066312
35688.45353627448
36973.817329865014
37756.93507175221
37054.09223203472
38543.381856365064
40323.837614631026
39020.81004357898
39984.55713805304
42405.80812313129
41314.811643151836
41527.72331951166
44605.4423830492
42173.42279569576
42541.6835222151
46657.46532978512
40425.95465689031
42299.599819949624
45721.35358226696
38991.815991795826
41690.60217783973
39925.61277506207
38508.93955588687
41714.89287510166
33712.56698942354
35135.46037239576
40752.99529632645
30250.776706624223
31393.060343334462
37127.307340112624
33214.40700443121
29793.58361709871
31178.62090604777
