50800.80138543985
18992.10750908405
30203.984523421466
44185.67297467813
46914.44910417539
37101.1941858326
34795.65785463209
34127.631952030715
34023.29984517668
33333.86519168265
32372.067772922463
31683.58699949974
31513.250277605785
30437.975415258552
26839.34909483487
24416.723059704746
22510.910472589036
21304.80288494997
20850.21379904649
20851.147198173516
21212.69133473799
21319.311221823373
21007.77507543012
19956.603355716026
24513.927422273882
28951.197305444974
33594.33873147969
38259.760222007535
41009.98111788882
42261.76417815568
41077.42973180126
39338.15600516858
38803.68353093665
40309.32879446164
40120.765590095645
39744.32369463669
41093.2550511305
42966.44303844295
40846.17596504019
33387.483150138054
26380.053909520473
21527.474260433984
19254.105598691654
19150.821725200858
22059.144903134493
26148.589827064294
29089.988694171454
26237.787472930962
26932.199219377704
29070.68859911515
30914.282581990094
30034.015609108406
27382.877394986746
23987.630905410944
20150.663608459046
19349.79134908644
23175.590056113866
26974.605706878607
30053.30874417653
32089.70619116594
33795.791274597315
35330.81618855689
36336.11389551003
37282.943150936364
39124.29993824318
42999.702805452434
35872.556935527304
31306.466619027688
28245.209608331683
26254.823038483646
25294.62090896029
23798.01099440418
22112.81027200403
20857.056357693426
19487.234108496126
17576.37334361451
20103.437448719327
25767.369696707938
31867.885118707512
38200.5192284051
41300.54062377657
40689.03060263729
39979.09082546701
40911.85612508483
43466.07734540786
47624.236122556846
41307.91098544985
43823.08978048905
41028.63095968358
38713.7967087072
45370.4277293732
36386.94953011947
33584.00745640318
42544.64207162102
34924.62731212835
34743.817779384364
39333.40977078063
34357.55485093034
36645.62136439495
40500.94303692042
32747.168825000652
36351.203366813
44005.94666809215
32332.16330639142
35155.838553933936
40695.83033655489
31904.42351915939
32435.543322741963
33114.15683431306
30370.784950437446
29032.978194014606
27361.129538427373
28423.460079078515
26064.8964410239
22982.95122456095
26308.970793588953
23648.59457450215
20724.545270558647
24707.8078613401
22628.196779632006
20601.065197833756
22832.245109373885
21544.4134441442
20850.732474531294
21036.858304050264
20386.10645282516
21007.541173899357
19211.79407104238
18915.996952217858
21228.42007285741
18763.208706820136
18952.378003971062
22031.252508524245
20343.74399678022
21129.90664456878
23579.493515548587
21579.128237747165
23084.26087606236
25627.00648275247
22273.979900967115
24558.64201547393
28034.69523619918
22466.749643285435
25402.114086173027
30888.978949632365
22366.479977152667
26573.63313626346
35901.53874440265
26325.298668886277
29338.910511043447
34673.08047174977
30663.4860658963
32883.352043361
35443.9732147936
35501.6231298011
36401.33262797875
36448.41646750273
41440.00872687811
40401.37663831839
36968.57702404906
50313.60769594739
45612.34560462063
35012.92373752008
48537.58383764842
43677.0283064364
34388.97486973842
41653.48210161099
38166.90897189051
33053.58521472326
37650.02506059706
33884.73533221367
29662.890755683424
35484.569734624616
30712.50746265638
25679.185936416652
34128.6557068133
30023.75317259047
21491.927639087015
34819.0417028998
29845.771990835216
22520.551332404633
36547.091505553486
31602.390537929037
26607.737993139766
39281.9505729381
34823.218844093004
29995.987920086514
43039.41778800446
38282.60527511496
31212.95335801869
41964.89428243716
38070.0989499659
30731.089203736672
33556.952361497
32493.306010219072
30201.230917537832
26197.890677561092
28043.782783810446
27957.518675298365
21489.637542836976
24763.38209131848
26444.81910407448
19209.47772869398
22447.77945959015
26198.67424452521
