28091.363033469668
19379.0754462978
10936.519003064048
23752.013138186958
26851.44651160347
25864.708767558437
24647.479394294074
24462.660350192356
23440.167393724852
25357.875301747197
29059.858884329406
32112.02241729349
35626.103536381685
37629.13798289178
37314.32945914894
38210.11632811553
40087.44345487728
41296.85368535965
41748.74610040752
42333.78449061622
41533.81800250622
41352.35665008516
42988.71202455234
47663.945696441304
39856.64363199946
35142.84863601533
31894.886210469613
28962.09427617523
25691.33249346649
24101.513303215903
23290.425321258277
22021.75885047975
20868.55903913102
20408.519656254415
20673.231340966435
21823.08776197685
23855.574829484132
27273.722238469556
29408.269061677584
27776.83947659875
28312.723152557293
28046.82735378263
21814.543559832447
15165.338091123962
15359.17012592519
15236.60544444099
11461.47633373442
14700.396592396006
16548.844456300416
18133.128874893933
19002.30582588427
19045.944906256093
18291.902821036747
17138.153102590644
16079.625858197109
16295.982348406735
18316.422776524938
20926.551924442985
23838.304497865254
26674.583605958545
28601.034622986954
30086.197286691295
30929.834386802584
32005.829672156233
33791.7595574014
37420.76597956618
34487.43161001042
33174.803744255274
32102.09415360471
30387.755531906594
27410.156799625685
27500.0043666001
28882.196174755238
29045.60912846517
28676.530208142314
29052.28225459599
29768.964516149972
31631.709772739116
34543.713430595424
37502.4304647996
35493.7968327434
27960.280759671023
21057.960620581893
17801.73978162732
21007.27748993753
26440.52154314635
27092.609069308324
30600.68916548389
28312.4550932399
25456.260754738323
23394.713053704967
23410.814279215978
24580.602242975423
19563.3097847131
24311.7778936526
25064.434912847613
22195.435279798934
26275.891596503046
28521.56908934928
28815.43101937193
28290.9124999252
34022.24683749476
36142.20503806729
29910.926791375117
35439.119529863565
38104.24240016138
31033.436295807238
33284.491353325226
34669.70441436514
32002.34940029866
30972.83692550901
30893.182459562122
33558.3092566243
28000.450697729873
27131.435788141283
34356.80181362458
27148.755523561213
26138.845982303137
35180.315958750565
30980.75441694586
28680.980553460442
37076.201769523635
34025.64233965314
30865.864737987915
40831.03536239232
37515.63610967527
32195.136581070878
47664.14973161458
41911.371886646695
32170.426648382316
50118.43940407639
42948.803342176165
32452.967164201895
43825.78293788818
40291.449055989244
34138.83837362198
40443.85172067467
37618.40385271085
34371.60259744248
38374.287498001795
35187.65627717923
33707.77992356023
36520.76016418774
31556.918197484207
32441.240371256717
33421.02487913074
26951.74601745724
31391.89490473237
33871.195801705035
29633.363723847797
31154.843527242418
32742.70894679097
30964.32180823513
31161.224200592646
31085.727156637924
30635.031033779596
30792.01302373618
29190.856185960853
29518.5704872195
30359.664658818998
28227.628552643222
27368.625338742033
31428.01943200831
25579.210989355328
25383.347209187825
28067.529352857182
23024.811870727215
23136.296705976896
23711.585124212026
20895.776438753255
20353.42210974228
20449.35022301774
18765.75994827109
17593.035188474845
17526.308950572646
17162.486459872955
15753.614478343414
15085.01846467235
17254.632578115026
15548.81292909926
15097.161335314757
18953.905983406163
17183.22180901418
16719.02323037805
20450.252550956713
18747.61353081471
18388.038605835958
20404.36195079175
19500.020820160255
20212.90306275238
20515.917797256385
19834.971089100683
20746.999691507284
22727.234768682127
19976.120267664533
18921.92035287272
22050.64562335849
18772.60301402399
17128.668423962925
18679.89880882187
16537.37178620794
15811.419086352982
16503.44296286705
15736.25593724648
15097.885569972774
