20503.577124793177
23792.395342356373
32287.623247213574
44087.00452193874
22119.264818682368
25919.577042560097
31389.69313656648
36272.587066052045
39931.89997745328
38281.87635237534
33232.21865913491
28421.81562532312
25105.069045017546
22591.093598894968
19798.48444473738
17961.82548415979
15754.053465391207
12709.677578438015
11268.950646552497
12235.88145912889
12008.477066581334
10749.108668303295
9031.404487019126
7710.316965994818
9201.644607754108
11350.666252123205
13491.371258435658
15706.779476339434
18609.959243399826
20794.508742811428
23049.16616689193
25992.264943104892
29083.066750501577
32109.633560708946
33019.30151673929
32520.554727028364
31439.443505096693
29024.9332222758
27431.21948706385
28972.442434752087
29015.522387884062
28401.56776304182
24976.4792271595
25324.217650215294
24915.484780890907
25841.343049935644
32757.96573280667
32255.2735743907
33119.323417232656
34429.25145749173
37034.82459964677
37217.16850122633
36619.09868982056
36505.3823288862
35547.94118750765
33207.73556029554
30534.211850235642
26797.03758844908
23473.310075284004
21259.806673570652
19471.0464127663
17925.52998336746
17329.281811276214
17370.653664004887
18180.814132080108
18468.409494934982
19952.69409549704
21068.32407894739
23362.902550221937
26629.614772050863
30289.079821823343
30658.247807545187
28527.29274299349
26793.452156510175
25972.72539177309
26752.393214230095
27642.15827013142
29326.824205987024
31900.083351343004
34064.576301099485
35530.50518504207
36795.03236419643
37501.18878342961
39732.62984589569
43354.27893061485
30893.65736120127
29347.03879840796
24053.74717797482
26491.140932920043
30778.774374613906
31556.964570656273
32903.6975633883
33665.763374611444
29985.647773142624
36640.95984112728
36586.17720311762
33820.5364419153
39284.602235465994
39057.549339442856
37383.71162256437
43793.691198068394
40827.467487967064
39062.723948587176
40585.864824465156
38493.62667416518
36784.59946072745
33371.41101754874
32720.453762825135
32208.007871736772
26939.00331314792
26396.596016351454
27618.70694120763
21182.54911075858
20287.081128227954
23690.706672229237
18407.694152114367
17721.184454870487
21876.882322353147
18773.108832151713
19516.81636905818
22534.095230559746
18778.552190255916
20961.400840305094
24008.203683841533
17999.699086592766
22126.64859921646
26110.518296154034
16225.26364852261
23574.698889357627
28896.726796071795
14908.601409954943
23039.45288608117
28627.499424826376
14812.162176309179
19584.558304204533
24072.511299840597
13625.329105955992
16777.13059548259
20417.651238251998
11721.84318237134
14278.829512175304
17807.595527560232
9367.728121601647
12075.950636419675
16106.037476176418
6939.795468328375
12251.058238376048
14935.180496058585
9136.754605696118
11234.940065734358
14681.304550833003
11159.131282471928
12322.318981174203
14660.575505458928
12778.70970313532
13142.852875938896
14850.992397234646
14014.936419330355
13169.40456933681
14933.550023957614
15742.49542942604
11653.729079280452
15375.268559355412
17898.675891693194
14402.575238057581
17401.07268528494
21333.93741028488
20241.303480684408
21397.727573906017
25591.23362816414
25644.591917208265
26223.574136478455
29732.372144170746
31177.963432214114
31679.376287986914
32068.90751873508
37293.14504377036
38177.56953171859
34210.83420830908
38644.05296346441
39567.38921515792
34869.239517767914
37103.86752482739
37713.36636015227
34611.317788467946
35978.11276178192
36288.32802814702
36100.66882275279
34782.83033796484
34083.043397563655
36065.72891452542
33208.58026491125
32451.767129146436
31537.16165439021
32057.10272748217
32553.167634490455
29308.83694149155
30091.228190606398
31133.09592956238
26428.854729123086
28135.172651854635
29872.10033997085
26120.523725510422
25756.54037264795
26813.37178153264
