48118.899288586676
42862.534643813764
32360.83559880811
53010.21722849435
47949.31383752791
43136.339215741544
41057.30462107153
37308.49380623942
33218.85280737806
32920.816219146
35633.686203542966
38399.77030548664
39561.05985580699
39092.547032780516
37291.230142134766
33519.04889759011
28730.828565362095
23276.793110160168
21968.519932858333
27151.10657334413
31854.6359536082
36231.08391861508
41058.969957647445
50294.645638637034
43868.83188049413
41863.323527533285
40779.45534720521
40461.57800485575
42289.50656889078
40715.39548695949
38303.09051020628
37842.245608178506
38115.954940072115
36832.24527077163
32627.842065073186
25696.600110599284
19068.9540822881
14497.189890555543
14150.629330857746
17896.964612825865
23828.602837563907
30473.214487107543
39200.20667771502
44322.57225362208
37007.210326209424
31159.223333039998
32275.733936794015
31916.146867646785
29843.8420434368
26802.725107062834
24010.383267879562
23161.658487508128
23097.44436218903
23014.21924247806
23165.194976668823
24359.17368837507
26329.16066518573
28234.64728919934
29421.31616593703
29493.964105952466
30413.09623326813
34161.26070859775
37143.42191916498
40430.37021072522
44159.41824183291
47992.050082138834
46051.670289377726
44437.354906908644
43876.707420632025
44747.012939396045
46499.15916920814
47469.72325693584
47758.48960122318
49283.96579505286
52102.14814415891
55834.78886556507
55917.88530942458
53981.150849640646
53294.88388244801
54545.22814714446
56207.62891866474
56457.29468518277
58404.91648433261
59533.07769604874
56774.40789508472
58831.484850504465
58005.17475669806
50325.12931584331
53660.461459627055
61834.96651707893
62874.9590597691
59489.297032518705
60075.126284179394
63141.79479264652
51329.58325554295
56664.55621526175
59747.10539770522
42299.211249822525
49185.20815263448
54738.7460331019
34262.20822848157
43666.29559462244
52972.409337349054
34482.139961290144
42599.2632426225
50900.999696660816
39451.07049671342
45292.43001957136
50622.52234397079
44192.42363237106
49874.25081131551
52800.93648907348
48574.7607531525
56630.3727460558
54527.373336070625
48616.88184893636
58089.53181181968
53556.62513399034
44014.773327277275
49891.60601496001
51671.654465866435
38662.73548105432
44248.59082279966
47991.50015428855
33743.27465992094
40589.9368875687
45918.06386850229
29462.74097325613
38966.34380728248
46538.5577267808
28340.646844245035
38169.95500384576
46265.28107159046
31218.348654936497
37573.15487125506
42857.680807389246
34449.928777413355
38429.34654292393
42110.27795019209
37176.605200026555
39953.26189166884
43123.935116707056
37939.84402652187
41391.15113976089
45590.84395525094
32901.27572150727
46271.26909264891
45908.22629125832
39544.84869315136
41728.47168170435
44648.19922669458
40475.49845694548
40459.79058331171
40996.55040852788
39411.16121301071
38627.64698197154
38203.07003857932
37504.60707055242
36408.15794844246
36335.02556790968
33862.43035276533
33109.6744951656
37799.74654654895
34000.39419781684
32774.77890936003
35024.794396122175
35625.17259021025
33470.48666323573
31821.941968429797
36548.304513791525
33533.973105345096
30337.793026086354
38599.75961075603
33544.512712272226
28099.672752357732
44050.88225724727
32695.044436788587
23518.92831099344
37092.07313676459
29430.881265054682
22591.459305655644
25738.426763994998
24264.862130982186
22831.948459068517
17856.4183172933
19542.704764849223
22136.240253232514
11219.458621797086
15756.723539570108
23984.257404663393
10214.887949998734
15308.717570235218
25991.256112502873
16872.37379162943
20129.64892189877
25250.97929160961
24723.780251084343
25095.386405627272
29101.2929572801
33761.30382823412
29088.574346570313
33503.76908671581
40994.06199443424
35029.63870849169
31205.526311495527
