17769.68781616694
46920.605934907115
86085.5421129519
26697.728487764976
16727.819623770585
16036.358623313205
16136.696882150329
16051.608027164903
15191.965313141971
17168.5313357398
21036.307757716768
24909.15437298284
28986.53577893278
31781.320202042014
32550.108829864614
33670.64173913209
35706.09326544837
38800.89027989995
38326.321163040164
32011.027529647796
27063.4410373616
23189.064154643343
19857.621208861754
15920.834297792655
19000.17349574012
21075.344256204644
22959.46751806774
24648.423157807578
25925.444033253178
26754.937458043813
27152.33534214056
27506.852481126873
28411.7669217641
30596.8342659821
30765.008872336308
30245.711885334786
30737.183452919726
32360.39775580146
34627.4046338209
36283.45162242454
38921.501720395434
41756.07395479023
45163.258276806264
53076.62972621723
60904.729844910806
73490.33797091138
79703.64907552497
59546.76383802248
52195.729106317056
49171.90203078394
47117.217788076916
42099.372821154626
35431.539574590264
29915.82146144627
26683.734802706007
25786.245047502925
25103.235967509845
26617.901624704522
28472.510458172954
31053.04674115171
31568.492581812934
27811.759212109093
25239.83119409558
22887.05174885393
20436.628619054325
18542.707846836507
18539.405227378433
18710.75145777651
18216.724157400087
17011.62722164025
14692.735603513382
16186.632847098457
19802.948962588474
22564.29123175054
24634.594432457612
26716.81808846946
26621.563348319753
25791.270278578817
25301.948516855067
24913.62241352132
24565.031687169285
24963.190313043247
25923.091820399917
26861.156267719933
26935.637381644785
22818.872266806167
20007.640427708462
20663.2226726407
19289.265088599936
19080.393320696116
22478.04606875185
17740.78243528012
17999.854933282346
22852.82565390772
17457.18890309856
18748.91791731288
22538.777719964644
17355.8878752045
19247.2472931451
22489.29210695964
18124.99316273861
18677.601413638422
23973.6373245242
19441.554421034234
20177.92108881835
24152.355876892037
21834.25248156075
22793.777146174707
24266.51871740287
25112.871478260808
25012.148972529933
25073.036550142893
28578.55152196723
27117.10798023816
24908.598717640838
30565.675410122953
28334.030795696344
24555.705131256276
30989.66126461433
28174.92663952096
25547.387449155965
31267.498107175816
27691.058686028315
24472.072712975125
32192.992161831662
26836.814431805185
22429.873067088873
34411.554856305156
25166.319005289588
20389.68958445582
34147.0315202389
23708.748616909383
19692.363811865718
28600.50399768621
23406.78289772037
19379.404861900497
25005.046480472858
22254.843005529467
19741.03816547294
22324.58551459057
21177.746558886924
19734.638403916477
20410.089035293695
20645.510144425534
19747.215668812125
18616.423850963976
19524.737067779723
22333.104753715852
20123.44484446181
21157.668111675466
21066.79173882037
21538.47200522016
22178.37102064747
22533.199942675456
23264.501322360447
23678.712530778717
24289.328125396132
25099.92967704072
25138.364683911663
25635.02546605633
26902.427874567336
27106.134284215135
24923.415588615342
27355.452789141047
26880.250398603115
25734.989093633827
26688.36114237857
25988.916070449504
26294.590969297977
26073.952966526944
24702.925621534574
24748.379625771904
25760.224963243232
22645.708907038126
21958.565999864804
26386.43909020938
19816.92703132684
17631.671943320052
27107.869024750307
21702.36277985561
20036.828004969688
28122.621048730503
26317.79148998906
26732.14535518484
29481.467945362954
30677.919009897574
33277.13607168771
28995.662749035822
35108.035631284416
40995.950941449184
30475.86119098131
39439.24789766355
46408.156247608116
37533.86913152615
42640.75727211345
47635.30510477685
42060.04670795067
47822.623242351656
50693.75791680298
45391.58680612348
54386.20821170614
56199.973650590895
50861.0640118171
58697.359217250545
69783.66573736377
