21977.685984230247
28133.77941156833
24315.52495128999
24810.62955593747
23809.29014349115
30579.378508247282
29404.238805670855
27297.751726824008
27173.060786836348
26565.79408761302
25724.884192413636
25192.687237453873
24335.615035933653
24868.480253793532
27992.79475992397
31064.633453176164
34149.2651134481
36917.267684575316
37376.2949328042
34689.296722839834
31409.266811913592
27881.057053555305
23737.640035141252
18064.28768852961
21665.26069898312
23418.683525448203
24493.855290244453
25702.836551021304
28119.02767655355
29272.01166309844
30296.93700288487
32617.971515197714
35455.70859427892
38841.5872242313
38457.16715620991
35923.87160500301
33006.69617721688
29019.8744462668
25804.75788613036
24619.221845791388
22058.33126734863
20885.285799764963
25897.099540197658
22709.632668804345
18232.226891758764
18005.042941203006
25438.65414679603
27741.5433671141
32303.99309312686
38651.408918338406
46992.57437341193
48129.791112754494
44561.5889586714
41986.998747115234
39551.82081999174
37253.81042802769
34754.12689026311
32093.105669109842
29620.276661253636
28413.314312189163
28156.617386744787
27879.079167328473
29449.1408138557
31898.907556837305
35189.85979851601
39031.76815177666
38839.99945306582
39016.450449855256
39953.32615173613
41632.2037015064
44984.94292258002
43281.62409079833
39539.605048578414
37012.35473109887
35198.25504278286
34422.63127324398
33305.80787375221
32687.775000894875
33140.42113257649
34471.080657419676
31759.97654755483
23948.851744853313
17706.404587752237
15409.603346368089
20611.3912875948
28200.207582380564
30805.560132937535
27542.694616764173
26568.60424482464
27198.06062826691
23606.130996133703
23968.282699335075
21126.2383147742
17874.34450707802
24330.425000399227
20533.85979927197
18294.66006984317
23983.933322273915
22309.35138255805
23097.59215667039
22777.91472791782
23049.702932985256
29176.015088787237
23617.15445388146
24958.575232617804
31554.16092645921
25340.14523507587
27020.355052427687
30678.53591854216
25788.01008420371
27574.583260525622
30309.34765758262
26056.74731630099
27432.586841492077
30436.80996418347
27425.751902234108
28092.68857880603
31370.619502308138
29270.676180760038
30967.604039634924
33119.903197462016
32334.388668984255
33683.744518879554
35332.41395029424
35697.46447000379
36187.618328463024
37423.4943895109
40226.094640440984
37438.0898953899
38197.01798357503
42172.47251489748
37692.93819809349
38475.80742608948
37004.05877360384
37673.77561304785
39114.93471595296
33898.70454449236
36164.988631468725
38255.084350103774
31161.12657064257
34526.63448733794
37236.42561354555
29104.522060720858
33300.14526113298
36503.8444931882
29082.144227428842
29911.58248683961
35131.52150206356
26220.339397805452
29816.948030344425
32764.042977742818
25244.00866371899
27522.390850533717
29835.464252626745
24615.001011528228
25441.42055790343
27215.764423927594
23870.917198787538
23147.720605301114
24797.40241209694
23827.01241855244
20846.166497758364
21861.23919053362
24986.748781902796
22293.223658646122
23543.42925336203
28213.803151405835
26920.86154814729
27645.0057977569
31970.528765011346
31584.5828122085
31620.715901781754
35587.73627438668
36512.61284898383
35606.060195453756
37074.54231225847
43652.49583989626
37691.42137266936
38535.38683748724
43961.0437268401
40701.24824873577
38374.77840853261
41277.50992993015
42256.97880733618
36448.68745301252
39859.40200726926
42970.47691865448
34814.74392696771
37726.841046649315
43089.15644429803
32379.576370665305
34584.756714810996
40310.57085582763
27668.38577640554
31413.4159601328
35559.00750726927
24281.26357702718
27581.63491130252
30282.345539425824
22092.717744887548
22885.80539604831
24623.780227941752
22197.797003084263
19224.92633454909
19668.065995535195
