27228.89832324894
12938.159107818943
31492.35054359689
24075.599957597362
25046.012020159797
20743.98324260856
21628.158425149843
23621.07590474411
26141.53638235112
28142.444276390583
30171.30411333385
33076.10726887913
37070.116054709724
38604.59846024619
35190.816232366924
32671.913896191647
30377.515607313886
27756.098646077
26151.90943795514
26450.059165055674
26215.477650669174
25983.139810728248
26068.251695040606
26359.222685857563
27570.975314441337
29226.901130683902
31713.394381468705
35056.01536261506
39752.817266383776
38843.286157739465
34824.52893888592
31487.677987743446
28164.338729956537
24510.665027551826
22853.912041293926
21990.871712396376
20404.158147460468
18281.29784873591
16831.080525516823
17256.26510311062
17799.740968933234
17262.799819161635
13356.961863696597
13211.36716173691
19860.328952856064
28122.888821940865
30172.723860647842
28757.47127479971
25124.63993667227
24162.580596340602
25345.026214643665
26463.381302489037
27503.664629046092
29443.982993774083
31452.18041370515
31670.85349106299
29880.639482298404
27077.92367781152
23773.01197629924
19473.526989932187
17449.854507924527
19538.039797555895
19968.38286295772
19368.398956470206
17925.585359091405
15499.842099408303
18717.196262037578
21252.61687396824
23401.766083824303
25330.47570956369
26785.209591248808
28705.823176358772
30703.94785258244
32420.29337219375
34204.307373716874
37386.02033530223
34759.704814254925
30018.121653306316
26070.459330515536
22437.283846827773
20435.849361373257
19498.38228667205
18586.266188301935
18211.01842816622
21796.090365768883
22299.26312240104
24031.367495666185
26144.099533898177
24733.68228203906
22531.796393416662
20984.21267233495
24668.10873722374
20293.94552914233
21943.286867394763
22550.667172133297
20548.73659715068
20131.368228793257
22541.113357674043
21374.660752841814
19777.540613349476
23122.991003087045
23704.35840296813
19394.363665423523
25457.86105679333
25254.244122900403
21742.517429510102
28555.91883212491
27088.952909047355
25820.989372673357
31314.877207329817
29561.518069474478
29002.414345114277
33309.31314371679
31382.026706595178
30372.200752566794
33746.43857366513
32584.009186326686
31028.979421763295
33991.65194735954
32805.835086699066
32764.86889067662
32622.2824639218
32355.14223508052
32285.152684202345
31146.979865426245
31426.700748798125
31179.275075295245
30333.490402309915
30469.074428134663
30065.027733318973
29457.815873373867
29003.50727893776
28551.014155025438
27022.861026669783
26981.37722904855
26261.54096381425
25864.645448606807
25268.94090829717
24322.598796888742
25072.038686660453
24037.774139870507
22601.380487529073
24389.423636453324
23539.059077773956
21362.322992368157
20997.826782491353
26696.219071308347
23022.12782354683
25388.36461796733
23885.674290640585
21042.28127014329
27270.56537340945
24780.388574208762
21852.115858551282
29611.98603055018
26559.711322225055
22947.030053091985
32541.47521079823
29226.57933439443
24026.98428271261
33970.63391478052
34397.044011399805
24848.5642821876
34895.751459757936
34112.11686008315
26280.713258556705
33816.83371184686
31804.574803857977
27791.113856296233
31714.685365409037
31285.634467406664
29542.18222233531
29639.92499332549
31530.249883935052
31791.119170890826
27033.707580609516
32125.7546355233
35024.61270855826
25338.485456534378
29996.647318839703
33030.89660942143
23592.19109992272
26189.570050790484
28544.368287034922
21322.354398262618
22495.551192828774
25105.914087344157
19953.533202490948
18071.251298369083
22698.17042125739
18785.869850160332
15509.490689932896
21027.82580728584
16202.432956510009
15507.97281918272
18881.618286366283
15318.13716260144
12935.694816389863
17508.804074646145
15067.573237252605
11043.238614375841
18662.67867697734
12576.312781454286
16580.77207455594
24399.379198658404
