39010.812444382726
25108.521282736212
33942.7099503154
63929.90782259827
37627.778401945034
36260.049475153406
34225.28671558683
30986.209191789254
29594.45833194399
30214.84301070302
29947.706918333075
29307.005885700386
28462.823396940184
27360.844254131476
26625.204824120257
27386.11784035391
28005.355416582133
28481.362198818348
28980.363026354575
29637.848153081934
30534.606015733567
31711.102362604113
32906.84037968375
32144.879168802752
30658.340499061487
29405.00804631813
28433.65486168424
27709.95447575106
27223.677796036758
26994.11268471643
27051.828822709078
27294.7399275282
27461.593999660043
27493.77722845608
27505.21201369266
27500.100327723194
27725.690031143673
28150.354096774183
28693.0496796496
29261.495737878337
29744.410677585853
29974.519824411
29713.875792065963
28643.86888253728
31037.63479401272
32678.86190197368
33810.607742149085
34654.29800270526
35339.57661531333
35937.37048317717
36503.39851636189
37028.3356065295
37527.34834418301
37816.06151975363
37497.79344822485
36128.690738916426
34465.83906868697
32775.2222205687
31154.67970988987
29635.139756942368
28252.657359837416
27090.273725120136
26314.724658788116
26204.13431297313
25865.43322163433
23387.016053850784
21657.474128379454
20366.462107919368
19240.71522712807
18156.275227325765
17106.944417235474
16248.187800459344
16072.287081537528
16170.407131465203
16950.62339253218
18030.19409037516
19062.0217855665
19821.5311996031
19916.23031140762
20916.4426979105
22687.769458691095
23450.950623013505
23315.171346991716
28513.716492077932
32597.254848715875
34416.92494403268
35758.85455385735
35502.258164634666
34215.16717671186
33914.36050482071
34216.787873647496
33631.8893056886
32856.72346304722
31555.1090257444
31077.334827890525
31567.48652292724
31692.464039403552
31806.26376918028
32142.72254025599
32500.032071244856
31758.27493039608
30166.707105001653
27990.84733592421
26104.221738547134
24536.49347393323
23209.93523271557
22028.36847380807
20911.363124018997
20207.65879488509
20883.48618736817
22484.194900676564
24180.49811541482
25884.366827213522
27619.77301768503
29378.318958943208
31117.688005608346
32774.34261438082
34325.24749344038
36730.91732462378
36600.07262830032
36855.419021069814
37121.945513994084
37230.54478025728
37241.328556599015
37203.75396663328
37135.07210898187
37032.41518893979
36893.25955248615
36657.44924728522
35506.44848436277
34814.52881792269
33250.22524305767
31622.246559422405
29981.5709196849
28356.79367683355
26760.581352508594
25231.403472818645
23825.042701025737
22671.090113613816
22268.99302447052
22973.921452716044
21237.49446346662
21193.683332538
21490.94822865852
21864.344869515855
22208.861002694575
22486.87198003986
22703.171929681834
22940.169447240223
23560.451759106232
24230.508868023564
22667.887577428162
21893.232389225162
21214.717104147232
20410.37564792365
19399.300444900015
18162.570128596068
16847.344192668017
16211.850283386615
17481.16603719836
20222.847658361356
23404.4293079388
26743.082991766798
30299.308294571892
34085.738047748004
39644.93423811551
47322.98809578467
56033.12452583545
65306.49337591583
62794.879540542475
59620.34602624748
58949.57894427746
55059.46054259069
53131.08656322321
47733.719976895954
42308.508460187004
45107.36189304802
50030.38987716394
52987.79448573128
44931.24794919219
37632.799776842556
38759.70991083035
35804.62212315373
32833.451313369
31032.236168564898
31457.58241208852
30171.61931895862
25601.31285535779
31084.16662903086
30417.462555327027
19852.536463865006
29523.7249580476
28228.07776788825
19506.147199959385
27788.4715119074
25311.545640879063
21300.064633543312
27511.922660582914
24435.91218837737
21915.572705491104
27996.23701490977
23782.738542742925
21251.15495082904
27924.57688092226
23490.460803539383
20859.444986776212
26506.560887686675
23487.333969266732
22079.229944236748
25160.07935550472
22701.5644485254
21653.478627232987
24074.17438223453
21050.783810909757
20134.795134105894
24066.04327293381
18653.30198582665
17835.422317222696
24858.65332808274
18658.299489161218
18072.052644280662
25275.076767486764
22551.776916628165
22000.468194991678
27403.383113857693
26455.12818245645
26145.011035005857
30184.380642667948
30480.447552812846
30170.563360833683
33701.81239706178
35189.41372898388
33985.09728911783
37937.1661604027
41952.3831401916
36465.811250205166
37266.1531719729
39302.68479543381
38048.07942650201
37109.60235039954
38482.13794312387
38220.6454831122
37560.90117814446
38435.64803699866
38239.81484895489
38148.73115490254
38749.61944017513
38371.90592189669
38637.2412967692
38773.66771008089
38208.085429052764
36319.33574116707
36384.63867683196
35793.78115353646
32559.183505958776
32246.90826892504
31756.245016158366
28646.852664122198
28019.117230523534
27745.903515515383
24630.196890341074
24017.219063543802
24235.864316778046
19978.60446246759
20754.877501583247
22388.517555608698
18884.847238596027
19553.875470584808
21287.424798216336
19083.311383906308
19859.070426686405
21721.514518765067
17916.243514188696
20165.665750612585
23594.380975615062
15436.751857758514
20515.77086644057
26605.435972288535
15197.359255892025
21760.713142927096
28663.08539962108
19622.086204604773
24080.637773983522
29371.673051097
23499.475254137527
26800.016964247705
32300.02676735512
28062.559995858173
29557.272780813586
37888.552890083745
30675.51046345706
34424.06668056328
34578.581025024054
40006.807939435574
46717.52562738559
40423.06513899997
48929.422478238026
51543.193375427836
55268.421209819586
52181.61905062704
55637.602916541044
60855.78719850195
55268.810779219086
62374.082109185576
36660.66720229718
43537.49574740828
38708.637052463615
40817.35954893381
44457.98101353075
44701.92874596753
39481.19330083231
46224.66225718273
45299.773929038674
40940.415047880924
47366.75553377435
33205.930409120774
42365.744542858345
34727.272706671916
34815.05462723053
33762.133045082875
37474.762047774144
31815.278063803846
33720.06179232662
35022.22504190454
30679.958982894546
35457.27921171558
30508.812569085363
32885.29463374477
31645.397600170156
31411.41034295267
31314.995291964304
32640.670285910128
28008.344670712013
28235.84506167822
29718.711001125204
23936.55218261545
27199.24063599927
28660.213352825067
30892.868494214286
29629.01861178793
31542.21363667957
29873.038720049666
31115.74221989953
27611.705715525328
22956.826564887404
26952.91722932071
16826.293056574115
20525.29629770771
28190.267136917108
31441.81286147522
27658.201369301023
29579.56391286257
29905.41717105908
31533.160618635848
25043.990080453324
16962.166751966044
29884.502288002477
16737.532405005804
14650.410012231569
28251.314678434937
28421.940969152172
28239.11341238617
26846.88412541341
26360.731389739427
27904.070068001132
23307.665230761573
20622.07892427397
23718.693433082466
19915.407367321684
18620.785358029956
28787.345948393806
27513.862100175807
28408.18125065667
25987.377915041838
24768.718178393727
26278.97887641815
23018.742343331687
21725.85889015387
23156.2957332129
21314.8633453176
20775.32051871475
30516.162518183464
27700.013234312963
29456.943894731663
25313.827041542303
24127.782000395076
25765.091312236862
22510.573444478498
21800.804146165756
22777.76880281388
21345.793134106403
21542.92132855879
30927.158013104297
28528.14110914879
31880.73298439486
24617.51611143415
23654.152802368415
23939.860774750563
22441.76924306022
20217.578509149964
22751.330266438155
21171.37113773053
20140.5613522126
28156.462072633563
27205.610174152836
29347.46150205059
24835.32112097813
23534.721866561114
25025.341735572045
22548.43875973845
21735.6031245581
22460.311943716748
22178.42987772101
21962.769894158922
26521.055646255398
25816.82679110229
27240.093835187054
23818.424878027487
23211.981041670042
24397.15986893751
21962.032475007636
22024.140595133773
22395.974226493483
21771.49656832889
22090.029621374502
25701.319798199693
24560.27879928452
25990.631734614144
22386.65089519991
21980.67388902603
23141.009343951668
20277.537211453502
21023.358410122695
21247.949991525216
20584.676386438285
21263.892317623537
26551.1997886335
23814.640862860226
25789.8558504956
20553.15938550962
19920.086227872536
21562.893663774536
17826.8359327214
19025.34801991239
19092.12714186087
18580.837498113506
19739.083814611553
27516.270802171814
25441.540237048015
28863.323734425063
20349.616376318725
17981.354473373034
18715.56187519338
17829.722823880842
17855.33045217101
16603.740953754
18376.847881704503
16082.228078247988
26621.88576953824
24683.305106360367
26625.146483126282
23741.29852873626
20536.144370875627
22194.156515565024
21963.258589059405
19861.74918889284
19814.81340070104
22664.27923757326
20748.93854300336
27837.219633932145
26233.73574568182
27094.053073757143
26902.51883824321
24516.278303432526
25291.648402759074
26177.82960228504
24099.257648163093
24094.94842545844
26361.933122960523
24516.970908853356
29731.03597298169
28723.12063027004
28740.21463027617
30458.626008397467
28421.713007667946
28608.12144771538
30336.005547675897
28162.491077584673
28244.97237709684
30056.0491452326
28208.49904072933
31682.513191069247
31819.502793780874
30744.580616127667
35089.53146698478
32705.712993128895
32555.354980642485
34469.700528538524
32148.997453271677
32453.4190562759
33746.97879763129
31900.010987265734
32673.864330129436
35875.158321463896
32374.61228115367
42004.81354082821
38083.44176524665
38387.17902122885
35160.31252635717
35434.464597776285
35841.14343598208
38080.11349090642
35747.31304032865
34806.789864037375
37699.795994299944
33930.607273361915
39008.16056882749
40197.41329529919
40420.353245998165
38604.02784838888
37469.84117876494
37905.289162374385
37654.95179311311
37728.30779818163
35898.03297149065
37076.455882092254
35413.71828544416
38021.10098062893
38765.447532109
38308.16831039505
38499.89022092068
38213.03322139089
38609.39880134871
37753.475124861056
37711.98738876985
36810.14185906505
37291.21965439845
36358.78998890446
38113.116025534044
38387.65086057771
37991.260913280865
38474.523500253825
38213.488195470825
38442.53575526731
37802.40961917825
37780.526497553
37746.719973213825
37864.451087936715
37272.28610586806
38422.381824687174
38575.84553104382
38300.2442730801
38829.93370629212
38300.81329420413
38596.24294813561
37684.23952065049
37798.360983598424
38954.4036803733
38341.87236406653
38283.39447210593
36593.88074794708
38870.04714852937
38162.65464912174
40858.95956175178
38398.92054749263
39363.43638237934
35591.10220243637
37196.39798547572
36762.647056748494
39073.99281774188
38867.52434098413
35270.69663213264
38095.511519125605
33920.763365049155
37404.99495598195
37316.73492613436
42164.04446152273
34087.19772651744
33320.39785466528
32751.088092684884
34458.468012107005
34671.13564964607
32351.79750362676
34370.42796957194
34180.695648011126
32095.308516504076
33809.47091798261
34451.887914692634
31371.36575830089
33051.22350146515
29147.584289601364
30608.18755877509
30915.10300456352
28257.29733563741
30116.315129292205
30325.90891869454
27873.254787571874
29720.376389628964
29931.700974960426
27642.949293865953
29513.74461861953
25848.44511119367
26672.729892426185
27450.801876055
23984.752348709517
25977.309336766873
26163.994585964545
24250.10884727815
25887.242634132093
25942.97734008597
24087.689643176174
25825.378973137653
23412.575122410457
22405.911025566733
24429.99015539774
18479.29712036405
22202.195236335945
21539.93270609687
22938.293563667587
22960.52555272622
23067.329352121153
20391.881857841392
22377.19714743385
21262.52359515056
18490.784829309283
22511.255041094275
18063.528754424544
20048.125856381783
16134.795655856848
21246.677188832356
22388.160642020222
23122.86304990348
20480.284042311003
18778.365918201554
19572.63087412132
19193.21249940573
20351.743999962353
19168.786515120002
19655.474169513498
18911.56726464468
20828.793284503117
21248.140869237355
20687.38556656046
22469.136288808433
21491.74488274954
17745.99301264086
18635.245390970096
18733.245816231472
18760.895822521983
20040.312845724213
19091.363341181397
21866.380467338324
22518.21023950136
21265.47505118197
25071.69141843827
23624.773075559606
15215.569885846662
16878.958621111175
16565.2339645764
17671.172199394317
20275.846006335698
18237.158562651224
23413.2568396255
24977.84369333236
22596.274249441012
29580.1634147574
26951.122555642796
14965.718462548444
13445.526655147638
14031.916235729537
18326.226841803844
21130.663705520255
17828.511476911273
25031.526602296784
27370.79106221402
24251.349584670297
32672.67678122577
34193.5548192464
18474.172204041723
17574.842895009686
16747.85846700081
21550.970387157497
22749.168797122766
19800.443653788403
26847.76214207016
28959.69061456788
25870.542842313273
31090.528616714968
31363.263291118506
21660.706202332436
21505.13987015446
20077.329328975466
24795.028051417048
25514.321292364984
23265.396929244864
29677.836746172958
30349.964333055388
28116.791823580206
32241.563109294537
31445.54363747283
24928.731588249764
26362.11501823258
23568.681175057725
27496.477744715
27838.036970420373
25638.016956901687
32172.87353531547
37003.00435088132
30689.60407611374
33276.94411346654
32543.620900407484
26822.896458504994
28755.835168008696
25754.504818939455
32812.34918049235
32047.162129432814
30416.794775829287
35017.04548526429
35210.68925535933
33928.051692407375
34082.56261311256
34122.50070636674
33914.124000517455
27674.63751076014
36749.20918630721
34038.26202691558
33624.77123487348
36177.410775595396
33851.09276063563
