21535.004370314135
28688.34613222332
23253.52800706398
20360.150872170667
21693.67691364461
23312.250856412713
25590.784675836236
28209.184059835294
28536.46096401696
26340.124799461155
24398.0098794511
22617.25170294534
21136.100155249926
20318.969115178075
20281.748591877913
19856.010339607546
20394.214650144935
21321.799935418865
22362.217765124486
23412.6761036249
24411.270706202442
25229.15348726253
25511.78227644227
27164.718382675957
28865.23664518408
30332.04885674792
31821.845831970422
33458.36642563493
35306.147836231445
37421.32418901032
39794.9152883985
42334.070297714716
45130.84732922662
42840.15446871203
39444.73566646687
36269.24159226532
33388.94240880067
30838.501914839722
28598.449838670826
26636.527955858455
24975.22457619715
23740.369148405516
23349.16098390875
25227.01648298764
22555.400616682025
22127.36131634639
22419.366586533
22972.790731861165
23591.16817528231
24200.76148164627
24755.842362957806
25257.308889745764
25777.664822365194
26514.989237488524
26942.503630487266
25486.370004991324
24337.99963786004
23302.306444220932
22229.455428968
21085.86527610042
19889.323019496893
18707.56188981179
17701.815938785046
17186.982794797143
17276.713094744882
17629.087399397114
18724.277638348816
20239.317998650167
21998.135406014684
23951.517116854935
26173.0491732234
28945.20590814362
32561.81894679033
30701.779997439007
27876.576013072096
25763.08431698106
24000.376997324347
22707.148935340825
22661.322071596212
23104.352350759276
23987.463871536118
25604.920015294818
26832.46829662956
31056.401928643372
34792.48117152702
36659.36977754724
34691.05015937689
31984.88880400852
30080.783315206245
26195.772227692858
21665.74534947181
22718.49537322064
22982.44565579635
22508.712370192174
22171.83068640113
22061.632957220187
21594.869093279332
20776.05019321035
19885.015966381594
19387.49901133909
19574.671589527017
18798.382570620463
18980.16267858394
19341.95193573721
19718.162931459432
20094.124338668786
20508.106486484787
21089.926117857256
21978.21847631029
22465.490477778098
23083.99190233457
24029.000758409373
25205.124773213178
26583.122984486887
28155.621706084792
29934.766158005365
31982.16437449128
34552.15471316366
38146.72962013223
35860.74984021662
32704.77040542111
30301.609167973485
28209.38783532185
26304.65797553825
24546.07133201479
22920.496997772763
21408.543000776495
20006.878263326194
18664.837334831507
17593.17720145121
18258.27547022366
19132.859689275025
20002.16160759798
20850.6444178601
21669.696575570902
22430.181474852718
23109.547953856585
23706.95728860655
24283.07007349447
24876.71374151417
25190.57206836546
25550.00836903982
25706.500508340214
25869.50806655397
25957.719082838594
25925.049764801734
25772.087879872863
25535.8074756904
25281.95135146393
25018.88151241093
24572.47110016411
24156.43218149301
23648.314168713372
23236.2409358652
22886.533484837506
22542.283041888782
22107.080004151183
21337.38685118377
20159.375163035125
20506.932801272884
21009.000079557536
21029.434165413386
20813.609202397765
20400.046486102186
19382.947995129114
19360.443620499565
20085.71866950001
19880.92887821341
19185.331219336666
22381.418148657507
25750.623517465894
26775.68780525292
24668.765408397303
23688.630965579898
21806.502258095163
20858.809418825836
22884.62594653538
24508.638236329152
25003.54806619724
26012.579767150623
22208.291609867978
23874.55913447614
24178.419217070637
22121.97182813507
22529.294319703586
20680.31062351258
21487.9235877677
22512.215629837097
15921.217605395914
20951.39021141804
25628.947769015962
16586.30320127683
20830.528820204043
24785.28545553149
20355.76536957787
21620.567395467813
22934.296060136385
23144.121322313986
22997.22687246432
23056.186407227502
26254.64795011596
24535.7699410231
23299.5182765427
28784.346503624827
26304.282654788425
24162.402958157014
29788.951628742485
27769.230263755555
26050.157917905555
31904.503852630784
29264.526263301217
27053.42778987659
34918.04714408092
30145.66237225047
26994.17529531765
39823.96823938116
28922.072199340942
25509.957289992748
40802.502547695345
27250.051341318445
24399.671241954216
33018.6462969662
27486.425876669186
24402.506333716265
27949.67882772345
24968.84704935639
23085.209295336706
23533.93667684131
21806.435613203867
21041.06499288136
18919.312797367733
18946.6962311783
19211.476719383878
14456.57974189582
20768.327430628295
18523.807877686195
17954.65062676309
18598.78186614908
19546.511765159474
21123.493458235072
21029.163536252217
21888.986281439746
23301.83005814081
23606.277264277684
24854.778892663988
24460.187491841403
25622.69944809404
27799.580938228006
23144.64434270136
27040.84751936645
28889.187931265977
23378.122955726467
26476.487824941672
29072.71669422246
23028.27165489156
24540.373510282414
27170.803937673587
20766.435561202692
22005.198776601086
24268.681121241716
17598.422212970516
19173.172072449037
21621.783960414894
13428.567349607763
17449.239501231285
19226.34714929942
14446.299746564357
16969.42779337331
18682.654061926944
18233.670577029116
18051.94235425412
18760.299755506683
21407.968609726115
19628.98121510583
18561.250076380693
23143.543326357136
21724.67386473518
17172.912121089765
23005.382392423962
23251.687016967153
17373.44941742693
23281.479288317172
22832.699834115017
21407.512842530305
19833.858267074258
24904.190610305628
25910.542209224368
18038.535757459387
29112.152446986383
31501.67444192907
29508.575536923112
32560.667764501693
29599.955238224247
22510.851785017672
21257.913211550283
20204.18591790318
23873.023138678098
23432.708540206062
24805.47103708573
25867.517184293167
26976.03090445719
29040.263635906384
22054.029927221207
21491.994030891743
25964.33690786728
24345.542111359035
24752.885248440412
23748.7605396024
23699.170800873762
23908.95932590967
22785.658732427455
23947.152533348362
24106.9339310728
23049.16116716546
22243.963731768068
25253.65562868388
26018.57437688717
26079.37942660229
22932.573905550402
21670.99076729568
23428.015009784467
22223.491067640072
23447.811024136594
22198.698174042936
21862.489831057494
22962.358214807387
21440.841015254715
22542.30942167603
23418.770974879022
20727.66956112872
21940.119986379763
22011.98221892916
22327.214349054902
22243.070005865506
22186.231054989785
21896.92184966937
21699.153126175825
17582.322715727667
18461.12741109354
19437.206708511476
16818.482790725473
21059.01800728555
19053.437585461437
24678.510444381733
23461.93654035294
23026.76385651486
22398.1520280657
22262.951703100356
17765.657510687124
14588.793345504298
16562.429147164235
17572.675929147223
21361.459801207206
15149.609849835755
23960.779839474526
28023.995943439168
25810.464760844225
22845.92053466075
21905.22915634852
20608.607195308323
18666.717126159747
19192.886282759093
20744.800314435757
21096.06568804903
19361.02872154928
22504.524864859806
23413.32610532722
22803.244920363384
22839.531763076102
22856.260324718183
23228.205450346395
21792.646480061656
21947.51472768713
23075.988475823433
22277.78852832845
21934.99595920041
22969.886804552916
22898.296523917492
22652.961258390435
23177.91623315488
22953.05106616684
25929.988648063438
24575.724593036583
24525.40449293935
25838.906026263878
23732.763402792025
24312.25422226423
23042.96388408716
23229.14191242629
23219.050105606584
24075.931437875977
23508.04493059864
28452.473876403383
27949.158307280646
27890.549834878406
28195.242679885265
26044.013845332644
27701.283683847916
23555.88538326325
23533.85007985193
21509.547013838892
25268.99180686293
25343.033555144193
30207.505800773466
29140.66001026862
29186.559460685025
28932.56367251413
26937.208622573824
28376.789554664607
26691.48172040625
25190.567550400963
25537.6533117585
25750.009970511695
25350.69957343026
32870.00321856103
30734.70377254838
31433.010051028003
30639.101947923307
28559.87162485748
29727.472244147335
28018.30171480584
26668.508623034453
27478.745530026157
26379.653162479735
26132.745375022314
36576.669052359
33287.68823430337
34567.4493512067
32596.552548932952
29829.269577407595
31605.787894280475
28210.819366418546
27182.367700357
28300.873455687775
26304.217521382016
26441.952461845678
41288.94607816107
36955.09685572702
38931.97631043522
34822.35649853127
29992.02819620748
33624.11008686354
25995.65378648457
26429.686216313297
27538.317458305886
25788.038651180068
26014.426713194105
40988.820473946114
45210.15572872893
40263.58184106908
34653.05661974829
26117.410503834886
36357.00651392189
24377.41467710993
24496.073623272812
23809.93110713883
25194.858727996074
26128.64869821125
35048.91071948744
36253.50453501914
38357.55874674654
30272.785388653356
27984.628782777796
32309.166543869695
25472.688451375707
24545.19675456563
25395.102871352516
23936.933546976627
24438.250979207005
29492.529296315057
30344.89415598541
32092.0881492381
26382.570768748752
26378.686429422494
28321.778832933225
23851.75574772681
23891.003070873438
24862.286431735552
22631.823978500845
23359.3408772833
24983.755982706058
25711.91209088699
27149.391674626233
22481.86648191407
23410.424119793803
24439.82426944755
21355.600682895438
22096.539776181533
22633.225897626347
20854.842620293326
21778.135072098466
20928.827564798376
21316.584012921496
22925.6285205996
18382.85085636568
20253.938459159115
20482.407202518403
19311.105382796373
20037.291771146094
20175.200248170364
19040.842624182344
19925.860116823278
17042.508069838543
16241.132995059195
18972.78554754482
12809.754816603869
18405.174163488584
16015.029495909066
19048.248546446004
18677.88595956005
19073.95625684051
17843.777849999682
18234.383980842922
19629.237989631216
15814.017577058998
18365.082528901585
17725.74982745975
18243.173331886876
15706.090212641106
19316.214154240377
18840.57251883673
19073.931763171968
19662.47478977387
18525.7159392431
21875.72837189705
19695.78424616326
20807.354389847416
20860.893090838646
19709.91716086835
19387.347336038052
21418.925788335437
20590.516221044418
20197.39991170374
22380.825527688452
20955.956565364355
23631.996305644454
22314.80908667098
22821.885835155088
23295.33207737107
22354.5858854585
22167.27770554287
24159.217369448783
23334.483287745436
22781.500602848413
25602.399543534884
23940.525420340735
24714.376250868994
24049.631303235645
24277.959145286582
24795.290429919944
24711.54475442699
24199.450692885854
26655.661351477233
26376.605583402896
25470.320733269375
29113.090648607616
27344.34624307789
25031.662838639935
24332.740775581784
24910.731694838527
24725.095897652966
26364.03886573919
24971.31527322982
28959.422273890163
28879.450868954398
27710.64331834177
31849.813715412536
30769.019267692514
24368.91928320402
21424.833916138996
25424.158862134238
24475.43684077474
27164.209375209615
24674.6170337719
28176.243035700933
27841.643135498965
30255.856311156393
31603.512819836465
31630.575374451226
23006.998445014902
23585.578011216145
23793.632557563615
23555.129568927325
25554.580818321054
24248.296817296876
25784.738065781778
28441.500474987617
26986.289836382988
28638.41481998508
30263.835149792565
20752.368583667074
22040.218875375864
21979.611383273426
21195.571537273605
23347.69707222065
22501.416687759345
23071.7857792415
25725.14831819435
24462.757254341548
25478.87798838303
27009.767136514292
17890.036213406733
19281.34105250251
19373.615568640227
18095.059236392735
20571.36554881513
19705.956896895623
20417.109002950005
22883.670647675597
21684.288574837963
22841.657709538136
24084.103117922175
15084.26296182624
15684.365430019147
16355.017079147463
14646.923198417397
18004.41964545427
16375.527870809317
19203.35434140687
20491.858867303876
19456.550367372693
20790.299812671135
21741.55798306947
15715.71921315408
12103.299151652613
14848.783848479405
15128.027736476728
17482.14456733833
13805.183685221436
18250.347500651915
17918.59891610017
19442.868284820823
19772.36262093947
20220.956599874877
19063.09115751809
16458.41282147432
17314.314543727563
17938.108822707625
17322.128395443775
16558.669240841286
18345.33142032499
18753.593395383607
18113.805502524174
19342.899052447374
19556.159417398274
22635.997021500836
19875.606466024576
20839.845390288327
20450.593225079218
18845.250604585206
19222.879963984124
18930.052152202414
18731.72461855672
18667.509170433623
18726.424976147675
19096.547368029518
25928.198290543663
22715.940530146683
24387.96567570552
23223.048618921894
20477.58002835341
21684.81266823999
18875.468767509887
18103.91258614015
19031.624248306056
17207.090448865907
18147.046252018336
26846.16216806176
20183.203876007232
27523.52074679725
24834.521311520977
23870.942057469554
26669.25888133118
19421.52905122206
16326.430849977356
18084.951320432872
17217.766156658297
15438.77493836965
24279.062415163244
24003.939012291747
25750.749378966153
23026.04174730118
22642.564685804322
23590.245099016633
22217.77538419982
19475.604464059317
20851.770885173668
20863.264369681117
19210.00559766031
20417.98246837222
21889.65485616207
22480.19986252958
22036.467609210842
23537.973100324198
22521.400985495286
26528.414379233443
23383.75945520923
23945.502818341698
23434.20886663912
22319.15675625058
19300.702196495084
16741.743147318826
18424.965532501068
23806.377094631316
27323.3271336947
22178.005673413245
31666.525316420444
30375.52138072884
30022.681176926908
23736.399510534295
22926.99648367627
26699.29317854449
23941.112930874944
23046.06752446377
32193.126899543473
30330.01033869016
27274.629823917443
31494.49729732892
29548.63706774068
31317.24707874007
25722.663996183648
25566.51011444802
34583.23989663235
29126.26698838648
34647.75745732859
38143.35564305293
31588.465238278077
31005.805913079985
25451.706021567858
