20139.619673666086
36323.898449709275
32934.77921832612
26427.089899197217
20337.42301130541
20906.036447196526
21732.459505492392
22130.833835411715
21954.54073499612
21148.90761046511
19638.721268630576
17671.81922950997
15409.746449633185
13040.523586388224
11832.388625406576
13827.767954978557
16046.292318034086
18090.236767073755
19969.348368704043
21679.955211423265
23226.403980429615
24675.70695880607
26790.4322745941
27170.269011026066
27751.260687096394
28482.740415413795
29084.620736057033
29587.37282548448
30030.34637713937
30467.373108952695
30906.82605354467
31357.71050162086
31909.798705031793
31285.479023756165
30480.17044957227
29723.154404226196
29021.473877485816
28388.3751189141
27801.866033326296
27245.934729671037
26690.789575827454
26099.645097198307
25431.269790726263
24899.007178121676
25757.837139402378
26761.503023155637
27687.072811745504
28563.056227563786
29408.403480217523
30223.253409115172
30991.821002035635
31702.809966395453
32334.53142223836
32741.212766539975
32274.000889328345
34059.09005058979
34685.94938094958
35225.784576190235
35709.839983784404
36133.71007055952
36489.45745651512
36687.89594193074
36601.85293708522
36175.852424104116
35589.98360804033
34848.81623158316
33900.369322720115
32680.597663725013
31319.368764282186
29923.34423653331
28530.82856702552
27137.51788943188
25946.541566343698
26853.716675004398
28538.673125198613
30163.707714224725
31623.55293183009
32846.5965568677
34069.675326083096
34954.34292798286
35597.11185875474
36372.197507120196
37139.70829189414
35867.597462969396
35152.556435690094
35831.92594854132
36663.931015074384
35770.375826292744
35315.93478433463
34232.10170636727
33120.24905015663
34234.80967475135
35025.87734418517
35397.93859367032
34288.621435235895
31711.63907993034
28831.8354959204
25739.046961240358
22466.927610272545
19014.21355969457
16825.124543969734
18970.464993892234
20869.1842710539
22416.594346172176
23679.190149125116
24662.61978657851
25305.396875685034
25472.519874332276
25110.848811393585
26700.604163267737
28684.076666334462
30177.285021303403
31317.459497253014
32206.765666387153
32906.01705241722
33426.83189734395
33684.20273136095
33477.28129438314
32320.321989430122
32824.4991964818
32989.195791593585
32569.326280308014
31885.06810379297
31106.71775549351
30308.572376623335
29522.60771723073
28772.84152056575
28106.118706250192
27649.77826376081
27212.041769055682
27043.06093935976
26882.55820592626
26902.376818622444
26970.57992801557
27044.60901715955
27115.084606664775
27186.987502130673
27276.59975074258
27388.5487204002
27325.313182899175
26940.397823383802
28387.4533569072
29135.843339331783
29881.949873959988
30699.09904656025
31579.369280496277
32525.043334505695
33548.67069577476
34651.982554194285
35728.3165181113
36036.089278193795
34909.723746705604
33602.622960602384
32452.321932247076
31533.116306096737
30865.722439019988
30470.141834658905
30278.383626037867
29893.75712341917
29668.759916600087
29158.053998671163
28639.904498021875
28198.270163920308
27793.870290503375
27243.590763944296
26923.048097426603
26839.690076463725
26849.688264288543
27269.717443256697
24634.578502726064
22815.83153535406
22789.104966770938
23230.99444102875
22061.211080932342
19983.204737423155
19525.1103311756
22388.527705753273
25327.025359813095
24109.219230927978
27906.89351798456
29319.73469292943
25267.228810779547
26095.218935798406
28265.463966469797
27001.771075674318
21657.94993925082
25327.46615215786
27286.898205345347
19170.735698151802
23299.83571427469
27598.425890368824
18999.99068473287
23498.488934189583
27706.35456980166
21007.77770972114
24934.31067969247
28464.02330595252
23896.59266399105
27138.40196324156
30339.72370939746
26568.906134513905
29393.474532069806
32894.34902736209
28590.155241912693
30614.142238958462
34159.12235073162
29636.172328240493
31199.673135284873
32745.663158332492
30170.359265381787
30743.04302018782
31307.78779750246
30476.45941625953
29950.26165619247
29879.688332658414
31109.199204723773
28611.98880338255
28692.95481397018
31046.480423789642
27822.99988116579
28063.52452357643
29199.14115083794
27952.57220167765
27458.01809221047
28128.450941071722
27643.611038081282
27260.215431070497
27360.18259037036
27309.56895252755
27001.059828911184
26921.63876779078
27531.45149381258
26539.18259834502
27483.806830569658
32273.535886375015
25598.464226425927
27940.19167114425
28837.870787567237
27887.17081131239
29492.117450392678
30102.946544371618
29928.072754794193
31511.267618827686
32409.246444782053
32198.451633716213
33793.92665709996
35677.19458523187
35171.06668619194
34881.31695407485
40338.29076946117
39013.12534566305
36579.51655269935
40641.09066472455
39195.9093824128
37434.154054896135
38595.92334615932
36974.38471214565
37999.86369541041
38074.069048630794
35638.107611181884
39421.14384801687
39164.992194771985
34772.310174806684
40855.53596342291
41487.679168774746
34102.218412638715
38877.04546318374
38790.30619103876
31785.70708996676
34194.97775439354
33239.14715071487
28903.651407477202
30858.118647405878
30379.445529729066
26570.409052729057
28995.242904625447
30836.886653048918
25684.961253035555
29311.963107554184
32216.604826097428
26817.413493658525
32080.933350141015
33366.47244665463
30307.04990201533
35451.33850445422
37464.086031960614
35758.05222578689
38168.799568581904
40321.15859942914
39584.33807445998
36556.02980596923
38710.957849128936
37406.31986565194
21162.414027172053
19368.269706072202
19257.79566119553
24539.4250146118
24851.549048795132
23324.961081318474
24456.503893915884
22043.28071692909
22926.435969997852
25411.68992292847
25001.92839064515
24222.818317154888
25301.616903207523
23097.962751958567
31177.573241680762
27105.95620432973
27211.897762754215
26473.712919070873
25292.562123128333
25810.30697958391
27246.495208341235
26075.02252163133
23292.342836740256
28203.451870106444
24281.074985296218
28200.122713007433
29788.37337767946
31676.48066637152
27341.694306513662
25744.949358378442
26966.217571828744
27507.63112749418
27782.40219460101
19323.811763827747
23735.930011148837
21458.597865172767
23858.206219603373
26652.689303004165
25671.352558623235
26341.21555845077
27298.719543825202
26977.632227163223
28101.140747758072
27780.80175968134
14626.915977789038
20056.119859758834
17063.50715892965
23488.659905639404
24321.631017111027
22867.891649919064
24527.86213365775
27284.91229056383
25602.337912593855
29565.653993806824
28590.962949844725
15327.982809554127
18811.68819350149
13278.398879252249
22476.688293178733
22044.416316217965
25470.301921283633
25023.952643614626
28160.175028975336
23673.448492480606
29672.05797730288
30638.80286786449
19224.689812812074
19758.86583725245
17363.96761388009
23020.589238105214
24144.98721450789
22257.902231309352
26746.24990412494
27903.497589244056
25934.913908803173
29889.22408604182
29524.223889105604
22560.0666281919
22434.310270277972
20966.70332614303
25495.926487469907
25956.79563059027
24172.937598680255
28775.183648977945
29289.66560910392
27689.121701035896
31622.820884917965
30612.523566975826
24636.659237535307
25289.24732194678
23909.973017558063
28720.976133934986
28364.91899310972
26933.794531757412
30710.39208158367
31559.395237171786
29883.5900530571
34483.740020629695
32903.51763474834
25950.407332822364
27997.919425028867
23304.782801110392
31207.475381590528
29341.615903496622
31913.563744675797
31630.706928639433
34440.14065760996
30775.09328648816
35688.249642232564
36131.61465446828
28898.259327931864
29164.345067643953
27954.58371008631
30478.87304406168
31193.558028804684
30527.479942854632
31942.22942043433
33447.19990461675
32097.753313008172
33346.38819839742
34436.264795627976
29876.543475401355
29954.794892063568
29470.253095073458
30460.70823221007
31016.14392157108
30496.23694166974
31028.729056935386
32023.86398590293
31539.02021865903
31508.75364486291
32387.48409675728
30556.279936141582
30326.587051495815
30219.1935097482
30234.148741686302
30393.050910013222
30367.11750605055
29818.9600629753
30591.845288392145
30467.5505337344
29945.452543244974
30690.138330307018
31262.033762304778
30692.014348035143
30922.397662606876
30057.971204980477
29372.363803995257
30101.816696387395
27663.618627158852
29202.342838856803
28990.27882094176
29259.148467475497
29372.25211612029
30925.343733662154
32288.73227387172
30771.928263476017
29606.620899532452
28330.113430442638
29883.124876945687
26177.804193669734
29086.18746964727
24768.972024054972
28885.5735924925
30195.742270893865
29569.140650816946
29937.79743996442
30330.831704708064
28606.88971165489
27924.48525164868
29045.1265371379
27537.277402432257
27596.40540951104
27274.8779961997
27432.655196397318
27813.505011558613
28294.696224688745
28618.33232227619
28886.447008224095
27898.057903492234
27830.830836294266
28235.5597973522
27419.139639992653
27364.036791349277
27527.18654678294
27163.725100106847
27270.727997496015
27290.083755875497
27709.995329510108
27767.932649318125
27385.472332630816
27452.528652727062
27605.591439394004
27150.071995953986
27139.724734893785
27281.30437186808
26941.032020898267
27059.803557716867
26390.203293524166
27091.143141565495
26839.252338720056
27427.956392685774
27285.995431616724
27295.748611169107
26977.680708812863
26826.560708367128
27048.90753563413
26610.137792655798
26794.376577318442
25526.492188266784
26887.950549594305
25917.378321261298
27216.349197385185
28518.86532980636
27773.374889723324
25498.274218240796
25975.64625263741
26783.26574229759
26063.201565726973
26430.94363877104
27226.502847678228
27391.96507175547
26329.01475844057
28614.72592748959
29173.01137285807
28362.030901620474
28334.614238286253
26626.793694541026
27443.57534496797
27914.55812646706
27068.154999564056
29002.921353512353
28651.233670048725
28111.676622772222
29894.818531550765
29296.77942235401
29113.63467086186
30086.272493622368
28926.2621423856
29153.068506247648
29728.699857040156
28811.68331267548
30862.81263936728
30451.215078182657
29920.718299398763
32059.25224000044
31147.858890871517
30888.927349719004
32459.02010854498
30997.568377224878
31177.307043472243
31708.828365287045
30687.451398671037
32753.22779134552
32645.729137260154
31813.637776233016
34852.683562135084
33898.04894725478
33395.96733983306
35829.11192363443
33573.06438962332
33974.4718434346
33938.856857492545
32798.92506099853
35287.16709988378
34776.78759754927
33725.89124850897
37606.314069367894
37807.78928087439
36327.832132620984
41000.67773365162
37041.60093819823
38138.80988159573
36185.0330114902
35074.31176044547
35953.338582937446
33955.641115559745
37424.78797482017
38598.5864627792
41991.711947900796
38640.03056754056
40949.37778077942
39828.59300184186
43023.98116464503
36419.964209461075
37214.37835040757
36393.539703084854
37212.417142003935
36047.35598179824
38246.62289324887
39413.93800042382
38468.413359281534
38182.98354925907
37976.173836137175
39311.03437188087
35255.82138101558
35878.98093151328
37181.02793042155
37649.33095587361
36766.10393652124
38370.340047914644
38150.941458517365
38170.29913411178
37111.82529641618
36216.00717135816
37482.91967428506
33906.45624773313
34595.388282097825
38067.700615011425
38586.81484907074
37644.66538491165
39998.44543009563
38397.96652177978
38927.06415248216
37213.93971663279
35177.272445889
37035.53049051372
32286.826349912502
33164.243321112415
37470.413527371195
40445.46651150535
38198.21119819704
46018.4521337526
40418.66062447081
41934.069170416034
37389.848796133694
34365.113483979614
37492.46968008466
29764.821405315197
31174.35189911713
36194.65792202125
39090.88685495116
36444.704135154345
41392.246259168314
40315.792551275634
50087.0610316972
35151.40469595315
33795.52363138746
36506.37573559562
28141.68945317236
28526.902873987776
33496.3946183117
36475.84116329484
35076.50604351262
34255.68576172973
35749.06755476423
37075.05676651246
31295.321388237808
30297.39314228478
33189.38391808001
26558.219314195685
27490.434797035792
30385.051297902413
32324.132522334716
31880.041444939692
30984.754891665223
31444.278957592935
32281.035403368667
28832.676062328275
27627.584762076345
29788.93197941161
24222.601158867743
25444.620089081465
27663.960940203124
29763.369569977614
28994.468940655323
30328.95602328954
30145.586266990606
30343.798752304276
29761.23005384823
25870.584119318744
28655.900226864338
21478.037227179586
22905.682831406328
27513.536282045054
28570.723129566453
26586.928098206074
31241.957284294298
31531.823513759686
31033.98687756785
31971.156482523453
25391.371450361446
33617.70913622799
21976.045428395086
20798.536314949175
30950.741933150202
30581.770489259703
29258.562051192726
33088.06169430738
32412.52317855157
31884.690099454278
32428.93471870547
28272.415736117408
31340.53189138976
27779.46111615343
24798.36277599262
33653.88465185027
33732.00922188263
32494.46375152623
36914.99398437211
35150.96184576355
34804.8215226543
37164.46159655941
32874.090001747
34500.44899719412
33681.35816354938
30779.73199685225
34394.41963425267
37514.608260756744
33519.709932378086
39813.496711068095
39570.0789311042
39140.49963723394
40848.152134963384
38644.549570158204
40023.003345017925
36934.276366351376
35857.337533603866
36412.071817605975
37437.53864303022
36046.9998437698
37715.180820003356
39649.39764857464
38866.60452558121
38181.16846815833
38575.79864317547
39609.62004542831
35938.60450743007
36825.64479670995
34841.92669201829
36449.5970119359
38913.70052966418
36356.21407265647
36732.43800711862
36015.650143927945
35019.80372651113
