27231.8711099597
37205.34293675896
34447.04659445125
30879.09988148069
25761.688054271362
25145.6577482365
24074.430654970543
22877.59341476588
22218.817021170784
22216.34968525053
22458.144561675766
22965.93902200879
23692.00930744921
24548.98662019922
25039.511046546417
25227.478349188277
25203.11520046163
25320.34276662588
25578.47117939259
25957.32195949964
26450.605693058213
27123.796895799773
28475.443591673058
28062.22157617141
27744.860709101948
27748.30996979005
27871.686821012125
28101.650594625316
28444.251705887877
28899.010689663337
29482.880689016543
30243.746949649492
31484.989058082538
30613.51794915342
29632.125917873294
28892.67338112423
28287.254599139655
27788.173090101733
27396.460603007457
27116.794318930388
26981.153778786873
27078.171406543675
27598.690738384623
27817.47362300266
28510.187874319367
28899.581668952524
29745.547843114244
30863.49577501944
32173.422810202734
33641.93032090677
35240.35233722547
36921.84556994527
38561.77535650898
39651.44801704631
39211.67072444874
39167.724056913685
37662.381338611354
35984.187796759325
34462.74903061649
33198.48511405317
32287.651483027337
31814.105936898013
31934.713059514914
33071.61473134996
34350.02441441846
32483.80952861867
32020.44488183716
32361.76892934074
33273.519044635366
34691.11078768919
36570.43344181973
38811.082112181706
41310.6905523506
42178.945520389505
42831.78277060548
43997.80025087223
46073.04344853468
49492.405733570544
54995.920886748114
53938.06334178413
46947.024283839084
41962.33461409914
38732.953031405596
35384.74119246563
35869.94802510577
38445.14722364157
38058.87841706233
35919.36657708711
35940.246024565226
35783.17286891875
32663.907049163652
28895.772312518922
25092.010185204123
22828.640309643495
21378.800688150084
20571.219963086238
21176.703297738622
22251.643739987918
23614.860624024142
25203.9958668229
25736.129834120416
24070.956742610982
22154.80529832955
20458.923151804156
18866.062764043374
17293.126073373343
15784.794790415326
14457.045655729973
13690.730447714062
14065.835581980555
15271.809331151875
16813.05760095565
18436.352385460108
20041.107535204283
21512.270213938704
22792.969079054885
23790.31931419241
24425.17790688376
24830.936765721308
25550.30255162216
26326.0739502968
26740.368524360456
26832.044830721043
26674.751686760428
26333.72370304865
25864.73588962739
25318.204421279333
24759.530214332084
24453.001071744256
25487.04836563553
23662.85125175972
23183.83532031101
22944.79963530833
22687.567119419557
22366.178361466773
21954.83954299699
21419.500698967524
20758.11074221588
19980.799933420814
19221.079893691865
19029.862363105785
19340.07570303296
19990.81584878067
20530.765245667706
20923.69419192536
21151.690025160166
21246.897026286886
21272.639889002487
21373.16512614108
21705.778717170662
21665.77015639503
21234.37658297961
20777.131101749164
20514.839488352387
20270.163966626274
19969.138137467704
19612.71978637862
19377.011093308687
19789.64596538446
19603.51867953291
19938.567876093068
20621.671622409707
21449.250652070703
22419.765454347984
23674.920800567743
25007.647037131046
26487.465988534834
28493.042625758135
30969.60746956597
29250.169687096146
27482.257953012486
27854.208653508034
29119.601532359018
31187.894331760555
31328.548317245044
29096.353922693906
27436.95061121868
25751.276374962144
25127.626445880775
21399.032506434727
21319.050201911843
22436.389372553986
20217.415465757276
19662.122108411302
20635.655997914102
21083.56374773259
19699.81717766967
19309.138982575103
21728.840863551988
20446.303410088374
17404.77653803244
22629.286096688287
20629.994835155936
17949.681158831274
23264.06898556435
21078.243346889598
19638.566623305247
23878.822249527966
21671.376732174384
20144.40340759841
24555.168256818277
22686.349877624638
18697.07827495474
25180.83051215602
23898.540380159047
17807.57075345708
25561.28516320932
23160.290320552318
21120.98743801923
26011.188335963627
23662.747926208132
21816.85360481117
26680.323947073437
24018.58314585394
21553.116862555456
27261.465083154813
24500.613506000358
20525.067843665267
27026.278519429932
24649.32840895861
20407.835898837362
26753.139332445382
24222.758343393067
21717.7449361694
25931.513969522974
24016.460495876807
22529.07195239211
25237.98061848526
23694.0043112163
22776.233167825976
24465.536182652977
23272.27571142971
22569.46548461675
21084.248261871413
22326.165338906372
23717.66185035761
26405.67099184495
25217.991725685555
24367.207542484597
29389.043807080634
27833.771042718392
26541.89870166429
32678.897934202963
30676.784408514937
28394.146784786848
36746.54832440174
33636.019656703735
29619.065371819604
41647.76480684331
36345.82212331898
29843.841710107838
39883.092810326554
34545.20390204225
28324.042674357046
34033.402037487416
29852.528115373952
25525.5949461709
29582.59319083639
25270.516780082504
21783.264854012603
26360.911456797796
21117.999302423286
17607.845742491976
24108.91123767233
18141.316109892006
13631.617465389823
24357.98796047554
18264.551289031566
14205.830357569546
26353.59255592676
20835.05736125489
17676.985275829677
29186.012304081334
23286.367200330278
20456.409755695713
33561.66156221997
23950.296231786124
21255.160009016174
36380.014262779594
24278.120019014714
21120.305461622673
35192.06667239788
25215.7674926089
21049.604145233192
36160.03344422713
23664.486403059465
17815.991246448488
37370.704982462994
24718.380571586786
17678.498502416875
36385.61284955382
32662.74895745675
28441.08318105025
26240.29856609497
31579.829226699345
27919.9231443271
27104.83513209634
27288.2265323169
31228.393349102225
25010.27483638552
25098.682189336447
26538.345865818832
26804.127664935968
28464.70390906673
22813.373826937983
23975.030847742062
24222.730424245317
19909.434441375935
23362.142213568713
23428.929129257653
22219.697640665865
23998.410426286755
23542.469916147522
23457.144618726677
25138.752644301923
21352.99570706455
20211.652807752012
21873.250655787364
19437.592877704443
20108.885229949832
18620.12842657057
20171.692755241063
21277.92940724122
21074.809622829565
21397.14298581471
22205.647795395256
22063.43505944077
20600.81915493496
21549.22240127151
20267.20756939908
19646.910660285343
19907.466096395437
19337.833891545015
19999.12725250193
19702.79685988181
19766.469852547474
20589.959345519434
23990.704071097796
21553.494549482795
22797.49836527643
20830.50859743383
19843.3666541628
20595.404006119632
18490.97034402331
18466.72617234816
18958.8521658742
17694.074866206116
18849.804439323434
24396.162611573378
21422.824469320945
25568.653358447365
21501.014350441998
21599.681154312
20907.618018364712
19014.09442211567
16996.074211537354
18077.75074810427
18110.617184094666
16680.244711997468
24370.151984005155
23011.084761580743
24253.0186183532
22137.700469926334
20739.671316670567
21833.952149854966
20180.25561295786
18960.786273013906
19648.596035518563
19590.453660902647
18990.559928495375
24947.55152155581
23546.54911441796
24616.08589841269
22786.842587917512
21400.00337185577
22447.681200598818
20683.656195055566
20043.991600005575
20537.293594463285
20164.254729808854
19985.715749239225
25462.67226352027
24234.640247453975
25297.999517567514
23798.460000166422
21972.225822993947
23212.759477644784
20033.180489893213
19833.794543947948
20547.440027693832
20291.453664948946
20179.004834198124
25684.88699170819
25433.459189726746
24348.358450612024
24413.51188655265
25309.47270545942
23752.41286720617
19966.725757922843
15370.932124404892
19228.322627926573
20998.829007520584
22430.941674347334
26666.883808716368
25357.863176957868
26415.114124861626
24428.047189865996
23071.31454456784
24402.51589285869
21887.7410280551
20097.006244929922
21115.62526284608
21053.434867167784
20720.599562298263
27119.801074684037
25763.36212353174
26867.54407677186
24834.473304232288
23419.878902443117
24600.85887588039
22613.018602467622
21616.34334102508
22355.684768773815
21336.247853771187
21285.655260991585
27861.759845395285
26317.002997237876
27452.632353671986
25398.35488904304
23855.384550526065
25096.029780244084
22667.00248821245
21788.973172522677
22707.31968153472
20829.7177980499
21190.079305421532
28642.39653966333
27067.669737896977
28305.660685158335
26561.207754162704
24210.031523288166
25807.943916439697
22268.988903754675
21116.683255520868
22516.77608530744
19321.83611495074
20228.548678387382
28682.397036703922
25968.0220241618
29029.340829036577
27214.775938894436
24534.669981011655
28803.258145181724
22179.135676715043
20411.615401240084
21857.796830114654
18879.6755552338
17819.174988375737
27870.463402639685
27146.65340145183
28362.078188422434
25568.325773686658
24403.705866590957
26072.654977928283
22855.858652767445
21065.078060923373
22565.60725150637
21001.455695292683
20117.679890906187
26894.954094650857
26324.121072519378
27357.221274147145
24954.076069514966
24117.438005367505
25233.781024685268
23182.753780116785
22205.61817512016
23064.960300249215
22117.85668897979
21646.061135464886
26178.571619502884
25575.05849380338
26503.061224544675
24395.366872315488
23879.141110320303
24682.21621101105
23147.036502439656
22714.909493242885
23208.257306827665
22623.91950078792
22434.4424225105
25777.40695996084
24892.77873851623
25926.15023146201
23737.26354557618
23474.545774192622
24079.452599381588
22926.11261196707
22722.431448064563
23025.70225096788
22536.009527441885
22681.499260051452
27213.716828769477
23624.60130458417
25931.338256760086
25153.791546275388
23117.51370826474
23586.592927700545
23902.14448105385
22471.44043551316
23088.302569785683
18913.085023666827
21808.13891926755
27680.31264443807
24555.030614946438
26871.128519084454
25696.720637065562
24067.118145996974
24543.708497804637
24816.458038819383
23352.836720336643
24021.191008923408
24221.792637017737
22618.378579317854
30175.16736658628
27899.02385553436
28843.28681557811
28593.395617846465
26479.697986129388
27114.95485104617
27135.58260790448
25483.14481278947
25932.20300295622
26113.504860779114
25260.28332324471
33304.54441735278
30960.577487025268
31658.68289951331
31774.72989974474
29237.32461835863
30134.889764489566
29507.390386420015
27520.70536228821
28340.12563114362
27434.241265721103
26842.92244652122
37200.7704982397
34586.90680572987
35138.0489034042
35487.75310018807
32147.088571898803
33548.55152246846
31563.728120474945
29115.49192449376
30602.741249826304
27975.723313528553
27835.51436848443
42288.365315941424
39194.46736011381
39537.978330529084
39616.4034114553
35061.46886148959
37584.775268271864
32192.60455703283
29819.0206241067
32244.236443719372
27066.584972846635
27767.036718851563
40578.18532218291
42274.52216052084
44002.71347232954
37736.130702170376
36864.79866217439
40197.468514724766
30962.245276423648
29962.930718118536
31040.76667383711
25935.41959853736
26034.656537284536
35336.632170814686
36811.16257955582
37750.80444464494
32126.107912426072
32227.571867792423
34849.53950411302
27556.011055044713
27063.850790138727
29469.939009842696
23919.885271656436
25132.858994713493
31563.00046462365
31641.724960547916
33275.967158602725
27418.998633415744
27520.609460491032
29654.751395448005
23338.446633219737
23737.552778451216
25480.68576871186
20682.36937120903
22405.14991014308
29195.773696848642
27827.754080987634
30197.86167515362
23621.447441201628
23124.629883731046
25404.017642473853
19044.682672966082
19723.296111520787
21178.854747996676
16906.51000881739
18827.108204839184
27892.066112147822
25142.25476316286
28530.770453983827
21206.8619016312
19352.442956125
22152.34251835388
15111.518472487503
15505.92832567652
16995.00894763697
13253.65828020755
15008.93390365329
28181.02370295721
23748.04186932576
26977.556788258385
21256.066903548926
17909.434594244867
20949.251972359478
15643.287859623193
12995.793463755896
14146.871733187169
13864.79531713951
12449.990208956042
29459.937398864924
25275.803947964
28693.785289148265
23394.83956094274
19435.656779508412
22176.37182339509
18886.650292685066
15962.335911775968
17270.388444782588
17202.087318147856
15505.460822404404
32158.274426229043
27644.86084915568
30603.98172137645
26064.10552383903
22182.625289144762
24721.290904399157
21358.146329040806
19225.177211511593
20311.761001332874
20307.428190787177
18816.24263014075
36512.63067677556
31077.391953044724
34159.95156643294
28981.09780789192
23942.00127121231
27425.115435943626
20889.747118379557
21214.87021461186
21715.291653573404
23417.019623280765
21731.52302029904
39427.803961586236
37007.38096474038
38050.11637496959
30739.532021070165
23523.808053528977
31030.37395236761
20305.7926763441
20195.91390509472
18502.090923513504
24601.360612751923
26582.2169613952
40172.23648748388
35407.40994155906
39679.00892150327
29862.262019353162
25131.823838597298
30155.644831203746
22175.7595639766
21582.03260611482
22032.66393705376
21352.83153517423
22714.77216737544
43437.26556708681
35513.047231607125
41424.46965803978
29401.120738917718
24607.603679658638
29604.19658596349
19530.207734787225
19715.895731353834
21207.160315186702
18318.875507106542
19927.70497244948
44550.26330164913
37043.19749154491
44861.87187342089
30436.590727866307
23359.015069073794
29406.338097912172
18990.064932469228
16239.956346380388
17512.722056067498
17857.13272180809
16344.960958853362
38549.3284921857
37050.80126177777
42125.35258935928
35447.90928555565
28042.309771044074
32574.787798290978
29380.777662360342
22581.779125380992
24191.439386650847
28666.170705411067
23108.022174310816
34459.788317453844
34929.3126626967
37829.92882294169
39763.27803239467
34143.20236021971
32460.23922751779
34257.9714728111
