54202.150837470275
26666.445480431794
19187.266505710733
35966.779797277624
56383.706985958896
59409.414656870635
62819.353310864084
67461.33242322979
65915.70163586804
58145.43349088527
52395.65214533317
47727.322798328874
43673.92690691358
39944.39425023602
36915.617931727975
35646.7043197552
34368.44169791844
33137.554951610306
32013.29040045829
31032.091923450753
30238.115798365703
29646.35115684971
28963.931367723315
28791.909917091503
28580.588832726404
28485.98306781244
28569.551921027713
28784.52167893978
29102.177036642766
29508.809702984865
29956.240191478795
30264.139971020923
30059.501482781478
30233.702101289557
30193.361010581273
29787.660080736285
29366.78309532383
28996.259721411156
28690.88341172244
28434.778687835584
28216.451771571206
28011.04178812985
27700.825781172796
26014.442153015534
27847.997048345595
28288.320945192958
28573.16551516594
28795.40739538456
28947.829158895274
29003.4955302889
28920.684232275187
28632.326789243314
27998.130301541903
26683.6920840596
25448.56642171786
27618.556465792914
28741.54110563245
29311.360929835624
29517.9402605429
29424.64532613024
29058.8357546347
28468.63901380782
27774.324690936523
27520.566564876055
27591.809025535462
25192.617435613425
23950.43045268045
22820.984073988417
21572.78226606369
20170.463439941836
18598.924333220457
16891.979565919315
15137.412393575692
15405.770029914813
16204.841818287976
16913.166488767198
17613.20876223725
18513.812612848727
20039.28189655464
21416.325291988353
22653.168703318617
24288.259528459632
25446.75828910469
27831.361558850236
28127.740760885128
26005.460126116297
23146.445457209247
19531.34370666721
16879.826334725458
17407.72010405522
18848.156059367167
17829.33386699753
17616.518612609732
18042.591635255503
18191.4626108546
17991.689748314962
18212.138165954904
18622.731520864378
19027.18467610608
19105.930807258395
19554.25468624433
22777.8713224878
25831.161044338627
28897.703440516525
32215.993417483725
35952.62602004035
40332.07429668361
45799.01656868888
53682.58822549955
52725.01255596673
50601.22482687686
49853.744472621074
49816.939930070956
50332.07176995503
51382.59313694436
53032.34103529663
55522.834449484304
59217.97921165316
64722.955413133066
59654.38939288217
53293.50577057005
48481.30623293441
44648.247116005696
41446.812625339924
38684.34577690305
36254.35215082124
34089.2862712871
32166.01237673602
30460.013405466467
28366.35718192135
28698.77141068157
28555.06416008432
28486.309421552658
28460.39645236834
28450.03922187329
28448.933691413178
28468.64663001614
28541.252326620765
28705.159714408775
28788.61486757494
28134.564120084793
28277.519455381876
27663.83661281283
27112.101793629787
26636.02813376678
26192.095279413876
25757.466243341853
25321.60739374376
24864.905596308003
24261.20706837826
23833.252601478103
25152.212389918426
26127.378311624238
27055.442354811457
27971.14109046606
28856.313677705242
29666.517818551616
30380.903086453134
31385.857958875604
31790.76376912361
32365.43446657058
32757.891898267582
32795.50180367456
32411.184466239225
31495.022368967748
31805.267131832163
33290.22030310997
34534.50435502585
36025.64886801492
36272.09871035643
37475.377969205714
43685.430600181644
53549.110475998066
58567.96756114716
57523.814544709225
55348.99726138392
59599.73374404843
54126.60560084418
38071.58304853357
52411.355031879895
53214.26532104878
39019.66922269057
50255.263153172185
46769.75237117242
38620.14799701833
45391.50097483142
42192.108862882975
37204.514790818044
40013.57469415581
40466.58186988984
35540.66987780161
35690.541520548126
36089.337927717235
32988.066953757065
32540.269467345122
31821.51132033419
30374.759396893212
29902.42608481479
28984.65860787805
28115.041874752784
27627.297055882293
26821.422086717772
26515.391409758715
26598.449449724307
25932.48085039206
25604.013072661946
27208.887816109444
26353.325275173396
25914.938444356823
27940.367886504635
27050.84670514302
26497.90344915232
28906.582925343177
27578.435999061752
27125.783231481186
30704.88054128926
27194.554179291164
27549.050774935575
31401.81547126853
27126.675669663655
27898.1461471996
29704.506354254918
28436.734672321887
28276.4720959982
29045.451856897133
28673.330610643246
28434.892293817844
28868.559189509604
28741.88768243628
28448.41654093642
29306.60279973282
29089.70001681145
28395.3678855983
28503.591377608755
30527.168040423046
29190.94953202025
30401.994604460815
31135.20070677617
31317.385184301664
30943.6145053407
32910.12383372096
34664.77020593795
31886.405474343162
35087.50984648769
38476.434667391324
32978.669190515466
37207.20643693973
42457.50006836326
35202.31966386417
39070.50000287746
43759.26393993466
35042.55177506489
39626.69548867416
45844.50090567113
33967.348840149825
39450.87262371013
46213.517142296885
33018.34062570239
38364.041006951986
44771.57726496849
30893.038284850674
36499.82200173908
43298.55555599796
26841.590097219545
35206.02783985804
40451.405139129536
25168.832764584506
31538.444951002522
36851.32580693289
24265.21478959888
27868.770901884258
32116.705562878615
21900.7775296895
24860.430951516657
27394.698624165685
19181.425491530124
22625.709793244438
24288.345338291238
17263.379633754565
20193.331220166514
21538.09002459782
16685.02488618384
17175.1097810944
17736.796647701496
16351.22506145556
15134.071292649272
15246.536360291739
17436.27781813725
15402.871513063026
14512.182396678256
24197.744323759292
19561.15278857252
15011.633913690986
59314.79343152665
59762.835329522204
56854.3655072219
59244.287078065485
58525.09761724039
63709.07723015057
44823.563387971764
34932.3362590589
42373.205850510596
35617.73094600768
35676.4950755058
60595.37749729127
57170.86407776081
60443.46670568835
51728.75504617403
52306.93826485828
55431.63878256372
45892.149049578074
39408.54214483804
45706.747835518494
35205.8993330122
35547.76582674001
54669.72116515126
50049.863092729065
58590.93554104777
48223.423827784616
51528.65195105098
49397.9753047921
43042.03273858977
38621.59420167526
44927.642115721814
35019.513171942155
35001.363705620475
46777.35942545847
48194.88016170731
50616.10405447426
43893.44861647786
44115.77317479323
46166.01974249138
39889.850752811624
37997.23640131544
41283.41122368749
34697.71855164701
35038.78542241478
40242.54641234023
42521.63018069629
43275.45666315967
38757.03800102719
40770.171957104416
41617.93507502538
37777.86620202703
36316.372810107976
38823.83301643855
32526.862158064527
33955.10356873559
35787.24694718185
38575.299452088715
37731.170658678595
35376.69012998946
41321.68595323108
34835.85302000079
34751.0125320053
35442.49053100569
35589.32451882535
31120.94204890511
30343.769653491945
32836.00388975059
34022.705622334586
34204.86297713044
32225.48387769945
33631.97793912764
33848.525605065195
31193.833293712614
31648.609277559204
32839.43278433409
29543.38411699416
30483.11373348251
30505.184510336658
31166.37949601733
31602.41589629633
29376.31332120508
30310.22873181627
30742.55678192754
28607.080387979964
29180.7330517036
29796.230975917704
27560.090325539986
28538.5200632173
29149.581089446307
28727.231238571516
29612.453556264274
26429.81070930989
27813.104429789248
28021.523195778056
27192.553244284107
27231.045762344864
27666.162084715466
25989.67351652073
26667.959524529855
28674.06246303494
26722.779871764873
29888.675002102584
24907.48990218521
26217.181053152573
24041.67687875871
26803.888646692918
24988.295409313167
28036.1140822923
25515.635937231684
26568.250697991807
27911.250080257432
26874.58833784356
27966.33538252605
26632.431000242883
26050.808402664585
26034.731938563567
26179.405481459045
25793.552863801488
26155.19687134177
25595.26931742335
25346.97710470994
28402.530997196536
27560.142895571604
28094.784892203035
27467.45436559529
26701.65037689569
27069.04482126572
26731.4299615052
26172.85571417246
26423.865808574006
26322.756021351757
25938.94063675739
29341.786489441976
28377.615064840633
28808.993557586786
28239.525530991155
27365.225373428773
27854.60836172039
27189.368308154197
26828.891867148257
27015.82580145833
27170.427282797267
26727.442917206223
31125.004724201102
29630.24456403855
30060.037870224984
29054.888696914037
27575.16377712282
28627.001337792473
26413.397981801398
27365.171078318643
27093.532690950837
28813.073364156357
27750.875185685967
31925.331421323477
31603.6717094586
33634.490777406965
29485.349393088556
26528.949334597593
29733.624764453325
26053.692974393933
27637.195599690705
24683.08001148209
29980.58977416776
31333.746330106344
29931.141137073537
30377.386311378163
30667.86108267597
29092.251345260793
27978.093555144475
29239.333368417236
28130.197908266076
28111.83835318906
27484.347201258788
28524.630594116265
28845.273827927795
29087.134114450528
29301.581279890255
29437.82395574957
28882.491514791902
28617.84258377954
28974.12920345286
28509.166518364298
28382.107173807643
28403.10792109237
28428.839550193385
28444.947683141414
28708.600212667494
28900.14726249094
28847.630636132984
28871.16252933388
28695.632102316475
28836.12810768687
28569.587131143056
28452.23718757325
28548.75907862115
28414.17969203928
28422.621335082284
28835.41178920421
28987.142777899113
28685.5800792407
29456.92254911211
28855.98744699397
29043.999726594888
28551.908578678776
28429.295674399582
28585.106061266008
28474.487622425928
28413.399140368012
31400.80117831932
29649.657487147422
29423.61072792021
32384.270260943496
29554.566311513096
30341.102019377726
27064.84826894813
28408.998036654157
28244.144194148786
29288.07207736534
28784.111430420206
29491.54192530094
30203.95326303495
29762.915065944777
31024.764706701477
30575.12658790975
31136.650983326206
31041.50870006577
29835.110911392665
29459.69667920063
31780.52926388517
30406.78876750351
29854.200673623363
30595.119621423204
29616.951499550385
31972.518424439888
31947.07552682556
31387.844385339245
33792.380985418946
32936.417313877275
32410.802438372102
35508.496785959556
33532.90640072057
30368.73135066036
31397.678017732396
30121.415849790443
33475.42035404127
33971.020754485144
32693.229735028137
36760.13925815747
36510.46835549605
35249.231809103876
40104.98351529624
37690.940589093036
30688.513942670237
32403.523940732746
30559.868738392754
35151.82996216169
36195.044958331266
34288.679448340496
39501.84485374333
40513.65276145362
38242.98511019053
45807.85718048521
42800.14255408355
31084.275334206617
33797.28342474856
30795.305356428275
37303.99126753025
38061.73653849759
36164.14029539737
39375.960696995695
43869.64782364157
40108.77835096406
53283.236119112655
49209.748454157176
31276.89172869891
36505.12274641545
31708.646821588234
37622.91752239818
40554.21504977342
37681.10465411586
41288.90925946037
42674.00016625108
38356.63695968357
53592.98516067628
56772.897538954734
31451.406185905456
34351.50992878058
31376.94055612824
36645.52148263122
39618.24765573571
37077.84742212825
42584.0941986004
46561.576253508916
42476.40053363422
49992.72864667664
51575.02145473147
30994.183591222947
33590.20779062258
31349.492411864652
35500.16549746093
39011.21863033666
36156.56006281146
41512.59731017743
45525.45513406828
42163.710773917046
47849.02340895502
48769.38878343603
29310.520537370372
32160.052072737133
30341.576443565948
33388.99659448281
37511.28587559877
34590.9636315918
39823.305971144684
44042.930748372746
40723.28792383353
46851.3711102863
47232.8411209281
25303.657083168746
29080.624235211802
27781.027564068972
29922.555935775577
35496.189924886115
31879.949554812043
37439.092044557045
42240.98641987772
38794.393544963525
45264.17478496583
46510.19913112513
24202.55328076523
25780.671396392063
22448.204036108604
27827.43680913172
35442.84943233755
27650.856145866623
34099.302938771136
38783.081138402646
35316.141840597455
40996.022191694734
41819.11274638839
23262.801501556143
24991.99396226639
24038.542276190467
25872.25350707383
29525.457222984624
26971.961140777927
29983.73754121979
34675.69754579113
32051.12867096698
34200.40569072537
37643.3024015529
20788.02728937327
23178.820880840292
22144.27791869118
23339.7384499271
26307.00058297898
24625.21720921369
26257.345106236164
29627.896995533163
28018.96124273403
28227.04300149869
31043.242433903077
17597.001041545558
20541.34258895115
19252.786234567266
21271.072349286354
23618.256306321575
22154.05306602287
23555.18274405104
25540.27693542202
24783.632741766396
23527.58912789219
25727.213511888447
15979.53248493631
17501.129042793378
16387.329450170026
19362.88943776059
21704.147132166458
21213.902537585403
20668.928648787198
24322.380193416062
21871.653722185576
20231.10628529913
21681.510025510262
16617.880124355113
16986.17951642384
16294.452402138668
16944.991002522715
18559.299079846594
17907.788484404988
17411.99432298368
19291.462295410256
19016.335061543272
18113.60259612411
19102.928190323753
17198.572774731107
16475.823843923186
16915.106787373083
16014.895226165507
16036.266442937273
16259.549986646118
14507.753035091358
16427.788473650726
15996.608924863378
16549.60196373116
17245.129271948666
18916.176946184063
16091.270993574863
17470.28615640088
17968.517243063645
14773.30800370223
16909.92509830918
12797.950290635708
14619.112770922999
12508.625781926627
15782.25889214775
15953.167899732514
24554.497381138597
20604.817950646713
21626.513835323167
22259.22207662082
17123.629447893694
19378.681541120008
16645.05162862564
14823.403303186593
15095.304636848201
15865.607578949683
15908.98912435359
28577.11840513887
27252.076477220937
22586.976032466315
25033.87712645361
14059.666024766717
18120.047437893038
15941.91674908422
