23559.077103196967
30149.867096605063
40503.07263107469
15613.666077923706
24953.16144012092
25595.609296309787
26813.575523523898
28307.01904013766
29771.12228725887
31081.493048203985
32227.912297286697
33427.16795608454
34898.990399047056
37115.58949756169
38302.56077446272
33454.04969148492
29708.810820842817
26658.703127072815
23989.27832645742
21567.817655029605
19351.942186676002
17424.803444800073
16393.23100138921
15591.397157007159
15567.692167875035
15744.262693684062
15786.765813350274
15612.883953409953
15215.738916949278
14562.529932536376
13669.750811995349
12519.180903348577
11370.091134190145
12361.253369207845
14230.018741704367
15985.430217755862
17599.438086535363
19147.22922588932
20625.868654585298
22073.9159518645
23459.700121171485
24659.10941115766
25207.587562051704
23984.46092747968
25930.26512600744
26117.906759266145
25647.23967828522
24995.692197567852
24316.196535299256
23647.191948476815
22994.8457683905
22361.090323803597
21845.597576616732
21794.92887562143
22290.90343349224
21944.7010679413
22464.37279213115
23263.30430921728
24146.39602981791
25097.78074695987
26177.10515990726
27516.4281498906
29363.91300747108
31998.439254915167
33716.28102927814
32138.995634465104
31011.152751786845
30591.53042628291
30603.722247054342
30900.418500737884
31410.963008752522
32062.173814591115
33270.20570570496
31327.55755650799
29198.470273438434
27244.454324916296
25365.00434200723
23510.904776934774
21571.556422896087
21900.939887334695
24390.645489772436
26924.025039192034
29576.645980178393
29853.22329543433
29486.507699409303
31101.983432018227
33425.66443547902
35125.23761907835
37859.80024223408
40189.22422764791
40961.41533774164
38876.53237285295
36503.21707494394
34495.34863172001
32864.244600302816
31571.03613822265
30624.175505602456
29884.531723980148
29363.38890514082
29142.392101545553
28993.481754724566
27769.72941998436
26919.211621513008
26219.55660199152
25591.487815451717
25028.28487703076
24571.151459623834
24305.977409828818
24195.624343701005
23657.709607464272
23052.44696797991
22655.080116346013
22393.39399071737
22184.683486984555
21979.283733326127
21741.71169528499
21465.037862804173
21158.33096554088
20561.474013841373
20870.90986482432
21038.389323692023
21138.263196480162
21164.759927632582
21100.477986384423
20925.534085587344
20609.847967243993
20140.32572072385
19488.924786623145
18715.489511445197
17701.775966865025
18943.04549236412
19967.146252666495
20901.987163481932
21718.481846650688
22445.673113931865
23128.08231144577
23800.43725339201
24484.751921993033
25142.493012640658
25606.896212921023
25940.43788706683
25965.492592143437
25850.955613783623
25704.566023090003
25674.414273982606
25823.780278813985
26182.00184206233
26747.99315219303
27445.349755346208
28068.30732724234
27845.60425507925
25255.68711227431
22603.639554288253
19998.26939673081
17483.223861849598
15071.324857400492
12684.070456521582
10412.289476433296
8667.220776732378
9329.110936026178
11071.699470411933
12750.866698312168
14170.561305729268
15065.64526343575
14796.019012472
15083.662500461785
15826.367664296346
15588.320296458853
15118.012977677052
16164.873347186112
16980.311839468242
17253.962540202538
16916.076326024726
16328.055953420357
17845.62261921689
20970.915025469138
20571.758252855536
19400.306992188627
18452.6721573951
26170.94879748013
25744.364049812546
22075.3334088375
29153.94581843559
25914.36708735481
20640.24333231426
29571.050113423284
23881.862390478578
16909.348215426795
28150.072810306156
24071.374430254848
13330.213492963392
26792.71644917848
22277.335074047485
13675.286273672882
23785.1558760916
20491.87975562457
16913.21016241245
20220.260080549844
20016.11919348016
20278.66311482031
16668.766719472318
18993.697117792588
24830.36743886026
15250.640241416606
18252.638380194086
27508.46264122307
16521.14864550295
19776.047782817768
24334.167164897815
16990.500159157906
20004.366060348046
23492.667832110856
16488.89034362334
20158.20474130047
23708.987122843337
15500.483158623547
20868.52623570826
25064.22870676012
15792.67845798382
21441.585810255063
25418.528962838063
17940.140137505714
21178.142255756902
23644.675585734883
20413.707455382413
21850.630157194453
22755.930043671542
23185.792147798347
23040.824764806923
22218.645267021937
27298.107434013466
24425.5949640629
21422.643104899762
37855.77660691564
22456.811013221966
19166.62684708821
28297.857984322647
24761.643252222064
21255.33599834607
25061.165431473637
23637.63900440468
21761.087229945897
23160.04441553074
22579.730868100785
21757.492401277388
21387.862873976534
21893.561678167745
21650.594446870422
18535.738259604215
22642.06632167962
21132.074767110364
19352.597951066276
22173.526432448678
21491.818648882567
21757.48457682932
21709.94265753078
21711.365378767918
23049.97244694996
21874.056574885737
21731.903327524058
23702.19558533586
21454.937098580354
21511.61022596815
22632.498991650107
20806.58970295491
20974.77997938863
24425.936627516356
21682.801544639053
21993.547304499043
26811.219028750256
24146.93485588848
23911.060007895463
28136.55654255173
25537.39655759349
25209.039548702367
29865.861550486286
24771.055363124404
25877.72119445122
30384.348786408846
24319.596450941674
26697.842540626447
26842.463108947566
26560.6452246421
27992.446709831253
25184.34711729297
27224.249498290614
29824.12456692122
25202.820359715013
27841.152009789002
32575.74802119295
27239.050158687234
31354.63910451028
36119.385799802
23290.28632383389
17716.382636404836
22134.703768590676
19212.123963806935
17773.184912327684
15534.938084306634
19295.614554956865
17586.421747976856
17967.54042673363
16966.17248302812
16091.355227246126
27683.82249875772
23734.27937524246
25301.275359687144
26744.07595621828
22308.781169509515
22947.207694276185
22687.818024999946
20089.073349739934
21233.780825704314
20115.38496756342
18163.206062385103
30260.31764011197
27951.422314841566
29420.971161117493
27985.39498949978
27092.83096384207
28532.50214507075
23106.54317700373
22352.36389597987
23344.28163539942
17887.11033048528
20141.435025476007
31757.296726427357
29451.873187503785
31051.01729554875
27039.46677565115
24796.816565518602
27429.788877553394
20271.76102283436
18784.73385631549
21746.1775381346
14313.3981502586
16163.111772339731
32665.118261195807
29472.252821153757
32373.77205724149
27797.491193200825
23471.752300615142
27013.30904115932
17864.64466605718
15019.71650834416
18983.94823783177
10132.679914618557
12271.81825935056
30135.27300587709
25340.254483828445
32108.458885262135
25430.25014900172
24853.237794702276
28817.000145597278
17535.498454920846
12910.12168101111
16859.360004597907
11128.91016534151
9007.465276210589
25305.22382564362
25565.483901170395
27751.80077244626
22224.605592558975
21042.645217544577
23567.866600107784
18619.326341984648
15259.684029494696
18002.610354220305
15662.226076128773
13407.15648168622
20742.557056602007
21991.416489244803
22973.205661882923
20006.932652287163
20223.291436015712
21090.4510274394
20169.177245294217
18552.7958359566
19362.97456546364
20197.765124168713
17899.302086029053
16209.409650784435
18431.851251222426
18535.861886038576
17864.47131359692
19697.858205814195
18883.141359439778
21882.23961274786
22238.886261647687
21020.601361853838
25355.24494945305
22693.608797569697
14085.34490760392
15279.140341520571
13328.897078175603
17258.076696503118
16901.399632954173
18043.679962496823
22667.176518331522
29433.95924194262
22593.23955375454
27689.222924946815
26578.055494768683
15805.422584506417
15926.24212375065
15197.76263350684
17888.92150651048
19384.665319891945
17412.350386334147
22094.869221572648
25379.332185468
22385.321772329684
25915.90891414522
26907.15973968087
16074.231336946785
16890.650373650467
16086.446498888738
18326.35500896951
19934.570924942233
18201.747944821072
21800.17655115703
23763.222940804895
21890.939560279272
24868.723828643422
25237.98261520188
15241.78480855958
16840.051331652212
15783.889779289393
18201.316916504555
20055.7216935673
18308.254087757898
22082.575160211785
23473.28729029531
21848.732441409174
24911.799247399773
24768.145789115017
13498.682337017402
16013.910398398682
14453.472683090125
17902.818545061422
20392.760243008786
18062.93280553948
23417.682257954515
24233.95800322068
22574.99762245512
25777.11878878491
25270.98181009032
13515.195168986025
15452.345703470794
12933.271749927324
18129.730689336997
21784.330856405457
17438.038388933073
23993.322586733415
25849.95764019066
24462.90090967488
25812.967497698875
26533.457809461583
16682.124719665768
16739.96764038253
15086.264866104113
19510.047007883084
21149.174406151975
18824.079512734985
22625.18362018474
24420.489427120832
23141.677639362115
24216.894095205633
24984.657803575472
19702.46007218451
19167.072710561908
18221.875240899655
21168.567848064213
21429.950240904902
20293.378996499723
22386.47848775948
23117.35131248999
22406.290622978187
22985.407467893318
23553.894750525884
22729.956178950983
21726.926743267202
21183.861421772213
23272.821381410384
22391.79771826794
22147.501522174403
22638.579156676926
22481.906311360366
22485.6228415485
21888.57390436016
22447.913648274727
26435.879076588957
24939.66760137656
24441.003467241495
26240.612855526837
23757.0056453273
24616.400346833027
22858.685567458408
21887.9858497009
22780.434042471246
20415.72683976555
21228.72317584182
29528.303592584154
31037.23510046386
28711.48396825108
28725.983849172888
24540.145247919834
27980.965079255988
24998.06825111746
20738.283929217032
23071.229169529674
19009.34092874357
19485.405875649674
27708.169525579415
31578.104136857455
29371.133252768526
26902.255021554054
24711.24488275752
28326.89957613154
22916.05545369007
20661.23313975645
23104.585652019432
20079.99330222309
19327.747795345633
25186.574669054444
26379.61875346835
26304.880925777536
24506.83192495801
24238.004139926714
25573.737623099925
22663.766553150344
21594.357819543315
22839.056914523124
21056.678784779302
20665.64636979704
23401.704696353652
24040.12427135383
24248.383856162025
22899.841340987972
23080.158872065418
23640.247343817435
22188.55531761918
21797.44868493689
22429.671577781533
21368.68979344589
21271.82682594537
21677.935214990488
22313.563943609966
22571.320047974026
21572.785404593036
22165.420695660563
22223.4374472175
21928.963481039304
21694.42888517015
21994.85706399406
21340.59600166924
21384.418387162907
19337.172757697324
20210.378954714914
20627.434293508744
20277.52451731675
21939.23962445691
20927.859957009045
23069.814513915106
21601.10439326025
22157.921793798992
21205.06649066795
21237.824017656796
20045.861524303997
17449.51581692862
18473.592116905893
20514.320732145112
23375.411421822937
19960.024917028863
22509.976948869455
20033.7711960714
24258.943569350016
21291.446800335296
21593.030865805333
22332.43264091837
20777.439834393994
21300.05181007175
21617.25630970108
21724.003299299096
21106.109686677613
21761.832047256426
21683.141504726595
21929.949715544994
21679.403866068555
21500.27730704309
24027.461742759584
22483.894243778508
23217.59295753858
22311.700669755857
21816.44902648867
22035.629122621656
21698.260621030833
21734.480628064877
21735.12012140819
21914.735513627777
21813.7361981989
25698.540299088567
23465.574856184416
24824.69145355427
22222.313370577354
21776.56227072408
22403.13623950886
21250.1320650644
21665.358146189075
21556.220925449303
22069.849593642095
21991.037184942084
28850.90768498274
23599.958741958653
26833.30892889521
20456.482468007496
20949.708563205164
21628.9469002837
19884.930050550138
21265.693039245518
20738.734339643444
22726.988372346277
22240.850258541657
29071.953707951077
21566.486047876602
31175.650260604863
22118.52690976572
21806.051446738446
19770.385943738635
21246.5912484581
21142.643759370458
19176.329435201795
23360.871512855294
23378.36261819529
28813.690468948727
25880.523278593093
28684.435765076792
25161.01554956359
22933.889341937294
23888.990158797485
23758.89746176335
23009.858723107474
22637.769958387325
24413.518495547178
23797.752692044214
29657.59256035163
27525.30688814561
29161.773952667634
26625.769206972276
25039.19583648252
26052.232841464833
25099.879860968143
24653.630321419187
24593.53910644899
25648.695680637986
25051.36548768334
30820.384526112914
28769.68785480406
30286.015187383615
26693.27317504161
25537.39009860556
26879.657825519338
25105.1457729452
25582.04385695759
25242.011102127755
26699.80045814793
26202.93038707361
29824.825656914916
34178.56802280429
28672.697622401472
26233.82462303855
22903.11389557202
25218.13396425333
25532.83886468535
26394.760996129742
25387.41491858494
27647.539753829376
26727.452148160286
27057.09205227816
28058.351321482332
28715.82286452551
26557.40375566689
25827.19069736533
26647.795463829658
27106.11801731133
27259.05702691953
26289.295212975092
28969.3834073288
28315.68105775435
24101.350900789468
25889.34556699574
25500.383273162985
26239.215598463386
26959.06357238795
26347.966843155908
28716.77154958438
28822.686761970795
27850.510567642425
30632.924690995715
29750.678792284547
23584.25619366123
24787.04403176478
23277.689645679253
27364.89564557105
26920.688173435665
26802.693607678055
31500.869196056505
31101.22867480979
30347.448060520488
33059.44738894399
31412.21661489191
26935.713657979366
26274.84332084012
25030.082037250784
28988.874564811045
29839.313565168923
27948.327195516627
33485.75703429655
34237.10303745726
32236.762739299516
38291.017906885434
35623.544577802655
27341.976428213293
28910.65593642208
33388.10539708932
29928.014958561133
37885.4364937009
33816.956631545385
41052.86803024023
