30431.462981724086
41978.4434023819
31065.668648480605
36789.93126077539
28595.544562581737
26966.086856039263
24937.417262203937
22775.212078234792
21514.26040573632
21255.860318331972
21217.83238100107
21530.40287533115
22293.342143765574
23550.588298335046
24684.436683507563
24963.72739544268
25446.516609260543
26331.335782068738
27507.431081007653
28883.84824170763
30438.585816326948
32249.83498541354
34513.315948930845
33650.03003590309
32072.302057855202
30793.322043546174
29603.56850765621
28445.653982789365
27334.823564674927
26339.63717992376
25609.030073538903
25487.00815844869
26721.200879221535
24649.35662024073
22866.810721038568
21960.69936936784
21375.87911837335
20905.98570704404
20427.761499395994
19892.964659877056
19225.58812638833
18349.343684820364
17061.208093148645
14561.257786583054
16848.919800821513
17910.793233332
18507.000754596556
18865.81127628542
19034.999881531396
19042.146216913803
18904.474858566675
18632.859932790245
18263.160575075206
17802.916126494663
17473.767108194003
18576.835565335183
19474.920016518132
20289.550394495884
20986.82339449441
21536.31519398085
21970.220184232752
22306.162480349645
22606.86193108787
22825.0500060776
22768.970779127798
22782.843358168597
22567.124560724595
22388.419004167932
22250.47782754727
22127.120428939812
21969.994515380557
21598.881133881907
20796.63507925833
22204.614417379
23995.855190722705
25568.300313218308
27182.399655569418
28751.752532287053
29725.288812305604
32281.604696565224
36345.80199695055
39350.09550075537
40715.05082823006
46163.32710686919
47484.852260014144
44097.688574896194
43525.21419293431
44583.26371285392
42414.22648721367
35842.50013006616
28917.926227933945
30108.529255917365
30323.480997107577
29629.697451276505
28607.28396840548
27518.42006318148
26344.275463125712
25377.406817279312
24792.838481584797
24833.64739529106
25217.618290292397
25521.04256644586
26475.519093599454
28067.15045530456
30149.319285625184
32739.504886911767
35995.42081989438
40155.903659819436
44313.35327843331
43216.44682522757
39780.79153285553
37069.38713962508
35105.06934898045
33669.69837254958
32619.742548346334
31885.445573060308
31454.092904972968
31316.84515337339
31058.604228075852
30348.965085844044
29170.48133371307
28225.131955458306
27498.796436253775
26932.887545016085
26486.88231581916
26122.02610172259
25817.59977101766
25600.184143847153
25658.61372991168
25955.40220522363
25201.59001797298
24682.620464538384
24419.10958648344
24215.36886882526
24041.70105501768
23920.40774039041
23900.870541586854
24052.788265009665
24456.13863769667
25051.984305577593
25147.644593100995
26132.834287626967
26670.210745997076
27501.911407702442
28596.785765590943
29888.433826814347
31342.36959793564
32933.76310494939
34681.12168999797
36468.59875104089
36899.90880665524
34664.68106262219
32140.62414910364
29823.27373131764
27738.769261536178
25928.52342430325
24507.038978206267
23701.71668514215
23726.915657348487
22369.732643303334
21312.662645565088
21013.753598372557
21171.435585456325
21618.256082635526
22267.434999949808
24410.977560135405
28112.48926764457
31963.00233524046
35544.24647547732
37767.4827472031
38537.85069595322
39082.9404897669
37733.876293364876
36516.10604645277
34896.86998346559
32434.33738319593
29322.019189192033
30670.814448347897
32737.046513402587
23356.417290712303
17772.903840044724
25454.992641684512
19145.493863666015
16731.989091766674
20058.936609510827
18332.601559396542
16251.2774326001
17616.43283069995
18506.528063901525
14415.680461754373
15964.819294600986
20485.050905199547
16694.64571348673
18090.773462263423
23707.736446377716
21965.017577160677
23004.537351186817
27047.318487097757
26405.10905759836
27801.303767149944
29224.73331028578
29222.454814218236
31960.266412977835
29861.083660394797
30208.260695872144
33242.95131452882
29546.15387478443
29657.931293025904
31426.263386021557
27252.885660787564
27197.886806070204
28477.2099835321
23952.614866971348
23621.112009282475
25505.11324181172
19738.40273160628
19369.829969389866
23169.07788771616
17865.19815612206
17664.671886690827
21881.152355886967
19677.341558967026
19598.130063763623
21785.21184710335
20495.43643175214
20957.174562161697
22288.627492468513
20847.287632346026
21919.927857373375
22884.594468285217
21309.54798181253
23209.24275670005
23033.532736458037
20425.137286267316
26474.93243659104
21105.427897282996
21283.35621616165
23640.179598534087
23768.026447464767
20819.74815240076
22869.559242025625
24481.003960600916
20551.75235739818
22689.37135399097
24950.129177965628
20088.30468972612
22653.011230833315
25706.986155118662
19377.561529994007
22667.056105243482
26536.7425173024
20155.809204883666
23485.221454020757
27641.749917146353
21802.431584956623
24723.733560965207
28552.09755384749
22854.411972316633
25577.09188704491
29751.72643420197
23018.023056722745
25258.69409056018
31199.112718973385
22763.784841016008
22103.250978829732
31748.180067362424
22507.337064331245
22612.25140634455
30906.571381732443
22529.09948332759
23787.96477936695
27947.330826420697
22501.76807311571
22729.662981643756
24511.327122475246
23759.1141316686
21180.201911776898
20420.604338461235
25651.20851451114
21541.05680445704
19276.87057643227
26106.28372762072
24111.83399499003
23517.34881482557
31388.728229451124
26695.674252766214
27116.045586720786
39970.01728959921
29066.80126508967
32535.201225885743
44533.25441945586
39885.351996493286
38710.240874628646
28095.420867610857
33618.51176717915
30622.10040050069
29847.04265807226
35290.21087874583
34742.6759323025
32284.377846411684
36540.03936445713
38449.45051250189
32477.52754180815
36177.131267841054
23021.972343161622
25507.828432004353
25388.580067961186
19726.24133341411
24624.043388991864
24524.374979607586
23989.824915615478
28495.027560242725
27051.18898577098
24444.060555785516
28336.740382021693
20364.721026233063
21269.168173787526
21326.92195044064
17288.182552465965
15341.934522552892
17442.1251086998
18493.898043675374
22642.92546732872
21216.65309566924
20747.02993731158
21946.370821073768
20001.144254302413
18496.977177996476
19932.514544226255
16948.88683444535
16745.087952991784
17203.082127399222
16509.940045992196
18577.52565304417
17399.33350891062
19243.00722481454
19831.5230056186
21699.812769554803
18389.32226916483
20516.93466064849
16485.721871766258
15448.781688709321
16584.319145517038
14342.243179176805
16786.370802354148
15487.160145460319
19237.212284866087
19005.282283892182
23139.225483635175
18487.123374149865
23421.86263014369
18376.462367240387
13981.531943585656
17454.723514035806
16573.067705006237
15797.501753109616
14211.929162528035
20928.4174743034
20000.194175312157
25071.256745015653
22037.455120012357
23889.231164157085
22567.496151516323
19382.227805741535
20399.594137071646
22104.19571880523
20533.4881856829
19393.40072599251
24415.661436878363
22474.390728657294
27958.622025064073
25427.164866914438
26474.443279382143
26467.32393481242
24329.84657229208
24637.0782499495
26887.795269035592
25434.335023637803
24612.23741689013
28887.28892901427
26578.388163348965
30738.47080363611
28398.43297387509
29421.078120205486
28754.24406295525
28076.736288487693
27898.044737830354
30406.588480115126
30046.218923157117
28853.966379907593
33962.933310412656
31334.53687229803
31679.66965685106
29260.465309941646
31447.64760804159
29540.953613028938
29679.319378446242
29063.4531435093
31725.83061052124
32459.774913238558
31749.281272909764
36039.87302819204
37096.90595415415
30146.59492511275
30063.9914479197
31073.759925801125
29341.591588083287
30231.48725492743
29763.372843551908
30417.3016256877
32669.510199918637
31281.808001399695
32385.543791156644
34097.95383273171
27785.773073211745
28557.34671777906
29032.86220217661
27026.701908084975
28606.25493782267
28381.21947464256
27727.48404373742
29984.156588837184
29191.120400169282
29253.74013535986
30772.9761387289
25040.852554455952
25708.883445769403
26440.808178565545
23438.73289494774
25520.69408278021
25369.60881413075
24394.62542245168
26958.119038496538
26108.087715890648
26625.44657724163
27848.529824484995
22248.603265942904
21970.56723535862
23633.827271355265
18857.390141596992
21536.273321672234
21243.299364799386
20990.88462188999
24213.803618766182
22650.11782871072
25408.358257703705
25714.972355870977
20584.51728990423
17661.433536710178
20377.3735246024
17032.306774873712
17437.25938144341
16708.6460305374
19531.160535178733
22004.247404965878
19820.61473242603
24734.65453648938
26366.66353929785
20700.396353455948
18912.70250559676
20689.731069566027
19279.86219057819
18662.554818625144
18236.70019790697
20518.124079911984
21746.831678485258
19967.85529114572
23056.188163414292
23479.48863504931
20621.70492017977
20182.570600764127
20687.100098080533
20596.073078680325
20355.360545569223
20051.76450950832
21537.919068459003
22000.821138250783
21058.967848685814
23111.597805634174
22996.95530605941
20297.645829589674
20695.805049507242
20491.30515643992
21410.061368316507
21447.748659580466
21025.333012843515
22376.91926670097
22598.1048428826
21978.916946825346
23504.716456454247
23302.450075538593
19787.980685892857
21026.766526484418
20053.342877098446
22597.354840820142
22452.597913508478
21887.388064482755
23092.98085841672
23078.910844043257
22755.051376239186
23666.77334423992
23654.040457976687
21933.06923937642
21611.425963591944
19817.33693663868
25395.497092232938
24460.430171161628
23726.149843749376
23323.84689698633
22412.822533902818
23319.254908812694
22769.360880490443
23456.7819543608
19532.57311844665
21596.69332363816
19690.57226773637
22810.630769405332
24676.699804721473
23831.413231868904
23697.488315150607
22766.664003575683
23615.376998611697
24507.44753287499
23867.36033814166
19749.05860449145
20995.141840299842
19654.43157899444
21903.25926150784
23125.111694931096
22221.462841280227
23699.816527974104
24225.809853872706
23697.593458366988
25293.930880173495
24953.123137827737
19685.8895392064
20693.285490967544
19765.89004197089
21575.314540959327
22745.715345638044
21715.42865580013
23831.754634326204
24697.81647503775
23740.551567605136
25998.312904604747
25620.788701501322
19212.828928503746
20355.87054532552
19499.592500024875
21245.49897804072
22664.165665591954
21429.04793126985
24187.666815513003
25277.082611336966
23978.923396688773
27105.10992167649
26477.188235710342
18608.70092065057
19742.104837749594
18858.64783471651
20707.52015552241
22657.583665757636
21006.46015462843
25091.203986418826
26226.82515573292
24490.40486926405
29179.42386096793
27945.683579414326
19260.080315932286
19306.634893774422
18787.503870119464
21528.35663676267
22709.43125324539
20731.721559415386
25736.166970560684
26280.296834607245
26110.949475538346
29916.541918790233
30505.873107996937
20878.660174274497
21024.663058400794
20077.61416512444
23091.765447051937
24121.60248504791
22366.98368729994
26599.64428957442
28100.858154697868
26105.220297389096
30386.447996012663
29995.189439456077
22060.16914995707
22427.15814928949
21548.78714322695
24006.899605194703
25235.10539753642
23653.853301880714
27548.1337680015
29103.915153352802
27102.90058871927
31894.44522955051
31015.322161333585
22623.66944573541
23051.147646165613
22398.33113728016
23741.186254006036
25641.115739176894
24068.114564985888
27825.723924784063
30463.868226142346
27837.598927237508
34621.2578757502
33056.12028421152
23441.12443831509
22839.609190579293
22872.70315511716
21670.02033175611
24187.119452336483
22928.223673727334
26434.591421521895
31856.955545881632
27312.692942190937
40436.46672382731
36834.69100698036
23006.698003487443
22754.748527826392
24045.841835041243
21862.612228114333
20280.63477928488
21046.9275403517
25964.913965049986
30031.60200960807
26407.001784558517
37139.74038859168
43375.27560854201
22438.137916332707
22496.24856368974
22602.677054882286
22866.643328872226
23620.185542481653
22594.660129293552
25520.10574709558
29572.114366556612
26028.53055080177
30581.241151196045
33388.64241109397
22336.051424113302
22505.750851539924
22353.1722614674
22559.013329007852
23415.76247779581
22792.47549453204
23312.639922840728
26263.817995029545
24568.076549392645
26235.325590718887
28261.706319605684
22881.606693412155
22742.890650406443
22470.986380161015
22307.751546459218
21899.71547104552
22371.27709000167
20034.31138550259
22622.390321452476
21797.85549245003
23097.504389775328
24449.784540920657
24050.117990958446
27488.16417412903
23206.47678344346
22824.35575298168
21769.68502800051
21119.423414885656
19424.717400168418
17468.796089712843
18214.688212508627
22564.965602371885
23314.354298744027
26096.371261045362
25107.859240548936
24834.081714322063
25265.382193883288
22583.103587281177
23981.639316311383
23389.947038122948
21629.595636196635
21507.097281072936
24352.314258068727
23135.481821233036
30522.891314992994
28103.356789066685
27965.535709238255
29597.234066606885
25628.45314515535
27074.631937968858
26062.505394103435
25239.299276998554
24966.300111541037
27641.753252034923
25825.049487982233
36926.81400350932
36635.44628039167
33876.34508175254
36989.46219529405
26149.888072782
33827.23512385839
29281.483448343788
30099.06941332492
26523.605335555567
31718.895838079832
29967.439783868955
43304.1768863418
41244.722896578736
39690.29579720902
41516.82012257051
35516.532266597394
38920.23207094719
40159.63939612096
34670.167202152814
34686.3668900898
33984.9493770523
32791.03508525448
50498.10073025161
47257.76638663367
41898.19984841163
41491.84410161435
44676.15327771643
45616.92547242048
34493.882491177006
