29222.128739566717
32597.946607676196
33228.22498004722
24383.514821749908
28988.96807834007
27743.221246384994
26352.06452724512
24490.165554649095
24391.54581324612
26260.447713865768
27747.477251213877
28969.760423718868
29947.642331702857
30317.198012128843
30053.230765110173
31917.723997128196
32591.164598965046
32936.18739466966
33158.5486135584
33230.996760782094
33095.08475066546
32874.99871637794
33504.45207307057
33028.07549494792
33106.331264782995
33318.17086437002
33225.36157418388
32832.09546765867
32223.00199964349
31501.010230247186
30795.919389085582
30266.681985930147
29333.864318007203
30318.69046036846
31157.19299972803
32233.710162663054
33518.71758433456
34909.034354252086
36375.577380569244
37882.26207049801
39434.7194660426
40951.47949128115
42237.36211242825
42498.01536058039
42677.56697482923
41835.69096466869
40767.61464152504
39701.36237257324
38694.36259018138
37743.11882464455
36811.61183889798
35839.97630569161
34769.75134420872
33693.303960320976
32969.559144710904
32722.678443102617
32624.590391921156
32378.711550828026
31971.666129977828
31451.83611203837
30809.039544200987
30032.16816473174
29112.814447500725
28032.408217289776
27427.291611201763
28999.04488492283
30354.35636319846
31555.230364311166
32581.60049369939
33433.03374037278
34119.98318863659
34784.48899248733
35933.763629269415
35482.01921998112
35106.892475493965
34906.37033150551
34593.5684144868
34034.38574253007
33134.330048245254
32940.90912754436
33432.307449610234
33497.471517247985
32506.480109989265
34315.555730919295
32661.12406818982
27079.168263174826
25674.51532011221
25818.626944621312
26509.25634123359
30157.0988798322
34497.82678490758
31196.29234564413
28708.798862492327
27181.23490544164
27017.991912135814
28058.369032767736
29428.293175480114
30703.43350546219
31783.579118588736
32894.980951035104
33999.5931533261
33538.72322741972
33474.96036147946
33330.29353850214
32984.37642314882
32427.48518091534
31560.458550010797
30246.012816750477
28558.555306884104
29182.81737066252
30366.080575979526
31065.45929926619
31436.383444629453
31609.39529195278
31646.14838021741
31521.656706063393
31136.57047037614
30438.54757697778
30299.963042228883
30656.74997790819
32048.11868571914
33268.82230870412
34176.537290699125
34884.53679355963
35477.556224060834
35966.79021278278
36359.586544537604
36540.372214649804
36155.19253197548
34529.96165007043
36837.14946881324
37943.96046456791
38561.25036979283
39058.85219111283
39621.17662846815
40328.76264297518
41281.588934643325
42557.07661880477
44133.6287183856
45816.5877271027
47068.237128353605
46144.23007339772
45334.739347889685
44754.12833194855
44560.138089736975
44715.87395673612
45119.883390572424
45620.523786085105
45964.61062499798
46190.85139829492
45926.04967197247
42956.71124916131
40248.13211120614
37307.1653603952
34257.98166576437
31222.708614048723
28273.08802058074
25567.663309815413
23771.730999769534
23049.021847312666
23297.29241874501
23611.433276953307
23544.8717465214
22756.91972914518
20854.8447746626
20911.497009552135
22708.217651406736
23454.078875082414
23837.675383849422
25365.15264411638
27491.906550059022
31213.021099057598
34475.14800340112
34733.82121172334
31488.706769871744
29698.594963682204
31789.78284120689
36526.96176126608
29347.16857481932
30916.400247937137
38914.076898802065
34095.93801718466
30809.79402991508
35396.13473389215
31414.159480746282
31885.09120337732
32012.17881174702
27776.003089412654
34662.836705018184
32337.55232974815
25239.04435421362
35443.009957908216
33311.43233260361
27454.02148066672
35161.16267232828
35283.20346060523
33106.36936827724
36127.9043010232
39477.9009011638
39518.09023079251
36049.98576242973
46113.354555324695
46973.2728309836
35887.767269429496
48639.68086652094
50024.6936010891
37179.96773188416
43669.538597885396
46625.82474172027
35848.27590705642
40147.021530179096
43686.17966736909
33466.32425162171
37319.90369635195
42467.13315636935
30562.566988945433
33521.62780895966
44156.30080529651
29957.972026557392
31931.92719871601
44819.93009453367
33155.621549536336
35893.79762488596
40664.69208306329
36273.78668586233
38050.173819267715
39829.14776801111
39412.45195885627
40206.694848736806
40194.423611753795
42965.62180075913
42465.931311548935
41450.75735627122
48661.034733050554
42695.32357877732
41821.107839575285
43637.448652331674
42540.76138477696
40712.362954970384
40905.98416385793
40547.46255220906
38702.88643756602
39063.74767857108
39186.871788709526
37423.14324133159
37914.069011830405
39347.99675639539
36725.22741085134
36771.70525534777
42646.51811832341
36462.394618501916
35649.927154844096
40267.08546179038
35485.794266882745
34491.694753329546
36036.23406410132
34303.60061445112
33384.380030295964
34775.61993045965
33846.20225304627
32609.500792060302
35742.63722609458
34518.23950683232
30770.47012222771
40797.33003045089
36200.2009177982
32009.931633763626
39609.04071413129
36403.70730759
34098.99595711646
36736.62005845705
35583.45669172068
35483.580477045965
37237.032487453944
35729.596148379635
35906.59803769365
40681.69222110577
35371.34808837179
35621.09706779258
41559.498892765274
33930.51419822749
36313.26522797767
36290.62252684171
32757.87648158172
36483.547137499496
34226.68466572013
29036.219356612655
36136.53116609411
31851.748112269455
25933.561325432427
33957.05151464226
27112.543978825004
26169.425022970958
29024.404176910226
30563.800639485016
28910.517647840385
35640.148547044184
37050.53190402848
37854.62547810985
33758.40138231457
27015.890720576863
32433.57816541688
25707.86716623921
24793.461013461663
27485.70514826876
31494.14425281523
28374.798221112986
34312.70745371816
37128.577252112394
34912.33985433863
39787.264535342896
31609.44988610607
36038.01241422898
26302.408218338845
26329.790320466367
28234.737639052
30655.884372383764
27395.443527260642
33368.74591502489
38426.12496117485
33796.53800331052
35021.68582112091
34046.55011750225
39552.121396603936
26427.131342209854
26309.087200226655
30535.25555621676
31203.768862954912
29366.2286701666
32500.68959153691
33200.25605512171
32690.164585510403
30304.630386616227
29336.79352717464
32069.59870300413
25318.056985406296
26069.397406070562
34051.33967883265
33048.84807581619
31914.5135290728
34027.8573743688
31750.963745189776
32979.579638985095
29264.46375970936
26456.311449327124
29365.52120595867
22792.573010142165
24254.532554004367
34591.935067915765
35358.48234845527
36929.37313216776
34872.531533094
33188.08652933481
34997.74834863537
30643.803279608648
25043.80103877952
30036.188387708113
25538.111855584582
22010.276924727485
34189.628523999214
35062.25849834274
34160.60955811668
35570.521321748136
33985.16608303196
34979.28210610501
34360.7192542321
30232.55333336903
32231.699864060378
31974.06430274794
28806.23173645221
34473.0193296083
35600.889597253976
34369.08721173335
37980.40564834461
37107.95803575392
36612.31039311219
40018.198113853854
36165.62098638381
36923.3726222095
38437.88385702897
35173.899435845
33115.98466758109
36427.46122429043
34207.71411988643
41081.39155703599
42475.70130344045
39544.13617142239
49274.650433572344
43199.26697921157
43911.510327019845
43988.01663813229
41604.39211409679
32218.292249145135
35122.91449130839
30157.96466397257
42351.00680763505
48574.66420949287
42721.66113650672
54116.81258417241
49265.12699292367
58192.57128997241
46126.193669776316
43720.09228178601
34770.94474061352
36990.54251992266
34136.01367363944
40411.72545277147
46093.90117327983
41480.93925452337
45919.907905832406
48558.14147429163
48997.950678957626
46298.84170415144
46960.49394669635
34130.71724478107
36707.798296024106
34676.141510701025
37924.439686524194
41744.16653544147
39203.13301831129
42171.85772899243
44949.72974047866
43776.52972965916
44529.468995023184
45332.83484339763
32347.26636757551
34750.128579929304
33314.736549297086
35064.830572558225
38724.31814354212
36576.44930233971
39995.93631639636
42832.50532127489
40937.314704825585
44086.26111842436
44065.7723439188
30865.091816929526
32034.346890881046
31401.93414999564
31107.93721445853
35726.65296697282
33278.27594902105
39112.174567360926
42751.66470854881
39350.43591064927
45842.3757173814
44701.52287616094
31170.033349246303
28882.679025284015
31703.649449809203
30121.720765405276
29616.010131090014
29553.048697135535
38913.73170017999
47498.73977906504
39994.68458686747
45674.31378210016
46309.36495884033
32648.926366386157
31553.121774251147
31498.453997208777
34120.10893471757
34409.985007790565
32228.82526679556
38352.81600941453
42018.26101853981
38352.01017634652
42077.48939491743
43756.05968161393
35560.454227640395
34734.59512157164
34054.54236485176
37099.67527366735
37021.711256072274
35692.66128101085
39023.09552287422
40030.203151222464
38606.04179301387
40283.45808358122
40958.64810329689
38735.11267112097
37813.61795404788
37109.22814665729
39888.19121983829
39094.37011246496
38482.468714393515
40338.000088821165
39900.661791465056
39610.911449598105
39744.675395838494
39902.06834069515
42352.618179142155
41103.71705396659
40464.551670742425
42748.935754041246
41373.739799555566
41351.282660713376
42203.99134561543
40694.75666097056
41206.37395093364
39921.190580512884
39746.64872540993
45643.78511281192
45220.175802366415
44425.43003684768
42850.14217920481
43115.86498845807
43657.850464252086
45093.57970411079
42444.92829699292
43344.54936673917
44014.71875708278
40589.24615109947
43165.128379926835
45550.385961223874
44827.50857984495
43156.09966272635
43143.719162273796
43846.16921490786
41880.27584460243
42064.64594586371
43172.46190720549
38810.6244114488
40024.63821597209
40481.83734455912
42147.71704731113
41717.609767209375
40921.43442059663
41542.02035295026
42019.631010183315
39793.01276139594
39589.987683579544
40756.91643957088
37366.21438341505
38028.6079379927
38486.32419393362
39883.16555075812
39415.91092967127
39354.25454519836
39730.8899064071
40005.199586019786
38516.101908032404
37980.33486181042
39025.78023284973
36131.55168064231
36740.230932968974
36773.73951156842
38436.04539253288
37637.71943334653
38960.326430098015
39003.349511030494
38983.50599947773
38549.85447776623
36996.0112550689
38307.60309573468
34727.600717293535
35502.88427039895
34144.44835735583
37384.61212249295
35728.83613852946
39473.144483457785
40449.11690644291
39264.871701399315
41634.77125853201
36552.70080985985
39517.49489879608
31246.770148704683
33534.992800882435
33553.914601372475
36675.31631326093
32274.588246111736
38136.52298079422
44231.129379527076
38581.47495232844
39405.69104840106
36458.4821718888
42970.903811926706
31582.63685390896
28959.04603640246
33336.83242583924
35124.079388000035
33633.38663267167
35550.95512603868
37651.42060149982
36729.71115297647
35591.73540980636
34833.9924710931
36976.131278632456
32766.331548749684
32530.1294474436
32362.368349945107
33881.001945408396
32879.36047489888
34290.01226535872
35134.60355035033
34741.18462388123
34620.88488292239
33953.05343023114
34851.87803115472
32734.46162462349
32771.04327459581
31101.311911711746
32980.25624038785
31784.56327794617
34384.24189497494
34934.555502040785
34173.75505721763
35807.93669806634
34013.16818803273
34886.511549421964
32670.26868967006
32714.22103582108
29649.23826059776
32036.189658952066
30271.403273905533
35053.40330129252
37501.81183825564
34819.64146815188
41151.13717614492
35350.865121334675
37720.853430110765
31711.43252490001
32426.417705030293
30307.348648182196
29555.907008935166
30273.130900285865
35583.684299887136
43485.816569054165
34854.05003675785
39909.59827136128
36250.586528990316
43708.09036474726
32602.6084262284
31437.07194647641
32655.2552597651
33272.845832052684
31528.11363888654
35659.53801419596
37567.18612762146
35595.81911293613
36716.466695207564
35881.78850519548
37695.997279306925
33936.13618269382
33466.266179299644
34333.80629857782
34811.73105075461
33590.83829115398
36642.31433030113
36685.31856074928
35990.24912477364
36858.03050042697
35566.42663335903
36519.73100882973
34439.525083159606
34251.21667516466
34709.50870464485
35983.46335937116
34788.83871345045
38840.81839338773
38459.446586632475
37595.98251614029
39113.83457706245
35848.07130324454
37680.75440089082
33680.12893988022
34358.71747756473
34670.4202824826
34484.70219873908
33699.80073205143
39303.27810606658
43986.39865323904
40254.64313260014
39351.240803606655
32845.8299111965
41813.50710503167
32347.354717992013
32163.64586156963
35574.835584085704
36344.68165998255
35419.910945647935
36769.23593442123
38334.09713952662
37843.89311781315
34714.796806842496
33942.902574019135
36683.82900192649
31348.080631658653
32287.752311195
35220.66792037355
36236.04604726806
35473.16684826756
36443.329192694815
35005.539004079415
36223.14161068483
31426.526430920727
31070.93033653964
33020.35961954883
27911.2524276113
29829.896723599188
34400.78901566834
36874.57110355622
34710.99823706724
36626.813260996925
33291.85528484896
38023.99462966882
28738.120478610843
26697.206152340837
30009.510950770753
25547.572388132732
25787.496973491267
35178.88762098436
34531.4342380582
34507.06384392406
29383.415826557888
29715.473388280894
32613.102222110276
26178.58117491078
26441.598017584845
27487.533734847682
28649.52260557768
27099.691858238497
36707.299965533064
36788.59390589314
25237.018655536882
24619.14488639121
24317.613579470795
25657.261745836367
30305.03525562342
