57399.796038039654
22341.072643302614
31364.809285071402
33894.1492639521
59739.40183588497
53413.84127352839
47357.497490745096
41122.29256265174
37733.41553999145
36983.86244068184
35458.27119666635
33625.2273072225
31532.889921457027
29338.970218200586
28094.273431181424
28874.624732709573
29915.007939493542
30771.131257907575
31465.331528577037
32115.307401290247
32909.16737781416
34263.2575452462
37163.788017628154
36327.89727496329
35586.58854941093
35844.860507457684
36478.18400670495
37272.09409344579
38159.68031220632
39105.43431315376
40065.40162002575
40953.70694924328
42771.9493096901
42423.20527328267
42813.952735314386
43138.05797713937
43385.901547192356
43578.42642437444
43707.04332077889
43745.14464486622
43654.95966316529
43420.10332732371
43333.33849489283
44683.843064450055
41235.40512936832
39266.81422029269
37457.953181405246
35519.91125583813
33469.170954233465
31346.57896922366
29191.705425757715
27050.35602025932
24990.4489909831
23148.24461442099
22350.376541927886
24339.606621583192
26719.665174485715
29320.68595369749
32061.783118775616
34920.76043267679
37882.87328353166
40923.302816242285
43948.92591110995
46551.57107257658
47205.54339683155
44941.1153772832
41773.36458792376
38598.147429703116
35681.11379979663
33144.98712764726
31132.664680846894
29888.957870456674
29884.861746728857
29900.110320180895
30969.060489104086
33025.079340014745
35782.23533953162
39056.067978274616
42068.02378860093
40141.249915787645
33700.41662844549
27283.33790330621
22227.886647242995
23702.53816160041
28647.739596594416
35770.14713449038
39992.122874269335
35481.155040664904
33892.273147441
32792.613202842746
31011.53553273386
32026.783509499037
32768.83296972055
34484.45257444111
33500.98857133176
29696.36584735845
27269.29411727743
25070.70826878983
22868.52112445386
20564.622847024526
19354.360937007245
21667.441893221596
24082.82519550733
26467.376274351394
28884.214028790993
31316.093802269246
33674.00600871776
35852.853843496734
37883.7717409844
38956.64197922648
39636.57207812285
40072.41673095133
40375.55216234966
40679.35965518033
41149.19315163292
41964.08208947354
43347.353785290594
45480.00628000595
47993.153495068655
47123.110603198256
45355.998105168685
44371.53643848434
44144.09678124227
44531.619311701215
45397.928754550325
46664.846631379995
48244.7234697138
49978.94271483539
51546.72790195182
51708.65980779632
52791.25735571175
52438.782510727935
51800.5195302138
51222.76225950596
50829.50414965668
50679.7715480217
50787.54104972123
51183.36062589676
51886.79238450476
53045.797795423394
53748.70939010893
49546.31784020578
46352.830696811
43566.39937346761
41094.312027062966
38908.30694034523
36964.615676925394
35243.94492941858
33675.935462287445
31997.173994973513
30786.332540208678
32118.622920875034
33064.83746344663
34037.94586174921
35151.24583681444
36422.22735445759
37925.44886726149
40147.698363370524
44499.7099102081
44442.06361516614
45021.23388552354
46890.577114831474
49195.48667015598
51585.69219173696
53057.08462307135
50875.418053381465
45351.0755737608
39489.53029008476
34879.60646254859
34504.9622820671
37696.733697608885
42857.90093148679
48936.02980124271
55939.54815881146
54908.703433235074
56153.62393987287
53665.85912243035
50407.74206942306
42842.88322249433
46885.89441390838
47272.70860779698
52141.02733939908
41563.948819673285
45759.24224358288
51668.27778289658
38166.10174364838
43663.371884090244
45592.96373086534
34479.313124509354
45429.27043777366
37164.909142266384
33087.0085881922
40602.17113534404
35430.73343297558
32572.04940076133
34853.821054968466
35223.417495802685
31730.594588983924
32547.126647010875
33402.26468900402
29931.847674932458
31527.696651102964
32576.57302304526
29653.686566888828
32270.16959261126
33338.260146765
34172.729336361284
34299.55846292399
34962.8126791275
36989.13088766803
37371.13993366372
38260.96788794449
39441.03245047807
40389.72299882261
42281.60794760763
42076.70816365275
42496.33822460862
46814.21168267663
44767.923197073724
44500.626499425634
49863.332063620095
44730.293489989934
46775.64743424102
49690.221664627425
45738.57369447011
48110.930157603754
50139.399458095206
46311.167621929475
49298.05673544957
51396.85442278587
45990.475935035065
50412.9170169894
53973.22823097877
45133.77123309543
47461.853683744615
60880.5857729546
41833.84004835726
46511.65073889852
50679.64756426665
38057.832989652954
41769.75998919261
45215.62985968542
33579.87931803522
37288.12578497514
41533.14519384909
28978.693948334207
33240.63265398128
39296.19956395629
25206.74832127158
30038.39482203492
38057.49505042813
26117.806225294262
30561.79417006208
37974.64572920664
30912.4733492066
34141.15914294315
38529.98066916761
36483.2546338634
38163.01325695608
39799.94953268052
42383.75026547004
42113.5878144607
41360.13878053124
48355.43536026499
44390.70986342829
41964.55582555927
45470.639082890084
41834.649303523154
38952.950017494004
37637.00762486255
35535.70530060497
33320.14712837677
30658.46615517444
29190.045928730935
27974.477427590653
24647.8445342247
24576.254626062324
24862.149027210617
23818.662620602816
24024.054220719172
24597.83740631584
29548.140497785458
27322.949684265477
26004.948075707143
35564.523051020675
31853.826892035962
28600.192574475594
36627.20985172077
35422.86219869146
30349.13164105048
32416.55716086593
40189.51032561325
33895.973569986025
53643.34194294785
52631.95282057856
56368.733286315066
54544.8764857913
48646.81430810892
63605.498773608306
46364.62001275118
38133.536011974174
44433.17265661682
40413.92799171382
34673.300087323194
46653.67809671629
50276.09118310106
49535.3094862304
45450.99401769832
49327.69431580478
49882.058614276175
51835.60101343594
48127.5537123765
48953.62048821744
54950.11022875583
47202.25166753587
39604.92088582902
43969.62424833034
43386.75246765281
43051.653837920254
46040.36670896064
43210.56211714708
49194.107672656326
53278.425441663116
51975.55267174889
52892.86469771144
57120.08714841279
35468.89381777086
39754.23607615449
37441.20170884076
41208.852691627406
44684.417407352186
42161.07192595337
44947.01300326889
48646.67278837823
46970.39970155434
46324.2749035724
49485.34804116454
30438.327264608342
36537.60527042409
33212.67872278167
41274.192115010315
43514.72454700742
40771.593784832236
42119.31344723236
42134.98623511407
43254.48354401444
39182.23691262536
43040.49997891994
29881.828401009163
32453.614586585172
28499.42585998626
37903.04241091088
47344.36334223962
41259.69270317189
38493.47544426236
32473.14540469911
41206.53391871436
36659.96186466549
35729.416379764036
31408.624479632468
32941.23580238329
30890.658853383407
33915.12368572268
36920.789411709266
35460.35973686334
35139.32621769171
35881.135597041815
36609.38494918515
35664.032122391975
36459.37249426996
31775.34514076476
32168.663843023252
31661.64544756875
32062.739608137024
33519.7728155138
32874.51069697119
32989.89992258784
34284.265364782805
33948.02786926126
33742.413500042196
34678.53137257721
31462.287307314753
31110.012937475924
31754.29875147134
30952.238020158013
31834.348209119547
31371.418809270966
31536.09004677653
32753.282396925566
32245.469213680593
32802.8467179693
33024.48952815662
31953.215760938187
27349.346963943433
30515.58626082773
31763.20238107766
32244.856970195753
31903.647634204368
31530.74407338171
33539.52338476236
29851.35098236173
33532.55986948651
33835.896443185695
34857.91001665234
32359.97099590367
33591.158841181066
34082.87527126903
32988.143111174264
32625.06495770163
34607.860303140675
33796.59021731071
33206.30646724208
35184.175959124565
33968.00789450623
37089.55810779082
35655.27602099837
35990.14396906546
37078.40704177956
35802.43976539677
35607.80110893215
37795.112758049465
36499.08964627593
36131.83625119082
38658.07490571827
36786.24096149741
39248.53391501701
38255.10146709873
38176.40760537292
39763.00922858706
38920.09956155922
38487.76803284345
41299.25470034691
40198.943416118826
39540.39851986214
43093.39609531389
40760.825097249275
41109.02998160685
40580.98191848039
40287.03493852922
41188.6802081659
41626.17611615116
40798.23345029157
44602.73558707551
44480.50931996367
43001.69030567991
48195.815057762724
45655.47950525857
42306.52128256085
47086.00905501089
40206.56123163595
42199.43837114461
44040.45243924701
38679.577514806806
46895.61407247902
50233.155777610664
45339.07695669816
50876.07205767887
48932.01446611683
43910.98469806078
44206.89954735998
43421.133511135326
45592.34803577946
45747.287757465994
44499.59804786061
48258.15335229673
49644.98061118521
47704.990585431005
50740.37277542871
51042.54263501577
44629.72564059978
45281.43675469971
44310.98493371631
46907.53824799869
47513.85750079945
46334.718270176905
49245.10631719814
49838.1727402411
48746.052505419815
50655.66532380285
50579.54682629212
44932.63957654129
46084.35514114716
44848.8343019485
47811.89098778776
48697.03568630231
47403.57579209561
50569.88056520162
50646.57558779782
49830.46848003143
51612.391954836
50981.989776415314
44163.33623278432
46323.919600022135
44789.23323667914
48347.17834041289
49905.90105572626
48124.75173803502
52528.946212001945
52466.00883018588
51481.242845397144
53769.039789344795
52533.60662969288
36739.620984323265
45278.55584252126
42316.78904829158
50574.361430518846
50224.5814679569
48781.27375437059
52969.34674845948
56364.41603523807
53398.49412922441
54078.742380065174
55118.38214805139
39986.6384991623
43193.69625641932
40265.20358753184
44258.822155619375
48257.50436916463
46705.94745647957
48877.096084360885
54642.96320217746
51535.61183553166
50879.039168704694
53638.65958462203
36611.173539696974
40094.270870281325
38525.998794158004
39833.87998486404
44156.076509381084
42066.68149829165
43653.928486564306
47674.518988170865
46149.51497964597
46238.68409431023
48351.30339200271
32259.39063271245
35859.40506579609
34489.93592242721
35283.5951252473
39474.18384647559
37561.847866150536
39444.066952725014
43183.24688454181
41423.14314918069
43298.989018305816
44556.08926498177
27697.41411436943
31265.844163175374
29975.980796095766
30849.823167540173
35212.250204486
33029.679475203506
36097.35497751298
40235.957784734965
37685.946035816574
42292.85826136857
42516.76285516456
23543.649980836923
26844.05950577981
25496.387615020685
27186.49706819031
31411.28706332051
28837.551541983175
32836.656532054825
38659.478341279304
34577.20659998502
44563.066094511334
42822.88427475067
24731.857563418274
24992.965988079846
22683.467640608633
28038.41113797815
29960.88945345707
26432.029765402374
33494.025045681265
37371.622064232804
31584.97054460103
42991.55593702666
46326.332307585915
29893.234438891483
28341.447531436635
27194.72096990125
32348.1826468366
32233.842632789114
30041.309111232942
36250.82035409234
38187.034445704456
34926.93721765329
40592.1721646635
41358.64419329588
35689.09669015627
33648.464063234656
32735.083327480374
37305.999528635046
36129.90095425351
34789.93262780963
39018.77375262628
39076.214745976424
37609.31512776247
40384.720471997745
40337.070131648856
41972.26603208692
39401.44656220259
38760.809736504496
42301.55167106077
40194.3069979608
39841.79555358454
41852.55845846458
40600.50112983283
40468.94547624447
40722.60716758697
40569.29514129319
48936.94811292328
45376.3239309487
45393.28802549101
45016.666889844586
43689.13038344972
44351.67298226409
44548.67677302557
41923.584467233726
43137.87953948482
39873.35159090095
40625.062565878354
46303.78180803528
49752.38332888258
50291.26975116608
43053.83990068658
43651.66678130459
43742.53946185759
41017.242969447376
40810.518807955414
45085.787890151
37026.52146732311
38394.396624822344
38369.866281105846
41475.938518601644
42143.72854067897
36607.042646999646
38865.56197203922
40123.791080795425
34457.35578946745
36216.30019591442
37669.699703329934
32222.057585730097
34793.270626172714
31903.335045118634
34018.72535209149
34950.62881594471
29733.699704939867
32236.653278875154
33081.26591388363
28701.671016128465
30508.841753757486
31408.25771015714
27113.005041220415
29609.257194583137
27233.902147254154
27510.083746559383
29274.139021722433
23212.79729973103
26550.687205483067
26529.79093503436
25613.26213758518
25967.478325898912
26619.34965743559
22809.788544211067
24835.684268856825
26766.31472595624
23457.00456288689
25717.228696704504
21604.676145156132
24429.905190411508
18832.799722586962
25418.670383748406
25277.733139381897
25899.54146801481
21892.274050283588
21159.770184892113
31430.707626014482
26442.36264575974
28737.618062145702
28093.9325905004
25285.905940120316
25103.62511400098
26753.026502206016
24835.507890348526
25535.130002622413
25309.01603010772
23548.443460647723
38512.06174349112
32705.076489348117
34677.6715659671
33175.27863558228
29589.819029811548
30871.240063301328
30588.55922085257
27457.759547617865
28505.26425804669
28145.86831495488
26998.630962555282
42116.734939356
36594.54025352427
43553.15557485027
35624.68193166188
33735.12180154739
34560.84567046637
35497.138133430344
28915.98037195815
33868.044649865034
28521.094809921102
27219.153986691505
28585.991231918313
35440.05529477224
34887.67144837487
37702.08547298954
37235.7163800075
36670.12391923197
36318.74547662483
32755.31975317616
35600.65349283555
32735.12594045404
31710.30735272906
29158.425258855597
23120.468435344184
48280.93294972042
38328.51752405622
34781.38685942168
33228.52003408903
33285.71949288539
