28643.355400536308
19553.948538975434
25039.62116972365
44604.51862634646
27965.596410046117
27793.797693962835
28561.15845935339
29492.675202156082
30397.69951257573
31239.221154235278
32038.653099490122
32871.109227114146
33669.62091687802
33392.260993760865
33047.63600183816
32801.15315131531
32600.163466627648
32427.895974247112
32285.195991348846
32178.96265976735
32120.504426552616
32130.184296564432
32255.045811045897
32610.3636505791
33373.76083189177
33207.90439862949
31621.16417536058
30463.50260270032
29577.48444301247
28822.539835383785
28143.042596595493
27511.594000947793
26907.67924454157
26319.310696616867
25726.73766222675
25112.608834464158
24450.734755017642
23711.452783424567
22850.34810517312
21800.34164860831
20479.28698603483
18935.886793065813
18968.182772968903
20399.61540000878
21577.44901660749
22472.457625214418
23162.730361580645
23700.028491216806
24125.443260166052
24455.329835994416
24704.81648221322
24877.844411890226
24973.830348305095
24988.50752386716
24914.577443840368
24742.458525414186
24461.415529206584
24061.061874533876
23522.772293180682
22824.51952461665
21839.989030663324
19996.58095879708
20323.42048801764
22013.535129178035
22958.851410647334
23647.037862152665
24183.96610778089
24589.57570121649
24881.08592950749
25069.874031282445
25168.94808646515
25191.371042000686
25148.17704936421
25049.230708366926
24902.812640062763
24717.87601862535
24504.673316586646
24275.81124267329
24050.07575397517
23857.53234402558
23767.302775224027
23932.75754873778
24696.20295859198
26260.521614289806
24699.99117247564
23940.751810030386
23780.560587148502
23877.98611668314
24080.04304039167
24319.644695724175
24567.91510608606
24808.13684827734
25030.232261293713
25226.951313142483
25395.766638042725
25534.056085062308
25640.303813678416
25714.117343925172
25756.37084486689
25769.202179399937
25754.947814175364
25711.61259420078
25619.511143403666
25416.517906375033
25062.68337239234
25284.00400705382
26246.665820447237
27097.28378558322
27840.509171580205
28546.475664102058
29236.89313468396
29916.358166598915
30588.74113934118
31242.699683664076
31879.022597581283
32502.177872725904
33097.1764150389
33675.78064806932
34219.84715326476
34726.08132723718
35172.8027755666
35538.740985154785
35764.89607279536
35783.488958265276
35523.47053452558
35322.4221824953
35223.29822667304
34856.98383209092
34307.760793979636
33655.62758004798
32957.28184651332
32266.677959123812
31600.767096697782
30981.067461170704
30443.683979647445
29993.259742140865
29669.983071201015
29488.80102290849
29474.41006137333
29629.082422351283
29886.93362000252
30027.463329332862
29599.311650111224
28689.265010766645
27739.72974935343
26930.349206044022
26300.818272791985
25833.035999842694
25499.99112207211
25275.027340946035
25142.452701892096
25111.771495998706
25251.558008277152
25727.960334360938
26285.66576617968
24664.695106390936
23262.287171471304
22167.563129734568
21206.63081967894
20331.396176984315
19587.885247974453
19115.641679624583
19146.89846492232
19171.501179228988
19112.517389432716
19527.604437700993
20529.84467625616
22112.613234847224
24041.907119861386
26023.304725553604
27691.369505951883
28786.08660884028
29587.136219667977
30371.701289636894
30734.886055188126
30051.917087378682
28489.395923806493
26637.33714920273
23946.35399889719
22635.412468008915
21422.383235375477
19840.422902586273
18001.632697906323
16016.678828092361
13954.392781836423
11863.94355750625
10166.704644530393
10645.858563052421
11454.257514912562
12149.26483290251
12700.87037474971
13193.228609116466
13629.002522220184
14073.817702424858
14497.014015304996
15007.262077036718
15576.797485497702
16352.128745042748
17402.298755176947
18141.726328688303
18292.793694455304
18711.55491723928
19353.957654999893
20151.58071653678
21050.986086723547
22020.895890457723
23039.928095866075
24091.439758970955
25161.477115579626
26238.328947218135
27313.435775072037
28384.299467819397
29461.20022953027
30580.921242503864
31826.013198752295
33287.15406333364
33966.297107525235
33941.1989744023
34107.32443245928
34386.907700257274
34692.390587838265
34986.740850322894
35276.03602518737
35544.28154672408
35796.94078418623
36044.64891314747
36306.054901397016
36573.506057027844
36851.28152348766
37150.77492034518
37468.81413866894
37780.42367709549
38059.998199111
38254.105966949166
38244.95180870233
38127.59296476209
37905.450503288586
37671.758986521556
37281.75147658892
36722.56139455983
36094.1861343743
35472.4255152159
34869.75304229208
34319.13142086218
33815.31683414153
33371.39054843353
32976.82210280278
32651.293590583624
32379.77080903718
32165.284154117922
32009.71871617513
31916.750969188393
31876.17810542386
31876.704210167227
31896.425634420877
31898.507733450777
31839.494188780736
31767.630084345474
31974.441585898032
32175.584357989388
32313.91474832977
32433.728122821154
32572.842239958467
32752.881152329966
32983.37857613437
33280.34655179175
33630.1820035578
34027.265014072196
34485.64400336635
34972.4391821963
35505.27899767731
36042.64492937359
36593.565710620416
37105.08229012969
37561.189651833294
37881.531162805775
37987.084627709824
37741.26937361766
36988.20332304598
36975.54118634478
38014.06778083276
38580.50913999001
38750.57120076857
38688.7685030442
38488.43603957935
38205.43302966989
37885.747967150186
37562.944676156134
37239.45458751342
36933.112947656795
36663.334561983094
36419.6229154973
36206.624102088965
36028.45328457856
35896.68739324541
35806.863772112534
35752.69664830007
35695.57319313579
35513.395060241564
35193.97785171448
34758.03404940374
34190.02556798623
33620.55741901752
33080.38345501995
32589.655216571125
32130.94939792749
31716.556956951754
31343.452480540764
31015.004682461702
30754.092508114772
30564.720606843257
30464.01194203177
30467.66297102
30580.489306924217
30783.282645396484
31026.853987719693
31204.457268058977
31330.455774741
31502.777900925426
31761.589500265516
32118.319621743165
32564.11609971492
33059.90307234219
33593.8255633557
34122.244171882514
34661.100311130715
35284.64995982545
36285.91300869238
37833.08723703724
38180.29689512584
39118.2756267774
40407.950896079434
41742.58910660187
43028.83697565085
44275.216026128335
45351.82970043614
45261.30877329479
44851.34156036104
44736.747485864886
44629.81442724795
44914.59704752288
45598.58500833364
45921.22240622225
45346.79339253622
43985.21142846325
42109.77625648871
39900.113893803806
37495.42319644342
35018.431203189815
32673.96245485574
30703.244089258318
29350.15588110631
34945.62293788362
43395.00627018051
44502.452129861274
34558.056013314505
38126.32655743268
42140.38735205123
32882.833478899665
34691.789107929675
35974.90455993233
31161.714509267862
30193.580682258704
30966.1325557787
29919.118997020083
25142.527124206856
27399.826739015025
28458.776003083174
24980.29518934547
26769.71451088023
27652.39853280485
27515.4409530098
28666.51070280913
27771.200162426736
29598.194469184178
30794.287935180175
29467.82036353851
32096.72063379018
32479.94449418185
30727.14882062547
33550.468765067606
33568.84861086693
29118.17314193529
33306.84876721935
35232.98967073371
29675.11050047997
34316.686733581926
36738.762753029994
30847.347628902324
37184.63675889828
39596.71394261999
31700.31807358103
42701.4137603097
44334.28478901491
31087.514098945463
43733.65569052385
44990.480329122984
30410.406906495387
36739.32384019495
38900.172702029995
28412.364735160358
32166.619145573703
34573.5098798661
26146.00521018673
29001.857333146552
31876.45832689292
23158.914867181735
26482.38768693252
30832.622175048025
21199.316050807443
24321.347402102998
32571.67324825753
22794.11387525845
25829.2580024948
30104.172721578852
25251.870821796518
27430.139631589856
30269.519859824853
26683.56131176483
29031.031241546425
31701.09253740427
27325.68640632402
30617.14571991805
34215.60544540675
27077.781939071334
32640.213787357556
38372.04207557878
28791.097832936663
33558.241340339846
38668.23217584469
31726.29883893041
34472.36584837327
36879.65801981149
34206.776649884654
35615.42717334443
36263.21777930651
36661.70480087571
36871.691840662395
35738.94535901891
39413.83291610074
37939.449626437265
33486.47097200916
36611.4462547147
34628.79007238092
30847.72145597924
30982.35205286351
28636.326002483307
26692.272725459676
26277.50229561631
22699.50202467427
21357.44200644304
22441.735590682576
17152.695512463997
15997.378905284466
20569.50119734466
15118.242041852573
13502.313547329333
20997.99375300976
16753.2277994217
14449.256251657374
21701.26188078141
19261.169233268167
15759.513755441449
21929.8439793174
22405.524160445242
19568.981853926438
20514.649907880783
25651.07115072951
26077.45227903714
31286.065984059827
35085.1475421784
29629.95687485245
39343.80674196753
45567.200071818086
40725.95636158454
45474.951929005154
44378.385722557214
48419.26573651518
43510.8674277969
44833.48570322187
32750.397832809816
34709.6920109029
32483.742641489407
34901.17215041725
40988.5717961547
37473.67094284355
44667.4197423079
43034.62710751138
43885.57048041871
35563.54066677104
40754.5375794196
32784.10544354717
33959.77381016386
32765.449355773213
33210.692082351714
36030.54514539213
33484.76791063379
36580.94298489435
39787.59107273739
42290.71758566334
34354.8448334776
33332.793394862085
31730.161477321653
32071.437064271307
32277.833962144803
30587.871626383254
32503.714567613304
32065.621793057777
30322.849522516575
33282.83379967768
33110.9652138451
31791.686783619138
33244.237992324925
30008.833594810596
30326.77464878145
31160.339237567634
28511.92874836468
27762.787729495754
29181.28006059808
24073.855143713085
28889.47541414423
27498.98810758072
30088.193121909462
30592.107168204355
28988.780542428434
30092.385299551577
27649.332634508624
27229.668352145243
23467.837684955146
28653.088069587047
24441.047540243308
27339.73200526509
21345.86029258784
29181.105114366248
29935.867022296978
27627.995735696597
27886.321765606626
28380.762161971288
27566.994838141938
26373.838250521447
27169.124536676856
27835.780652870013
27613.334539125848
26409.411959114448
29749.592189528783
29192.077195988953
26388.106705381746
27612.40323843992
26966.54091485594
28867.355862513457
28544.971082747375
28125.89330236894
30165.239314658844
29737.280942335972
29039.97294765909
31501.77589685106
30562.065735796037
25420.220008548567
28272.524449260167
25860.486299440887
31626.249019434883
30777.792941121297
29954.13638915652
32035.17174999722
31778.766063309282
31216.54070740044
33711.66443408943
32527.035637728717
25403.17415648883
31569.206599203877
25812.94096742053
33252.84429951283
33250.340018972354
33813.76419262634
33265.429130006276
32100.203268791654
32542.486351714462
35517.45778795145
35776.246110413915
26234.70629316681
29466.460941235873
25726.57013702485
31587.652970744166
33351.99804265969
32073.251781386225
34428.35387911895
34618.84495081189
33948.958016817094
35807.82049984993
35466.37802585552
27119.70681794117
29269.857379734538
26714.345174959897
32186.496593504668
33610.21647664637
31674.830595662424
35847.34813544853
35870.857131129276
34983.12418911163
37049.85270538821
36335.055381432205
27508.80654247395
30222.343570345158
27406.473611271467
34296.171787790365
35480.0699067985
33056.111459449145
38991.60001810036
37944.00328529722
37142.1867111856
39174.77941591457
37995.61690300595
27087.464874130867
31466.278601550035
27358.95566198852
38171.486522416126
39576.01688420493
35943.19761954335
44604.97165564977
41738.11827149844
41523.07881764455
41960.65319864881
40525.844183183646
27155.637085173177
29312.18815816909
28285.88994528874
39205.946646700526
45472.32579077389
42134.01301330749
45482.75467585558
46395.28232955531
47332.53342052783
42261.0693899818
44149.18404183239
27175.549783632458
31228.027359149386
27041.362633032448
33852.006188861575
39953.5976149494
36128.457872857696
38469.51913525462
41804.85046796446
41814.41985142264
38268.57883646249
40174.71156430391
26634.806743896697
29436.34994663148
27031.82471709511
30343.250049896647
34201.353447350666
31964.373648474535
33631.74489552359
36509.09876216012
35766.851319340465
34975.490695703054
36510.73731035706
25240.660527683107
27330.646207602716
26031.24527121091
27449.788429176682
30475.05933976616
28867.872369215453
30566.986429285847
33035.28634791201
31923.409966508236
32782.66527063658
33729.498461888754
22944.936423643565
24784.372676413586
24241.452450820125
24473.386786582872
27685.684492834796
25998.45204590738
28829.41114007995
31107.75312378223
29522.607851068464
31960.434597903637
32177.581244030313
16858.316511713216
21367.142518560482
20970.23809891417
21826.45629304014
25367.698567272448
22987.153861293868
28637.581229029533
31274.812982526506
28567.366542016392
32400.806172628807
32141.752794135027
22762.520635574332
21201.807395685893
20885.02697284539
23948.40784410908
25060.466740043754
22739.935548260575
28104.01808933066
30911.650209955296
28215.237141993624
31302.09647622671
31813.155176665467
24828.184136008793
24182.783867462014
23952.708440560313
26149.38774262722
26622.862801861436
25129.629810128663
28885.521948587666
29972.16721027199
28366.8537683264
31384.614114356566
31162.706389328025
25955.95724348397
26069.617166075244
25485.573009730564
27732.15129411645
28234.17176141872
27008.53889138959
30424.514827092928
30859.294362948305
29584.200292440557
32704.62618989467
31904.30609611685
26398.45149597917
27106.700326249644
26252.565690629905
28721.322109849138
29827.287223542473
28318.893264244354
32600.529468575583
32797.871463290925
31415.652280347887
35167.597337662904
33779.700644939156
27191.114621864133
27309.15282527931
26516.186893854698
27911.788082732433
31419.61849770903
28774.12825288768
35560.4253306368
36055.030505903305
34034.899705038726
39194.41682761676
36925.976308694735
28325.06351186086
27203.327271616534
29004.73194076331
30052.10214847333
34630.43346740281
26725.05473222844
36436.01236956482
39883.339899031234
36137.23450289946
39267.49558199401
41318.50659326177
30726.58672747978
30335.952512405598
29384.130235833574
32981.624860503536
33934.01877723903
31783.346103172276
35877.44232092938
37571.3901306866
36050.871867882364
37291.94684088227
38105.830102618245
33357.130904747035
32992.329109956525
32062.475915467556
34976.378967743534
35021.26479863129
34003.1917123744
36045.30673234181
36493.97919107134
35901.65686375233
36256.61554174938
36707.57652941756
35833.98421510662
35414.63408582236
34610.06443251121
36993.94189123746
36234.352723557124
35963.66199698958
36378.00285062785
36061.11509879569
36236.24498758686
35277.99095945579
35826.32022126088
38111.58234505686
37980.217161905064
37022.06261605007
38677.34814523374
37494.959556344256
38025.411638092985
36377.78881852071
35023.38281689327
36392.807051265074
32777.84836515042
34390.986580183526
36132.02593242414
39753.227319376645
38278.54901575565
35791.6411694195
37331.97994961418
37893.93566845337
32932.4160265861
31498.348806974733
35881.1523838588
30134.262074795355
30704.020737162795
31809.70308552344
33678.8079387629
33909.866938168285
29860.115461764577
31636.40380031734
32831.8793120488
27516.182737787654
29055.2478361011
30275.262128695864
26292.373883065302
28455.307198754504
28354.24999956516
28521.853760763828
29922.759333744903
24260.377109450204
25659.20031877582
27010.12461197975
21725.01555275793
24075.6583446214
24648.746201117843
21527.09037719103
23931.54465268073
27003.10542005077
24253.697594275982
27261.383496624094
18721.42623538001
19786.359632699725
21545.236656301262
16068.499582128945
18629.71459035523
18816.733758978306
17040.31890334616
19201.809053322828
26060.880332314777
20994.61773448944
28276.198053919863
16280.517762896925
15989.1692303578
15299.07717595031
13685.774496397378
13945.174433036169
13517.622983258374
14444.028274838234
14778.234450944117
23579.347300577436
20711.046837909347
24297.079020050805
18620.803102952155
15715.250592495335
17620.876338801456
15361.992962391563
13997.068286354608
14479.918543492167
14044.88182894361
14248.082432651927
22931.998052420797
21363.28562943834
23291.3749878344
20795.770126447376
17910.26348481387
19604.094778750645
17474.95243558719
14969.442722351672
16328.610218738428
13636.712738614428
13810.525994848807
20829.63699576141
21982.99258814363
21328.092316711474
23233.411653222036
20947.49489962816
22519.33686922086
20542.77355471898
17593.49857650527
18630.302851549382
15666.265957904929
14057.685168368129
19542.776904999777
21455.453684282656
20956.630415081843
23181.0587267547
23730.999460215222
22965.636120180247
26489.115288180747
21925.823219169048
23361.469305332066
23173.604858416125
18849.95151538831
19116.98324024697
17913.605036423545
28483.75857176986
23650.83924593499
31768.158710219002
28690.9008751
27611.571173134602
28144.9505363102
29932.335590489343
28478.215918615486
30131.923470485457
30457.52079774071
29124.772481883938
32938.6228242258
34989.35028851492
32179.91488941579
32521.29703572183
35041.44587489849
32286.790468186184
37891.91824366211
40519.95537486517
37814.20335015432
37124.52513103865
40119.69356084053
37577.98282232581
41484.82310434304
44604.42395941175
43152.26002500565
42502.28410535431
45131.530413309316
42937.18500581768
47137.70727043274
47539.26575629376
46711.96169091356
44819.59875469425
46786.937155404914
46140.77842610131
45231.37229428244
44821.318666682266
46694.32876702839
46049.96431089126
44794.95746778193
46432.13783282049
44250.74366814117
44962.07584442734
44496.58267315329
43850.82059860478
44364.918367602455
44280.20944350563
43318.430966575084
45707.86375848095
44549.72117713076
45532.65376726222
31752.1791508247
31965.214885219666
31009.16171989626
32902.988515084355
32794.38832492071
32367.997150291452
33577.42524028418
34537.91938485219
33495.96394113233
33591.11936058395
34862.45613961454
33280.218358499544
36017.54310563088
38464.695426591934
36616.02973452205
34674.86283671239
36307.595109421105
35361.186250897845
36027.69761469298
39738.15329868416
39137.935755165505
37728.18320876091
42174.53164189439
40359.44130737027
42756.263219210545
44485.62121827777
43663.47634193569
41589.94539638616
43860.95562084269
42099.48546701757
44673.34048818311
42402.16584546509
43951.4312310704
43953.71340621377
43809.97894473579
44470.14406547608
41734.127220364215
42321.121543430614
42961.17976515342
38032.958749233185
38642.14437923301
40123.37594755596
36730.59326900986
40405.40150694402
38606.8546061878
41955.12897811712
33227.517640455226
32012.64446062158
33556.074656145734
32810.30650039587
32924.5808349176
33012.41961903251
32815.15085269004
33303.67727957807
33311.381392408715
33087.01046495741
35101.967149966986
33465.20604281086
33658.08194536351
33371.645742022105
34045.903117356036
32969.03859228473
33492.06145476988
33329.59868263894
33769.46115377101
35583.97784250422
34263.848988189864
34190.31459944423
35772.409454506866
34555.85614844193
39291.563413946446
46197.98841452107
40782.10270165751
35779.12021072204
38990.69984454036
37490.25900730132
36654.6034024105
37647.640798118344
42247.48291356171
39057.409968660395
42487.25767316218
44971.28712532068
35740.51209897336
31257.414210547788
36035.24924169026
34999.42586774346
34339.384770296594
35595.88951374658
34317.41533452156
34699.54641127547
34536.19315898582
35700.23592727176
32376.060886244675
32547.474306013686
32593.667143677285
31981.61712994387
31998.00176922393
32169.18039266952
31451.33924718133
31624.505130413505
32166.536913577074
31810.87853892433
32496.322892042765
32507.47921247129
32024.3073682878
32712.1315804062
32542.559907284944
30869.621601341085
31344.675968086056
31460.52412186021
30345.11882332227
31358.27761693255
32227.831784793292
31304.95443047022
33627.12390208506
33071.62384577819
32829.30841533118
34695.71058771579
34239.68785801157
30180.132127197987
31687.876268061325
31496.76603448669
30601.15011901583
32092.31971778656
33266.94580839837
31892.36539616785
34561.88809123587
34802.39793108349
33237.99118345055
33899.07964750997
34166.91579648157
31379.7983234754
32516.720130649745
32294.420198652853
32189.740386159872
33367.85660457674
32773.88748736288
33903.1655662602
31679.099201207246
31459.80997921963
31822.197793493637
31430.499086917218
30754.42979210501
31542.137892494306
29683.88678560807
30026.65391256598
30720.163126987864
30291.964206438082
30719.434067174385
31087.339591463846
29837.970720018435
29844.460502523365
30310.227999622744
29612.436334036745
28690.97985932893
29559.68775329418
26804.31170158915
26470.3340006289
28427.216767136284
27546.513387779
28998.58740972754
29375.787414819853
27405.389720713203
28945.700673421165
28834.497654699655
24105.18058068447
25902.730360961872
25833.62864938812
25391.46215983211
28006.0521619933
28047.018262808957
26733.96021903346
29895.044138256366
29330.62029959321
29790.962341561833
31130.942374623828
30529.465783207124
29028.19248559738
30229.05426554424
29249.81703532937
30805.728943762086
31243.109717228584
30953.270109011144
31666.290593322086
31404.93129040645
28368.331210496868
31597.82127042312
29762.810166500232
28843.998656693344
30390.316127653932
28608.055828287048
29025.859614924393
28378.529380124957
28616.47215672656
30237.7244941364
28797.92069769624
29798.943386270486
28795.80523270708
30001.926500003246
28066.28949174637
27695.995831272085
28788.97486516121
26075.120255196944
24194.788172098517
25977.122777259
25923.125932459716
23876.200811555747
26271.471844646723
22093.75597430162
21929.95149206906
22480.78540128461
24339.273101216677
23074.5731482903
23121.456437877147
25367.15267392242
26702.39885068859
23783.50886163703
24514.219191073502
27421.894389796587
24136.497269732718
29044.00313571579
30108.223713580723
29193.40813280383
28120.575220611674
29495.212341405015
28411.95442876776
29972.60743752214
30541.5660612949
30233.426659992278
30723.47005665204
28626.533745418797
28745.834536011185
29186.656227406223
27581.48552998034
27993.958017407003
28088.2452436646
27653.03684360643
27740.763085761173
28137.320804363135
27879.905052847338
28111.635551130286
28402.58970912348
27572.99629933588
27101.32973249946
27709.11408745748
27621.364514656132
27340.50409408928
27560.724375173355
27516.73962882379
26966.803301166405
26729.747152854463
27118.41552413722
25714.262590278515
26367.79123322142
26236.107506795266
25523.433065248617
25377.896766599242
27611.00733934488
27164.670678576207
26964.47804178649
28196.43938340172
28132.48724644383
26897.64114901608
27570.44417428602
27133.994970114207
26166.898636178117
28416.97151200378
29091.030788786516
28167.749491425962
29199.747589745584
29426.9657266927
28776.38806341829
30276.31383111541
29878.777511183976
30027.477789441524
29853.199761519194
26633.63036991983
27285.528399538915
27098.161240698144
25708.196246068765
26669.748936019263
26174.766834516384
27094.868068342854
27661.941276524507
27300.60844705351
27177.238430630547
27610.613107066732
27459.70359839849
27887.4650754085
27828.867576476267
27732.186272652943
28370.478278567076
28467.839238989684
28094.67289947736
29270.066728257752
29058.643504584223
28338.34170871509
28781.846162557904
28033.199346752182
27919.127926996953
28771.573225562017
28455.684770749893
28204.83454336645
29883.408874444296
29611.05008855321
29328.695882907174
30467.09986948582
30269.875991605673
29365.62134255949
29921.089302134398
29201.7952647493
28791.05735225692
30142.39074106891
30132.95702835985
29660.809694540498
31144.789319658477
31015.382075040496
30641.61165688467
31834.089019146162
30963.926400283704
31384.118735415766
30595.032690359156
24678.335518372915
26118.51320535997
25217.535648901012
23303.61475279003
25619.413841631947
24059.790218658716
27620.53878900873
28751.250903760403
27110.552357593653
27271.343004954666
27961.725004193126
27065.22421245417
29235.125697932293
29355.346045280243
28737.375003137233
30803.76600252306
30706.603164913402
29907.983455929723
32000.282489589998
31429.102169685844
30453.36486711587
31180.439216677467
30166.833151004943
29819.30633382631
31004.79174710662
30706.382018808552
30447.414447790503
32066.122305258137
31672.83759878319
31558.38742463015
32128.61690460106
32189.146821618782
31464.648529808503
31861.435844531443
31304.355869435734
30982.432462552057
32149.72836189931
31997.936263147294
31652.90529759108
33090.62551917353
33079.32006717021
32635.191159290873
34066.16011172059
32843.54921486641
33420.77511445797
32322.13976096012
20977.60647231616
25360.288447037834
22322.42093375253
22318.38626131346
25777.95286691018
21041.021704729716
28415.42603872848
31628.55647191225
29227.562099592276
29244.94238985236
30457.89203991426
28278.418769950138
32955.85695188657
32695.743426170964
31904.3258043975
32323.329059704338
33967.478794510454
33080.45669041274
33569.44526818943
33520.01610406688
33618.378937745874
33841.153751359605
32741.852258723175
32872.57464365201
32891.43428813228
32304.669381499094
32520.763613803945
33415.82744037155
32858.41181990998
33190.26888866726
33218.33494570783
32494.450298686435
32173.38936735092
32518.43600963906
32528.90171748575
32207.595925340065
33928.45362010013
34523.136054020564
33527.56843509121
34553.83082086528
36051.9411079885
34272.581336081035
35792.966070789
35563.7796743277
35879.03039125164
34820.05074009534
23911.85551849248
25503.143155923397
23230.858398373966
24874.91704642233
25979.507649416813
24443.346480828768
27686.128100189897
29206.63939915921
27667.17359415561
27623.168469293094
29956.975134172117
27890.566027364777
30952.586073471055
32587.39899682364
31534.369505617746
30440.62052847561
31747.257645641927
30604.598828517992
32539.853018702866
33291.89155502725
32846.7386107482
32631.804170703035
33457.76760310863
33177.91770018005
33686.533934974344
33650.89236118721
33573.35327116143
33918.800918188615
34196.317098375
33790.28141010443
34854.531672251695
34936.763636160475
34242.74125455096
34570.85701963231
34198.31732240937
33813.18695122011
35056.522010120156
35401.4461056521
34812.118561270916
35558.5834381614
35613.1339793766
35304.54908132739
35965.055598798855
35720.19278475701
35814.281560771204
35706.0037771386
25522.160607309925
26481.551091947775
25229.796296559685
25941.129100729646
26928.336481682527
25758.89597458149
28379.596811166288
29450.093005390936
27981.470988838668
28174.846590010264
29151.104381476198
27814.070328231843
30517.24368544908
31570.778979838335
30422.364516536407
30956.706728718946
31881.7159381497
30701.024326905
33317.48222109013
33906.275887835065
32711.092112258426
32957.64369274001
33410.9841509067
32568.94509987499
34367.22655783963
34681.44830052761
34104.234154758175
35161.877933946045
35373.77320567025
34714.36757705941
36373.756326296
36269.57441034214
35489.521270148325
35885.24521022511
35536.87327273942
35149.722812637316
36151.741191869005
36044.20272613047
35833.46343636725
36955.509780053915
36668.76190725761
36527.54852720369
37034.7629301874
36421.01021489007
36708.98410019572
36171.20313338618
26129.233131252367
27281.732428856878
26066.45445229776
26033.063746066673
27485.374174016244
26121.32972076679
29129.09828957152
30530.687213843747
28784.712452371597
28967.89019003456
29933.0881745398
28585.74657908477
31667.011810892946
32580.981816587067
31283.770834681007
32599.381541172057
33631.02395864851
32103.122845892907
35849.12230544027
36256.29379650921
34347.648701825456
35028.83491318747
34833.99830702906
33776.41447847046
36419.832747014894
36437.03895279117
35727.376408139564
38244.69090145129
37987.17542474433
37251.486956298795
39445.74067458928
38713.34197229349
37653.69343334592
38479.49224005182
37295.37073983739
36950.26783979232
38050.53645596824
37501.784422054334
37470.84841107591
39490.43124297727
38565.52873093523
38728.38303190025
38727.15616559094
37823.60095748256
38267.27177044979
37415.89413065164
25585.91219791393
27467.692036632805
25855.555826211214
24895.476587517554
27202.104825411203
25241.746120269385
29196.976012359966
31687.871514778162
29324.95897016819
29320.60096990352
31166.944319512873
29253.484448198436
33723.59642527697
35060.450114703446
33139.03709066672
34880.745576930225
36959.786588499745
34321.86560766038
40827.51025901989
41050.48280829295
37940.09348016695
39271.9908088729
38286.523138083736
36813.2027634462
40769.56843426978
40170.96086645257
39416.70691186785
43925.94351509692
43011.892934030075
42299.70309415589
44722.947549490105
42985.99314476064
41832.25999106108
43242.84024504322
40604.1991945198
40564.17298573461
41275.05214744764
39832.041148475444
40338.314216721614
43435.802874299305
41231.8312656019
42303.96939263096
40164.425041457755
39613.033871345644
39955.37100290576
39182.98890264099
25696.0001155038
27293.903793300553
24771.17638900785
24732.278762645175
28087.474166393014
25433.358072585164
28793.10900277878
29580.003738581167
28281.107076957225
28307.138384164362
31150.952241812465
28863.35131735457
35698.154771556154
39751.3216123648
35344.970513451946
35039.82273321463
41660.082812377965
35573.13373321695
42003.3288191191
45228.58280536504
44154.46121574565
43883.62132813053
44334.068287739545
42610.49105196862
46496.46345238459
46111.55911847084
45479.70143132102
44857.84375316854
47027.9680903605
46259.41837740688
45486.20708255909
46174.733105909036
47032.58364869117
46799.15176134724
45612.90909474027
46103.262705168694
45867.52697021212
42814.07875815615
44686.222441400634
44060.345125008236
43771.53751740011
45593.80343949058
39723.09053839475
39421.92932331159
39414.69552352509
40089.850968411796
25226.81113276867
26965.436662605523
24891.18436951543
25782.832032595856
27137.411879438532
25544.704862335297
28731.27011205621
30854.918609919077
29016.422216073188
28913.31633117034
31410.311913401503
29003.30300838039
33676.27989765801
37504.833452373656
34410.82690425925
32147.012677510946
34928.82498817522
32904.9924920147
35417.114799310846
38255.2556674162
38283.927758051206
36758.17736887252
41830.202067243394
40024.12517774147
41128.087191795494
43667.9714754992
43011.52154451468
37765.22280983427
40057.99892635028
39363.95856105703
38838.965736956125
40293.53977108935
42025.12783824463
40368.37983762306
43417.23170800826
43785.12308480787
41163.61824197459
41168.122167400456
42555.71476031011
38694.13354086623
39209.01370842167
39879.59374680981
37711.57709061657
38997.22119912845
38392.0734895779
39491.52721391343
25982.74004992028
27139.44856411463
25927.440620923342
25864.075514998844
26861.427192471238
25958.287238302106
27490.77602917464
28927.55092019983
28194.493817729526
27860.18145944989
29928.491287686385
28488.030166886085
30711.187864773863
32869.08824213773
31416.32255453473
29373.692919072244
31128.242005801712
30029.742186317468
31286.06505727982
33131.36211858902
33147.77200076694
32176.431595575537
35397.73735658646
34220.74825495672
35080.31135553273
37032.46258222558
36346.053979271004
32953.81236810411
34638.5346901897
33957.56438242538
34169.31392762582
35487.685647574006
36240.01661160642
35143.661319371815
37645.34217706479
37470.02965336075
36587.84630839019
37365.32444512054
37596.181267373584
34836.04189386959
35712.643010633474
35668.67175061544
35014.311397552156
36315.907719573755
35648.393858384676
37002.843386906745
25499.588791736634
26356.970193045097
25708.829218493123
24939.272515756955
25659.514162047963
25241.824294235677
25640.139460322476
26754.8447182101
26643.667658952792
26163.96443738628
27879.53903964675
27084.23048030539
28077.529457843222
29593.84387584596
28724.698871860113
26753.700918882136
28157.63480744497
27425.5144257337
28209.151766161445
29716.788937865454
29677.004362352407
28929.488050269683
31286.996108099775
30458.1891171556
31232.380055930356
32731.271180869277
32049.591359492333
29800.709793823517
31205.838475425655
30485.925190768205
31266.926270770207
32413.901674853492
32534.78070556192
31853.839878185765
33757.95590007055
33303.67737808137
33439.07436149147
34319.43808370725
34091.549912860704
32386.54076137781
33215.704877888995
32864.99107057338
33074.18128084521
33919.74870876307
33468.00109557713
34444.4738355567
24209.295411186635
24770.02030411443
24593.514775617943
23324.50029167859
23640.086112775174
23785.465170017622
22878.976297241737
24009.968302582565
24424.43018916811
23703.759437766857
25492.948459537503
25065.033688224994
25316.46437663174
26732.218506031306
26054.17920293744
23712.385531338135
25244.30542903469
24533.74692595516
25406.52862358158
27070.052258059965
26800.289754538808
26102.252015576618
28329.493291990577
27501.94528093109
28610.08543767928
30000.433998417742
29176.340644103737
27650.402010923368
29126.161744405174
28099.250773507338
29920.297503749982
30897.49649566595
30370.6456311473
30079.108183223172
31442.21708534482
30768.95757802314
31714.416469771757
32436.695931308153
31993.96080127806
31512.717765084504
32015.59501695259
31547.30327071355
32248.26439052702
32518.264801135316
32349.15009103384
32759.644230550748
22324.10002039236
22096.25098243019
22831.21577511659
21994.52682303542
19250.36843214401
21932.841199322473
18520.50818616151
20829.803079556554
20750.734223390056
19409.37788640068
22248.48269898798
21911.484297249892
22142.490397165315
23707.464593562523
22886.383560271897
21445.55828497246
22339.418445804415
21633.985787281257
23072.260180767906
24831.159668915887
24046.545483723574
23424.255731828835
25916.59181486696
24717.56702150352
26920.80167483539
28642.123773597472
27259.4819277643
26441.17269671527
28589.04821221513
26630.335420560077
30610.20367444412
31858.86433345331
30092.737022209174
30422.246640412995
30942.11767842523
29917.05231918711
31927.805098597106
32006.83267320354
31633.172726881196
32699.492618839722
32305.69854447466
32394.542223058095
31755.8802476731
32154.56665807087
32033.034009995
32197.893292451306
22284.29704830298
19212.188169492547
21912.642947896176
23242.77942541988
21966.937439442714
22769.656072361824
22602.625014013316
21990.954422612962
20624.505567121436
21712.198227725934
20746.853147196998
19350.691949966167
21936.096422747516
22221.409349956084
21532.21701817609
23263.948393470193
23328.22496299294
22561.595968758986
24811.325155939056
25442.617694683584
23767.182270938203
24287.604315400535
24680.08437727672
23289.18954045084
26588.69244146601
28414.24873826081
26466.208209786233
26952.491478290587
28107.42203354855
26749.968255416956
29185.984401247886
30404.551922397204
29733.211731093244
29375.071706072325
31679.146756109592
30240.093435382027
31582.48219496027
32138.623051640086
32217.07111619244
30808.179353131884
31517.973815001154
31106.725341606074
31637.710012681222
31850.623243189446
31741.681851595386
31883.193602310705
24085.859749214607
23406.60686340183
23681.550348725043
24778.299219255292
24420.346830450588
24450.01341728346
24981.661356177065
24752.56432210796
23976.191892189017
24514.174554181278
23530.273482967572
23345.28173517046
24572.920677148548
24554.813161519014
23947.03870153876
25643.493016505687
25660.63935130345
25138.73023104833
26752.397290948225
27025.013719244886
25823.235631420725
26299.475818145533
26223.156511369132
25325.99688166532
27487.037145093418
28195.872508605324
27200.078504478617
28151.344682493775
28601.093799242633
27805.563011628336
29602.779064211085
30077.304381115897
29210.551265419268
29370.631178599797
29972.175535470324
29140.90543634367
30629.754828648744
31183.644121406614
30657.923225779286
30865.667933214063
31232.53604621397
30704.24548229208
31814.478474899013
31588.81302716487
31666.974196690688
31580.797448443944
25320.860133394253
25181.825465001115
25069.13896576592
25709.93603454822
25743.13014224024
25534.59045563099
26279.320526646137
26400.73009477555
25732.763690369517
26030.041917654795
25688.21521927823
25384.719303935264
26497.269360009013
26597.887522016317
26094.689462373728
27169.495696923634
27387.601192347574
26854.282925960906
28359.969637911796
28634.622432720782
27594.9213558805
27984.59706170958
27832.125521573893
27183.70727316999
28904.110782199725
29215.984867625746
28520.02463434499
29729.847385993104
29983.032785542313
29309.395998275562
31085.957736895114
31250.313021731305
30242.714039155704
30641.120006432724
30533.496756847126
29893.80868266275
31420.539956305787
31610.82577516888
31106.063123790864
32243.1085158814
32271.917341011147
31797.2357716118
33076.220546993805
32317.77784244113
32666.799342823557
32029.32586349801
25946.473997750767
26125.34050583239
25846.919408739464
26047.697260924528
26340.918644137986
26011.37603768789
26818.099477469448
27243.839349869784
26637.131352138276
26747.830197261195
26918.840324983885
26481.433496198057
27668.116308552097
28042.43672481667
27442.160072224386
27950.28839992426
28549.528711996285
27841.282130115735
29625.78734383724
30223.191282168034
29044.7617741176
29353.944385525763
29431.99902705835
28713.800365550793
30630.405837946095
30896.291705154184
30168.521803099935
31629.560511601256
31974.865721595354
31112.55850103574
33478.09766447581
33463.19131221105
32145.992879775527
32772.74498865177
32214.36663940228
31589.746639309706
33347.490522371554
33205.243316923006
32757.376841905214
34783.98277422253
34434.11677350172
34013.136091054585
35387.27813133597
34097.90779154544
34711.09043380251
33558.8467442058
26085.81430286081
26443.522164809707
26066.641672778227
26151.09189911085
26702.09125997018
26122.761403738157
27446.51772662413
27212.81305970368
26911.062494839396
27049.436766215596
27348.206519364925
26861.14369079719
27875.282659250694
28810.699413184157
27974.480931507685
26980.472496091086
28528.1694997749
27580.4742824173
30148.519090406815
31899.75827721922
30009.008804231227
30101.874031690462
31005.757266247387
29848.632599768545
32790.54327942836
33285.69961086387
32180.83103722916
34334.88653003369
34834.5583746823
33492.92351857315
36934.45381236401
37166.14460205651
35144.6832340153
36074.29674941392
35073.60743576
34267.79898357854
36675.53574666861
35992.34315630774
35663.06032372953
39312.40226803482
37974.34362130846
37862.45569954596
38258.45604624366
36893.20353108361
37664.00402034097
36117.45854058389
26062.241201231864
28455.820557626408
25888.286241893245
27671.938368179435
28229.568911098533
27046.23199436623
28681.483847571144
27985.472196355022
28662.91331413121
28470.688117600774
26939.572923901233
28261.08261296364
26335.84206516355
26671.606225586445
26146.21442252499
29104.694100533954
28704.08424156745
27789.24313936718
31696.74618957674
33709.491479634424
30578.197443781515
31081.816897062155
34066.88724980375
30267.751221645103
35661.350400010524
35878.3536896384
35274.627377399585
35137.84862841496
36522.875659829864
35377.07337249516
37627.618830036
39335.60493605011
37805.37502838886
37880.78509281359
39515.95643193355
37504.300552341316
41383.59190241879
40825.893667837176
40960.799507234784
39287.36297440483
40050.942959986976
40274.108809666235
38778.414881627636
38112.10451543424
38908.41144213003
38081.64025987325
28939.35432190053
28777.773048734998
28288.42073585951
30299.025892161648
30044.8952857481
29617.661841936475
31199.28102785835
31046.285214049818
29838.148327336883
30520.433095945322
29581.85411345244
29196.274329169148
30954.96121406745
31022.019085136602
30126.608519150323
32319.925618880352
32422.07220490632
31674.14793872658
33714.89673591948
34199.70975685033
32807.92310430147
33281.10059208178
33700.85272603243
32283.20783067219
35043.5120215925
36232.13440991446
35042.35234292657
35207.080337806896
35933.903722060255
35104.88943245017
36450.460379782155
37178.71114907852
36908.273635478785
36643.6376565853
38059.12660481293
37255.10437394753
37968.83358416365
38638.802622788644
38549.30376253406
37162.46630291802
37666.43466422989
37525.52493985479
37278.82644846385
38010.12731201861
37632.63215681869
38420.79005430218
31639.55194252082
31402.76138673881
30971.2519721843
32920.90302417231
32716.84824022825
32289.178743743396
33786.429749597504
33607.52492924237
32520.74920013761
33156.37013605578
32374.02111339505
31865.593456812436
33497.20665285038
33510.88544908668
32917.97200186513
34609.864038815766
34498.20878426148
34050.89360403426
35320.13150439915
35316.660608033446
34526.38701198013
34917.099381968685
34745.37001310486
34122.95343520747
35495.69625926229
35870.03907728027
35339.60326560719
35856.884026756146
35962.33290898897
35669.87081871941
36183.581935097005
36366.67505744034
36242.010741831364
36200.823164446185
36660.149085830315
36320.747141977765
36648.23316688621
36970.19173909204
36875.19052742519
36286.690837232956
36473.69319759308
36456.87442336146
36175.26409412775
36679.24564243568
36421.476614343606
36956.765463673255
34146.48608376898
33981.09868084707
33545.68106894694
35296.61575101294
35224.68480279385
34734.33796429753
36302.94721383958
36023.200666850375
35031.01699750668
35665.897807645735
34806.614816239344
34413.170181930414
35726.62028747602
35472.71626543004
35161.73439154021
36889.97820426193
36481.01396028281
36302.773368797076
36984.76507503427
36555.87354169242
36135.442396768485
36562.969196656515
35916.79792276431
35724.51531014068
36264.5481801685
36141.13259841004
36054.8670085318
36663.69386646701
36319.09453458893
36469.50073765198
36047.9430509534
35926.9385609456
36163.2872016822
36127.387313145024
36167.478342685674
36176.185721987924
35946.41792062024
36042.35109532387
36121.58974670171
35477.2723655475
35580.76084913344
35744.17722469485
35126.447469258106
35694.84748830049
35430.56701076258
35934.700914011744
36293.71516379884
36440.28395915772
35821.22915330657
36858.33824697189
37596.670842225954
36667.58697307485
39066.45519410394
38687.98938275332
37625.219739516775
38327.401014177725
37312.93843561878
36947.79500514411
38100.613264022606
37528.37895756455
37500.332717657
39130.780850268995
38460.484667312696
38679.08775496708
38320.162134816004
37759.24420120689
37822.91132582645
38154.04036423298
37189.46553547655
37421.597193473994
37009.26663457952
36403.26736471874
36843.09697392986
37350.2838139707
36364.60502782471
37181.38711880877
34924.61205230118
34399.91771354836
35682.81130915538
35351.949594929654
35455.826306750656
35907.44203971592
34581.14597435474
34891.28669999911
35102.80685464226
32693.76966259311
33710.52961481667
33811.00772940424
33482.30007477847
34378.7758803958
33921.96266838796
34780.70756626094
36458.91309983229
38554.252174302506
36712.742243545195
35495.669453795635
37235.90725126238
36141.03821521233
36563.26470358087
38163.69348581374
39400.61912135672
38007.760389075505
40133.102145433324
39736.37210666283
38791.436493504065
38451.46604282877
39273.33953309087
36296.08173461771
37056.6816203265
37695.15569351219
35238.743477845775
36052.53072295902
37584.436826171695
36558.760352914316
37946.14280248765
38169.860074592914
36725.72385695332
36541.21271489959
37385.343904268695
33877.05557010818
34321.661127625746
35363.24328637091
31842.89943168978
31353.347794113695
33758.71597044166
32823.26029725243
32231.14284781324
34457.93795985917
30531.89988494743
31453.88478982375
31258.780464311803
30242.7784362937
30630.952097391644
30550.464407841908
30362.584071697594
32533.78165441884
31345.794666634927
33219.11787865362
33819.30446012622
35011.24608556755
34688.899880699144
32079.406219171044
32838.6671913738
32938.08047508743
31445.527810981097
32303.329076631708
33875.04092269217
32632.43573583605
35110.36834209567
35183.20314403714
33319.022467418705
34339.79693806614
34806.45643142755
30451.097716505734
31334.398298061238
31860.31746492091
29247.73445318846
30131.676281930755
32263.687819155664
30748.13053119291
33137.18675784298
33775.42519994084
30961.707318357378
31609.954521460437
32417.394373639592
28049.287644449316
28909.94943068954
29512.45468559498
27055.00865017166
27919.608109659104
29615.91867174647
28368.385957542647
30052.928337392008
30778.08475993466
28664.47541830002
29382.209375117556
29575.096744050705
26438.715979338485
27412.122519840945
27600.62212941151
26235.164186414997
28387.230275641887
27330.641149034444
29395.500813519808
30508.171768247994
30834.055265525865
31264.531786947908
29251.310919410018
29090.813400301024
29828.061046486444
27342.4524401238
27372.141035850167
29253.811747629123
28259.378005003287
29725.72050172376
30317.792868070366
27761.462736123718
28421.76102216459
29082.599842270218
25229.74021290704
25626.138049560093
26478.85150851211
23409.7865715328
24178.023572597507
26301.82302794156
24851.17146203316
27144.818673307105
27765.795155315216
25104.14684494566
26092.809380107534
26581.083178895817
22138.581987675963
23191.545407699145
23620.4067307754
21465.58545312893
22722.02902579632
24304.836479686855
22893.106240176705
25402.989075853446
25696.454762056717
23955.225875284097
25125.033049982787
25215.096024505696
21385.62694602284
22726.54212058852
22672.710137001144
21750.863929756648
23985.607601425356
22858.67102871753
25115.1166785015
28512.49537377921
27732.171626111376
28800.155491615766
28602.239049084157
26991.30699513393
28429.96447696586
24840.90575365915
23321.638606080312
25796.911675230986
25221.086309984417
25238.272241774757
26515.054539617235
22794.944212398514
22905.962342780695
24007.872788117667
20281.861447069237
20167.581998044283
21567.41769851029
17789.25829650434
18395.694116269122
20550.748668005363
19149.068348706332
21231.83716181331
21980.665391366387
19209.783129449923
20262.059159472905
20659.16876457915
16542.09539414596
17403.04516789269
17818.47519753436
15872.236353482278
17287.464879092156
18618.21627532515
17223.875048657468
19998.455047285384
20044.796133500582
18838.767054275195
20347.823845148596
20108.12007005508
16363.098761333418
18099.05510454731
17585.441109121526
17905.988527603866
19662.19868484313
18725.248739064133
20678.961475302014
29521.36572739332
27405.74870297838
29038.42226830703
27738.23982072969
27620.920329582514
29002.520010154527
23495.650371135504
20643.039598794065
24838.484467713053
24364.399126879987
21634.276225070105
24732.81133342246
17528.982815051775
17142.050498564742
18886.15541640771
17985.576669005197
15240.767596296744
17316.289715545776
15567.398285773173
15484.069019694787
15643.244808024501
15337.316329271802
16221.776192885412
16552.242017044002
14798.498303155371
14784.04555453539
15494.174070111721
14382.113866949348
13276.304343283613
14421.288874392869
13415.587088882887
13501.457678055565
13523.828248917325
13191.321570649794
14794.446439847687
14584.475548580609
14140.025910698092
15990.97518942906
15183.722033716233
13802.391315730221
14387.78590630666
13719.068977059449
15472.641103128848
16940.02292239235
16254.197141784087
17250.05848018312
25780.148703537434
24993.69653954939
26617.660594121568
24779.47388721695
23855.124208791425
25188.04896405272
22292.65757574811
20838.767086834247
22546.151593476596
22365.40309354981
20616.71065020231
22896.97821027211
19023.813460963687
17040.4004727006
18561.4819142146
19752.61338677204
18142.740262718216
19395.7674109205
17621.520652633164
16219.470376404488
16549.816450028582
17094.467304182144
15297.233046511092
16041.5537757614
15040.395122917456
14086.253689088204
14625.63482998023
16013.890039622152
14928.430715302324
15492.352378133082
14854.816584418915
14223.067793186954
14136.836398958576
14484.398020878834
13724.819011943246
13769.094997123138
14039.06670966708
14355.082789351309
13933.41709127
14186.143678247325
14145.18294927277
14117.642009825373
14010.80505589698
14593.6990530516
14281.07597714374
14991.56896494949
24307.327801250824
23409.91099096072
24501.1244775601
24009.816419638377
23162.292241652718
24155.893328370767
22167.44588451129
21547.34030866153
22299.64846289928
22287.052519984394
21173.843003405134
22284.303377931716
20472.29359325344
19107.87078832631
20109.960013554744
21306.769992749083
20159.199079587677
20869.26077855752
20105.011390564945
18545.673576857564
18747.588159142077
19378.51579673976
17310.668928105395
18173.501370849433
17099.933760526077
15835.957061842479
16526.781881571227
18355.9789002846
16882.8688334105
17700.47838445192
16638.377537882265
15287.570647232922
15616.005700868853
16090.009101071737
14688.988072464224
15220.017585453104
14338.100296069748
13931.895245315443
14253.736717467751
14740.477026489229
13702.379156622826
14474.942221137473
12688.758995337714
13399.488502865475
13086.206308139926
13704.502998928656
23813.27241475445
22433.897489550447
23854.06876700216
22959.2135866514
19391.464072077433
24264.455624540744
20787.207102211054
22386.019660458354
21081.24067662889
20395.201370631134
21815.671896300442
21810.017099649216
22501.367026672895
21569.283649330657
21838.79734115449
22812.696880207754
23481.475227805386
23019.63838153159
23023.684815830722
21927.506478763036
21903.33236835275
22712.524683059106
20060.536869665648
20949.44887462671
19728.26527286497
18106.542963175896
19049.649864633717
21456.911385569605
19015.207737897355
20483.50261674998
20108.07665963223
19112.36191915066
18115.06372356022
18996.125924065145
16472.75405981903
17321.14111489589
16252.968984592319
13685.187348201507
15258.654220703658
18106.426784949435
15164.175036310811
17509.850601261816
13019.359541818174
11588.96791067477
10964.011253563243
12224.995708471168
21447.55755080098
21215.709749116133
22182.279327349188
19785.097416208515
20346.600583214182
20641.724741591468
19767.011985038385
21068.28378382987
20959.48564185539
20476.429712187855
21706.506880344336
21099.074558198557
22217.08683254132
23024.67013262471
22469.705487721443
21728.222645499187
23030.208653832866
21990.142706985258
24583.13050564259
24604.551301346342
23498.848253026314
23960.505151315523
23008.20679145291
23199.70876229236
23664.28753297369
21957.887203940583
22530.969889586988
26240.221651074397
24882.842970755974
24901.017059423746
26511.82935827131
23802.082957903367
22824.33537209007
24553.80317657433
20487.933978601977
21357.903535989695
20551.202686215634
17046.962196586093
19033.054260145374
24909.09788284385
20925.995789039323
22540.605907474062
21342.968947323916
17201.414190493997
19295.567682528752
15114.862088598526
18348.872027609083
18662.161161729884
18962.8690864175
18240.717553006216
18518.471124758384
19597.32454549207
18249.81877803691
18580.47763774669
19836.79993321363
18926.383072168428
21271.959330916314
23399.107284202524
21441.63746136128
23857.29297070004
21543.18666569731
28304.729528581036
26140.75370288087
26267.33533178794
26911.442786354273
25371.975158853274
28678.137811806606
27937.214430158645
27588.254845481577
29456.23951182473
29016.321284164653
31763.891080235164
30089.218511583073
30666.812616703122
28739.199563231123
28516.80745338461
30138.495779914883
25478.49028665576
27596.955310126956
28428.507705449934
30704.054895801804
24549.849938191473
25821.814792616602
23189.8574538296
