22643.521794502878
45669.44946478482
38848.474925224
22569.548670725533
21986.688822012784
21612.358310576077
22109.165965228225
22504.78942545553
22759.311496454327
22942.51859085374
23091.037697208438
23161.206896558524
23048.624178496266
23112.568087988588
23020.04848106583
22879.992981908177
22784.990783396504
22757.103960071963
22790.536766534264
22869.06337602699
22968.00139630209
23046.225820206633
23033.55288021103
22784.408553108486
22100.802409998058
21879.420492771496
22486.12699774262
22631.97351012841
22492.03068081927
22221.741911809644
21892.794562370727
21536.226713901797
21181.382955081357
20830.135432546263
20488.225546128575
20168.392146098467
19860.275265843124
19556.37444217819
19253.464430444466
18912.791505244408
18456.60540953515
17861.62402704988
17774.89410574816
18141.862334137193
18341.461566058635
18443.569076953885
18507.658870383202
18566.121157343885
18634.63061694386
18720.91479972881
18829.561317614767
18964.522627815266
19119.775072380886
19306.252395427713
19534.30862055617
19813.180559533095
20142.88095509019
20525.121532767018
20971.858187600195
21431.523959295333
21840.402385616282
22075.454423566953
22436.75862796417
22871.64871196605
23131.07583138866
23333.56036901951
23559.396812693787
23836.24655844191
24165.711172397238
24542.138455342734
24960.134290449398
25407.003855095896
25875.858726799717
26358.505505476583
26846.109638309194
27334.098426414355
27812.959129296913
28277.971002985956
28716.25630767129
29109.880983577466
29430.157586905756
29608.514662821908
29555.966893025794
29408.86247358775
29308.306508236074
29112.5627967789
28692.19900064476
28134.86499562627
27507.412404635073
26838.07501471725
26146.034024011395
25437.907489653706
24718.627893515186
23992.853387505624
23256.616098764796
22514.0234729823
21766.709822157973
21014.480093321392
20242.027615601888
19457.054074641645
18657.831333764603
17845.465918054193
17027.951652027034
16222.1990725221
15519.877171573411
15404.102545323472
16004.709648210117
16677.358610071467
17392.845317722764
18105.578625504797
18783.00251526319
19437.386329083027
20078.944314727647
20689.993484379665
21289.286767903355
21873.605054014402
22438.426863387234
22996.145417600368
23538.25570824746
24088.092870663168
24660.818881231397
25309.265653781662
26128.665490560386
27311.802619394257
29098.83634036036
30011.373176877514
29833.684315881055
30248.35445261244
31066.562062277586
32112.702458672684
33291.15324074659
34553.442478830184
35876.494519057786
37270.082521172524
38730.06686566859
40271.85411600399
41906.76086708538
43667.40643272495
45544.990859689
47523.16374584814
49509.61809074692
51241.9527206476
52204.28169858616
52458.02208381515
52455.45058973796
52416.49775424083
52413.67967077701
52448.04559464168
52482.30828038814
52451.788373546384
52259.032447221376
51775.8963234964
50813.94175707354
49190.59350086821
47507.13480535509
48686.51554506927
49624.28485892815
49897.610802794035
49731.552892240165
49292.93700224424
48721.61424963673
48054.90541077068
46937.5197468165
46059.14402080446
46213.594230092305
46261.439986322795
46286.52589922223
46066.08809308078
44984.99447661548
42940.21635941928
41036.81027436182
40129.54300646765
39726.20138055413
39161.10580528188
38567.85337355696
38333.31370496204
38473.96885619272
38738.42907741276
39733.328474501744
40608.56071204458
41172.8349731836
41889.003406230964
42746.63444179705
43683.22258135892
44673.01483826223
45713.99981921976
46593.17909390453
45869.72701923904
44887.06419894704
43899.71238172816
42876.77001926383
41797.41036699913
40652.93352912549
39438.074406590866
38141.937787525836
36752.336516958516
35196.11011186599
33367.84850201108
31228.26953672581
30443.95283194278
31526.352892084848
32317.09515947313
32808.36558787692
33141.13722522783
33406.29025575457
33641.32690375342
33868.40277729039
34102.332364327915
34346.619880835635
34587.684926530805
34810.72813847294
34987.3752187142
35071.57004332182
34961.98514156851
34518.37403933457
33571.810850298134
32897.7375503083
32421.351246243776
31470.47468828524
30233.001669112527
28865.55410165212
27460.451767705086
26062.689596734457
24699.524985730633
23381.03598660074
22111.89414687532
20884.34837959524
19690.45342048991
18526.741701142255
17382.162370916885
16242.2246170939
15087.291254141928
13865.351054665902
12513.343780766108
11015.754436642104
9381.012742710684
9642.020295700942
11438.126169979714
13159.124227631059
14691.677254853452
16150.669860200696
17561.930572856592
18991.01696207765
20419.775487033516
21896.18590019276
23412.982568887324
24990.45519791359
26633.332868632366
28355.94564988558
30169.0673944078
32091.163863034315
34147.90155227996
36371.658587426864
38801.09154342371
41526.84347487039
44679.358858976
48434.945447743376
51511.576457746814
48868.573711880264
45520.071031838
42727.68597612959
40341.57615072184
38215.24361634193
36279.28048926695
34484.57400767343
32796.82118440867
31202.13811939097
29684.153608214183
28231.74491323546
26840.53578304146
25509.123179710652
24238.13699908723
23034.524453750277
21904.640971271136
20869.29354991701
19963.63083333366
19234.65163423612
18818.321367931618
19029.404194942086
18724.71891053596
17511.635370128104
17001.656746379624
16762.488984635973
16681.819280720534
16683.361212040043
16728.027019223227
16793.508448957768
16866.33061315312
16938.430808955476
17004.92937173175
17058.956333206916
17109.445436053054
17161.132914608726
17222.383295037052
17306.175470268325
17431.180295734775
17621.17502441604
17896.031250902757
18207.60197735463
18226.975265139678
17924.426926648543
17647.213876732054
17448.90303059383
17308.09779029857
17197.956508859726
17096.204060894583
16984.219201609
16836.4345105378
16656.55686049117
16440.355805296684
16189.284246524952
15898.942986300674
15573.82461196406
15289.644055995997
15122.714795986749
15146.174665193888
14827.491770333221
14325.139839508589
14040.143422308493
13812.32765616578
13596.740337997593
13368.06436562122
13121.787868584783
12833.089179116305
12523.513564343582
12246.968460237962
12017.87406123074
11786.69730333361
11761.866695033383
12645.346671977226
13774.031525148323
15060.655985318199
16504.728370943718
18166.25356741678
19996.098247596532
21780.859565484683
22481.043881542
22135.521388869285
21164.563757750955
19895.04534853354
18741.971549775182
18021.08343112501
17777.836016190966
18062.426102082216
18833.78499968626
20105.996982409306
21726.55200492298
23425.967822366896
24629.35922507356
24734.591648879235
24001.69230158642
23131.439545037934
22768.81856765062
16748.98646707772
15257.684663600998
19745.865533745528
16863.955560533173
11119.713339500966
19964.420996106473
16064.659329549097
12091.167941026046
21319.208035189098
17588.130758884246
14023.967430892646
24015.536854716247
20098.64389088982
14071.807684046742
23573.290400268255
20338.857075690892
15410.71500307929
20894.59296897963
18867.20449816579
16787.942695911894
19143.988868473753
17401.806174355384
16529.209139056733
18506.315348657972
15578.901861634862
15189.890271373077
18236.740065375503
14799.007687547237
14507.258502869965
17255.318882754385
15672.906007830956
15612.670642848108
17270.234646865785
15866.247604360784
15704.783230745277
17558.301233813116
15335.41668962215
14906.279099066734
18581.89929631622
14285.889591304462
13109.512343922874
20180.219449143024
15211.767575034628
13737.766695756327
21868.650139401634
19530.5189902508
19297.641939214787
24638.65885846578
24088.54756756662
24834.370446873476
27563.337660837195
28061.630776751157
30092.40977949782
30267.10526150535
30225.798733335007
34376.58381626047
32087.214900360963
27668.52020785996
38495.17479798893
29499.74175958083
29574.05256511317
33455.115134240375
26277.8986314843
27165.40607598564
28708.61634267501
23190.221435778953
23844.678139718584
23825.7694104725
20506.5471162885
21481.67112855245
20066.114276026514
18667.462074186937
21614.071506158263
18945.1814510403
18603.179918606904
20850.523511239742
18376.862680420585
20051.687169295346
20755.992272598658
19548.1100495361
21997.261510831424
22885.48322505322
23085.410192240106
23551.288360729734
26147.946099747398
28659.226253486442
23061.616564152162
29318.194500390768
37786.789372787825
27064.350109364645
32649.863043907088
39329.307129368135
33734.82305129812
35225.90738456232
36542.89586489054
39065.18846771828
37433.06831682107
36189.62556965141
44755.707194736664
38966.53629749498
38285.77359832108
49991.8718671527
42572.07619819566
42166.243170090645
54267.150130666036
50336.71905749888
44869.66924507035
61805.580289594276
58451.138851313764
48350.703785938415
65822.3023256382
61914.8591826158
47826.385936758714
53924.615899589735
48614.868285310964
43026.89318079907
23148.85643797328
26434.140639088335
23955.873383293827
19809.3353188381
16868.27101975183
20867.139003870492
15102.306783123504
16521.151212318844
15525.17942746628
16855.44185200097
20198.497271195352
23034.016440480373
20976.044121712832
22579.647839481768
17684.790104703272
16392.303114899012
18702.510109291565
12735.979775582447
13356.003444831764
14165.903113833503
12246.731638044264
14067.462477648873
21913.97221615992
19427.369199816196
22875.069096033396
18020.689226282746
16770.301060233425
17430.488373351385
13592.805612818851
10652.015309978267
12473.70702049491
11876.102797247557
11581.110536294425
22404.885158051497
20471.932402929873
21918.890545261496
19627.34463968846
16612.692923276154
18646.518969330165
15555.665380167766
13199.517982503488
14604.504755513011
13290.852595296079
12649.619349236898
24932.156350538087
22581.221003863044
23308.769610795025
22462.553292707424
18796.592630470812
20950.296547101538
17501.958588523456
14384.05344071825
16436.845153877362
13185.267548749596
13532.333037341714
23926.847186649495
24099.2773663798
27079.294892395654
22270.037059829134
20653.122251798017
23525.72169895182
18007.105949882658
13519.171892351398
18885.871641125344
14580.393325596455
12832.803741361113
21380.088820430326
22120.613648051243
22472.201446502375
20013.489873407296
19575.591682970946
21080.123210673588
17694.215001136934
16382.615940084175
17874.332941765584
16366.982342621692
15729.68411989112
19769.496332770337
19914.401917478936
20484.09796128459
18282.018536092935
18162.80117097882
19093.12457087156
16768.491560455193
16808.292777706607
17335.115825983095
16688.401691771614
16650.78702436707
19110.651795806556
18619.51410443833
19269.403664986436
16979.1651401108
16545.91178050597
17570.50640191259
14860.300016445113
16010.709087716185
15964.391838438612
16467.01941325036
16575.592419573943
18819.391697402993
18995.01719876345
19671.197379651116
16304.9210544322
14714.999710285905
16356.71725924453
14018.362681292505
14078.53852088331
13617.6563846443
16399.01351921749
16698.370587729692
17999.834885795037
17507.22738552169
18193.689587359433
16390.293302114515
15296.407267777671
16336.535432118217
15369.103368850288
15214.328400268341
14841.87733478121
16317.831219399977
16284.104605457036
18135.888943249058
17219.06807241262
18006.86060187235
16462.408353828923
15865.437379120514
16447.533494263862
15580.305649620566
15774.206672081691
15603.328098257596
16209.615370773641
16315.047025435486
18792.062458243036
17373.882692752777
18379.13895149252
16316.117901088059
15683.210311178253
16415.799804075097
14829.382328235386
15414.432683281368
15321.54211537409
15575.799090770677
15978.276096306441
20729.167165625637
17919.95711397397
19481.654652896534
16042.39459782985
14844.619623277378
16189.812156351687
13266.669153812423
14127.256246545305
14108.888736135154
14328.472581745735
15056.635411144138
22772.144437438837
19560.558668564
23293.467670611106
17063.825280008503
14091.135340168119
15745.204523690609
14071.512095197935
12188.724310954894
12802.564138594167
15135.630714169289
13326.578975100036
23048.94240297631
20821.774551569426
22526.069529364817
20557.40250231261
17249.509493576767
18785.883376631493
19062.641098965745
16467.54917689982
16414.219382816158
20321.527550695562
17722.332067444724
25060.77962355306
23186.985340381445
23953.991097952145
24260.554360389033
21842.976926996274
22402.647069995444
24260.0075590429
22092.47543028809
21700.2102815045
25751.423964914036
22998.834717885795
27475.531444480635
26122.056972017817
26257.55593224212
27692.68786397906
26196.69774998932
26052.36651896276
28859.266780228452
27518.02973955417
26678.494598936184
31534.098398692167
28594.117662205408
29897.049772731654
28928.002514242562
28683.70105979775
30161.4577990992
29507.0526242754
29084.91186952235
31570.866324143797
32453.095440981568
30610.799575078585
37740.20972597801
34586.60057641637
33263.79357696421
31664.864889396984
31205.06370005493
32562.85619623492
29762.13758886164
31031.84681198644
28897.99457745241
35712.12811880301
31182.94810827253
38182.39551026107
40547.08964827961
29017.333395167912
31256.816029804253
30747.71419385538
29485.037556545918
29419.211553269903
30672.339939020527
30839.432798605867
35218.08990217745
30799.432284007802
36530.84967265475
39891.096416798515
25863.980871025862
27862.87960727163
27420.764660322406
26679.564670579457
28649.891561989985
28177.517487815672
27845.716100081176
31216.205570402595
29650.637247936433
29569.92844202063
32928.78622854229
22798.862308634365
24708.59188581773
24323.737497020036
23575.417095642148
25480.613361254313
25100.998631327315
23927.99596524064
26189.345144214727
25848.421503372767
23611.58623266933
26463.716307226026
19791.705733783998
21772.777141784383
21292.08191358285
21225.33944676413
22450.329770723634
22238.90263219764
21075.735065952806
21738.92649621187
22277.06678084438
18690.306809469905
21020.8829821647
16540.862174209637
19439.053360960344
18241.346628635332
20824.84390115502
21130.249990359185
20698.47176029352
20190.864906616473
19017.561915184153
20444.718725384926
15672.746018329583
16727.620956892788
17030.086533524478
18486.44901264958
15436.592046047484
20290.29437437955
22365.4741038005
20989.31253483991
19869.432973727267
19081.107567392028
19660.424189067966
15477.08768928564
16647.69806735993
19573.070297363298
19226.145975375723
18363.522575497234
20559.565944875772
20432.769239568464
20138.204726204178
20414.097088803876
18550.77766706656
19860.80712653091
18381.809323415477
16677.15999304204
21790.66781935009
21001.702848150355
20714.938681100386
22417.263068214386
21621.5533532061
21374.362088421316
23160.828507902057
21093.93794354378
21545.535887593185
22670.77036559446
20379.80735629282
23489.140997016697
22912.401609349243
22747.945800811398
24515.43260431358
24424.68989950617
23530.633715614633
27800.897935782734
25557.281570919644
25222.64557284631
28414.984000449324
25317.20347019938
23549.51082377172
23641.91939367858
23868.558065581106
25240.428702784357
27922.691380202647
25118.187321357633
35660.103804857456
32682.35030898592
31108.33911962338
36183.13300042256
32044.89851619088
27639.137296785684
23557.13641944035
23283.79888515466
28935.970249856033
30083.45356255847
26080.170116495527
37376.522156871935
41001.28850119248
39836.391799087956
37963.274022747406
39420.9036257407
33937.81586884257
30669.66433942137
30935.227339070472
34212.81318572123
34045.81769361562
31809.20042454132
36225.09075632856
37518.47103517751
36438.177906265126
35893.52641565352
36788.097922845496
39878.070747012076
36457.588287609484
36854.180649126036
38155.75341027549
36353.68472359015
36281.94206240337
36876.8333955949
36150.201912469915
36431.41627198398
35052.68169609463
35327.98308021566
47432.491717904195
41778.50765890878
43277.86006546817
41242.50782325431
38359.15432413398
39862.57883234833
37908.30510087966
36722.96872270328
37466.844306148036
35924.79844435474
35150.279932436475
53244.39501939174
48178.648582208305
52649.988287813714
45291.12751848195
40156.978037396206
41681.55191388869
40707.23699293571
42703.73243504783
36715.25516851511
38738.37005087492
38375.47072421068
54083.88598652244
51818.47825597612
53204.63180981443
52821.88524483797
46434.54309355435
49090.42708068028
47566.94016020668
42835.295608689994
44411.528263002736
42095.41272466982
40023.868326502154
57234.16763885793
57518.81538549818
55562.26345754607
62366.4606206302
54283.14147407124
57068.453203194724
52329.50748044756
46995.42205112929
50440.85045435083
45935.79192700038
44223.1784625765
58028.65300361928
66897.2591633916
58867.75716180735
66948.7091517957
63340.55561917729
68221.05528273601
49976.00457724531
48679.51186262795
50872.42822342728
46209.98632519933
46669.42616318751
52005.29707590248
59226.61072921973
55011.26551567883
53030.1522255284
54918.54181155229
59284.284901573206
45352.84946419276
45911.41535688356
49146.7971084684
42165.67043709134
44581.15039291291
49544.58174488344
48912.20634095913
41261.24005273943
50356.33558630456
39395.0098444993
42307.970081944324
39659.09870801448
22078.388905643544
24061.405489179117
22540.585413719
22758.46931418297
23576.36075450159
22561.65163650308
23294.76264570577
24282.631668985323
25700.754101761264
24464.794845457105
25831.32031506345
25554.730881360985
23599.456881719158
21363.787509642505
23780.181742328972
21479.27468782175
20405.211255412876
22585.32917462156
18157.812949260835
16853.498717735056
18699.359404870964
18419.57604336478
17715.039941340427
19315.545517770715
16075.565426854237
16487.570817261643
16875.57390753703
15709.077320565695
15335.986866744192
15848.403723754129
14954.879548195511
16003.823631989237
15836.542461899144
15388.64411568969
17585.682420747573
16773.646091311508
18208.64788279663
20910.17752670313
19131.174154800123
15977.260389261131
18488.350355178907
17138.212520901558
17637.37830894124
21578.965033565124
19537.615486627936
22165.503160541648
22867.057694003834
22785.401625779403
22810.917826331977
23267.49360026131
22613.021872574318
23018.384127899924
21575.725262290405
20360.11191966481
21941.338501169266
21643.802423997586
21724.211172679905
22471.643064391494
19847.11957823947
19222.93767233654
20576.073341360676
18427.463930646554
18229.613658799324
19170.290639733896
17515.21417976824
16392.870126426667
17571.08148109082
17433.17113457261
16564.78980967868
17849.614340915137
15194.489181381286
14699.247299526407
15478.530225696759
14859.438149380961
13496.716557027976
14951.911228356697
11501.114161413818
12266.596243961925
13515.85382934046
12560.078969924187
14362.883067242485
14316.670992677893
13596.481052896746
15366.354614961263
14772.900218480676
11608.81199317643
12977.623647793998
12506.33833461481
12335.322892673968
14545.703959389819
13334.494776444255
15996.423108192965
23158.75306943142
23965.84986361117
23358.20810596223
22519.24536905218
22203.0874383461
22781.353551228865
21018.568535924824
19736.660235820076
21319.61872009252
21085.94506080479
19048.375429441254
21592.71465014128
18133.978484538136
16959.19669117889
17867.076541299375
18939.511403442044
17766.244361117875
18586.072934565178
17113.601719178856
16142.979074810099
17359.437584138548
17112.04380933295
18256.635778049
17652.190252588574
14695.605765104512
11927.725686015405
14890.714947507455
14822.434825959914
13081.173717910055
14634.62466196123
12640.34326372825
11399.898795946137
11177.155449925496
11963.034536208339
10025.667834459236
10795.259308678618
11084.069017301532
12239.80554556659
11102.494414851575
11871.869280096624
11562.260409942952
11384.480959151027
12014.86908527355
11544.35972005373
11719.864665214875
11470.8622965637
22410.631697004475
21841.20860777946
22404.342125642048
22697.97709449908
22111.55971862774
22514.360576361156
21952.27356560684
20848.27226841394
21262.4686368039
21550.405184059193
20188.427678218395
21083.956577434845
19590.15654140776
18291.104056014126
19243.74105134808
20534.00124419952
19098.087532442245
20023.667245831424
18632.35229201857
17077.178521792288
17650.794158372893
18105.666486229667
16257.27976061887
17308.875666887317
15571.976283393931
14117.637440600394
15158.542536987059
16543.172403223725
15102.558035898512
16056.994620923775
14692.025867441842
13640.891646768692
13800.233228255644
14275.678297385364
12668.700267934832
13255.961721911925
12827.430795914033
12255.94331986855
12351.087820395589
13531.448996575338
13028.581826979696
13225.021375254602
13250.888480282456
12660.746934564364
13004.31664273632
12318.237820146498
23238.551323689873
22802.31415549679
22946.902339573808
23822.485514774387
23971.485053933277
23553.22461269102
24852.893440227374
23334.44957703053
23097.874873089826
23882.711935885833
21901.360788160982
22459.097634675345
21847.29059507138
20250.83712300622
21150.83394887709
23280.335029887723
21691.825873740585
22586.48522880267
21326.309568097462
19457.308405087933
19919.596030785957
20627.114686139983
18170.58652067144
19243.52072747508
17623.037293653913
16017.994799501637
17078.149783706034
18908.737249295784
16912.039456789327
18231.50953517019
15705.299473715559
14336.063072102472
15314.180762020904
15518.543677348833
14263.879003662905
15054.153711759935
13786.637382779198
13471.533834886433
13736.75128836655
13202.117927361027
13440.768713775913
13621.312511685723
13734.99469730686
13579.912892306722
13655.65453291859
13447.609788689813
23587.710573609977
26662.313597077795
23741.665422955215
23313.788666611217
25055.540019381293
23682.982086451913
23992.094047697425
24170.965969213903
26070.93287861236
25022.85022842274
24162.882108268277
25928.51474049831
23888.899049552096
23288.538281749752
23781.036531205176
22992.27058420521
22874.696009259445
23555.7709166383
21363.09997682607
20647.736898417897
22059.330912420086
21809.2759405226
20496.42933135473
21883.65642655246
19813.692959333017
18470.864071054057
19562.23249235089
19241.957853449632
18237.374562187222
19562.116568920042
16619.807470381136
14605.427980326906
16206.86693866043
16363.986581660873
13475.757718631994
15979.262543689281
12662.17406917575
12735.368196488944
12563.909120214295
14707.70331144711
13783.102183234947
13733.987269321886
14882.460755054231
14276.811832454787
14451.975982894033
14005.93109349091
22385.033182528263
23129.432027858544
22855.390236350275
21486.032075809886
21900.546309598438
21930.024939256422
21189.198898812258
21470.10955124101
22393.430165823105
21754.308479215237
22833.02233217938
23129.472073897996
21668.15212300962
21665.29737429076
22327.565193088667
20491.9439800421
20519.86103000101
21057.92611825428
19452.74236413281
19216.427774188276
20368.77456354868
19902.700577281223
19961.932449344167
20866.990319134176
18730.980947933895
17923.888420578038
18975.726438413025
18265.81232738791
17804.442258588133
18500.514663575123
17192.61894849081
16639.79303738764
17066.0830550258
17167.10209114486
16003.021689112864
16877.637811158882
15943.855422081519
15232.356774280786
15421.555138623928
16506.013551980628
16109.580296732507
16282.57885427008
16353.209035905804
15739.896630653331
16091.463263522213
15326.242067143514
20678.49977579565
20914.504418421864
21073.711085394007
19994.35127482805
20107.53800070878
20317.04660841167
19487.52478610185
19496.844041046235
20232.72928823755
19835.325881094217
20372.52127480936
20682.001748771727
19522.29703029633
19529.189757087133
19992.00241799565
18730.389187380246
18671.828368303984
19110.53488327275
17831.26744577722
17793.296087084105
18622.60853079353
18226.215567963045
18512.09726747823
19038.988011579007
17721.28951376025
17537.895053136068
18016.927848307467
17051.227623342827
17087.127417327683
17399.32835204409
16593.10520770301
16701.93053621517
17036.162799856073
16848.119423973305
16840.226425868757
17146.97116249151
16680.58141585884
16544.62219685987
16634.704516081394
16566.412383500487
16695.09615181251
16654.48012038981
16875.63551902843
16707.409304121564
16809.958260089777
16557.51567360689
19430.720411773877
19485.00777337738
19691.55880589135
19002.440837396818
19136.408712784494
19206.725798520994
18989.95718537334
18496.491903171394
19016.53994036258
18922.635188326578
18846.129539739424
19210.588283431644
18129.45512862088
17921.509159766825
18398.73137371726
17779.85503752707
17259.087225007024
17921.4424234323
16217.19621889067
16085.110469834206
17039.09957105447
16620.87817788215
17003.630563718372
17427.89752907365
16182.211427505874
16390.882726756412
16633.988448535496
15118.47156221131
15434.355072991288
15665.02320724785
14877.836970525745
15625.431260682606
15899.610494012191
15419.40858425559
16296.84014696844
16280.117889612036
16243.516724056113
16643.330760240733
16426.06759510657
15767.330707257406
16506.385701521496
16030.016807225418
17134.16828634156
16958.704074353212
17020.513264023113
16918.706617278352
18314.18357535117
19242.83013650235
18747.119272695432
18380.287540321544
19490.066415359186
18219.09511765915
18818.458299034617
18819.84086142327
19727.52078815989
19553.603789942783
18678.634196559848
19268.303662489063
17624.54098817538
16681.488689072346
17702.629328732317
17289.87026095441
16245.223295002357
17485.87354455698
15468.861664072832
14616.450902140934
15478.503850203575
15369.870603556665
15110.63053156253
15820.08585221405
14112.073073166468
14225.415406138625
14544.860254869804
14283.063268721604
13560.1924101551
14036.430627239408
14073.817672663865
14053.344220896357
13677.618896007818
13625.08352101935
14662.322049082746
14247.511073190757
15275.970682878324
16507.376346514102
15500.024991448972
15370.306990339892
16645.97515948167
15237.34826889319
17276.983157409803
17662.828486991195
17624.66469536298
17348.67707559475
18324.789380266255
18425.14596536564
18369.420085002883
18288.642169836647
18062.818928727716
18293.42214401992
17645.721177304626
17340.79765567743
17944.237451158922
17746.38160401066
17797.776046971583
18270.04440637126
16957.975730573708
16322.673755030395
17098.641676448853
16829.252040971034
16359.659155776984
16869.361297637734
16010.293092324484
15505.55807057305
15768.681920328638
15901.661903983622
15059.944473361427
15619.489908064592
14990.089132042114
14442.576516901661
14636.217475293459
15454.850948502011
15150.539487917451
15250.874666655287
15421.558721146968
15443.207019746902
14924.960428233684
15213.453020440975
14913.332964370324
14522.086849604602
15694.012911223035
16302.173079041595
15535.204226581127
15934.537889301384
16298.301053033461
15830.573877146862
16763.260673899953
16892.42181295301
16810.71460422693
17038.880386025157
18364.29505665448
17983.58555412203
18312.566227331736
18549.74130561717
18058.00795598603
18443.093591403158
17700.426571736163
17237.534459306127
17610.336639696237
17643.312089193525
17221.110320380983
17607.224344042617
16827.09990063149
16421.83736744243
16819.84019095852
16857.19950790984
16462.160552690733
16841.437969397455
16134.872509224193
15889.495924120018
16128.065110030135
16145.971611717916
15793.298826978227
16082.205395014455
15681.484977286404
15519.641086727963
15598.437435740947
15672.929263453512
15622.65715759706
15705.622555759253
15590.572963975377
15767.82976536146
15634.196987148354
15643.199611467579
15722.79392448564
15561.142043270742
16017.38288053078
16326.660848558367
15999.129438996082
15922.817109730238
16277.132253263539
15995.077183372585
16569.542266742734
16688.091644178487
16637.2200438186
16727.171667366016
18861.335479709312
18241.397994014133
18687.233821968668
19330.442574426834
18557.950306373732
19074.514127195238
18196.447159820123
17451.81088720211
17887.421053483995
18025.793037161646
17315.13027848982
17780.682808534337
16886.72856753321
16446.849120297775
16872.08139039686
16931.28547675718
16371.156881506544
16904.49897203494
15781.352695319141
15527.95247129838
16025.86869414678
15919.48821615078
15796.892589698695
16094.589906074472
15446.36142465812
15478.949263442591
15585.640266519767
15028.15203607288
15112.018551570749
15258.69158256222
14785.306966978398
15191.396177391602
15310.208524463102
15088.624058524165
15586.399960714989
15478.697421496192
15636.705391402644
16111.009155816559
15803.14129028772
15170.465883129868
15793.233620834098
15425.01525882859
16119.129240868926
16377.12210085677
16254.493710443794
16482.835341093327
20071.220328206462
19094.77023762019
19657.178432820117
21186.20741359977
20016.394457277398
20571.612796346883
19841.3746066921
18200.560504250137
18756.59881676948
19206.855327122255
17707.591321881955
18429.906140125084
17039.482452750377
16254.586972943016
16975.09314712191
17239.803873629127
16121.667674600363
17128.735090242397
15065.674560112104
14551.564874815844
15441.324213823704
15252.662399250481
15112.3253423126
15620.041899778676
14380.998194875428
14482.138687783237
14719.177117117568
13689.598691621288
13677.069424922687
14044.234721497938
13064.257263046342
13629.111990076988
14020.247934856894
13528.162627008503
14536.026385672754
14418.472303171256
14462.09196213952
15329.182465852062
14853.18955459787
13494.653137241901
14714.55400297471
14035.954331541427
15570.725898601471
15813.919446422675
15672.779475927757
15974.03861788652
22285.758679567927
21747.84022614667
21855.338961595124
22901.202198183262
23494.00059062167
22676.73066558052
21797.922306969267
19936.05109352818
21832.118121871787
22144.08958896383
19073.569127008777
20736.7492185074
17446.812697911373
15923.394018793433
17345.492613035676
18480.802411678116
16168.404403599172
17843.673373720852
16022.132480648432
14450.628933891676
14852.105158633643
15227.919798047187
14101.550060370297
14890.585570381761
13408.22283172862
12952.52421116414
13438.638238669875
14556.376479708295
13186.059819456843
13787.957439438758
13760.031318497713
12592.364429916739
12411.536295094662
12805.266947088825
12562.443653152848
12614.38312649573
12487.341651063785
13872.713955260691
12947.680985121819
14147.86634043531
13809.948397438868
12930.47244793873
16828.71925170576
15415.900179344959
15920.987064986355
15523.406147225338
23022.99057841768
22512.611854349834
22933.23763288209
23490.391195352357
22722.03170092626
23209.429411559417
22496.930044090153
21299.418494999612
21781.789330555337
22079.137453946834
20446.375768803817
21664.41464514507
19776.33752398529
17928.9893744327
19127.917800840583
21202.777553137486
19660.324787065438
20464.339256773586
19996.62467727499
18377.403928709777
17940.087962233956
18959.53209857531
16176.838485792156
16951.828483246834
16739.427960522182
15175.883007393142
15578.627473435026
19215.50570973675
17725.995941523393
17972.379395770615
19084.65116251568
17891.636345705785
16312.136953506128
17690.5977840626
15080.907282971213
14995.626374501231
16944.11243103876
16432.44796565392
15528.033277855022
19716.686693997875
19021.985010997305
18328.454051753077
21075.460193334777
18780.583074421593
19895.172274031887
17753.32321636923
24273.91019623865
23464.70732231396
23851.958031996448
25247.2697392326
24489.04375601215
24743.15520424619
24853.513056162574
23904.020723794263
23584.185130288104
24205.084473838895
22501.19713810082
23011.98498961782
22782.463670050238
21473.918414788197
21980.919904153754
24434.177267002546
23334.719128253397
23604.508485841718
24138.885753786733
22979.34323096934
22083.171622101243
23119.200303451376
20690.030967540166
21039.630138512224
21709.034015222558
20384.54426731874
20465.856211174694
24125.32513174267
22996.86181797549
22932.881379401908
24497.22682717637
23467.90944538202
21827.40572831676
23174.1603215596
20699.199759101226
20458.83225873661
22484.77219027123
21648.11565024139
21104.465229696394
25258.69019024967
24363.24698323574
23871.75448031212
26288.625034553435
23591.75282199904
24920.2078428738
22308.010505271275
26315.771844388386
25652.682080865943
25774.11216934057
27412.839178049202
26866.07113542713
26863.16532464939
27523.115720643757
26850.597693233834
26189.518892310618
26858.773275220065
25381.975358525924
25518.184694490374
26070.18239162057
25170.0417059113
25259.72523284563
27612.072918317248
26896.783992089957
26856.63557334133
27833.07741365705
27168.93460068958
26088.41758751688
26993.304943877
25164.837899715352
25132.412527095283
26391.132444952942
25491.071306356855
25281.556702705988
28402.44570477194
27807.708623364786
27438.409188672376
29432.71664941492
28823.550515862324
27057.02344936547
28275.75411936389
26185.372846039572
25794.595346914914
28037.02801149278
27161.032393766836
26648.05682407445
30809.385223319467
30047.744181751896
29428.177740966665
32210.57895102005
29151.580311869882
30654.803668115386
27698.611729935063
28495.596568407254
28079.533787675897
27956.017723863853
29528.432517531503
29287.611490982254
29018.530257893595
30154.1833515811
29595.673842009346
28828.197622696884
29483.816065996998
28255.280885158583
28177.978891141393
29000.56060121522
28426.71443204792
28328.439220704797
30251.906075332583
29665.579871004527
29640.6702479405
30099.946884857934
29978.599026298976
29233.558388335026
29746.615979897877
28851.8058349126
28588.09828331527
29953.851088862397
29806.28347779771
29254.203489557553
30689.261758803084
31218.44931891166
30458.133470530986
32836.83933663376
33486.75667113911
31458.014268603492
32250.962269767624
31311.608607342554
30504.191989530445
33525.611583659724
33039.9109246888
32178.60903541002
36043.37516914986
36153.054264255305
34823.21355245491
39259.49183802484
35536.7373857402
37336.5085086423
33831.74530417145
30383.367304953226
30529.877477095186
29994.60839293387
29829.36436803971
32042.20865756161
30510.44648349074
32895.97792296456
32191.989215763377
31633.366673104632
32439.587865469086
30959.49330716116
30863.956471772213
31502.870897936606
30598.001821026104
30860.977381526474
32534.21697642249
31647.966683394035
32161.426224426737
30001.533799402994
28927.084640953235
30284.838261090583
30156.30488001727
30175.50177564885
30280.075750958298
29990.510278291422
31588.209614151772
30566.59914943452
28236.64474116087
30250.532949014487
28983.811080866748
33080.14997228498
36611.200745590904
33288.92965093683
33233.81683957277
35094.29607333294
33180.211420527055
37919.05208830902
39279.42674029591
37126.719399276095
37828.90304267362
40729.63280213522
38143.185890297165
50600.560448271615
43638.80044891961
46445.50389050762
41340.616616613734
29903.659685928276
31810.828409058537
30269.655916945037
28597.51101749737
29854.69780886838
29290.58855839737
29332.063454340663
30368.617621375546
31198.295540368155
30230.919451838974
31981.10913528857
32215.960455325614
31116.310872120965
31462.09576909114
31962.59131663154
29534.938158291134
30066.336588217615
30304.66878941124
29447.71897473467
29669.134489000586
29934.027180491044
29769.397670757167
28757.08336353629
29978.14809199644
29639.182524385975
30057.4199933909
28809.31133111633
30009.33139222872
31017.225452555453
30037.763406034468
32023.057777757283
34380.69433526374
32855.71122523496
32551.16575323097
36357.539638234135
33011.245610701815
37360.68832410713
40403.375883078115
37857.483749412044
34986.080344978254
38335.29643101242
36307.01972045419
37880.107450912474
42884.22289980985
40262.64636830089
46043.08221083395
27137.8211007449
28211.31043777292
27873.151898017135
25649.11156323807
26639.431952659143
26395.96694442512
26074.730313976066
27068.111368051243
27665.23128963689
26864.712361346526
28669.359870344088
28483.20693818308
28023.465563742677
28857.66015534109
28780.848133374493
26476.202873681556
27447.510741140417
27256.685901121786
26903.191892158058
27950.4706030282
28368.470208240775
27668.476582645664
29209.623378931512
28969.18287259433
29067.801978841573
30356.67041859485
29657.842020194683
27478.6922325439
28793.877287116477
28323.86159460171
28262.920108251208
29974.824325337795
30381.085432860928
29355.980460238752
32390.280373452482
31289.203678266564
32091.27534735861
34707.86012949182
33565.804800770406
29154.4855129736
31217.965852997215
30617.386348223183
29914.65842624075
33644.951437071155
31726.771142542653
35688.59297294916
24148.23233304757
25092.898455188908
24899.927320384697
22637.143056589804
23558.204681202642
23393.110051221032
22989.533675954393
23940.976583510816
24512.71954187539
23744.00021686096
25489.91496168332
25290.80303965519
24906.052411190176
25891.53209314862
25689.19556682894
23390.631005705145
24323.072568301366
24136.600783941976
23730.43445548238
24643.17558345587
25292.24927501048
24493.80291582965
26330.99289627513
26103.100238326697
25666.30276111458
26851.83009513643
26580.308764232446
23911.29399557807
24865.234355868208
24767.598675898207
23897.145357047408
24980.526937565992
26024.24585922765
24935.784718559506
27438.641811613714
27141.699867296073
26337.725338944118
27982.758505443715
27725.000375178188
23725.43889545311
25006.87834713031
25002.538818874407
23501.764028188365
26562.951387572546
25000.371724291857
28198.753008882744
21120.03364817532
22046.332843718155
21881.60633910837
19561.913405338622
20541.43044078257
20346.534349278776
20122.770726750616
21120.99205504899
21517.29445227889
20811.814890834932
22463.958309895774
22244.62806147605
22026.850807194452
22876.845603370624
22682.51982615936
20900.625225702264
21681.146986888838
21422.86890908596
21431.341675162403
21904.686236211917
22387.779634195373
21852.417877876553
23107.50305866869
23024.478291704447
22413.87522184338
23059.040510988645
23119.755609595126
21360.306109808225
21607.431539822213
21822.57204495345
20631.059053504847
20840.39805884577
22049.17901188108
21274.112881407586
22740.126250784997
22928.673046219326
21382.30954730622
22281.846295592186
22515.67857597795
19391.712731483465
19818.87288674678
20335.65835594944
18056.812707393074
20680.69096915706
19344.32484232448
22067.81023647012
17932.414656093508
19034.0471903389
18759.81768560607
16187.9819364131
17414.816919077435
17067.090354294112
17445.524821691106
19010.74532711507
18772.951986568856
18110.732290960605
19952.162441350516
19439.982301965123
20127.62108632568
20891.40071279956
20457.446637037512
19842.4288743198
20677.77406932107
19917.66945352871
21493.694543876896
21246.265343047417
21061.62637468637
21165.51799817631
21217.338571858134
21160.011345478837
20905.945420627275
20683.642499716407
21055.390502656894
21037.102381868874
20320.055158018087
20911.574670139402
19532.40229081074
18837.13476636061
19820.60225216492
19645.163025798618
19435.419094158526
20145.048194066618
17975.286002173998
17649.237561122332
18581.662369368663
17901.16292025725
16011.600567479272
17657.839511272512
12890.669530004274
15529.060933086872
14263.807121135145
16785.618055407092
15380.399531327854
15607.307287777701
15473.489931039192
16683.63602821044
16264.707456568929
15939.774434699055
17701.53278975107
18432.42392024015
16767.205693273005
17186.82600388002
18540.70018223922
16878.993551765827
19810.118109334882
21040.439968680566
19875.79514891318
19519.35321938681
20612.089246585252
19617.573259869612
20777.71059420256
21424.64086961961
21904.53055625612
21301.058632100616
22325.006402203686
21942.398181136246
21123.043351074783
19819.14955203722
21190.19273437006
20481.08129896787
19903.778964967343
20793.8615950947
19186.263654033675
18695.15502163311
19218.310909634016
19250.92175976738
19152.849572864525
19327.819989187396
18898.05041277867
16466.128820124773
18856.11367404367
17199.834431203344
15421.415820399341
17704.8442855424
13664.249063507588
10708.52461400546
12438.902349590477
11082.503252252309
18147.300473056872
17715.129567676944
17431.41905518881
19453.0635954044
18989.386594383883
18816.70207667258
19783.60061901672
19614.150642010707
18745.18962636011
19262.985195584442
18887.178259826855
18227.159198695448
19719.07908100804
20131.193276967377
19557.690507855667
20321.7535253849
20288.392575049307
19986.286817205968
20716.9791494237
20514.398776546997
20390.598390416075
20479.758787261868
20533.3616093407
20477.522777828926
20249.473251808067
19810.282629861173
20288.32254213815
20655.71668496246
20063.98943202739
20373.14146634763
20045.44316303439
18979.272101506955
19289.500528269273
19583.523092701816
18335.872550946708
19165.913185290072
17658.346432651182
15994.878169215435
17265.861857354314
18987.949452515422
17487.211303673437
18252.102841130916
17832.34740238456
15761.893895844241
16788.153323558203
14734.277415497865
20664.89968526153
20154.529935185015
20075.194048830494
21796.789929883766
21263.18654941821
21241.889123124147
21858.53439349873
21494.2082273838
20832.480489232625
21350.413146260704
20508.059183173158
20305.95458868762
21188.69594436963
20933.79350124766
20729.79411309397
22187.883535389697
21879.220596784973
21678.12101400071
22659.888827169554
22212.682273734124
21528.224666711256
22067.182607156763
21133.605392755682
21077.470487523227
21631.67529843222
20919.177242053436
21084.87543343056
23061.196012457327
22296.982520609137
22295.46942186009
23170.459108941013
22034.814407828413
21362.175807914944
22208.776482830646
20261.799948514803
20636.160087717588
20752.75883106466
19346.676201908267
19819.20048293477
22912.352795057388
21485.31983374124
21782.880292582213
22393.26324034736
20020.63399025326
21177.021564965355
18906.953128973644
22831.017021035677
22288.841604598903
22326.923767400636
23739.004851610895
23154.83696419277
23301.499273046098
23410.651890457477
23281.670204023292
22770.238124573647
23138.925591314382
22471.365450301808
22335.50747237843
23170.71749209473
22979.455572272687
22691.346123735566
23927.006296111205
24055.927006620634
23591.783484390457
25279.27507741954
25269.99480283266
23965.630868739518
24631.793186022216
23625.338195860357
23299.974077386025
24862.08310198524
24134.28451852315
23916.85002082052
27025.60857670685
26438.444988089053
25897.27841976169
28368.045710557053
27014.022597768042
25462.85494470803
26824.555182569973
24254.520381492028
24251.177222993447
25502.513844415298
23945.611337852577
24146.84045858658
28662.718266654447
26802.433731687895
26998.634235172296
27983.94861769415
25036.2034915617
26471.56399205094
23677.754374117885
24541.007118705355
23736.21880163732
24147.716247600623
25549.58493211251
23841.331497342413
24967.740547499598
22734.50772889964
23410.97403730222
23528.903673906585
23275.491901904323
23683.903842277803
23555.516006564954
24190.54312066162
24880.79869764211
24135.269979886958
23963.238284150637
25218.83305274137
24100.81681555969
26940.567213276885
28730.65180904541
26382.186905481056
26751.74933347386
27041.49282271999
25874.98651558027
29593.16451803456
29343.66617267758
28256.03919129992
32532.820705301376
33172.410278387586
31029.232932204726
37378.77304202058
35133.17519623409
32186.799849627263
34594.40786778592
30532.791302275342
30134.00075629011
32604.503458802606
30161.476957607225
30521.747414084428
37426.320209967154
34055.868881786075
34918.444316853274
34195.37008724896
31186.398237120433
32776.19576498987
29568.486228380243
27540.794451482478
22686.345079695453
26688.369459678637
28937.447655843516
25719.685890391058
27926.198969117362
26960.57385565934
25160.925637796627
22688.060259889557
24822.935657703696
22888.78362382715
22058.824739840144
24728.734420148612
25375.991504918085
24037.177873580604
27770.3644905274
27416.43536352308
26096.91662897422
30551.225471014113
31640.941271212934
27769.102131283424
29169.779606165204
29380.03017320086
27051.302195695218
34746.191913313836
38801.96051251256
33896.95454375536
35101.2336713058
38322.529494426366
35021.1308329456
38832.74824133697
40427.311507847204
41179.14290044502
40064.36598598857
40090.194887967155
40211.03914234313
40702.74554378266
38516.73188958471
39795.83505565709
38994.06681841059
38626.167130097514
39980.57819333684
36479.05753358513
35845.58654107221
36449.029241587006
35117.81338016078
31487.84741762762
29344.387808464602
30168.445632444585
34226.822919098675
32463.53193849454
32842.8697658953
33760.378707605545
32261.04609426919
30632.254453241807
32243.863030443285
28933.356103874088
28884.37838910697
31068.997880108847
30431.395413639315
29472.479806426712
33884.95894685286
33061.96831210287
32540.655932329122
34680.276007493776
34650.065117916136
32830.47592650543
33793.58327326168
33405.23279682359
31762.288045054873
35319.68288631242
36784.26395270141
35182.480668046046
35772.22372801286
36264.40399559452
35519.1688769198
36502.51524562799
36934.043682431
37205.827092829626
36764.23558296981
38311.615010935086
37876.12910618667
37354.681959279944
37353.40840685247
38094.33689368487
36332.42920063046
36301.990010481626
36769.699450033135
35292.611547007444
35947.27451803576
35616.953336726445
36263.92347213989
37073.65906598257
35400.254465324135
35636.558393223095
40138.170462041104
38342.36521645692
38574.7380778442
39514.61607546621
37762.61021735059
36639.694695748854
38055.13545983468
35119.76207360049
35214.35870661678
36334.032751947256
35278.60870488474
35140.739310872406
38605.90761475155
37238.53868340873
37483.00152335018
37763.40321740718
36897.80125462064
36296.38252193052
37042.55198537162
35792.28715256057
35510.46392477288
36414.66458874929
36289.0854646399
36070.693848836854
37145.04667607076
36632.527851977335
36774.34771189268
36580.34236870774
36117.79835945755
36356.13612510625
36427.8120339873
36287.95680896712
36375.03324061733
35805.44307352321
35575.30421492334
36009.66294123126
35683.578916234874
35152.14268483337
35695.45643240702
34356.915985550586
34745.157115371374
34532.33806166424
34993.87737002527
43620.964974198876
41515.47595500306
41810.61257754446
47768.93259188974
45227.96762125612
45598.786272261736
46382.86048264941
43223.081716544344
42643.70521968551
44408.91404793717
40403.9370920353
41018.80150489287
40809.16217246875
39031.165106976485
39713.78751803098
42900.51481507858
40618.23220477398
41882.12904448298
39959.65820592604
38705.20030059683
39028.171401855514
39550.263156136614
37920.2565034637
38434.662308969695
37839.37921798442
37161.38876995022
37514.37058564676
38216.168053356836
37746.25276465065
38089.93253635287
38126.64291444322
37307.64370478295
37140.324448668434
37583.078864875126
36379.56279075352
36812.514686704715
36059.49583436003
35043.05353109106
35789.173348743396
37595.28669895245
35420.77817196513
36604.27459747706
33903.70099820977
34115.05512986323
34027.6179690515
34219.0406496355
52344.02215598295
49921.507311657406
50100.57554341938
53252.931612207176
53595.28337596081
53325.06123256041
52091.76343798805
49308.991634228514
50903.85686333472
51989.81753273466
46399.13710811248
48617.33975582219
44567.563843092445
41654.77601710907
43797.953240864255
47478.3181499528
43041.27987572503
45823.32418932729
43809.17092799497
41167.54675559615
40926.235329102194
42085.25657483273
39306.422912286675
40352.49373734984
38286.326590631
37722.4733273544
38190.31044172268
41322.11766411916
38007.312781932946
39363.90795886888
41369.87579052782
43104.120400215965
39219.2992669089
40145.14863111961
39933.2020375105
38723.43856928282
41806.78469418868
36811.90528851045
39345.411099684905
41342.69056394132
38820.03097463729
42303.163452262015
35533.0253159979
32718.46402366057
33602.34291965638
33583.49338620625
53048.65661919763
53086.37744580987
53086.36720268148
53413.21086351458
53557.756794212946
53169.11513888363
54396.059780370706
52948.01596290398
52775.919593334096
53484.7895975741
50837.64876129604
52309.1181936879
50522.86599542138
47251.256642540255
49010.724874236155
53724.31290614877
50922.29288488436
52055.38076883207
51662.90771945122
48394.38964540367
47712.361533725205
49675.54435212644
44455.94453147946
45745.31458968726
45311.94058381245
42705.11372979704
43373.12963156712
48937.66295122169
46000.20669265693
47153.24913990015
46213.89915761104
43781.51349806471
43671.29155948352
44916.14259026225
42210.271270328696
42499.1085056788
41636.60281831506
39224.49157268976
41151.24310158691
43504.771248964855
41014.44413710913
42486.26662824679
40720.59611618404
38290.451643360146
39523.513020191254
36992.13725799906
54034.74806401154
54772.97864685
53723.16888017295
54329.92905211342
56400.553655326206
54289.587678658485
59902.33477314008
59521.27079938145
56781.09639243659
58250.40752552152
55775.482238104385
55499.7218515874
57629.1362067841
54847.16788717378
55561.70789174521
62656.93289448724
59571.943973241956
59972.25655629642
60920.19082719802
56330.91030151287
55910.49280334311
58301.379509499864
52290.74650691351
53724.05142615219
52382.27756655589
49050.70492044448
50692.459764778214
55333.17740077227
51594.242874718504
53950.44432093415
49996.05306329063
47824.626474597615
48628.50300382686
49528.57188146745
45975.89359805823
47484.128856254356
45556.62519928169
43186.257507945
44561.160186619076
47042.318069515124
45153.8783390501
46408.25324828742
44931.13337725435
42971.75941310821
43994.049440979754
41875.432496263566
52881.12319844116
58018.72010928148
53958.63443779221
52303.82908895021
60001.89290807425
50947.59400386524
62831.79955136597
68496.10356407208
63809.563482806945
64877.23675450322
64354.07521039531
61775.88325428253
68198.54159327112
65392.03433065374
65548.25090391267
67036.49212516753
69656.47882086478
69203.60293339023
65406.60485894496
66567.70562801235
66763.71723369726
68037.3204117178
60704.84774868219
63823.45477570061
56831.451244581156
52302.52832048763
56346.63488673754
55663.82189912061
47899.667316216
56675.24179996377
47997.76298808643
49285.02000916304
48862.36806378525
47727.10534013794
48547.1101923439
49845.38070316058
47661.987617352584
46518.87487733777
47464.97024213297
46984.45801577773
45986.38839031012
47574.717908339204
46206.652509954714
46541.07720224162
47218.057172492
45775.74904650441
52305.55908704207
56505.036833599
52646.53808996782
50706.9103299984
53527.411052867676
51600.09943936068
53137.30666434121
56382.96706313912
57512.81448998919
55226.93145101232
62458.895997961925
60039.448533757735
59854.75141818753
63120.524381056544
63479.380328916304
54041.051990472515
55858.78704754023
56663.64911671063
50937.19347467781
51765.675181304316
57560.34355143328
54074.76454080944
58225.75747820246
61397.53724622645
51887.776062210396
50231.28426556794
54014.24288894624
46768.88922580358
47388.72582498293
49430.93038476171
44075.08659673733
44609.24518693986
47167.454586160355
45768.84138419567
46912.33045677844
47985.05317239819
45110.01165248104
45580.04121866521
46150.80757182048
42412.086781080594
43420.2888196649
43856.702045662925
42072.93691057412
44161.125006913615
43101.89568906673
45200.759471412486
48844.913785827004
50498.72496432987
49754.64961829401
47552.08936262719
47488.04875569382
47893.20537399129
49161.00420931026
47625.725245308815
51762.72184699436
51131.82188373543
50671.06701505124
51043.0399692489
52115.99632337333
47565.0866707363
48436.89960007248
40857.09089359343
45628.539769542826
44016.062576710916
45245.965646767574
48092.85317180028
41622.773737889045
43461.846400824856
44032.372280517026
40758.86820296983
40497.7394752931
38790.88297027037
41055.02174297155
39929.301712814966
41286.39983197598
42417.138450825005
39269.63528552997
40887.142568345655
40805.697856756815
38941.12084714298
38574.813986194575
40484.46812443118
39556.13740329823
41160.19188177052
