25908.456912638438
34913.33011486511
29346.413252203554
22592.882427185847
25759.94603304277
25108.12607335485
23484.71788420643
21823.300981270488
20239.806899205236
18743.2464954798
17341.206865350323
16077.863042298039
15169.25389176248
15708.11821284961
16659.965809085355
17728.512497732278
18882.84539899208
20105.950780525734
21391.497719331637
22742.570816633404
24142.659654625077
25566.627893914312
26969.265543691134
28264.42733142454
29300.868372311037
29970.26914410859
30279.145364297015
30265.058495537764
30082.949199680952
29839.42836791199
29593.36068533912
29377.430727948788
29211.744217572486
29106.521302155637
29065.20133014586
29085.626718504976
29159.494379128835
29270.217055637124
29389.503668105128
29473.639062380767
29462.922166994365
29307.848805784743
29338.360119243385
29520.222928048097
29554.934967740144
29492.816274894707
29390.672086776154
29289.194612297248
29214.11177860272
29180.21829950843
29195.216800948794
29262.60988733223
29383.568297314916
29557.9228520273
29784.420720216534
30062.33933933345
30392.998342914783
30758.671269706552
31146.45533312997
31526.046510672364
31812.355244021473
31765.873879199746
32209.27781921666
32899.8490041381
33303.77580135691
33617.408998202125
33902.84214212117
34198.855933923835
34512.04154135827
34839.15306715783
35188.62262524039
35553.56791812084
35915.27882908768
36282.93839066181
36632.45679981224
36946.5219808695
37228.71439282426
37449.04279421682
37588.40332372342
37634.678259552646
37592.40384069937
37524.1385836274
37623.699450506145
37946.970510425286
37469.79460960959
37212.59137123277
37123.19742395367
37004.52638659634
36804.083798920154
36506.225439327005
36118.52057522468
35674.3971313987
35173.05246082686
34637.35914038424
34062.64322418141
33472.21671820652
32849.23171987174
32206.070617829813
31535.945603643828
30828.784877516082
30084.792196826682
29304.538456022747
28493.08495792169
27653.19406577374
26411.39541294072
25744.001807719927
26205.829768205138
26108.174491985246
25961.48759469079
25777.30866054433
25547.708835310616
25275.879637030244
24968.955389748287
24631.836308908532
24271.634353164358
23888.588341141403
23478.72218725438
23043.30845157286
22562.60890605859
22035.158346257627
21420.670998645368
20694.030888476664
19788.881172046957
18612.937301039845
17179.368372152858
16977.79125917627
18115.583906518023
18982.61397485615
19544.87946866081
19918.259836828896
20140.995206527547
20256.48840858116
20288.31103087678
20247.401735976626
20140.379570834768
19969.32854714191
19724.796043494604
19418.70888611203
19049.38509426728
18568.0154948165
17957.227084283433
17214.490575385113
18201.196895761113
20563.341935019944
22943.937583904317
25334.226732547653
27790.950772399603
30335.765854881887
32969.242070484215
35706.74864075882
38526.50728785183
41405.000138605414
44292.97224843905
47067.38520101676
49005.465603429635
47705.260772986425
45720.85789060283
43737.62476541319
41930.760603996656
40440.65472948029
39317.71432720991
38457.63556388528
36761.14327334827
33303.0480748801
31021.27454809139
28515.294569453014
26288.760405344536
24611.92813765536
23417.570598097114
22720.264564219084
22757.65665700626
23632.737421240847
24584.47947084177
24791.02422389148
24726.58261153274
25311.873231789126
26613.722313186496
28148.123267538314
30256.94977512579
30938.595545313718
30715.95606181221
30717.788187408107
31009.40150206402
31565.545007269855
32372.030126925874
33436.61224705416
34495.61300626243
34359.611066139245
34096.46371357964
34013.297029103145
34077.966310367425
34225.290645866495
34404.81064456343
34581.99708974869
34730.33275510608
34822.379126562315
34820.243094083286
34666.064556676174
34294.86713951035
33898.58064183747
33565.757096345704
33022.65634285825
32352.701010738932
31607.003145622413
30831.249070283004
30051.53581914444
29281.202860912286
28515.520175124297
27750.40979718504
26977.35859388368
26185.3748741575
25359.788615775793
24498.68785008742
23630.084204682964
22858.1700835892
22412.779631886988
22260.925936803036
22412.796075128335
22862.290943330812
23370.833934875765
23844.737153729293
24253.255998681845
24597.474709667287
24887.26208402863
25129.76957154
25331.724134877542
25497.391202367675
25627.091039577237
25718.125309033552
25764.96902053824
25759.763240630862
25693.6461190653
25560.492485930678
25368.561607512667
25184.81510558699
25358.931196813508
25853.091242645107
26797.497592769083
28063.701655088957
29368.26169825342
30648.575451368408
31896.4131035884
33124.53421053704
34343.443530032724
35558.636228541814
36779.1054979527
38012.69893815219
39283.10055616671
40576.10401810618
41891.44982351863
43249.11964417465
44636.29617842099
46040.1912459022
47492.739881458794
48949.52912873506
50460.07600215434
52017.1729458526
53698.91047180855
52112.953442985796
50637.435393181346
49218.17326116305
47829.1982792051
46470.5128810891
45123.34139841255
43813.588628870144
42536.76378510375
41287.089503638534
40069.90144405907
38898.23131915618
37768.76822101223
36680.01462406148
35637.27490355412
34648.199090560476
33724.423676360195
32883.621541577915
32158.92970375287
31587.65757625999
31220.844549088855
31238.916327564064
30602.508955720557
28945.39346090424
27745.133194242087
26756.182636706988
25903.68128385128
25136.342000795707
24415.912455753936
23719.44475553341
23032.35301933763
22335.68280895723
21629.9719419886
20913.278221334007
20172.966682806793
19410.62519966819
18631.738419687343
17836.69126577484
17021.416593119597
16166.186478331083
15297.539446542563
14506.10137442002
14290.201374463879
14657.290076484336
15096.207687100277
15467.788351554651
15805.018018448809
16086.622835280778
16299.96421022481
16466.18291871574
16580.85370027627
16641.46772516818
16647.822949205132
16601.785540276018
16506.196781815644
16362.852622471957
16171.057947571157
15924.378397115383
15665.618593728495
15850.950081378365
16358.841322771445
16883.015508164513
17358.475676038066
17821.511502383997
18263.264055420375
18699.84105428563
19145.4392594965
19606.70053920064
20144.397622402128
20834.22009540385
21836.891486605153
22932.196983179103
22240.85319273816
21725.60729459598
21532.001929292433
21541.13951308738
21710.699268891567
22057.50717217577
22547.034777250472
22617.902278733338
21861.113880864174
20975.293261158396
20247.800317699774
20040.973956654972
20472.768799961243
21341.74523045635
22413.8796518318
23571.590687912583
24658.61730451168
25304.049655311315
25193.928200406604
24807.976194200997
24826.579193142716
25258.558318054012
25732.62676473883
21474.24341110717
21557.19328146174
18910.970922401328
16690.843795971625
21317.761764867253
17823.541078460483
17798.42108150434
19473.749581496384
18250.035577985098
21854.743703314703
19622.131941790238
18128.21750416001
28092.85709441386
19242.317131000993
17658.107313904016
29000.47221658096
20620.28473207734
17612.794668585822
26783.38470825377
21861.156200512974
18198.525896571082
26567.23093932873
21871.194489868463
18063.415781200525
28568.641136988605
21191.471644448422
17430.721745333773
29703.373542313784
21004.368831832453
18174.375649618887
27426.168923590663
23283.919139681788
20047.067646349482
27401.793332278972
24618.128406855525
22418.90415175024
28558.1933872331
25771.33406407601
24117.48961955035
31362.737041360364
26244.721616258186
24500.71666853426
33843.25447964769
27806.41485924027
26291.51825341622
34397.671632969235
32771.599220245225
32263.883330017838
36621.0890151201
37072.78298624242
37411.113083893564
39411.56222917278
41567.5068521628
42604.98457652562
42061.702369395556
46534.24959952526
47778.139968812226
45848.494622717866
51821.31201202869
49661.895629841776
41756.85336174678
46448.58062486927
47665.35690709871
38914.59316632495
41654.08677170354
42572.51405961522
36157.05428676001
37938.78281762164
37868.731347215435
34039.055339510414
35779.443409139974
33959.930543320785
32570.600117623908
36272.118902213806
30658.45742341506
30267.49902919188
32994.493628853736
28566.606367716617
27686.507938355036
28840.46269096098
27372.471516956255
26057.78187185513
27208.235343991317
26483.87125118636
25526.84939721519
27421.516454775097
26070.422014979704
27187.000830649817
29640.94578187512
26090.687863726536
25813.856473161613
29019.829195054615
26624.423478618766
23978.33196514685
27269.009028197295
27789.93056525041
23398.022537764242
27750.146374374683
30096.592390222035
23200.015084542345
30621.079491434415
34135.82069710649
25580.335578785416
33732.159479923626
36591.44539258447
32571.51428253397
34232.346670485764
34733.24466739045
40600.38653141199
34965.05418554479
31735.138168681726
43150.75727492001
32254.377151551445
27142.246874162243
31691.434703292573
25867.310785473746
26212.879812851515
21360.980891568615
22731.412857325886
23866.972381493328
22307.5995563627
22843.359939935108
25933.923428252518
19905.723180503297
18014.834794430022
20242.172662994857
19876.550398033858
20023.367078573272
16221.853571130228
19049.379637964616
18520.59966172407
18716.554455694004
20692.47387871999
20170.198840276717
19483.73403988944
18810.225723899974
19701.93206306154
18431.116723680705
19571.584707197348
17426.517028139962
16252.142155150157
15857.487829013093
18740.847297648495
20994.91628156159
18251.27067690978
18950.25223142957
17579.960090026176
19212.634625738436
18714.991249617782
18094.260573716227
22419.940056885083
19639.383736514676
19742.447247614175
20858.834049067744
19330.05994569688
19592.63867514122
18632.152234365887
18370.08674094861
18782.875544718845
18036.318068817975
18521.24673090918
28929.07397477776
24622.197283639995
25508.79119813155
24829.616586006017
19825.556121684866
22491.424385128834
17252.198570021348
17728.83283736317
18233.29014281596
16878.209537108913
17422.94582644276
30386.724705504308
30340.068720207666
31385.30365734497
25415.208148825448
18197.057461105946
27484.559986082713
18198.3796783669
18366.201930735988
16424.999646430588
16759.377283274676
16493.427152127533
28476.17209459711
27582.937213526384
29258.942032605602
24407.01530037474
21546.922547687194
24732.190587004607
19721.892945823627
17912.102335733005
19241.39019938276
17196.79297642032
17025.37427326991
28158.392840312197
26462.524722563438
28110.750210136244
24333.979311915085
21924.646617951767
24271.643786766937
19701.344601230703
18252.439950404645
19844.54917753568
16929.7032268217
17178.092278104323
29417.566849983952
27189.867994508615
28617.29059642374
25614.16859519123
21702.41301694572
24686.98833488597
18621.478400510998
17683.66176316102
19319.59960216354
15921.607829461718
16465.02792126111
29935.859154561906
30440.105987474035
30230.48093367439
26810.197557156007
19464.802631749713
28233.171782334157
18598.00794545257
18459.107860281678
17485.968955637458
16220.27389976248
15285.708407966731
28642.01584851711
28174.044265439312
29200.443337983663
25508.278361992685
22450.378124025032
25709.68580483142
21397.23789777673
18818.55436007806
20162.64650709679
19108.54392660805
17637.089585645143
28495.871696419847
27235.861903301713
28413.474080860346
26044.82334261637
23970.876003935886
25673.50750008203
23356.63832880042
21289.571431841487
22446.540360406394
21855.312754411443
20529.116671868866
29516.88046730769
27838.558670150687
28859.192490656103
27210.986012300724
25231.87777038786
26559.915169019387
24659.00567412103
23379.92317187981
24115.838180674895
24114.83613148854
23051.724600976566
31906.936432711893
29666.414080117465
30513.26451737484
29394.40850899479
26168.97259474817
28065.37061231951
24681.18281677965
24538.259894148818
24874.27415232245
25990.218578599535
25065.714254325045
34007.96629611803
33187.416363048265
33710.775675316756
32104.077016269614
25067.010497954023
32418.064186464882
26514.47027317813
23491.42664331414
25029.507903388585
28742.23538986993
27573.28797725601
34525.982537516524
33848.473383568955
34090.10812539146
33707.10776162319
30515.74713818159
32502.67449513756
32183.515349913276
29471.75050050526
29381.56572547153
32918.305419751116
30703.936191707995
36153.10386238666
35383.53850625131
35244.35003834934
36907.302080365596
34923.81853228153
35223.7002015068
37218.469389829144
34866.93709853223
34753.71334472377
37628.54645727377
35232.80076460475
38132.53788176973
37983.09695201332
37151.831160431226
40610.687753020786
39276.80587839086
38713.212660585545
42219.23827202517
39965.81631139881
39689.03411714066
42724.18846285168
40116.17873656955
39365.424716398986
40797.985871957506
38952.26036596526
44762.42874275049
43966.87761299223
42607.82097526561
47358.14830052217
45268.62783327323
44813.30649694514
48066.76410567535
45414.58305089103
34664.376939116446
43250.82735409266
38675.89753350799
48820.640342178245
49211.39926418216
47166.89122106041
50282.818527465635
49597.36280424584
49471.91838447905
51926.36816687571
50422.82636500514
38894.088261390105
43080.204195187136
38444.783665037125
44590.84037150321
49149.60155586083
47060.09911187004
47291.41370950463
49527.21213922406
49423.028473659084
47852.60561651835
50302.299983982346
37239.64055887745
40377.680748879895
38271.450229792
40475.8921947738
43920.704918004034
42413.80325086029
42343.15900152316
45154.5507742264
44793.66720772707
42409.96340263461
45121.229954112496
34820.37623290765
37489.088996558596
36047.06890289222
37265.45074589427
39647.06014691523
38746.61128002615
38116.166408985075
40114.994370476285
40088.81659966396
37372.559319386084
39814.39186603289
32378.274862097005
34991.68208314212
33599.676119789656
35359.21393299261
36618.01367134635
36096.255068494895
35185.03907084426
35829.343801912524
36467.681661671755
32715.92980988319
35029.30102537774
29491.350555025798
33281.659718754054
31081.870445087545
35758.09566627782
35614.83400937961
35194.91236340292
33873.881451270776
32219.758373437395
34347.24055969117
27437.71632481268
30258.313680905914
27829.07842563912
31851.15207224807
27299.453129241345
32626.050256018247
36393.95597985074
35700.655833834186
31218.23993701278
29596.230797741053
32954.66119931466
26130.57273865734
25344.945221905728
26455.502104188152
28888.404598746445
27216.615964911423
28602.651077177456
30504.54628991112
30239.51179572359
28335.589893917477
27939.322377713168
29550.243741786966
26400.14032485583
26454.710481910966
24975.991581823473
26741.507374449848
25689.368258230854
26868.312522285556
27787.719608721723
27516.53335456305
27030.909182222287
26874.665656483347
27515.860030267482
25834.03028000104
26161.726973120763
23745.592133140944
25638.704858995123
24326.870872537715
26816.262003271353
27069.064133500466
26629.056450102315
27146.330062072062
26214.18476679771
26882.097857632623
24897.003413112463
25434.387496681604
23118.07947421773
25870.967477569407
23267.490157953318
27692.60248703
28333.03395431296
27384.532192885996
30403.576967760782
26044.58549273337
28073.522903732937
22255.266916860175
24010.432034584934
22396.837729921204
28573.790007017426
23379.59781315628
27377.54901524275
30180.004412723134
26945.803232972063
29374.246627921195
26200.077758394942
32763.585294830107
23936.567568391205
20834.727284226115
21961.078846684723
24599.494832486438
22134.671337025862
25860.71672895679
27864.43869470162
26534.99986409088
27916.73745105661
27105.77837172144
28131.793157226282
27318.975202611797
25855.843120232345
21405.780739280195
23617.404485030507
21731.274579420373
25646.998708358107
27246.88246938733
25577.0038431164
29293.005822796047
28760.43314990236
28333.18296039807
30264.770551318317
28723.66335099624
20701.719350970776
23263.786325491492
20992.148318213134
26613.702910633005
28804.826303526745
26023.0467868228
32912.55012176503
31879.906191164162
30829.774801347205
34003.093112890245
32025.57591739746
23455.787498674836
22882.101317731038
22392.773206454458
29054.059143589377
34160.836710421114
26962.74357545987
35414.99020559274
36819.63454246633
34465.791099594855
36101.10246672326
35973.40135636788
31454.722831701794
28929.506053772686
26930.297320408125
33529.6292205311
33659.20338540219
31283.322291661025
34597.33730431965
35664.756205818885
35074.35068382959
34736.94911668875
35490.88133446262
41834.95406159971
36505.41591839268
36481.52786375927
37942.22095502821
34821.86122941843
35830.04975583529
32711.72952446231
33572.26274984903
33934.93445916333
32715.91684811148
33829.965668513214
46197.08837491539
44406.34043754824
46424.026234134886
37471.53352540705
34085.63778247591
39251.822563778944
29321.29049097656
28447.158064502008
31008.81873985296
30417.49896660869
31620.232077853325
36836.170806351736
37374.019333270495
41530.8169436412
27713.050176132227
29479.450361705123
32854.17181108031
26210.32222610311
27391.484110827245
27724.864698109446
28016.560533524138
29189.233934344375
26706.99607540702
33585.80441039424
21534.011945660954
23528.52225165895
23647.18687262968
26901.003039122756
26704.340633538144
25008.2659109274
24711.57820972127
25588.89270310722
21615.14628498911
22705.695679625904
23271.71107175407
21252.115450095436
22409.776223346507
22951.84446262108
22252.980335166576
23866.3453852385
23914.020288108142
24566.5147903909
25857.58184024571
25097.194295729245
21970.968625993373
23853.521471217082
23292.18012075503
22152.087053961077
22241.547694178204
24425.76992143102
23308.443469617116
23309.88718875109
24788.665544849584
21501.742538752445
20698.974060823777
21954.943301329524
20747.260717282417
20019.303020289277
21107.44237058251
19213.469348257568
18569.68994148679
19037.901287435274
19075.93475102826
18821.782339672045
19560.88678994825
18712.936696731027
20409.22093640303
19268.34346344957
19152.65135588502
19927.586836055103
18932.961832255394
20822.13250344505
21637.77272561004
21118.53072606673
21742.859120640707
18529.724649994412
19945.052443179124
20044.500572382956
15840.35492217965
17218.80956859352
17124.143233015056
16428.99206440089
17831.694769203896
18689.843286873253
17442.73283938089
20287.662672805633
20012.549761045633
19570.665772231336
21119.13372201272
20725.178685068815
17484.397452074714
19396.70934033845
18491.687144209107
20309.830814644843
20736.872852943627
20616.004585592927
20303.76048944764
21009.217555494855
21241.023363583743
20326.449764613957
19804.785603198943
20465.924785222982
20718.61784334987
19608.981736530004
20398.01995158075
18485.14787180572
18392.35482661574
19118.47873351065
18854.9656926186
18990.42843559573
19238.369014526947
18951.37773764539
19782.325663919022
19171.073921912346
17599.90499303413
19176.442122140626
18430.03138336283
20614.41824801312
20542.182970570266
20490.896625354035
20651.852513624257
15451.411452512748
15951.53148771712
14770.041237834463
17466.831483861613
16471.87605144328
16398.88996126727
17539.68935735448
16996.99166553109
16045.870688214298
16660.162092485134
15741.749120067268
15904.185045986425
17038.186855527936
18030.23075077433
16823.126039775998
18212.250788600377
18472.704294047813
17591.23021212805
19236.940951112552
19970.278394707733
19898.612973375468
19423.25195812183
22726.83792119695
20362.7649616568
20415.40136221985
19190.72076859341
20956.507721611484
19339.704065360216
19090.062652336153
19754.76857606088
18512.130887672534
17976.78004674432
18248.09044114776
18407.119846088717
17386.52340158438
18195.054006061364
17317.97062438932
17142.790429763372
16889.633769686567
18291.468246754073
18573.197663484094
17953.783042534193
19419.042152453763
20275.669011107027
19758.197047504502
21226.423678335697
19882.72351086521
18534.320661648868
18632.910300431253
22593.69767920123
21039.342825767802
21200.35827091839
22185.756282167837
20691.342942893207
19669.770611944034
20877.12758333086
18678.91071131663
18556.64955741038
19624.839316589656
19115.425763296706
18884.008567825633
21407.08930438855
20181.5667945573
20463.01777814167
20240.93560850991
19455.758391613243
19503.586369634257
19840.38147969429
19307.72880483156
19286.02467446128
19079.61672293691
18849.360755419046
19144.078795190206
19078.669426479595
18721.245532192712
19076.909936898344
18319.081977500435
18279.374524749328
18522.134485765266
18445.46001971927
18372.113134704246
18547.03166226944
18367.125106132433
18673.734688930614
18404.987096864785
18038.58261013066
18299.194523220005
18231.9663249528
18113.80195596925
18803.944270205026
18464.17039876288
19120.55656938961
25600.237280659407
23911.41123483208
24066.35539791339
28687.285604566154
27200.320902301763
27166.63134998455
28736.185156991887
26288.573973304912
25206.565865662556
26935.012492979
23153.30820547549
23621.412424067537
23712.01541418028
21621.94943364306
22477.145595159665
26930.375064948385
23515.139851821354
25173.022474080724
21863.641926540484
19693.618000899107
21113.447766734265
21514.52818482429
19769.311094755925
20674.571025518562
18847.266790700633
18481.53406579131
19028.224104895115
17767.180522454353
17837.230750504536
18451.849565187527
17403.19404358721
17590.336678410982
17915.23335057893
17646.93942778481
17935.766478989815
18143.19655970795
17571.488525629018
17729.306996813408
17800.32640421731
17420.482139977947
17142.14330238174
17415.64726947103
16447.700348196628
17335.731748782877
16926.388221007037
17731.713319556806
30691.21532189437
30598.03059422628
29981.33129390627
30447.41303943558
30952.894429606302
30726.80212501132
29927.588395797015
29853.773529593116
31037.165583876274
30653.64734096056
29700.11907674985
30345.642748127684
29511.728024287513
26745.795299280864
28852.670838787944
27528.123259658227
26133.258062476514
28524.230073060047
22901.409784225605
19676.990744742856
22386.41525841805
22690.92951464199
18274.98418970118
22123.29720861078
16941.34053439207
16491.6081433086
16931.360222513755
19055.475225362137
17388.42967094739
18022.39261472168
17839.937939809537
17732.1978210929
17260.208466560805
17506.05950131027
18196.679946627002
17237.2975665188
17663.020069296806
16597.768420845903
17645.340202976855
17246.232791785063
16636.36703327699
17356.945902490846
16353.99245697255
15733.855964769791
16094.77716048692
15918.847423739819
29659.97827166911
29794.19821443376
30055.424983518722
29014.318359639597
28814.38894974082
29304.190732306495
27731.636406365433
27114.348827544338
28578.800653389866
28088.875165616322
28210.530904639345
29200.090068905345
26277.876499615155
25002.306640154322
26796.24446480286
25656.830095344492
24542.381354316378
25910.677220165362
23114.657495482414
21750.034691279507
23094.58951339308
23117.0832126798
21201.757471625806
23029.814525680787
20247.5439165331
18806.9552331651
19775.954121073373
20715.80989866352
19534.579328408163
20540.5512301735
18890.394994643597
18081.008063936104
18486.0910546479
18725.875448154762
17726.443812691443
18184.804961437538
17419.364267269004
16892.093225540455
17299.094992027203
17634.392801787308
17129.129927361995
17543.483348537102
16871.287145819366
16701.726071085548
16810.640100371107
16550.309285741718
28687.368403589615
28241.675157825433
28809.102112194614
28695.64918950213
28082.883809332932
28650.108011629545
27453.40057721862
26459.454467868996
27369.13767566288
27354.366316402724
26569.881403610318
27494.296574286414
25415.54377764628
24317.095032104105
25494.816897934805
25513.635145744418
24274.540058356302
25419.009031664762
23095.75937552981
21909.227922616272
23088.72833011583
23084.667825958506
21912.59135353429
23101.537238116594
20830.003070742237
19820.714272050565
20805.38048705792
20725.202695586406
19802.902676296853
20801.775161231595
18814.92289542061
18185.529007751313
18989.765228738113
18933.30853603089
18257.33179349274
18977.31081105315
17649.078583929546
17215.31841966491
17672.37622826946
17423.45312982522
17084.22984756167
17564.075230694525
16542.26150897227
16823.850928348755
16711.216377803696
16877.05111678535
29005.749829730998
28337.54688897396
28818.37150012581
29465.401422558636
28984.61365834534
29238.34011572277
29172.719842178878
27767.768788435453
28029.573773600794
28533.996371718626
26801.51535695372
27674.57154661574
26063.732238718483
24463.752013120546
25717.758158856857
27425.496381809455
25044.744774795017
26605.180953348958
23339.13891215359
21520.55216212901
23178.744719348768
23251.438054422837
21807.356071661092
23126.447253209284
20398.412731702636
19541.32246387197
20596.186935953043
19610.358498066555
19027.598359536867
20097.194584556477
18014.290080744875
17502.75855581082
18433.7608339913
18209.40639666969
17887.92935456133
18643.745066387863
17036.14080985801
16714.663815672844
17240.138206428666
16695.600114983765
16198.905322127772
16827.058805567885
15332.825751895838
16060.776640154798
15723.616523231245
16322.99724601789
29592.78898064605
29848.300392476405
29614.78385234014
29687.195536361498
30250.357780844213
29626.851395057234
30000.01525110794
30476.53384054455
30483.39364018738
30514.81019233063
29554.245964554637
29885.75834400032
30001.53541085443
26566.66871903551
28617.659464621815
28801.660338720827
28228.257252935975
30031.641601972748
23773.776251900475
19669.67151030224
23489.43685999023
23607.21976397813
20572.19166009313
23428.286235824162
18107.18875145638
18113.62207602009
18891.90147215804
19349.245357245498
17676.85201272939
18271.927605157165
18407.316384810714
18586.237365828383
17940.985374555516
18108.20051432416
17641.802262779565
17904.745616721066
17057.89206838304
15612.617095534155
16748.508886413532
17313.11338535101
15497.338654888985
17229.62298532048
15482.230626104843
14318.012450008939
14542.52509399789
14868.872348114839
29387.813658870575
29571.175293221204
29577.267786267574
29015.13742568327
28881.1361841156
29186.553352440842
28121.162109694942
27712.01173103903
28832.581287295892
28412.302338983576
28846.91622487078
29383.62619050668
27134.93586529434
26077.835033115178
27788.14348363846
26544.610755516907
25545.385638848078
26747.886064303042
24389.65595643448
22903.442817789153
24055.20466820807
24211.404388326348
21861.600230853477
23913.55847475572
21136.663081287228
19429.227908018067
20356.22279930504
22272.64723102722
20810.291529658545
21750.912845966595
20660.65730290043
19406.692103590987
19435.58267896743
20054.18439724035
18347.883568226793
18871.82650638345
18207.696788694884
16931.0875149038
17661.597760489833
19519.981781942515
18368.666984552918
18848.747254313777
18805.29151004187
17219.448046847836
18030.785305365676
16377.646879648755
28841.640632948198
28486.530644660605
28898.24975373823
28917.014342228773
28418.17794030803
28847.867271656272
27986.737087869104
27281.86742520578
27878.012795428924
27894.026787746083
27277.126652159222
27948.49271609666
26492.660440188258
25558.602886645967
26470.7745820634
26746.297115403526
25838.677794996227
26588.925890060662
25325.22941734622
24297.215196022884
24817.79851629841
25063.723397823273
23633.38750451737
24592.056308053805
23170.385710055976
21944.511064140093
22738.53494197733
23955.74393670926
22920.959058660155
23573.310861475802
22843.30358399497
21874.847742503895
21819.858490681734
22349.080722749288
20674.85036149179
21255.02056874033
20862.252653455256
19829.45176851534
20201.19831281691
22093.298325230666
21208.400258393114
21491.34742195173
21702.69697754979
20301.231965418243
21019.67299870904
19562.00960196613
29247.713405902923
28643.259917159638
29049.629233020747
29833.429809881927
29148.69312029286
29508.96892307295
29091.136276203688
28158.689309564157
28390.249758325506
28700.002658325706
27588.139529182645
28153.16786742545
27221.528843738466
26286.294467216387
26957.284069257017
27919.648605058217
26865.984378618614
27539.873729487343
26475.69175073585
25514.03914445939
25884.79992107308
26177.196523243256
24931.74540346013
25600.040647746588
24632.536315525977
23757.48580316236
24309.03996846694
25153.17911603689
24419.561054636644
24918.271000546203
24312.501117144377
23781.179622014864
23694.73184458622
24040.43268512521
22925.83880264826
23293.159411976383
23169.340012397548
22467.346348402654
22650.15838079495
24060.522646562713
23597.149836140085
23639.060966317244
24245.356969892484
23011.6503605599
23632.129332151228
22366.58678467695
30688.72038817472
29964.725416937403
30227.716694009032
31793.59954561751
31156.834454842632
31211.673288378242
31762.8962364534
30431.893380763067
30181.224560332856
30908.660532186048
29049.6685083417
29581.601792964975
28950.73604137843
27604.533604952558
28382.894020784286
30629.65482342267
28636.921333659855
29678.094577343065
27758.797407712642
26270.97133910801
27093.706477891323
27420.552595844914
25994.154110818035
26780.226974736357
25408.674983357447
24816.814003548126
25322.8615750077
25242.184583735318
24820.22308961632
25388.291061120697
24403.962729045223
24590.249106527084
24582.825003472695
24548.66023277564
24374.072669694266
24499.438508408693
24719.310559712765
24600.649255509008
24421.244507833588
25092.295265421948
25518.795828093724
24945.81192946446
26926.615309408844
25488.215624958677
26165.48922024677
24857.814783851714
33348.57420191394
32772.30159313993
32450.972631977755
33596.95735258078
34087.2944495533
33651.59119583548
34024.08364435448
33694.73302533761
33442.5105382131
33890.834035346066
32389.744791463818
32670.362707756824
33364.17891630999
30523.039838212688
31891.663139946857
33404.36248772363
32768.33094678719
33812.48608751533
29838.607454111152
25850.31151447573
28443.112388271507
29031.05139792755
25947.76963329208
28099.236545931988
24795.26357144629
24607.546421864143
24980.963805862746
26862.68623208434
25609.686102036416
25444.20810085602
26210.057991720132
24319.15366905823
24251.587644485684
24916.526515754354
24198.822324264693
24220.517894523113
25325.76960477259
26564.27229467538
25171.906343774775
27307.732670573227
28213.55582012604
26048.842660041868
30030.72282880587
28337.022380536233
29177.63577019799
27779.403428282338
33905.648655195226
34001.35657405249
33725.85344707775
34403.21644941283
34267.6237700348
34130.82011059373
34532.63491347469
34049.7723475667
34087.04743212499
34254.32380777766
33799.914015239425
34031.192913066705
33327.018402890884
32132.140559069674
33218.1720877794
34111.22761807187
33045.14478621009
33647.05597113379
33231.960990123625
31666.58833700892
31486.246990361506
32345.72460698895
29269.676133256395
30653.947736973947
29792.896654185253
27899.62568141866
28366.30779902476
32405.937551817733
30816.707386816208
31132.97691948509
32135.27966736592
30897.369354602466
29268.497858482016
30738.31911368304
27952.726501904082
27736.032104867758
29980.15420304825
29663.020225105014
28657.506507886697
32542.898867962962
31796.535052470936
31275.600417074365
33338.45557604577
31477.695849121566
32367.389488308734
30697.906364907
35064.57357526043
34852.01951345291
34715.354575365614
35863.97464010478
35683.39085027593
35457.389548435174
36410.27293472113
35972.51343966876
35353.47806617824
35856.85937585046
34845.88756878275
34900.29614164777
35335.79214815898
34440.26296404234
34687.13839026994
36785.16260824069
36046.08141389669
36033.811683379645
36997.17339340531
35993.00980956096
35073.165007993055
36024.7811003494
33853.0493182819
34141.8987052079
34809.50601218428
33492.24703709128
33625.17546674918
37142.52127750323
35985.79385667903
35974.53098153192
37307.83401708695
36138.56988975734
34772.428546437746
36039.8160697527
33583.124210190785
33477.58316952949
35025.512642122325
34063.713092438746
33789.598235535464
37521.97023775781
36420.7726556107
36271.4765089532
37715.882709713565
35447.40265954165
36564.31386969426
34369.546004519696
36718.59079377129
36651.1916331003
36291.65559232024
37528.14434922233
37655.732608955586
37132.012198787634
38769.121512524645
38698.99238116687
37583.3178375571
38178.36739007882
37294.26131731498
36980.52599326885
38371.078714688745
37798.268583002406
37567.2335352551
40023.53173431642
39650.71944384928
39191.32252844858
41119.976436254496
40409.64305873771
39007.701095239936
40049.89459854489
38165.8644690464
37991.420933766894
39501.872404997855
38450.50042534063
38316.45245004073
41923.88171957093
40938.63097437717
40703.59577785769
42445.93335504447
41279.201029283955
39843.07025985577
41132.51258510612
38684.97120543734
38573.07888511523
40060.33719711517
38857.14492406694
38782.27546611901
42698.89329357012
41410.59056612695
41373.215217148776
42673.17154101889
40122.26437110643
41384.47261986138
38899.3467178397
38151.31401173327
38580.52959314444
37870.42077338358
38383.61373352439
39238.057506232624
38337.91259390917
40627.663455440794
41456.78097853866
39850.07596280998
40297.98646380796
40109.532213732426
39335.266613929336
41737.5356334689
41594.83809641344
40875.81119739174
43501.7173176039
43658.822563472306
42609.15823737084
45780.49723467235
45232.88269259063
43360.45994424352
44543.968406510176
42752.73922200857
42221.67638989911
44457.27312577603
43516.184653035256
43178.362460773
47024.94330689037
46101.98322645175
45743.94733083168
47586.025367127455
46568.523707796936
45074.19206785865
46371.86431826107
43931.52334762377
43762.35580921809
45385.20437269301
44054.51007745609
44031.725174853425
47948.854427169645
46758.216240018926
46703.58648007762
48048.85483839191
45335.450164390306
46694.49415892678
43982.130117005654
37869.34205957781
39237.77047248262
38239.118514401
37654.079527549606
37257.98538233814
37410.31496051904
39618.82612657446
44181.43387210279
40647.12873636387
40137.25331958632
42645.85428506329
40773.49064010565
45488.35386525273
45932.641346160926
44443.92495721862
47300.92293556245
48289.38512689751
46632.864106393055
50261.157695703434
50550.269217923924
48427.927233468086
49657.39761130428
47859.36241834614
47078.8803689905
49492.21050881213
48509.11710917497
48298.70900326832
50987.637448834445
50107.200938348964
50510.20501305118
49893.35246174278
49903.8598683835
49443.33987778422
49842.233095023475
48826.08818165821
48646.555397377524
49972.99655565093
49317.51656129597
49073.14939153988
50762.20482628466
51301.30072621999
50569.15826355168
51716.82157844363
50702.919407263034
51765.65104623505
49409.60974010613
37604.22105745616
37141.863952588414
37274.80157290301
37835.11243302027
38884.43268390681
37830.312054434195
40237.99709385556
42405.11256059744
40449.87106316727
40481.773991376656
44093.670464140436
40034.92445095407
45354.65510081934
48234.41709220467
46564.97200550062
43260.140585013316
45794.30888597775
44251.009158946625
45660.828552881125
47783.50632086173
48349.38848816743
46970.982727172195
50518.17347752025
49616.87342203389
49442.21243464587
50079.625693523165
50483.04727377095
46959.559888956624
48446.05974798827
48232.92168634746
47503.92890545578
48731.2358725074
49387.011369993896
48572.9086595805
49868.61193211503
49813.64908569834
49885.39890503134
51238.8722907881
50521.880327028906
47793.475780827765
49140.61923224811
48941.663429912805
47776.56250589283
50557.00745862456
49188.19645434366
51692.178210612314
37337.06491577395
38661.68400971241
37656.42653359096
36434.7126272326
37785.22879299256
36914.752198151706
38073.09074635184
39651.8249281435
39299.63018551688
38708.19104879613
41076.76629782143
39821.529455102864
41438.416483832014
43467.480797018245
42331.6089835606
39729.70726752344
41418.55280406525
40571.29635969216
41117.117864900036
42757.332943233174
43250.423671391596
42150.63518292745
45153.629052425415
44419.293248117734
44438.5849532929
46047.010036277126
45692.592771148484
42052.26997529025
43552.09738560126
43219.788890567004
42511.4076449077
43852.16145287272
45019.65140089508
43756.11528446444
46447.805583203924
46294.31425965742
45189.93091901751
46505.06558690124
46523.15458653941
42537.03445332644
43754.889589213926
43851.29717700805
42191.80968850751
44937.641754586344
43557.07474738678
46357.82980563064
35332.76359415842
36657.73679525904
35895.536813832514
34134.08832955786
35439.66729295172
34742.0153638499
35506.8451351157
36804.51184836257
36777.61789780039
36131.25238167437
38193.05842029776
37431.889031168466
38149.17235305236
39584.623548488984
38916.997296158035
36754.954455007944
37965.65777806297
37428.85602984123
37667.669478363176
38752.9147856343
39249.54042225744
38420.66864350754
40615.75708457534
40149.49464324503
39921.52984846556
41184.64711713339
40952.09808828239
38088.647213280776
39064.05303349241
38962.840113208695
38032.72436610516
38962.36376847447
40151.08837903438
39058.624018031245
41322.1393465686
41304.997812804875
39994.047923138685
41088.19812831891
41247.1998458644
37642.94187205821
38578.48581067298
38799.0623996586
37074.723864247186
39575.172474922285
38313.05410690163
40862.968726023864
32884.10543226409
34207.37883992947
33519.2927129283
31571.731919959886
32985.56085968552
32239.185841185612
33217.445202384086
34495.03499924537
34314.8486394089
33755.61082377281
35556.03928540796
34894.19768973795
35608.07936524227
36638.74791589484
36142.90614506132
34782.45356563499
35668.378887485975
35146.988231183204
35702.62129744378
36124.29801128766
36444.97658570751
35995.68740775018
37226.861775304744
36996.76718318168
36619.979335501215
37249.48253426187
37306.77022128606
35596.86477357834
35774.46886982788
36037.68739857783
34618.484164577356
34876.47400613434
36188.35199722956
35369.708072187124
36825.17906244739
37075.79417137939
35434.63395996933
36192.26383800184
36523.43237524594
33307.49220505582
33878.37382262526
34367.02085059101
32240.134305173713
34666.22581707138
33463.39047864086
35864.3380848206
30147.036384390114
31747.700330981424
30871.85000335006
28908.78074133129
30358.38341225167
29430.3978203553
30641.747942017217
32924.99269591251
32135.876817449996
31504.054087367407
33645.16278525522
32688.526721057773
34364.99516807237
35191.666962665426
34520.28490451724
34412.06088940571
35389.70667634929
34327.34407680351
36408.006183310354
35837.43622533919
35636.16106334014
35917.3614123291
35601.6857462738
35571.45557043175
35149.232202441846
34708.79172446415
35293.46958296107
35309.02088317451
34085.513260750515
35169.47166673877
32310.3994072596
31397.51004716479
33328.58064094011
32788.239890363184
33076.28694050717
33933.07788004918
31148.84630373019
31518.474736798275
32240.006770623586
28928.324436763378
28905.189376062135
30030.194393745518
26679.71499716206
29658.807132364258
28240.995163213876
30977.356709426294
29509.919756111958
28020.463130288204
29607.458015564072
26987.502714576138
27936.53672299872
27498.221660914867
28895.568360584213
30973.737052778022
28812.208593107844
29031.59943196238
32332.39152475688
29409.526474125872
34004.68267589239
36178.37005768025
34521.10690529281
31614.70669105589
34127.48467834904
32802.945515495776
33112.18519109806
34605.061844944605
36320.52954050229
34752.73718588539
36850.19430022109
36838.49188095706
34827.10508422048
33540.718745951584
35379.73641014128
32308.081797357183
32154.60247907343
33607.84102227554
29930.414663695206
28969.389243662972
31274.899370460742
30601.97352287318
30126.726887353438
31840.311938355306
27431.4006563105
25951.052433006284
27990.72364396831
27229.751165358004
25748.736573378028
27248.80183048892
25499.639645810188
24156.725033480972
25003.71724130608
24852.722983307147
26455.010233536228
27557.115665393634
26716.89008289598
25841.775446303895
26842.26848941265
26162.850590204085
27083.720061081396
28257.673032109342
28042.293687830177
27557.103807839565
29569.2698115652
28514.69116732731
29660.306348001628
31326.02191873399
30569.016477606652
28209.931093429244
29341.808077396974
28876.35127778231
28819.246710985633
29584.17597281889
30536.893147394927
29587.756370208444
31633.939272122036
31701.831984833065
30153.20472367431
30329.624724511967
31140.992954667196
28670.446886004873
28886.419492680314
29337.290392479365
27882.494841542255
27650.287657618428
28778.501873214005
28300.621417268747
28241.531656938903
29322.731640889666
27134.037075368848
26356.722544175114
27207.2703670111
26859.79668490358
26459.867062308535
27012.79600658947
26028.66921752184
25968.66277970023
26035.718570760004
25801.988024479542
25146.671209782664
26068.01315791178
25500.47680429344
24415.842397573786
25324.53381538896
24784.085968967356
25534.04156195001
26367.616809555657
26232.765352774368
25863.119000054972
27180.86474994041
26640.73468244532
27180.408574105408
27997.611717145992
27647.535621377217
26512.750342023755
27140.950472156925
26803.128935860048
27104.17391842292
27443.62275859437
27722.919485797967
27358.75569694794
28249.709259263404
28205.38767257696
27713.26248704047
27879.949041830467
28133.66062144124
27179.608041413467
27233.21571500804
27397.1063210043
26788.425864913355
26664.878460085467
27223.75447114421
26977.21593647094
27111.713768898793
27525.586885624456
26509.262307833276
26296.025682896827
26688.35286333642
26153.806218049296
26006.18536193243
26329.781953136397
25553.554354208653
25861.410517573175
25722.56208558867
25966.186164455783
23657.434757124418
24642.56356293488
24043.1341029123
22835.998889020273
24028.930329938514
23259.025193070396
24672.44736929603
25539.074732525114
25003.87283906634
24808.41012302301
25813.777564329106
25246.82724536494
26191.835217706113
26697.27174864005
26307.932509404563
26249.90724003322
26667.964745656558
26170.08334433016
27214.613251654002
27178.765518987853
26926.12205073433
27009.58715925895
27081.77827756454
26959.060924393103
27051.298160176153
26912.18394763168
27062.195982717556
27404.47079925845
26952.614866052634
27159.04703856613
26675.470979371778
26126.682571049536
26588.725729027003
26590.191366408646
26333.33447453838
26657.42888335597
25812.2169545826
25645.013867300655
25982.095311747376
25442.99939425753
25191.552520669873
25636.959677710358
24494.48289726966
25119.24685941134
24838.003199750652
25354.053612013515
21846.030225258583
23486.7661920971
22371.85997961308
20344.969760664775
23120.322648674126
21203.757829293645
25705.72636484055
26346.023475246053
24692.862399902006
24997.203938226285
25623.840566676714
24618.036714597918
26732.95368777027
27066.552703583282
26437.726789165867
27496.311757380718
27667.90203987505
27113.46285106139
28518.48315876221
28970.75401265737
27927.905690598905
28313.6300492855
27805.463119505963
27532.761609197165
28437.56708933285
27499.46398601805
27815.280065071027
30503.96654296069
28981.141819832133
29323.430030398118
28696.9278208841
26065.00909126202
27214.408076746284
27787.360192859895
26044.080038021977
26868.577990008132
24884.993415775465
24518.832961385466
25206.534590381387
23679.843211761094
23289.043672794214
24406.993057165506
22058.033188845064
23523.51511514774
22845.784527120646
24067.674615268937
18899.43771413118
23476.83069293978
19111.780337678643
20417.879279630568
22698.71831697024
19863.418330486606
24362.708785314382
26904.706785900118
26770.216900552336
25362.16294371336
28591.41994084676
26845.977052184542
27584.46855095418
27063.573476777852
27670.23466485941
26692.654399032937
27500.788299552874
27248.710154290424
28182.060243502383
29681.286944282823
28394.910273063848
28431.89163495035
30158.272344010693
28432.1340176916
31792.725269390205
32557.616147825735
31711.92067982384
29555.595416474516
30698.405772169714
30679.128903838973
28285.576559400364
26419.126555410563
30018.978497611624
29029.82019479299
26096.6838347968
29875.138815924754
22857.68548639722
20805.958626658037
22783.34956565671
25008.339830118693
22580.208190847094
23997.168726228152
23551.832334270657
21510.708472673963
22439.72927023161
21396.788700889134
20924.349958320166
22237.09170030409
20738.652621123387
21042.87644147776
22049.919000615944
21018.42795932194
22960.231130613447
24242.99958922447
23405.996218220203
23153.90601780145
25095.685623502348
23773.638983887264
25641.911011143726
26976.8450360648
26128.678898444196
24959.66688848876
26150.77674949664
25253.417677806487
26643.755818173595
27492.012667169387
27289.32666662581
26909.225807449417
28386.701697072305
27744.884918053936
28173.401277875048
28577.34351545029
28726.457962127315
27700.292504928773
27931.61938166088
27844.152791573142
27931.22208439009
27417.739782489196
27738.913774670105
27766.32362348289
26846.060906685314
27887.100169850077
26420.963309660387
24991.713878176488
25783.834510622586
27561.989561309347
26612.85034631911
26995.505153314374
27114.949313097044
25502.78722121951
26335.92761942561
24583.132216024795
20925.66769400872
21856.33906442628
21011.63934060279
20600.748827056796
21581.73396239252
20787.946036311012
22349.78046968532
23494.816504321327
22642.593236577868
22496.53454542093
23774.413627762173
22793.78521381174
24610.905528040246
25671.116332356243
24748.85450100766
24512.51181373405
25571.104884423432
24535.06708239149
26745.704725668125
27434.124209369216
26469.97404320551
26553.521977611603
27189.939350483313
26498.329271480732
27873.39955796215
28054.7425904545
27714.870312464525
28610.50496198857
28743.904612246894
28171.859689594436
29786.272695978227
29379.009477077707
28622.49269535303
29141.557411865553
28234.75167063666
28219.28068710416
28781.079453569175
28011.504032627334
28148.41877262679
30247.33022712884
29470.5038244698
29477.234692584498
30186.955961779367
28625.265810648296
29394.412072387404
27870.033940390844
20091.25939167461
21205.57045163562
20366.606815627038
19429.013227548858
20789.002076817625
19770.770744175745
21964.68761495645
23224.728973346613
22060.88079476494
21955.26910881519
23321.689464665295
22201.626067350993
24594.582219353557
25799.585563993387
24535.554682239977
24714.384592665883
26305.195992431916
24669.784329698286
28720.950191166015
29590.216225829718
27466.60448839442
28012.68175438508
28202.36180898262
27047.319403810325
29938.610436976185
29983.029746106055
29194.71634163141
31982.048237671916
31821.943299042803
30863.89414018231
33639.53380114955
32949.923591790066
31476.991926878425
32517.76656901118
30927.95655806815
30563.895557295233
32053.584347000808
31115.207145415192
31103.017476136247
34262.8793268682
32993.18082483603
33105.33867913335
33534.64868762
31855.10247335934
32710.694613283915
31006.412354611813
18503.81623782166
20994.280942872
19068.012341259986
21654.473021749815
22969.58011907527
19521.80585107686
24697.049751598104
23824.679369021356
23027.696479405768
23794.47838320175
23144.65584981557
22256.107002398014
24580.412849933844
26875.54722654864
24650.555142111072
26986.418082555323
27777.58809150338
25403.92555846379
31568.144642603685
34479.928154876994
30677.011269691113
31293.397707408578
32040.542764877093
29629.316269187628
34586.33952407223
33932.982958767236
33292.976585788965
34855.954988796
35040.02628919787
35066.3427682849
36033.91523871272
37097.05552284424
35513.45911887217
35961.303190596154
35426.27643492268
34714.97455937245
36737.78359302947
35020.63241514063
35523.327636339935
36613.54613748167
36294.17295685751
37048.368486365216
35345.67981142919
34699.45656152203
35095.59537329782
34246.093261913826
26020.338179895603
24974.43913011111
23777.73959910902
30873.64149335499
29115.86697101553
28390.122453910582
32023.625655430922
30710.393828187203
27913.33674458081
29900.677150104253
27232.9189265265
26131.232602591303
30043.99487774955
30188.11822023496
28551.2983294283
33069.16956581738
32392.85547895621
31543.78809828966
33918.07658168319
33910.40471566143
32546.05256353834
33206.533658620196
33551.323802811814
31975.70724451256
34502.02402434028
35309.511561631865
34628.42366329876
34455.28628117466
34836.735093769326
34459.64245527607
34683.57678106015
35207.467682826544
35461.177488924906
35078.52260181492
36117.00268253697
35805.18556625926
35671.580622160414
35818.499816682684
36124.253845778185
34752.27847050734
35125.47242052463
35220.168214846235
34681.31789343323
35179.062471960235
34949.49467186214
35331.876781307816
36177.00232522966
33908.6856445066
33474.18657936091
41856.06131687971
39135.86421717828
38977.14142023374
41412.99070051937
38549.47468607366
36590.622170325885
38982.489162349186
34506.438996472796
34261.35765307991
36237.96090730121
34683.39137334354
34642.47612209057
39407.40093921662
36933.850888116605
37837.721762137706
36412.67167923178
34976.908378510496
35340.717899123585
35945.29364637476
34556.21864282055
34647.632115803906
34340.23646475707
34314.33928472356
34434.61971703772
33726.07892231417
33418.05471342115
34115.067155904544
31990.188872023904
32773.76006292678
33670.98061171138
32941.29453399215
34202.49735106806
34228.88412293891
33642.63567552166
34308.73817539016
34237.186488399595
32025.420734485644
33299.78137988555
32919.853171819756
33467.75220682713
34049.44753797538
33735.629375216886
34377.20491197283
47476.04136495417
44419.9916965348
44733.29270279531
47675.357633099426
46834.09013794394
49596.30140473734
44822.19321421112
45628.617040040306
45572.42104400204
46188.15604971965
42588.321348818514
43716.5103090214
42011.21901898375
38768.58768028872
40858.73630303093
40445.86347005975
39096.92040076268
42159.058606417464
34600.69700162482
32968.21380268494
36453.881989125046
35772.379672222516
34711.40058470497
36626.48081451852
32424.727789964214
31848.685818689508
33149.92034099304
30637.235859888886
30462.38171878698
31579.633086952068
27912.37293698387
26223.08601312936
29421.558106629298
28332.77987741893
30346.213383791357
30788.539337489652
29503.41162026992
32116.293429438934
30895.473744269544
28257.84180889815
31281.978226907657
28323.8598477407
32359.128492454725
33456.291721258676
33685.522907324186
33332.31423453878
42981.44712716889
44064.544812914566
45338.28390485994
39020.61780744121
39042.22042217702
40832.158098002066
34237.4045850017
34477.23331661214
39586.88124101781
36824.72817100192
40303.27105765375
42365.83688092358
35057.87442233252
35300.36076345903
37853.31759480004
29491.290499031336
30286.70463248695
32239.186402997468
26448.63446154569
27737.99281251889
30949.672258619426
28754.609982470458
31021.981657402368
32942.777813239794
28434.41258103898
28501.44329175922
29591.992279441725
25952.962484700827
26913.02092595269
27189.967004572754
26199.403953008674
26927.372118498522
27329.24241468236
26783.198281062025
27521.839692004774
27703.246874062323
28048.59298360832
29752.601427711794
28296.503953831805
26800.08182520713
28624.357747245587
27548.686006672095
29480.97330799224
30472.536953773066
29884.950461933357
31262.808497203107
36878.7146016567
35006.84925397263
37700.57836066255
32189.40191669052
35086.580551149695
26148.326819586415
29937.0315229307
28931.313809277068
29074.96163816449
31886.833348632867
25069.133796349208
25332.471885702635
26971.8728436843
23050.683710542562
24409.83262379919
21842.852877834335
22336.142822585058
22054.227997927213
23849.2357124735
24156.03501796383
24035.811583744144
25988.77237966249
24859.70779525049
25650.12520500944
23651.52000767824
24039.365777199833
25673.681151480705
25198.40408528705
25193.46328039265
25787.4823964513
24639.178271768295
27372.950809166236
25756.855423807276
26571.536121067795
24706.636623809194
29551.768590200983
28864.685136146698
29321.683787971502
