31410.116403063825
10622.543193937092
13605.147695321059
38698.733094118856
32186.94318438446
33037.24802766058
33550.659243128546
34385.77573407258
35501.28746727847
36756.53129077876
37990.12211201098
38975.589376715354
39355.15030740706
38914.80704636309
37827.00692543927
36419.48553971754
34887.83696620796
33344.82158178161
31820.17132207414
30346.677306202604
28934.14209824091
27613.090587407125
26412.706429966183
25399.00984311752
24683.232676131665
24351.398123232455
24391.621210671845
24732.47323138372
25248.393693132115
25866.55993578013
26551.04200798668
27282.60386687869
28052.10925788291
28861.130004956663
29710.725287491317
30604.21323782693
31548.709369556964
32555.070399404387
33640.28163886863
34829.34628998691
36150.32595315341
37488.275135546384
37432.73449874318
36100.16474286838
34808.12229350242
33649.773059564875
32599.803526528005
31634.63681730972
30738.5349355769
29901.401153889834
29119.359894968376
28385.268175945785
27690.981569220974
27033.875095833122
26412.901398886585
25823.140865242767
25267.913886910257
24752.471289487414
24291.769133285477
23907.055958407007
23609.606365898013
23397.60518772519
23490.86667655932
23846.35405351013
24285.938897301847
24818.184852688748
25426.21517209772
26089.54066461818
26794.4058191001
27535.55927462915
28309.56623126715
29116.439457596527
29959.311964348675
30842.8723345637
31765.261601209586
32726.321804923336
33723.1168022451
34747.850371186105
35785.0236755474
36808.31142502438
37780.841142465135
38681.1751431437
39700.72459219494
41864.54778405076
39835.080743911545
38945.46577828234
38181.93065684811
37340.8528036728
36442.85127145077
35527.76261329374
34623.37674391109
33745.91841614111
32903.76782560254
32105.386116014204
31351.561476761213
30636.513610700247
29959.63653248683
29329.700613370445
28736.5221438529
28184.852373928356
27677.421297941262
27217.67714542967
26810.12911418966
26446.263419176794
26100.442095746224
25851.667648399998
25706.482544612685
25576.885419941307
25476.875591673626
25415.062714139684
25384.504303560898
25377.50347312555
25388.93170446102
25415.97404223839
25457.58293794815
25514.157317725163
25587.347630027223
25679.761305231692
25794.249535916522
25932.26862912084
26090.54646006445
26253.920578619218
26383.41961336416
26401.204885635947
26210.144042575488
26112.543506556365
26142.472853105817
25959.517205561973
25657.868553223598
25315.670918366082
24970.65869722594
24633.39875935189
24306.18356540503
23982.557294542963
23648.637144608525
23300.594001781155
22926.707060607692
22508.675376252664
22039.966623040287
21467.34489103377
20722.133596940115
19732.249477451314
19700.08063284393
20277.117766931533
20578.476093073397
20698.318991467007
20699.51431316446
20605.608128877408
20424.410932843224
20159.64592929277
19802.531238512256
19356.48098589525
18823.54922184952
18161.912579301494
17293.97668806422
16282.396204679171
15160.901209684707
14064.544733544448
13067.528256582424
12225.346814038721
11623.42651992452
11290.654557978356
10912.631386562332
9622.938705723114
8587.590280298396
7761.610449187227
7301.834555729755
7314.271822916556
7624.930751216672
8121.586037539808
8659.899717298198
9308.032003962639
10061.301568372573
10829.617906349471
11565.548747549688
12185.21132223418
12652.347214199795
13112.950736182787
13663.76585189661
13927.849160232905
14496.40771989834
15189.028786251825
15937.612894210979
16714.046254729637
17515.989167523232
18262.18546057826
18829.856018599123
19488.01910131872
19948.48762440827
20249.543637017505
20466.294935235754
20612.29978576341
20683.431761478118
20673.45421143299
20577.60291602651
20394.09751856178
20125.344950895316
19763.771306299204
19356.978486283882
19463.028434675456
20279.39771232038
21099.943555435326
21860.65010460516
22564.280329901525
23221.3351698468
23836.26080661881
24422.53662014598
24997.058399012003
25572.349730516282
26168.95360484652
26804.719728280143
27502.335627979053
28283.39188936451
29181.402978512604
30266.37536954316
31587.404715075027
31568.87017094912
30355.49559085167
29383.018240859463
28592.206314915667
27919.14805478928
27339.49622915438
26828.471783327477
26373.06565515665
25957.618864913125
25572.89409904945
25211.115716532608
24866.396497931848
24535.287522734703
24217.81919234094
23911.302128268326
23611.638443881733
23317.916050624506
23019.60685069217
22681.378946192533
22142.185651158325
22197.085472715793
22604.48023252299
22848.190099800864
23054.92023429191
23241.877773410182
23419.14780368947
23586.530629488014
23740.365357507235
23875.29936607332
23985.235076558245
24062.57953566212
24102.180431966877
24097.420139416594
24041.041330907756
23923.934439626086
23737.124612090545
23472.284765878216
23120.960011505143
22672.36607911759
22163.585264599827
21762.07369945253
22033.475367193532
21699.549300771047
22040.413890451633
22481.78723231116
22864.35319812397
23151.31435303408
23348.132840028968
23467.72220251715
23519.462961764402
23511.943833867517
23452.91411671343
23349.357670270576
23207.58422405775
23033.340498774607
22827.01060988094
22597.369513142025
22351.893535739247
22099.62811388993
21849.013185715983
21628.342776677575
21484.709163686923
21463.11401124134
21402.12086129273
21260.86659966741
21239.916764175185
21297.291184045986
21387.361916145237
21482.782573342134
21568.310090350344
21635.25404881367
21678.204544373384
21693.33582592992
21677.681657982048
21628.989189237298
21545.974805309706
21428.913130540648
21280.54758473199
21107.359910374274
20916.68782439416
20726.127077403784
20571.694773372263
20502.17252086843
20675.001243226438
21110.23243744082
21639.345621085824
22227.81901849025
22842.39871005018
23466.491998767742
24096.81004268483
24725.559305925653
25359.710799572982
26003.564227633462
26666.56267799413
27359.226610474358
28091.194577536306
28872.973880229983
29692.46030559586
30466.73009104763
30971.779179793757
31370.15664864819
31559.427189434384
31516.405753354986
31436.976046828313
31388.58826775964
31381.455105208708
31407.989323068265
31454.103145659697
31496.757664224417
31487.752963996332
31311.64922242516
30746.199624462904
30073.720129657
31945.370733090644
33650.92205482795
35017.84520501261
36274.75680834553
37472.5785953617
38536.173346733616
39217.48515473091
39232.84519241858
39175.90620658352
39087.47167377987
38086.463951447666
36190.021960780155
33905.823899354335
32290.869732697145
31813.942611400005
31780.228598695194
31457.97731815411
30654.26543190788
29493.459130856056
28587.291781251843
28595.6659991943
29407.563822543038
30509.798553738896
31817.299420831372
33012.83017932126
36202.98712189975
38575.584240504104
34507.39717623464
34699.82262590696
36066.07039201901
33390.5026940817
33065.11097956335
29953.23199793421
30441.11063567103
31240.948589825413
24123.50468927268
28084.910503400155
29300.805490127732
23528.277779838125
26336.01977982158
27914.272450923483
26132.423383885074
26048.07562943594
26334.841723008074
28638.247235287843
26379.112580109686
24560.995826641236
30797.062852909163
26829.556337812362
22155.474680273182
30720.31249785641
26786.04147612238
21036.583585169745
28941.739314830724
25403.545193396865
22304.5759170776
26479.630611244276
24321.911641976803
22495.81020900278
24358.493571215447
23326.495848566392
22063.826721270438
22079.035465072175
23482.46207677894
21087.19486382931
21512.746079623736
24303.042751095818
20987.963212991377
24862.66385333942
24267.385399476014
22949.920725347358
27765.711869451377
26124.737705518794
24384.607160132677
31208.250795149077
28452.170011584374
25493.926107273997
35616.25375424094
30837.817331411134
26007.976770336874
42210.24552502972
31466.14844933671
29420.950001927282
36126.71915199716
31259.782412946668
26333.601679181054
32172.037310403906
29239.694480355225
26127.234773204727
29150.729442244738
27170.068045186832
25283.06704686272
26725.718730487104
25200.50429395896
24136.950467904284
24387.271458092415
23275.47240362672
23716.6025696168
24061.76737900925
23061.748814688894
23331.477177533045
24402.81387196132
23747.628625061006
23800.79335306421
24641.811172202993
24065.896345348454
24540.708466270746
24881.29045787081
23437.33320315546
24918.46861847039
26362.475490483903
20389.09616439484
25637.61530065343
25571.328542966294
21416.254505287478
25085.990664999197
24514.153516564118
23929.023537389752
24802.945854907055
24335.07166539428
25039.79779939227
24445.01632780049
23983.3862422095
27447.736688340367
23660.932233582247
23250.777471756475
28264.842316529765
22823.47973091442
22616.834154341166
24104.98469172685
22491.657066770313
20750.03382006585
22741.90102288092
20952.460535343584
15670.236968862799
19483.568240066077
17136.082705831028
9490.335068317867
11167.036223818144
13584.626053805197
32844.081975369874
27373.92604353265
29727.45523258462
32665.591358313686
32908.59632016821
32051.218147909825
33347.767652190596
37626.9922459815
30238.154196047384
38249.95835154442
41188.70317193568
40729.154009945865
35488.14120450667
36625.96899416801
35393.05804329819
33881.900615955215
34396.91839744442
33363.95235649144
35509.46184127702
34045.13795409244
36733.48041484313
36374.7820676311
36994.75736822123
38794.89330746158
40942.92342297093
34476.80223999458
34357.759378576055
35407.88801488375
32831.68686311399
33859.86946358395
32885.258541181975
32932.495764755506
35732.881494060726
30068.3024544565
33002.1538852535
33398.63583872325
30104.00847577361
32059.938850861996
32444.78978554155
30822.30346949622
32087.50107157356
31968.37974578011
31511.499163366607
31984.322843379254
24056.20452805276
26966.912291922825
26943.164287462707
25673.68565674775
28894.575870836274
27792.148295901447
28341.367123876007
30439.41555733187
29621.10815199182
31851.936019994428
31345.98119949366
23583.224698391456
22535.141228126344
22321.257334706293
24693.51101304577
28249.993671149703
24098.633420163882
26950.924239648622
27592.108829908928
27078.788413387756
29549.971274954292
32774.90525117593
26568.47251020786
24856.55061204044
25062.57469270236
26001.119228351796
25981.903029624304
25288.69339651753
26157.405845211433
27187.055653868978
26554.27067183337
26544.504436440177
27850.81849916235
29706.79937977994
27381.647489591116
28102.9041744017
27521.26688880895
26212.435901644334
26753.061523110482
25326.572834612965
25479.58265968637
25769.73667211845
24170.89754795155
25358.77916938669
33026.25547985397
29873.982668569763
31386.007940025374
29338.866304113842
26545.660947181088
28334.618215590177
23885.22082914037
23478.995505398714
24742.366454624345
21564.653916863444
22903.777228608116
33690.889437254955
30080.3568756887
34285.07693354112
29817.54521310369
27503.862833351508
31133.06201412525
22934.426316062774
20824.444542163175
22439.38983799595
20460.808838328307
20440.502514845874
30475.891190326256
30177.71540574947
32139.73677373185
27245.54233747693
25975.45585759528
28328.173927767937
23637.38920388597
21810.736262131646
23494.1069112016
21543.189227893014
21046.00620919503
27492.61966507295
27667.920522115255
28906.749830013167
25404.091902387918
24869.277853919695
26290.254965302665
23316.52381255535
22507.395301904766
23549.529730812585
21947.612283477905
21844.482917458525
25014.049040434184
25384.981117548563
26207.801478588855
23856.032730225725
23784.359740425454
24583.9710010458
22677.14220219093
22333.42857399927
23005.251318937866
21676.148486859103
21882.98271037486
22790.77643551256
23332.762766279462
23863.267686015577
22998.78112003734
23107.353476668723
23278.789285093964
22356.375612798955
21676.437668664563
22429.675049833022
20820.59291378186
21330.23468484701
22708.038540084868
19675.622992444627
22713.827101630115
23333.099185620405
25141.82390723635
23472.7147926046
22668.103781989237
20155.29187347681
22372.854006788766
20802.821999124597
20183.09443228856
25356.439833527336
23419.047769053504
23897.0900943614
24608.15829785452
23840.488759757518
23743.026303282415
23636.32264987513
22097.777249884337
23048.60181327567
22502.98338816389
21724.32150922741
28477.734495518263
26271.359660076105
26871.416521757976
26981.99030273968
25099.949447138315
25713.10991161081
25228.82793925648
23695.529135108325
24391.63526975496
23691.94067714146
23155.808545040778
32132.350950328266
29398.505887775893
30218.2011348285
29943.50526511596
27255.590353100393
28393.046201227695
26910.298783725528
24998.76648310485
26084.79597702808
24333.095165999213
24100.575773229302
36451.5161096769
33251.52634537107
34238.50270346636
33608.332324755305
29678.51114343175
31668.937861613907
28254.064781804667
25826.79373551658
27657.256767622108
23986.36654973052
24327.596086680616
38581.958682818964
38534.530687506835
38245.890854442245
37762.941565904766
31608.225455378342
35803.91484573256
27382.474986831934
26451.800040189424
28492.498298390063
20647.098364614143
23033.204382452834
36976.59373052342
38800.17143142454
38520.965155616446
34077.19043488267
31819.9988163084
36046.136242009416
28624.465607638936
26616.497863227785
28678.44865267414
24270.59677744674
23170.87635022645
33148.592821535276
33991.36052410698
35011.784447194026
30825.66337062171
30291.91748037155
32354.292227087193
27615.196888689694
26310.33759093797
28201.056464464316
24906.278712656596
24758.837674089773
29977.72347406229
30575.046979470804
31473.762600085538
28191.056019682885
28193.053170967032
29451.324211263018
26175.71085447043
25769.46821665663
26926.519918227117
24540.991056317533
24809.527871749386
27477.41792205008
27873.753367332443
28654.897366715257
25970.598255676414
26173.06377051449
27029.057707404587
24566.570262629495
24718.274829421112
25385.757020089844
23758.63700841708
24167.026977355832
25710.120496369498
25674.03067009366
26441.05375881634
24906.261627383094
24245.1861212163
25100.34614015116
22378.02868760292
23651.843076636236
23669.31633307245
23284.91119417992
23430.318027646877
24847.136739496036
22681.291824433363
25795.689439677943
23990.293810432322
22563.072530987913
25642.18834157472
22602.772900615768
24679.398015470993
21033.89992745549
23336.350640909553
22919.174298200363
24872.358804794665
24272.933928353596
24812.592692549697
24019.5919301454
23435.76805243814
23867.25501936015
23672.98752014475
23436.397664776312
23256.156240271746
24006.860999482426
23572.950667861063
25095.257382420565
24530.874737352606
24967.90435691297
24253.7500927028
23975.390053679534
24175.48340226437
24168.483749468855
24195.068508100194
23986.395529932175
25059.29797399428
24517.712979296404
25596.831074637965
24738.55844572257
25279.408874134107
23964.76161505338
23935.7913117339
24200.250779435526
23790.760616272397
24791.894285272683
24146.788873963873
26257.660645438482
25623.430690073692
27302.317164298467
25265.241353693706
26205.123253260543
22884.991029202545
22330.894665381384
23511.099204942435
21104.70922159959
24981.04077703018
22900.540309057167
27719.987960326624
27048.649838198464
26432.996689389278
27412.39775934232
27995.24487506391
23161.78985831034
19234.15430335267
22515.41914426257
22111.341502839
27375.361715015108
19484.6280188879
27359.895978574084
26915.755938957725
24701.47521952092
24802.10739441621
25366.6751853459
24145.859049185772
23015.29876015103
23722.81592552611
24159.423186373846
24869.28344731365
23446.126868211213
25562.39675118969
26392.245778672077
23798.09105304442
24397.268056580007
24225.750662178507
24806.349413361026
24505.18420696135
24473.608730679734
24874.480463622727
24661.173555856305
24555.495940478595
24041.06167674707
24818.390693736852
23018.935275111147
24256.105948789955
23351.03383596248
25563.126545768922
25833.88268246338
25219.9163731065
26098.395473123102
24153.87556023605
25331.289427331416
21987.385550194376
23119.093257408105
22566.293190639946
22939.057664429343
24152.462342587263
25070.358409975845
31645.191027941655
24550.68173773872
26009.3555678705
22583.834784702573
26565.806516323788
20933.872862436947
21144.88315447625
21526.293874648425
23138.873465678436
21918.678684580897
23639.92273163838
25505.767279496387
24520.134560896593
23601.312740976613
22843.71021663739
24660.890148413007
21405.765470350365
21297.632430458652
19906.001897118218
21888.053062457828
20911.30435044302
22215.923428382583
23254.808174476344
22875.805731762408
21864.28784158146
21920.6721268157
22770.656773279115
20649.076692478156
21174.033684245554
16199.656223879758
18299.352075601615
18598.75750675877
18509.67246608076
22506.501992077232
21660.91464429264
18002.171167690813
18970.4529764891
20379.030467679782
18591.812804906283
20222.186028470605
10485.432107744062
12845.576725779018
13152.677261059684
10045.631360433783
14682.066760714031
13724.35684947664
12370.821920985027
15474.526104688528
15068.011430663923
14460.203372011734
16221.4612373667
6666.865601972422
8636.89915438499
9009.632678026861
7700.600650270579
12448.478691300945
10453.017525507408
13212.79574146629
31929.412521957966
29308.671823325578
31072.81671875822
33736.12700388931
31141.743895445867
32578.137168508212
32074.547393972294
29728.291243026433
28086.1127277435
29945.869851186442
27642.264391647823
27898.80528604242
29799.639068737662
31271.887787577012
29401.158575425135
32141.228437541402
32082.736721324323
30805.536233162893
32981.67819324262
32728.556642035594
32669.553485074008
32726.798604775424
32280.641270423635
32116.011196889773
31518.23802829594
31063.049794088456
31468.718096841592
32963.40623072676
32222.09142511501
32211.311250863073
34539.302844216145
36731.47600338743
33260.273311201345
34001.65795089165
37016.18056899991
33427.590268523556
39952.86479526816
40543.29883627667
39446.92069145464
37602.90025404764
39671.78235377448
38788.943188815945
38106.991431696835
40383.92251355009
39393.178490678634
40154.215593448236
36831.759630070024
34691.284636388766
35201.63834909316
40055.41645200096
38644.63262669007
38520.969353405635
40090.40393566034
37130.60302114329
36128.9397245949
38132.91931866454
33715.417419565514
34125.35649435383
34865.4439109838
33516.775754971815
33541.1951881899
36748.984866259096
35096.64607335292
35993.466453407964
34855.59426929175
34210.180514289284
34078.973452365215
34564.398096254285
33465.50234384167
33505.511860688464
33826.39910234274
33888.71548301955
33516.412148110045
33853.741683240034
33875.423718520775
33919.752626308604
33641.795291562965
35196.89460986539
34650.55572603776
34310.59745345894
35822.75500670829
34724.83463360244
36236.03428127439
37130.85821890821
36753.42181182084
36509.19137341554
36092.49534448595
36106.53701953805
33924.56162672672
35832.88196501944
34905.4505273209
36892.788523504285
40133.34971758665
42586.864719404875
40868.2512455127
36858.396202752105
38934.59800130859
38595.136291037416
36721.253063481985
37528.90961581022
40353.098400301285
38552.46031185883
39549.942641377434
41315.87934215901
36869.86423465725
35056.81422587538
36977.03777141346
35248.507990871316
35165.633686007146
36256.577751204095
33859.4919456523
33880.42554955319
34797.396325648704
34438.38187879069
34979.0692081214
34940.5363879152
33560.64030165465
32579.807864883285
33723.861222388965
33024.93848136712
32997.80045313812
33353.51634628932
32862.145762749096
33572.88019106881
32985.03514742432
33067.74744633296
33610.14014162806
32940.033860570264
35577.63155177987
39024.080953462486
36890.8898046042
33201.933053641726
33879.280066573956
34142.11643506485
32239.118922835667
32738.963263643585
32560.01140508079
32250.973482343965
33426.216876385435
35155.712333423246
35118.83603745252
30198.05752942617
31705.93507976251
31782.337044517957
29980.350607016113
31475.450841982783
33250.24330475853
31597.53234391861
34548.120961641565
34950.32685535049
32719.431514766635
33530.29175154221
34028.42237552226
29994.667778861978
31287.81850410632
31364.86788517653
30261.145031186785
31267.603455950426
32218.622160766303
31255.24523862285
32781.70065258127
33102.56380592873
31976.664394804015
32465.0261447139
32565.06368927064
30628.243859149792
31414.507033002854
31321.850373709913
31028.294277037414
31653.137289309583
32019.59359984312
31534.50861748368
32562.996409516065
32484.24414234479
32096.754162645753
32371.295074312577
32569.301523255708
31417.074636855912
31711.741915625968
31725.815873739994
31497.28126257508
31753.21887638408
31598.25346358703
31961.912137178748
27219.544822994867
28484.421355853316
28674.732205583165
24633.023323959365
25459.154569569077
25855.533226193485
23890.543975631193
25508.18699311532
26849.20684097723
25332.360046362657
28453.973784676484
28402.89145270828
27295.130676235865
28929.622918494915
28638.320038896418
24694.825846951222
26709.342366270343
25975.532556374394
27005.352725886518
28329.727739900907
28369.525745887084
27585.118065767158
29630.14200063211
29282.4074047417
29298.081018816265
30222.87173792771
29936.679597333772
28398.46254426783
29002.67573478989
28759.00715515703
28532.740014068615
29963.76612059682
29975.154212649493
29348.55871413234
30843.240004413394
30521.08430131326
30944.531859813887
31382.623674114657
31156.17147156631
30702.94938466882
31457.711291993954
30790.629281573412
31961.864273548777
31505.93821390868
31667.25475156578
31459.694835179755
23307.74867856581
22784.611441647576
23682.113163183334
24069.566881430743
22899.33338162934
23547.52871357255
23394.504852764323
22913.46123562114
22245.755389100865
22698.891974887956
22974.838169889794
22673.184290529898
23117.161484221877
24600.90170171258
23559.252038087165
23969.701791879233
24435.569788180797
23460.075423613256
25583.007381987845
26959.651911311867
26298.41231791948
25829.616898876728
28438.53230997523
26668.547030384485
27868.582923503378
27560.383804025965
28233.54808718893
26741.984040723964
27082.818064136707
27217.927825286526
27276.675040347418
28009.721538417754
27063.065426307472
27237.18967413098
28181.19528849527
27542.003627549835
30298.060720422276
32854.55615699773
30659.378915651992
28807.70457022406
30810.2945444122
29539.67214426314
29803.49445493533
31904.51952873203
30893.951723296985
32242.10782333312
25407.24149004927
24315.05171192882
24707.768067396253
26898.437797987222
25813.350512782403
26140.916006303272
26309.768608176353
25500.524250288752
24872.271486638812
25595.72400931013
24196.64772987081
24136.05605090626
25007.907643645383
24971.815684141897
24488.676467679936
26034.149913536392
25636.04722796183
25521.985803017276
26012.469569828532
25991.268751382257
25637.331591101276
25805.220807549777
26067.03814723013
25544.273129917507
26282.36438316361
26760.107202989806
26455.22983077272
26096.45952320555
26352.191887067976
26172.74347829173
26236.423355065144
26761.033957019114
26846.00081605753
26545.877990293848
27592.31781585072
27111.434036449686
27547.568894721408
28619.70252229207
28150.527323412367
26443.383517046048
27172.010681870408
26980.837699114098
26621.479442214135
28034.629288487362
27301.251746889397
28856.07091279331
28485.860185092635
27330.318087963693
27679.83423472129
30187.73299854765
28893.493140288385
29320.15153731984
29182.10954289077
28005.98466669769
27732.233544761362
28453.411573873716
26757.329960822542
27018.700897189392
27054.449989122288
26375.316315937802
26544.887427771188
28082.505885834536
27134.200108066747
27567.924990739528
26949.009443736264
26297.624480989405
26472.80668459671
26709.49038216991
26126.62207134552
26238.827076246118
25975.54165302273
25965.7540201472
26034.933803393506
25828.48456995721
25559.952932954024
25909.047988934642
24898.805863221078
25034.993902847244
25602.740055758753
25265.204967983485
25909.46688599249
25923.387391467062
25400.005463308426
25945.25528356085
25919.822289825068
24320.239497931903
24770.739524232285
24871.09976643107
24101.202371098625
25347.991527810213
24725.671074173602
25975.54955857158
32047.296219638007
30540.104748208287
31094.409114674716
34154.55241454996
32225.996681820136
33058.37467660169
31791.695252815283
30420.1864113715
30636.42862341985
31293.92403983818
29266.65485798038
29914.685866120617
29119.805530595386
27916.161489712045
28603.346267063374
30087.983016078266
28792.448816663305
29625.517856268405
28248.129465908703
26658.54878268498
27474.477552161843
27804.604305746478
26458.84610209783
27199.409008391984
25606.977589570448
25058.925297122412
25728.896529534417
25283.63984208728
24360.665862413247
25460.04353262115
22837.071528079898
22848.73778827215
24023.775659541927
23477.176198209065
24048.837891705396
24489.147789877286
23114.604397024646
23548.118165674663
23736.95036832118
21755.569052736628
22235.497584446548
22446.58254328533
21536.891369506022
22821.20937519597
22173.704278297668
23464.752998887383
36804.144400480036
33750.832505846374
35392.02718605248
35323.10959357617
34256.06946272245
36726.853654227976
31901.881528797152
30111.562866570748
31687.62821707216
31687.036469060404
30803.964761946096
31956.74993521929
30777.272243898355
30062.669996611294
30483.232944593357
30316.350507854913
30990.12509141188
30714.385715463133
28577.143996229577
27374.27724852971
29522.20779802241
29408.01411770714
27100.85817959209
28864.409342293624
24857.63956797374
23265.893978293938
25072.860446107625
24747.811641905486
22365.32406675934
24751.59576176396
21728.460917942837
20699.805838850465
21368.977334199244
21264.052345138763
21435.559437064854
22095.5953545989
20561.273021245826
20942.870767059405
21090.59198987914
20643.620688207397
20290.402815919326
20420.678792759543
20441.641938924604
20463.298075802224
20303.99753813473
20953.836572376407
33024.75688181468
32949.10285366666
34102.041624827914
31118.89044922455
31304.542721893766
32038.403852772637
29736.421097702438
29586.35860225172
31139.67900751471
30462.532899096965
30624.376253403385
31679.437436561617
29276.624458778257
28980.832843974724
29827.206293711948
28113.0050651253
27762.29927818108
28696.377071920862
26336.58052160433
25676.76283585007
27226.37196897954
26751.885552603293
26331.535521029626
27812.623684799913
24682.389744202625
23286.787731454828
24733.753004688664
24486.61164591521
23602.16980401894
24598.72791984731
22903.013271557207
22100.279250540116
22524.09318400948
22757.84129050582
21441.518422331083
22185.230074077415
21328.02580219207
20742.27203896833
20990.97392798507
21856.153182980335
21315.650407981644
21622.491958342936
21358.37679230878
20917.12799813007
21153.261911446265
20665.43152197341
29444.4427543815
29673.622149183993
30256.139936686726
27955.934337655577
28181.419280104506
28679.12048000111
26996.000984806025
27060.47411205558
28311.552411898927
27639.159796019318
28297.995902493334
29010.491857753463
26989.633626419654
26757.378099582915
27543.57052838005
25946.230835003305
25839.182834906234
26458.412444799855
24859.791120171973
24596.462471127794
25577.54459720154
25214.828067477436
25137.54194799886
25949.532075757892
24185.819880156803
23616.06544162769
24348.11703461539
23803.209788178836
23446.916357016416
24003.604144569814
22878.315932431902
22524.07081939387
22988.39072146084
22952.825228574202
22437.288798911228
22975.463016672024
22128.82679420115
21719.940761783528
22024.586244753413
22185.51844572844
21919.08517179758
22180.390887320227
21777.49308449181
21651.930467291844
21735.21260211549
21526.106609877428
26623.98757934975
26835.429054735832
27274.195780621245
25405.217038273193
25602.145303051144
26002.112787713042
24661.719748979925
24866.132942085525
25793.14877339851
25222.236313763933
25921.41080431955
26383.317897332046
24983.710860053856
24985.741586329525
25454.736468850475
24097.91909613044
24206.22350624889
24530.314101479962
23605.501522555765
23537.928251995552
24185.572532058457
23878.850989985607
24050.149583457893
24514.45463509296
23386.12291743337
23166.494810418182
23594.5809011536
23014.996933533068
22837.176444565353
23188.348482163045
22349.942893650958
22210.478932524507
22645.870025853812
22502.7378017499
22430.142657454133
22773.40336508924
22078.907290060375
21934.30323189567
22150.06119204704
21833.803777642122
21796.481868289047
21974.34886349737
21591.04015665349
21749.749582577308
21685.446183455562
21781.366548378726
24283.971796800502
24434.514520399898
24831.28556685365
23355.769506453908
23302.14695292149
23779.20692019604
22264.732941390575
22763.292262970594
23530.307416949385
22927.50723972948
23854.041425157055
24104.105079566103
23271.087268394498
23541.49173358905
23678.817490745838
22406.04553151031
23086.825633232114
22857.577209674677
23442.02130416555
23184.738581260382
23252.02357425468
23246.206574280855
23171.86279547573
23387.075717538646
22818.39180469211
22537.025871055113
22881.3266512104
23062.08094410956
22367.419362130655
22863.678807524382
21633.154780062196
21417.133090136267
22027.400690884337
21845.09978187356
21887.861675248743
22191.434851091602
21440.43444025598
21521.48254139903
21658.21702369898
20813.387891252904
21099.63269895153
21167.65840640149
21012.524929765925
21324.328017394895
21165.15074788747
21469.266564814854
22945.512036581298
22463.205517365386
23081.935308380576
23318.32345711493
22709.620796443352
23040.03974353986
21868.774462972455
19985.104355930915
20914.318019096638
21053.707968900504
21134.155285951198
21542.52320751945
21464.442380266475
23083.43518962246
21898.86159380838
22221.25066073517
23501.673678656327
21589.692649775167
24138.82344933736
25095.15930232112
24581.060848503465
24616.275920379718
24104.684269049983
23925.5677235584
23916.051814958875
22380.556004504935
23442.827563546947
23682.931943964264
22483.054859132717
23974.14214457784
21693.403051131303
20310.779586920737
21146.71442785002
21263.990402619
20651.378113349536
21377.718761202457
19938.495987554266
20506.212389669265
20367.72902342893
20689.82816551526
20312.58982159629
20071.340259606397
21160.294084530964
20982.15705732263
21044.673416394096
20909.85208847994
24337.556042226606
23220.7495666183
23756.449701107602
25702.962213768944
24618.302658876302
24999.191241785975
25071.952003436996
24160.02214550154
23555.637906899763
24325.87374809728
22579.60955272126
22739.472126773187
23519.128835707903
23453.600586524444
22898.596670102488
24720.652474635768
24138.842868851774
24119.027240280328
24471.480673145583
23982.722590642392
23900.068148830786
24120.31907266037
23916.805927092704
23878.800169070666
23528.649540173865
22836.18804347472
23511.632935532714
23983.34931916816
23315.328559279453
23699.62266694688
23276.518436856826
22540.746363741666
22526.367254531604
22905.398314828286
21582.7628614037
22132.093280555357
21825.25086103419
21278.708705948935
21299.248940348007
22685.078990564463
22134.049080897214
22279.752613039505
22397.474154619897
21753.757973267657
22084.869988516315
21429.75643737498
27198.209136735455
26106.009044800347
26437.674148169644
28806.28683355776
27660.39014594997
27985.305902957403
28129.30441079883
27003.075370622835
26562.568228728866
27332.742287076697
25560.580779714634
25812.025554674077
25992.18840849982
25137.551163446115
25343.224292528765
27384.420175601932
26330.033888590773
26671.86893008807
26562.433697684675
25595.035468208924
25419.075139366152
25971.730595174966
24649.998999520405
24914.131053486784
24753.523241292278
24001.138833110414
24340.934050719545
25676.58135527892
24804.386514090416
25203.028131328345
24793.448819265035
24049.27967883227
24033.868701396408
24413.92059705405
23329.701127232875
23651.81932485857
23399.254627316725
22844.55838995446
23058.28326236255
24016.37750129373
23437.46900396292
23719.113763316862
23422.021209618306
22966.80980679656
23209.098818910577
22692.994193403418
30556.349056979496
29328.607096402917
29662.155647925993
32470.58060888262
31151.453100005554
31491.936874163704
31715.48369592228
30278.210254883517
29831.652184907027
30748.647756436454
28562.757278282264
28959.42563629872
28914.555879146545
27670.651464184208
28130.486571703856
30616.56096624972
29149.274927404513
29742.516592509193
29216.4342367958
27846.490361943128
27834.576188703315
28513.41367283914
26679.995946493284
27184.353882080424
26667.08369178717
25657.412475769306
26167.022839043086
27675.428651587106
26504.78505707674
27171.440351752928
26178.167032237638
25263.870387492774
25523.6783275814
25863.270577771855
24702.904121806143
25165.48822318147
24519.63853985611
23915.378330893735
24283.25148310115
24874.61835181622
24241.910677097265
24719.168863996427
23881.205282782033
23743.061943619963
23838.803939633188
23601.89133889487
34545.03516787656
33162.52080298019
33490.81546028469
36655.65758454479
35346.462712756875
35613.957972626886
36143.480859636154
34385.82953450951
33815.06316752655
34949.885101862594
32196.276259043298
32736.67866216349
32532.951062317487
30783.05548089322
31543.47717633054
34763.219562442275
32607.92040202143
33599.12646461547
32251.75290061568
30279.270449615018
30700.21531824262
31473.842124476985
29062.56963210879
29943.9282313953
28652.63778980596
27297.721538846337
28171.533872634034
29488.682718642696
27978.950587951407
29099.472136208748
27114.2669030266
25928.60326807609
26711.140470828068
26924.710841094657
25682.83664634819
26462.305700551355
25023.714644769734
24365.131089686314
24978.460101900146
24931.379603161506
24207.65775286483
25006.978861639836
23287.38008775865
23766.554406541494
23582.931222073094
23860.930771171486
38184.1265149629
37474.86300103692
37580.920816514365
35438.13799839355
38513.3549255415
37947.13475404664
40771.15272261498
40365.57457469593
38635.44069848077
39906.73949848329
36970.83119335817
37378.92279507576
37533.9481885445
34676.89144498465
36058.68610125013
40017.335504769086
36919.88804084396
39089.54850006852
34491.73630997047
31663.640514288047
33702.78016777625
34240.31600678552
31307.868421908686
33006.488881852056
29815.126762342137
28449.58763383055
29757.239102552874
29356.77267609381
28189.56421278858
29585.323377264904
28121.821383594302
27404.36514313433
27565.632234042583
27910.625952174996
26126.79055799476
27309.27827748112
24722.283630205722
23621.99262563311
24817.471634013174
24912.74361819995
22012.27597305024
24759.473031468347
19863.709449005215
22160.34165701617
21158.251100517293
22837.338696947034
38459.555665170396
38649.000828749835
38082.90537527812
37187.129470959444
37874.623846227325
37977.37911631222
36673.67050288992
37372.41551023481
38902.58185012623
37778.6425974108
40504.79049781406
40043.84482344114
37790.63149951579
37044.07315955333
39226.47619674187
35260.210430771665
35033.07671222447
36445.74132400174
32699.801416368184
31627.03065903841
33928.78726514194
33353.02674043915
31769.571272973608
34357.82735416717
30011.843229873062
28282.565330379242
29683.817863555014
29880.903905442116
28728.077863537674
30053.11522165835
27462.22675659413
26372.011712189204
27740.97092793834
27571.325568691977
27488.770583602305
27998.567305055443
24874.382968545688
22078.536098003016
24835.5903805999
25235.677330506667
23835.248278595718
25046.01005634234
23556.31862774372
22289.434604912378
23038.63621768346
21220.44184146255
35327.08142046203
35996.35611123641
36272.534835925646
33495.325135443185
34057.93112395505
34394.682251371174
32711.127159191277
33049.13210360366
34583.63245308468
33619.33851661596
35010.25217496219
35603.8174264142
33248.990087929065
33186.99654457284
34205.80869177757
31542.18776932884
31569.677082025883
32366.246647703894
30048.52933502167
29767.33235718119
31350.387090801756
30690.968463851954
30797.398687557354
32019.238311774807
29230.11328156373
28439.764467894158
29589.539719746375
28420.360605869548
27922.568399098705
28834.76933110023
26844.732837577416
26242.59843176126
27223.817685568636
27052.936134383093
26333.87645496784
27356.623845574337
25479.06096110113
24565.75868206576
25387.05518126217
25476.267397971147
24868.146156015926
25507.642984559265
24425.472215149646
24176.00061967759
24337.779351895813
23924.101205539533
31822.417826931596
32287.504057797196
32637.1417848851
30332.163825432057
30704.753142697715
31052.899902985595
29586.452372165993
29841.98393690086
31052.222380776053
30299.36757778217
31349.84750572958
31856.07841854221
30033.273092303927
30120.78879172067
30766.505152506685
28684.251365430035
28807.27033953217
29343.561912873378
27683.125375149095
27678.679171112948
28830.3303678952
28248.804806276166
28714.097643149144
29432.180365881526
27553.854388021064
27281.249221308553
27989.13949696468
26664.318158648235
26557.708442052033
27110.191756372085
25712.805763762455
25539.135623831724
26328.733857161402
26030.493163161373
25967.557940196868
26601.890875392477
25260.708134405293
24883.63578153313
25391.450478786348
24891.25685619343
24692.572857686057
25091.716494953438
24238.203961145304
24421.823996845502
24348.471673380824
24450.32520116389
29005.174574731296
29298.379143479146
29649.86663941037
27841.445564025595
28046.76965701869
28405.79041652318
27100.854022964566
27285.181557290132
28275.312464020433
27672.66227864322
28496.838910459133
28910.540010995286
27458.22133088961
27599.237763316753
28054.913440143882
26351.73627998046
26485.676945106687
26888.27839592804
25581.461664518883
25683.652231603504
26598.30603858365
26079.76341946004
26668.41882368549
27132.61834143383
25765.674862632804
25784.203445336156
26215.952436559302
24855.225340743204
24981.285314070694
25313.495384608537
24334.451450350174
24424.441239814678
25037.490218208965
24686.721380858606
25007.85542266967
25380.231993421196
24428.141395762832
24362.9404782927
24667.016683763497
23948.808112472034
23962.353555124424
24184.62369255827
23576.517320965602
23936.564060863308
23758.96720683039
24098.701852718677
26847.966386953907
26939.518958083663
27320.802856693477
26135.410376526153
25999.413472112457
26444.984388452212
24895.360741346456
25122.297120294235
26025.583523544847
25484.798256175927
26193.41353853904
26556.408372689533
25398.143712391517
25498.600356749714
25851.243489470056
24706.259453672406
24846.20550997508
25008.024484052883
24262.116656825427
23766.530920263016
24698.551974164744
24387.543269386173
24721.16093924739
25113.84782847086
23869.50529522004
24137.626786374753
24380.81862087396
22535.127548966382
23119.184519640527
23273.723910620978
22999.072450859672
23549.165657429563
23637.619145640445
23305.79029880754
23869.50872101279
23985.027254661527
23588.31002969103
23574.727367373875
23738.36253517479
23678.439655508555
23342.4002127797
23548.24733899887
22991.356180037892
23233.022971370396
23087.887506430874
23398.376955130218
25564.397268747023
25904.387749325586
25830.28884369458
25249.836559000174
25049.58166920685
25427.261785646853
24367.456077531184
23696.73161115958
24029.51217645618
24208.28526694858
23082.10140021389
24276.642142921482
24386.878136054904
25635.458641663092
24558.03599196054
24046.007373261684
24453.43205662147
24140.96922974762
23609.776212716883
22837.48966046212
24199.828378309307
23823.04360844541
22747.41259197004
24327.035918152273
21573.965738411724
21274.92121291467
21743.460115088346
22649.106824714443
22017.427855800972
22123.962217637516
22938.82536213411
23642.275186610248
22612.052934814776
22767.029416454843
24539.9533930012
22703.506339621483
23963.074862588608
23006.934751149347
23953.480841683202
23446.528536228085
23271.540098091224
23643.649636858492
23174.262156674096
23328.924097668558
23047.5115671328
23209.490131506074
25117.65638008991
24806.429500424918
25155.77535895366
25124.961708274393
24836.973353759357
25111.319242581507
24628.600826421367
24337.78561128624
24521.551308473016
24574.771962199397
24197.206878057863
24460.086683835172
24067.30634715237
23857.755435041876
24033.22605883415
24199.343662410163
23934.136729436395
24127.58883538545
23864.845833540803
23600.041591637477
23647.991852053965
23752.681924166427
23256.773007824726
23580.93163468307
23290.333451133505
22983.36886680899
23023.469014190516
23681.20979975802
23479.343564627794
23502.813324643037
23718.189248968025
23606.727990554864
23324.672286072437
23523.589994299695
23321.47839371459
23127.457100507214
23527.003903893667
23423.04715149005
23426.940171432318
23901.571704964455
23773.321851231896
23695.869897060144
24110.777542433312
23590.756050271993
23840.81431568138
23367.07958957903
25193.791755380014
24916.338630152655
25153.215615463116
25312.16208417342
25026.98917877999
25246.322372755723
24868.280873968553
24589.11953268707
24743.71830526647
24804.441170693382
24468.016184528067
24685.019464804427
24338.33320223671
24103.392404286384
24272.082162885403
24431.185150163503
24227.866619914523
24392.6680584976
24127.07823452765
24041.915681422575
24051.778902409278
24107.38494728013
23874.60429292059
23968.337576681184
23952.815942408215
23842.548194930583
23831.675406572827
24079.235310569795
24097.12519644287
24038.147394759846
24326.894277719613
24376.920271727802
24070.320176337344
24213.623016289494
24001.629057908507
23902.88257506165
24348.36561529224
24256.37576666348
24122.813282588733
24791.605492551567
24786.146421400725
24572.80976075864
25324.16512359625
24692.811375043682
25003.11036966052
24394.90794002275
25498.78031195541
25177.005068733648
25394.539368853315
25804.27024354354
25413.80748976179
25632.350118412647
25288.181700434416
24796.50316814775
25022.715451118253
25132.268324649027
24690.14578290478
24938.724923243233
24452.994295892735
24246.68188796686
24451.45471544229
24415.185354459893
24108.256752211528
24438.37545865181
23610.674816232466
23744.54820713999
24017.491894775787
23859.594664368633
24035.975779661803
24101.035635086482
23978.41679253012
24189.70479085607
24064.77990297572
23493.87259058572
24022.217966466626
23796.837509358997
24289.267357480956
24870.986472571203
24427.18228862377
24393.368263705474
24680.685360688698
24401.394623050066
25203.120349360972
25336.643039642688
25002.28960370855
25596.319958726777
25926.682007642183
25398.5964279529
26850.86651382684
26021.678849073254
26414.15229711403
25661.641400490105
26290.415981122205
25851.185542975407
26022.942712818818
26840.540775926886
26685.687161639395
26586.943646959277
27252.262752935116
25681.783977123538
25882.270875756894
26435.43131213388
25022.225371057237
25522.263797128464
24416.920555721914
23764.470978026136
24399.007609490334
24705.06719909001
23213.683140493114
24507.96260375112
21359.817955085386
21458.807579743214
22756.22176285739
22117.27484255102
22982.629392535884
23251.252318660794
22363.33553614753
23427.830958892413
23035.278241515847
20233.29075369986
22154.82182009517
21433.284448291954
23239.565135483383
25122.569600233684
23849.029580708135
23540.069803871786
24944.168893806665
24107.603156299054
26068.850545407575
26629.335699104297
25811.228396739236
26848.907211058828
27482.768948235258
26405.669651345168
29231.986072338015
27916.00840559971
28552.23430933414
27349.022616972456
26786.74761083753
28011.18437399189
26866.282268577117
26246.01860755627
27167.688599258538
26637.335294854336
26263.326345972448
26322.565535164773
28227.57569011628
27176.593475825634
27376.51983332669
28227.02458536678
24933.64867990626
22541.842882058052
24941.710353168295
24435.39018287763
22842.149309560125
24667.788961336526
22074.42459818011
20330.677372988313
20652.99507399569
21311.807452448753
19288.58666201581
20680.88128615773
19007.690071324785
19584.21481689371
19050.714448854582
21388.419350449527
21036.18958294793
20167.963598661925
23505.329936255333
25655.600770450957
22959.53607225203
23211.792705116317
27243.8512663234
22977.028317861794
27311.85008166552
27033.027190095665
27312.236629047227
26332.29452413044
27630.67252463011
26818.25666131137
28391.59910436399
30104.583402275828
29152.566334831205
30080.592151192843
25391.862955878707
25834.96843550943
25805.856840721193
24692.420539925333
24999.52674824029
25022.749865129626
24642.755247896843
24623.890848824474
25178.349840246145
24868.74697079116
25095.011595918386
25620.17516837574
24282.011001474784
23457.85917969612
24316.24108566732
24335.348413263942
23951.95656857885
24296.439888418787
23995.23876787703
23532.662654135427
23259.10959824443
23669.822430904605
22318.983224055424
22731.16131598642
23070.206900049103
22883.18966454343
22352.81630209735
23981.904123706947
23859.359724812075
23591.696619761628
24445.03403653505
24842.03452810991
24089.681011250144
24298.255298765376
24918.05982974187
23816.706438838806
25661.45330121163
26871.525070438147
25954.950700045167
25188.433467475745
25958.19997073332
25414.760372271205
25896.207409720228
27018.977435603712
26432.043860064747
27674.27317473064
24108.125536248892
24450.126848186886
24391.853624852443
23535.357964537332
24013.313075438193
23825.81372356458
24069.841385272062
24363.322079122496
24324.21145507141
24194.802350763515
24444.21041359893
24468.57752619304
24445.21583399914
24315.55273648905
24386.38705635092
24586.32164025657
24633.025877457778
24511.725408977025
24967.671319486533
24760.544130078997
24490.704297623535
24718.658224553787
24239.6934522933
24258.14674578705
24524.795850437193
24380.796263571363
24278.38722230125
25006.50930541056
24711.1089870467
24755.964101697115
24673.923076533225
24561.165805511147
24600.747798892025
24640.237276287364
24742.699824543295
24540.881305230214
24734.899749964636
25188.055991359837
24965.65172526358
24224.929353730266
24439.772525946573
24490.32016852519
23908.459146317793
24907.29095926265
24416.45975408087
25394.333672507208
22904.147404671836
23576.7260473297
23230.480865975438
22189.191575870904
23142.01299832893
22553.22392452049
23587.127908874092
24165.104963118087
23804.669561194212
23672.331783821006
24304.054407879037
23940.84294477978
24730.54921058792
25002.742791946774
24664.997350982972
24573.436969950686
25434.261287791145
24735.46899480946
26744.04685470033
26478.329206544582
25633.854777619872
26115.13001943384
25380.05152198371
25262.543567159926
25725.4489212382
25072.309960218518
25312.957943530728
27154.299886861485
25674.826210304447
26309.848004369152
24819.85450081552
23950.619818892996
24764.547093617242
24815.586535992592
24311.822091158894
24713.63239548568
23586.96815779764
23602.75399173703
23928.783803310864
22731.25350898537
22573.062304335894
23191.303308575618
21406.75436336881
22771.71285921056
22122.149739776665
23363.511861005034
21102.86680299877
23177.956414529566
21777.676475246677
21286.823495585908
23678.699392040562
21056.856706987815
23127.954353374414
22923.70415951575
23939.05325029821
23703.848294962125
23620.617710379545
23657.293980678805
23260.206311575923
25399.72805305123
24072.507960393257
23776.316147013215
24622.37474748498
23241.319130438493
26998.790035705573
30910.093123139788
28329.386072378977
28075.789768585102
29000.787587737148
27546.430556798325
29554.047298872054
26502.317860291965
28336.64525640557
27689.38394279366
26438.23075889529
29231.720791129308
24258.70378921851
22532.302427015275
24351.855692024325
24242.008966158086
23229.00471311402
24677.874566855513
21836.26867663448
21421.18917551704
22241.81617707994
21788.827878487453
20942.65323435224
21694.84150416216
20162.04111186649
19839.816104166483
19757.355814418686
20642.487110967133
21267.75928449375
22136.440261568154
21304.741064125963
21037.23526973728
21736.576947574024
21182.945090477522
22066.66411585564
22907.881825600158
22538.52329338366
22317.39410441947
23276.99129438767
22774.856416512645
23791.795705285742
24912.594513326
23939.221969212802
23161.117457495606
24074.799928304878
23502.02852595067
23982.93691849682
24707.85157788565
25180.806740271368
24519.652202898025
26614.359601191463
25996.729697524708
25313.27551800093
25325.594283905557
26328.66785274271
23970.606961795605
24089.608215621167
24554.345221689597
23080.947399806268
22696.263704017874
23768.520846673648
23424.738939947587
22904.39590227039
24076.84041770994
22007.59607165268
21123.977124012315
21926.92987279702
21920.914556408425
21395.75500999306
22005.09223165885
20992.189546691858
20752.631807320467
20919.92775204936
20494.636143639174
20500.914998592612
21258.24811336408
20810.511123168242
19621.18503321391
20459.055405787112
20109.96774594094
20236.479447451893
21397.748689944194
21371.2220020901
20884.242502468747
22281.22782531837
21755.769202695734
22412.194083437036
23241.114078749728
22796.996020550177
21476.099136591816
22534.083013801053
21991.878736823266
22685.551427550563
22961.277787104093
23177.929654461474
22891.566272225326
23630.421453665433
23538.424993217875
23102.557632121807
23174.75119035909
23497.39792027948
22409.228119548563
22350.737651613043
22747.415418469747
21320.663571125195
21505.05477292157
22349.204931398657
21904.70417250116
22237.478311095663
22727.935057088493
21520.703866627948
21329.965974826853
21759.58907668296
20768.830142929946
20943.610390998754
21197.54193596924
20469.19620302155
20870.27514571169
20696.00587983145
20973.0175819608
18442.39931889428
19247.238470153963
19072.10328043152
16295.075200296065
18066.32339448508
17590.294350039527
15681.770382099443
16141.789147846637
18200.986353458717
16877.029379010237
19805.444709187967
19362.399096612826
19899.511744834108
21919.021315499558
20808.849051866768
16988.15322089752
21247.97330389308
18664.387420797313
19310.925383428617
22245.63974508653
22461.154219508106
21644.061015998013
22602.79628410339
22573.466657869743
21579.637938061882
21234.410345797027
22054.696038548624
18861.510168267305
19249.992272620097
20642.13281029631
17319.21098903108
17359.257893274473
19401.66340726315
18218.046352276408
20155.441368378506
20510.123557795538
19571.110615457892
20357.86711999667
20227.749390775654
17850.93058624008
20324.18605942082
18794.879079111306
18494.921485762243
19917.041465500297
19341.938687760736
20214.904037336746
13577.532363101735
14603.714301649168
14907.173669509066
11357.063385551093
11763.947672316785
12382.735136185907
9823.871840909038
11152.170717356108
12854.904930768073
11300.257956223297
14441.856715214017
14343.652074420266
13180.021815461729
15991.344591078883
15109.418083248398
9603.411036942562
11732.682033388402
11311.38157598536
10557.385462756112
12763.728994359972
14275.148087322257
12252.055127363808
16939.198897488342
16643.383344994785
14930.81338236254
16545.426786569573
16832.979483168347
11765.472180151903
13634.79343898641
13221.12409995631
13020.926827036472
14481.964974587809
15216.167672347749
14069.740470919365
16428.60494234354
16347.133165706236
15854.379572329492
17284.2359757462
16849.473754352446
14088.977143776872
15285.49128062055
14918.021100427319
14817.112450245237
16497.163335410787
15613.66881870411
17466.89905164174
10180.38825607493
9411.98683946754
10581.057134441577
8424.603210107629
9783.116522337134
6737.03773640065
7419.152544977486
7313.152702021218
8029.855459373257
8440.928104789069
7166.3625455737565
8631.81067844828
8166.647867892294
7424.13040704296
7018.366603716673
8627.4817463768
8349.324733767528
8056.859481555761
9908.666361437005
9243.209279816321
9731.884882882425
11308.650445308278
10569.818602831696
10126.164205730744
9340.493589871054
11951.600316284419
11441.872862767395
11050.74145341713
12897.035334122991
12130.460993634752
12953.373147580747
13767.605599811122
13411.242258055936
12859.54955063954
12489.662271973075
13425.38357687701
13179.852544737532
14093.46078433467
