26546.218564340037
30739.412301890567
42630.14686471136
24227.921756533528
27283.3100874058
27647.258406629087
27018.985901112635
26437.338871857326
26012.472833160333
25692.203161367775
25421.956014117837
25190.332617805027
25102.247387526488
25502.943663382648
26038.45348550067
26538.04697288853
26947.72491295475
27250.56855574427
27438.29529768834
27510.002716171657
27463.181939150225
27286.72736657245
26951.723854942677
26398.986552993272
25556.120141813313
25139.29629703035
25403.652534668152
25393.465904617417
25175.04671958706
24832.24975833814
24412.927033267246
23946.357527163545
23444.288948237463
22925.55801749604
22388.92512385833
21849.378795899876
21303.440648216903
20760.41662952506
20220.629511054867
19674.976592578765
19100.306664838077
18432.442968093797
18399.027287089484
18928.38259962684
19359.667868114022
19766.73252061265
20174.425081674948
20586.394587648814
21018.618445660803
21449.649292246817
21902.726776252384
22364.254709247507
22847.083651552
23347.98276884378
23876.188394570432
24433.913145306055
25033.69803130103
25683.387683553083
26398.917758911222
27186.13362539126
28029.19084403544
28916.270210137583
29088.355414313286
28718.067701790744
28376.223598867313
28089.35691553251
27878.484188708317
27738.701767139442
27660.420585757674
27637.061542412528
27664.65658348026
27741.54534001713
27867.84747283668
28045.90611661363
28281.00924448327
28574.462492176426
28931.196414404534
29366.960653412818
29884.05490744723
30507.217787974485
31247.058527304645
32118.269920229697
33038.10970367585
33344.70904156564
32975.886244493704
31991.60741145321
31053.668162293267
30242.21066598494
29538.960004008608
28920.04514757654
28374.45021823331
27879.03338526857
27427.614249732855
27004.45371992389
26605.846007375414
26220.81665308995
25844.340185954487
25473.335320500235
25107.32369975037
24748.88050053237
24410.95324880034
24117.94133226564
23914.117640535245
23897.518472245876
24261.620953867096
24460.850541544158
24290.752983949173
24529.565668899882
24975.60860998923
25516.373970214227
26099.791515217785
26694.966657364148
27284.80318182306
27857.907331377333
28412.385344098948
28940.01712081745
29449.386470172038
29930.922439629998
30398.12775577172
30841.14028542592
31267.12853937425
31662.752683694787
31999.923144279146
32253.17618971686
32366.961043399882
32208.780964172154
31772.557258335244
31203.300503192746
30546.550865575417
29838.54085701197
29108.752248127934
28366.58721643871
27609.818206577453
26838.73198803832
26053.316808340256
25251.926692158537
24434.404538343646
23602.416318800388
22754.71236266058
21879.720328314743
20948.728198808418
20002.469731216624
20154.98751511142
21127.990348312545
22061.11405623726
22946.955089449475
23812.554473955654
24669.05490804153
25513.58229369377
26336.07463874291
27116.772434303348
27818.198011855773
28355.739708841884
28561.433499747076
28495.80664844875
29521.56116145947
30182.519173044773
30439.117033763287
30401.037755954538
30113.07048604749
29616.44235832269
29093.971141448317
29676.79460304275
32345.60862793617
34741.35984938414
37659.975669452295
40628.05288121076
43408.7572782025
46334.332759299905
49525.370389602016
52138.89004210273
53198.530297289646
52457.98747307027
50077.0929898707
47248.0013441092
45174.45283097686
43995.487813795546
43311.72767060954
42577.06154074149
42151.60961752246
40975.77059964958
39757.564346146595
38526.56008598619
37315.31692288405
36233.13955130653
35455.4800604294
34975.45452381689
33736.183761870045
32791.67691923553
32206.74234731346
31821.369810339114
31535.13682389275
31281.182529353664
31020.486731594785
30733.151362294724
30389.943769944563
30001.17195561974
29690.495587222227
29747.058398077897
29891.77944916167
29915.13875180622
30381.8674615098
30960.512034001007
31526.866973290285
32039.453336273073
32530.460057926015
32998.49142892499
33483.837626731154
33970.737206588325
34487.36515611055
34999.76201896728
35515.579303998995
35956.74575088722
36262.37225318694
36281.08442271083
35913.97749965223
35988.72213948245
36435.588008252256
36491.892790639824
36270.56003496209
35904.32793115384
35490.85908507365
35057.80603078602
34653.72578489106
34273.72178292019
33927.25268911959
33628.588720991545
33364.880035387934
33135.80183673056
32940.24314398014
32770.2700320806
32599.26675936433
32392.01589619565
32086.760385718095
31573.00348775515
30385.43983820766
30006.85658843038
29962.592224823828
29357.749584125617
28565.249370206308
27694.33965285786
26796.605476827946
25899.0571010666
25014.583384082525
24145.78088536634
23292.185869805886
22451.39233042272
21620.317206750344
20796.00375521059
19976.06431895
19145.844994427698
18309.765109205655
17467.69824050604
16615.33815202558
15737.731124737924
14784.959040859347
13612.322766050362
12170.591021252
13308.533598062875
14143.715228256966
14726.109619517569
15217.06613975354
15643.749222669208
16043.785298312228
16372.825570696761
16672.16567667409
16934.63370437804
17135.863878578668
17286.259262258434
17389.26712318533
17441.484376357177
17440.27676347364
17384.067113481906
17273.08133963592
17111.148931945452
16897.51064349251
16653.958963738514
16465.629647121532
16562.880511617375
16724.9488131451
16768.705537574526
17168.202026795676
17637.195432694556
18118.40442827588
18558.472183080296
18980.447376942095
19348.577640196792
19694.10687366638
20019.421375694175
20310.2881239475
20592.53371082706
20873.85713573394
21157.112170987195
21461.630117240067
21824.164740190186
22285.230233154318
22934.791515987374
23902.43400046107
25295.194203622355
25746.915932546424
25086.271791152103
24825.80466856185
24899.94869485768
25181.018916361965
25588.354187626333
26076.23187116002
26617.877497244615
27198.320666733347
27810.320874927464
28453.675308652244
29127.38080452743
29844.878289570548
30621.17073100803
31465.008787766696
32350.004737307692
33130.10576146351
33693.64609689156
34015.37751412244
34256.881623948764
34520.35325027138
34815.36524581868
35124.999404392795
35424.96634555205
35678.888374956805
35869.98526026976
35999.777427530746
36130.09424923784
36414.79278061233
36630.68200978619
34628.74291284064
32737.08737114582
31037.217569435044
29384.468798210266
27721.629228483
26074.24868114769
24605.74774439611
24163.57895502721
24272.156122071738
24721.83526268959
25327.420816954247
25701.42498816553
25670.46784514957
25496.445176566318
25298.81361192924
24692.803681856596
23461.36501258526
22191.03468929145
21571.66235132869
21807.297030129947
22869.542540214137
24368.37110603875
25721.137622408012
24013.22458378377
28530.96474908307
29635.92530938207
28101.74892581588
37815.48268559705
36210.74691137306
30708.966401221707
37305.92674486857
37286.3607125358
31358.72039927825
34514.17650442063
35147.49953452334
31427.988155018604
33050.09409678366
31135.622781098464
29036.79271174802
30014.89470976481
29086.323030093197
25392.800752605224
26311.76441910406
27027.65676917092
22490.583643861908
23166.347097267902
23923.662437125047
20091.078687924706
21208.114396331068
19767.070787711134
18925.910929824466
20554.898393925963
17578.067761850813
20084.190232943547
19735.529706271685
19583.878786094923
21247.613220805375
20293.38702579963
19827.342550001234
22538.524108286667
20854.76450962962
19371.362079896462
23335.730387509888
21800.558994116906
18241.43774704131
23765.374990025808
22475.59422818559
17697.24665261359
24664.251351616476
21703.548886777524
18790.31065682788
24887.255963883097
21709.151348518735
18992.851600548733
25362.947925695968
21674.82535311142
18572.385559996113
26185.727383353165
21586.345031844234
17801.42577124176
26016.655702476277
22892.336824369027
16773.770688669618
26462.786008108014
22444.0019110933
19066.11279863547
25779.95304258753
23470.385312881335
21438.74632575783
25104.7440106281
24569.492379878302
24124.70776052764
23971.970655850848
25699.762280830917
27581.79578677837
21788.800277320326
27015.042671490744
33422.96517915764
23306.783508032484
28388.987663289354
34323.90094256732
27250.114400054532
30086.246445361754
32950.8037169093
29975.26521910896
31884.788996778447
33748.55579052927
31865.447784213728
33342.09566280993
35864.86137328203
33728.42150486981
32626.49202256964
40892.502099738915
32456.078533028216
32738.541983814153
38820.515173818
30033.220069372746
32270.239119719503
34620.651853720614
27466.121968490355
30908.930153101817
32904.44109761553
24759.37016984386
30829.825213145166
33408.61374873881
24477.69270105509
31015.428140315787
33704.96683408425
27619.27340730222
30939.539262520335
31699.44791463664
32119.319597432248
33610.13765302277
31302.803843225945
36743.95107750495
39546.411497625035
33181.40773084875
39544.82337103883
48698.01675232417
43476.7561618003
25147.13962132269
20648.330981843686
25024.231081300004
25478.523792986824
27375.758642131612
21594.639019002127
29764.870432861648
27961.897850074587
26724.38578369699
28424.241904414303
25606.407680068187
25822.36673582511
26605.32367741173
25636.241385357735
32717.16471755036
32304.997684596507
29277.70805628156
37208.367380889584
32615.665113165134
33325.47695522852
32758.541953039487
31357.974749278736
28041.266918904963
29407.767053675594
26607.828932708697
34302.358335742705
39783.66976235038
34437.27952465333
38035.171529411775
37966.443525205184
38929.06892320279
36214.45737380696
34290.56786625914
29288.76174986091
31215.593672656803
28917.616830971558
33254.16211360985
35688.87958180322
33737.37460371787
35015.83757173711
36408.24953671177
36497.18338774139
35215.97538661145
36026.37631014068
29378.063267299847
31427.533462171843
29343.929257350042
33038.10431643236
33630.9964562738
32988.71398065199
31713.350549081835
33541.642114539536
33495.87675781957
33451.982935281354
34196.42570804249
27406.417547637677
30482.98317449274
29595.72105041121
30062.944157672842
32286.72675122307
32695.231646455384
29186.105758355392
28271.30222622392
30127.775086089834
30607.61905617218
33290.434752985435
24658.532298675524
27111.2567248713
25995.084422393644
25961.080356376973
28065.954611126006
27843.128343831653
26586.56761952104
28313.22302872946
28027.60931126642
27711.899313732774
29097.863275517095
22111.684732675665
23864.776161429647
23359.840082086117
22883.22486458318
24673.651631768123
24318.01410072683
23410.781523283687
25543.15909734728
25023.51578522595
24882.20529330069
26311.94923740245
19936.161033120625
21264.819164239947
20931.419176462652
20966.437005592048
21897.225922312715
21711.420660303764
20076.9555813267
22085.003032541692
21763.81233825902
21805.789773164106
23394.874332664782
19371.486481242315
18169.96861902517
20167.02851086192
20197.327767773528
21996.453454050625
20869.467430918765
18455.508081609674
16882.963294957994
18317.682423207953
20009.909456548216
19927.97571422254
20269.968437372998
19595.848514242447
19617.337764713076
19959.567692519282
19728.658290139254
19844.734691568163
19473.054390758487
18953.832737305984
19045.00673225081
20337.153358347776
20285.881366868776
21796.133955062767
20629.78969402529
21011.05678992605
20739.152215051763
19998.53427186597
20299.428846628085
19966.661852741756
19820.439846292342
19777.22837475054
19954.304893736597
20216.614234857207
23533.3747490139
21898.728413131666
22635.78413234023
21635.513566426158
20577.947814177547
21200.97254444801
20085.819135221096
19670.087064757412
20054.469251970713
18966.934273118266
19538.14413979142
25675.35411869458
23091.367865338903
24510.21085514914
21944.145357843827
21187.76716038319
21974.017873065834
20632.855774696538
18926.09346017099
20171.250537947075
16918.435015025956
18137.028377206156
27009.654310015987
22961.55896138625
27545.656973251593
21999.351163705127
23196.7122276294
20810.708470564663
21178.433152674108
16948.97113752598
22254.97450052145
16021.056610725524
15416.948043585944
26323.630282808856
24426.97877516611
26496.61153149225
23108.29360930664
21857.65416041628
22850.674825296446
20241.813291118222
18413.58273435766
20383.120231611043
17735.28855331359
17124.719652487358
26415.584389923944
24769.627574121994
26303.040009176508
23283.264818939642
21695.321835936753
23206.93791810699
20247.771081033185
18976.565171884136
20254.64051386644
18023.26254141565
18010.747703183453
27114.66708111544
25076.46452133865
26677.380599501324
23497.687486965122
21705.160370811
23376.094542595965
20011.965629905353
18850.36827922125
20168.811140738566
17442.935894698345
17822.097470167348
28668.426427003174
25751.40926825671
27762.98267409352
23792.26457826733
21624.1797192491
23645.69556937825
19502.806481235326
18204.103532169116
19778.873730813462
16388.446938080662
16942.796989425406
30777.200709314748
26413.250184260683
29887.419856812998
23577.114435009415
21740.491931962828
23851.805122918417
18560.459177022585
17431.552231648526
19152.050217653494
17930.963587959606
16223.065176246733
28655.088990208
26559.333560844978
29891.343642897533
24368.731691575624
22166.53974767024
24141.896806169505
20592.150540130006
18045.658560646196
19672.89682294589
17757.163308922336
16883.762037978355
26911.165839359335
26125.392560254968
27689.44929298121
24606.58478256117
22939.722511623564
24498.48262727948
22405.829240034487
20206.748411829016
21483.38084694274
20604.63734143837
19127.695057060784
25603.28026535359
25454.609947351833
26242.4814504684
24771.9943010893
24018.080734134164
24705.779405373545
24389.6426965285
22736.557423961294
23366.79435865554
23737.964155959875
22138.315523662546
24106.778189901735
24647.280033260504
24916.575892167326
24540.164407318498
25131.206323359384
24749.44175073733
26915.593164100657
25685.96694091442
25533.973018487297
27460.03931408503
25478.101027112683
21893.58017972982
22955.342706273797
23122.62374237823
22693.4528495855
26283.62908760487
23975.90500924787
31201.709371553097
30061.93810491862
28740.675886756955
32494.61925871249
29799.103781508034
23298.558796516496
21997.459914650015
20986.531648813798
24724.717689479385
28156.06535113201
21536.53541419024
32216.250537670483
36216.049419297786
33003.20715766245
33931.9317032202
34119.43658666744
26725.567245689646
25434.659093867063
25111.977670175424
28415.887954616315
29205.329170878475
26817.91015294708
31790.34799520511
33266.89722261492
31713.100210149183
33293.665454443035
33425.181142802416
29362.54011340359
28738.298480228605
28135.029155695793
30833.477604158325
30986.351471195547
29724.459740846185
32945.85533362601
33166.23742823389
32251.653342418664
34076.30246614935
33530.99473349411
31427.13933803812
31011.20733880452
30441.51929254096
32371.500956776803
32718.831244022476
31748.530057784912
34728.99731022102
34634.92451005771
33795.63819775064
36082.871220237386
34917.757266115004
33474.054259735596
32604.37298387484
32424.498291345
31337.001531832033
33441.24113378515
32446.13202202659
36212.69370449891
37698.30799512946
35661.88109057525
39670.07232277333
37674.90537468819
32261.86229233894
35115.59073506817
33517.66852158417
31602.496875313394
32002.591264100793
29656.619331171256
35731.10344075159
43695.306190406736
35715.13750349472
38432.959072343656
40483.28512820041
29177.49997825922
31198.069430930947
30661.994288040165
31018.405902455168
32832.15493790174
31670.97512194928
33629.647965215794
36236.79667300413
34687.98059988778
34862.007655434354
36403.01174988964
26168.901069632324
28790.835083178692
27698.432825916352
29106.790730522065
31527.37983331005
30098.821837013835
32335.15843311791
33540.995192796065
32782.30321061364
32802.20735416099
33707.55446997789
23274.064520561857
26080.414929219554
24618.31194729151
26676.513935145154
30638.329524862987
28066.744462795115
34376.36958243752
32792.838758761245
32616.882988073652
30579.100245009995
31952.28570168889
23025.667304963623
24263.413689742003
23079.608780232255
25880.46917795966
31344.2963153338
23955.97264464291
35676.20649126945
35402.76957461116
38827.17583181945
29179.434337450475
26704.983423156835
26014.33406557106
25838.90197057386
24242.51760230463
29329.591297565414
30689.9567130395
27843.10034475735
31840.662687596003
32297.39056462187
32760.679524090785
31169.080686766447
30764.4114977937
30284.0949229413
29677.547280561583
28008.808351686606
33279.58303975251
31875.187106578167
31042.937082207798
32712.23871250103
31489.846134405037
31929.96824447463
31205.292519811705
31274.08532057134
34862.04762085123
34620.09112080114
33493.44749798611
38830.988519887534
36400.44706078096
36062.72343791679
37619.82354444766
30675.553724307138
34634.80525583433
32983.50322795789
30926.72538757409
34157.334997969156
38289.932284464325
34352.644366155066
44582.766993750425
43256.89458260464
41571.560583757084
48070.10169030105
38811.157035192635
41940.554384051626
40625.59715300081
37234.23952758875
41239.074677821984
33671.19211551723
55592.125060417064
45882.17394155297
45117.180495025255
55659.530698160495
42350.50952596597
27040.27612814029
24684.71898886765
26506.319129760544
25932.34362781961
24986.913380018457
26353.83085024338
24365.85831261545
22368.352176182576
22549.91467033376
23395.962107034084
20900.66172288311
22480.378635434357
20807.070498607587
21591.13471674191
20742.802893014672
24376.026596592812
23544.50576987758
22439.321254491762
27057.99397670498
27475.808820237362
24550.329350645043
25589.722574323932
25909.904853522723
23830.9452352666
27298.98401439208
26039.87927460807
26260.904105248483
29414.279362449568
28288.64013592482
28195.62317889018
29835.108008456304
28538.91842261861
27301.03818636832
28491.56429765517
26740.458616315304
26394.01534340599
26986.822194906443
24973.76944047214
26069.80143188301
29101.363219569776
26932.421815290436
27906.001794849755
27904.165112172293
24535.95034255533
26202.972543367447
24166.01323662849
25600.12374936056
25404.42446006281
25724.98995240684
25309.53684076665
25772.851826764174
25470.260298978446
26718.789628325423
27502.56818402859
25926.327162118072
26416.61926957561
25434.40943205134
25231.891598469916
27746.1867775461
27389.198414333747
26163.044536958325
30140.5115580393
31102.45808449308
29092.93801549488
35626.60402523518
34821.12475635946
30929.15082336413
33217.46695066722
30194.388116469712
28864.877877513925
33096.53302227705
31420.69220859942
31057.981315857643
37910.22474718567
35380.82554341093
35453.03243886423
36868.88212367586
34288.156134039964
33130.499678772285
35010.014914654654
31038.895165619968
31384.800523104146
31916.38665917086
29935.71143591991
30496.50582604348
34080.999177356905
32463.54218068279
33185.09731814863
33871.13729994976
31108.17120790648
32535.335619415055
29553.26976959838
25836.29588457322
25955.967089589558
25206.401876030075
27155.568532123034
27375.595005111623
26540.12161879188
29226.15104954889
30181.770996260595
27771.630785369307
28577.800964600407
28467.46885817481
27043.38995356926
31678.079203033318
33786.71720687851
30926.07825193475
32446.645521716324
34502.86374532836
32198.06040405303
36022.87361420247
38389.08859578806
37502.91559767223
36768.86070850538
41479.190259356765
37463.155705748984
39760.92790417044
38087.167260896735
39736.58428850973
37938.41222404942
38719.655049253866
38904.86311757031
37790.3998456375
37564.4537431028
38597.760173984745
38306.09253188968
38799.374759039834
38230.34006308207
35702.38873393828
31534.698869165015
34699.050600051116
36662.20714573787
35724.37152903138
36429.72800846594
36070.89170150942
35599.464021984335
35893.676975095485
35628.98086798261
27996.102383493042
28556.50616353277
27644.086068311066
28339.232962428847
29154.172118121798
28225.55134469215
30313.930560174354
31311.01708097512
30000.359960765818
30197.87911446214
31029.740073734985
29692.714115860017
32493.663166083297
34018.07502357317
32517.085525330964
32360.752215665038
33476.740522555614
32429.651781845467
33978.23199642613
35053.94855212592
34835.41862612039
34373.367246721304
36426.937553958305
35386.780269648545
36236.113816409226
37264.01749580262
37037.43410043335
34843.17538483139
35751.61943265039
35513.06829126012
35100.39375279927
35814.69482628596
36527.250519150795
35831.15688483322
36901.62234878075
37181.93350400616
36219.78375138883
36248.09713888374
36551.80431857753
35187.878035147936
35669.85737264543
35752.06319024226
35204.214883028595
35858.649457592604
35567.54364125352
36042.88655380138
28255.266303162036
29343.992433837186
28347.61725276718
27725.918022668346
29324.58487056005
28056.971797066555
30575.91656291715
31465.480920959075
30427.771844376875
30482.180052236792
31390.712148346458
30381.120219533663
32301.826782969976
33086.13312880208
32312.84406720047
32328.973965893245
32972.81816205414
32323.195197733934
33274.83112531954
33299.19978337934
33442.811075938494
33309.86867956843
34032.53886643378
33671.0698569759
33611.467752995835
34279.5671408504
34216.1183210436
32462.572872279707
32638.537716463274
33016.16340901225
31107.482250069646
32498.84954151747
33430.67397690982
32381.354744730328
34402.84739092645
34316.90146638657
33838.841491994746
34714.16760141912
34552.3514229922
32187.425735056884
33728.934501637035
33049.69901496812
33989.82625771237
34447.44776179172
34146.65786910421
34816.143626442965
26668.94504553413
29787.34852945579
27117.180499250688
26329.416454775463
28266.574310121487
26653.557841353722
28323.75582335295
29954.187269308924
30297.91919783896
29303.96493684245
31038.199829798315
30685.338471009913
31683.956641735673
33178.95713090121
32202.65901394755
29643.413943455504
31330.998522904058
30728.70790384332
30190.85868701819
31113.69350453955
32634.68476017325
31437.7981575671
32873.99602335301
33219.378681800525
31269.76611402988
30821.408079311528
31928.58613806593
29629.014227549356
29637.567194442126
30442.05497437599
28918.730644624142
29005.869446134424
28990.704975107972
28987.53264542121
29205.85424318718
29736.5378866927
30614.73619896017
33697.5315003353
31291.754158334836
29767.52959376987
31638.771451717374
30200.401957543254
31187.45514684965
33384.54353461312
32254.334704818022
33927.366088433846
25387.569355600535
26681.58751935882
25888.76889477314
24285.615773845453
25322.618121268653
24848.497343082945
25037.56156746908
26225.203849817302
26587.227579850856
25793.829475532224
28054.670961559917
27425.59259971798
27538.704148102697
28903.850226610546
28560.96156490891
25705.02837248551
26866.839428345163
26588.67705608152
26159.462742980046
27172.245887447632
28013.79183654901
27056.50760407483
29006.085919919835
29050.643499886562
28045.20150429322
28655.63223574658
28837.08560169124
26443.014082628375
27331.469481897868
27247.49231442611
26774.69192306819
27706.766262734916
28097.459375795766
27474.059938228776
28800.72981588477
28603.76721955723
28670.058310462366
29813.409923932828
29255.111529227255
27347.795641091456
28405.3979789155
28027.38785641024
28089.645286170144
29511.13783925643
28784.3569649606
30294.758271736595
23127.048262678367
24005.978052612198
23708.749843722246
21961.154662054287
22727.816478768756
22539.731775883323
22291.63046610323
23160.084954436927
23611.131491037646
22940.84655547773
24607.367658006035
24310.549730201506
24104.025865038613
25114.203399663904
24879.196091192258
22693.764945702023
23572.04335043082
23374.146928746213
23042.103457782356
23900.700059728973
24505.758204917314
23746.49754878105
25478.942336189
25310.80642336958
24838.35237890822
25813.074426516767
25637.855716565424
23276.89044688743
24221.726784792812
24050.29809200277
23613.660195398777
24751.427140786724
25252.270482509633
24447.462815479535
26303.399584249877
26029.446780939143
25900.095282632014
27013.84113912721
26636.12233073131
24350.301012803728
25601.53803210031
25140.61292672022
25475.259078197672
26754.11818572031
26106.700162792553
27415.813530283318
20818.520825847496
21506.318187270765
21380.562991853865
19782.250428931602
20385.086601324627
20277.00388278667
19983.42360785948
20687.24817192772
21079.280433168602
20507.414921079406
21862.64248005133
21669.801390519653
21489.215547100706
22256.440186965872
22068.093620722262
20460.48338240529
21271.35126391475
20969.170631912777
21286.516517518525
21438.859119402114
21863.064377064315
21464.398124639338
22486.365260410617
22401.221211002347
21833.558888850333
22591.59339617585
22531.150102036358
20707.16016029894
20927.139713886005
21209.134791276774
19672.423906802702
21011.17874307056
21812.837313097065
20799.668362887012
23043.899777693234
22741.568858623836
22620.626137950378
24149.109753184424
23517.43630709476
20487.239044608294
22615.599910025303
21625.891301344127
23412.508046484912
24295.503832836763
23790.827541951432
24867.042055744696
18890.770117011896
19712.926336954133
19349.136705821544
19105.338517060747
19996.881491033764
18828.047810310978
19130.1453756224
18097.99516224185
19177.82214494441
19056.073708599404
19338.681999548433
19506.169674411754
19415.88952939563
20817.562706663695
19938.141776017164
19418.92398874524
20641.23214922608
19255.906301973067
20693.528992135467
21669.87880002342
21730.92379414275
21471.872017491725
21329.294318822
21405.926806441967
20265.096715574677
19210.262107092138
20392.08812025986
19619.18379926672
18104.38974328158
20005.79325579177
17693.287869088574
16673.072669090838
17320.169617743282
17103.12796605607
18347.480598020717
18440.325664713586
17830.53422869211
20947.883588376313
19171.20382756998
18337.96050130529
19653.666803660133
17585.574527056102
22198.1695432867
23647.076799074253
23228.46312487258
23286.325647907477
19668.60229426999
19385.68178212982
19353.012284051307
20408.72382755778
19932.54862255654
20033.511096984075
20163.219927349674
19836.185777288047
19579.589346731053
19864.231485231652
19330.264148760485
19326.79036656733
19704.633087154052
19948.06197909495
19577.523765472266
20023.898333307003
19859.396652348838
19846.78477750477
19866.356054009375
19676.920661984597
19885.16993125175
19814.999198185276
19981.672374926962
20147.136628204407
19398.71970038573
18767.23906690765
19425.863381956817
19587.65688057646
19274.591611909687
19468.8470891104
19454.170965313388
19334.530697829687
18838.304999485077
19200.425278954517
18369.854336698652
18334.285160446234
19442.676666335272
20182.066299651524
19006.661004153142
19889.23044567126
20335.70628375141
19724.273075711833
20889.723392088807
21306.672338409575
21080.054187079695
21637.936752177477
21219.54304171611
20629.424341952228
20809.010916265714
22081.495681982946
21393.466759419585
21641.161796139455
21516.149273543204
20936.61734986087
20812.054924054202
21159.883002368453
20344.765268750536
20476.397448264357
20460.495235214064
20111.82589069398
20226.83662375611
20992.22887633912
20511.76042097338
20717.840478712198
20504.79885363629
20145.323642249434
20144.214475521378
20319.370732288055
19852.678491473074
19989.64731466259
19865.868269067665
19640.259865631633
19725.66384131626
20111.71077245244
19885.442023979933
19998.823255643852
19866.033765057837
19847.016921322604
19755.75322437972
19830.70346206145
19737.927509828358
19633.90299296454
19980.48696177389
20295.79713016442
19967.711136816364
19856.497324918615
20103.158828732176
19940.793992960407
20108.31770118986
20521.729644835385
20323.791321948058
20707.47279960476
23003.32808684659
22210.21625414129
22530.015035750715
24008.9700505796
23079.346935029076
23490.300726385605
23038.09970345535
22223.01372801488
22265.372348923764
22648.51655772604
21568.601240709453
21889.082862640713
21538.33134533147
20974.52804513341
21262.944943151364
22071.881221939744
21423.14257441305
21812.25581511586
21237.10843927373
20714.91577792019
20882.122157673617
21064.376094623574
20438.05649840652
20693.705788916664
20300.595977125486
20021.60888415549
20211.841403458453
20467.48181242294
20072.811440260793
20382.59775981977
19705.518182889606
19537.83738330605
19837.139766393688
19781.436562399722
19767.231279374715
19866.799488249144
19568.08606314515
19763.832592990133
19731.751488757385
19119.543926570143
19274.778203695627
19364.925217163367
18919.9807834037
19581.61815652409
19270.949796888475
19862.1618722261
25154.732177705355
24010.96793456397
24557.14681580705
26569.28399092918
25054.7652032264
25817.254163576235
24523.777462994338
23271.067977397637
23797.064868497517
24162.911502249437
22836.095609714986
23419.685241823317
22466.953066861046
21826.410859480846
22297.0436437476
22415.747434853627
22035.92851251553
22532.3968812387
21847.864976648405
21433.517569749733
21569.198425807834
21720.86170437771
21008.554468588794
21406.006145760715
20731.921813675122
20109.433265951342
20573.182402135484
21445.772349651663
20318.782827692572
21000.202762650995
19447.587962815654
18617.99420994932
19532.04690586985
19466.575620055773
19170.331237288196
19618.039825395317
18429.424214588995
18582.429950339712
18810.935649676547
17355.807884229478
17580.02939325016
17967.326576337302
16887.465213674004
18045.396490963783
17494.507734434206
18504.26632790424
27990.86917432346
26449.093587367177
27395.528374522066
28029.7915681421
27625.921769865345
28230.938150490158
25454.7196599838
23183.069722743006
25361.113925990405
25522.046899539568
23238.926408449206
24917.991764411727
21471.292069338924
21580.08155130442
22031.346665290577
22515.218149553133
21058.18007163828
21677.11974885915
22201.40167711797
23147.039134743933
21995.49136952256
22085.046373014906
22356.68614312494
21933.441989830204
23020.783022079202
21232.917223708595
22178.16799049938
22192.87724687505
22117.18306194043
22981.236477324375
19459.630669471248
17032.89572753884
19664.670876297558
19630.99538821912
17722.983507484867
19508.072945120763
15903.061644408099
16131.088779826927
16612.233290802134
16549.278182342005
15405.951206986476
15918.203302624603
16012.382840266151
15285.824136608142
15327.465935928394
16185.66341154567
27391.295168469092
26683.404388187824
27671.260752947826
27080.879221869876
26386.281756868477
27200.429662722272
25501.273999900142
24576.609331002343
25465.535411133395
25485.25608773339
24172.86427003808
25445.639579800467
23528.55097527138
22545.38279267698
23152.48958043019
23859.285243339713
23017.044969800627
23740.150206167455
22398.73817519853
21748.504725437422
22342.650489230717
22374.53852255451
22077.998403370788
22290.638800268513
21227.504606079194
20646.72203057767
21572.901256311343
20992.66962610718
20273.322236516306
21061.60985155782
19489.04322107653
18628.829894702325
19390.022174272817
19432.107712489757
18126.897809646238
19388.255663060354
17626.0504657371
16626.248428839066
17169.40501565401
18193.14879252743
17477.47204213694
17967.936088500872
17430.88069867834
16900.17491521605
17207.457320131736
16489.15507048345
27004.3151538617
26297.014870217317
27018.234206377063
27110.803166875492
26341.96236684817
27035.45482771445
25668.36167440522
24822.004765056
25549.75103450661
25597.341911215906
24721.543420920578
25520.066647249194
23985.34126390451
23165.03676407941
23931.981580980988
24088.155260453437
23244.465870007592
24034.308558633365
22486.401127413243
21703.07371884129
22442.71732620265
22464.607506593686
21691.929196923185
22420.858871273158
20968.330650406755
20244.175285114325
20970.47943505274
20963.779528723753
20258.528361597128
20969.2168247211
19583.09733932127
19004.96309989527
19580.431792533076
19595.306507253754
18905.28222670366
19542.52984016257
18434.26523137426
17910.05649859659
18344.168178274063
18455.75498070533
18043.760319116427
18469.94205598957
17656.6200191666
17668.980805662
17691.939282704974
17583.428881055
27399.057586622323
26526.408990444077
27231.28410127194
27890.207447280096
26871.82938361785
27617.30445090867
26264.723370857697
25206.527420311024
25897.41427531344
26062.324925214787
24970.993260244286
25767.177147796385
24230.299829146225
23326.51717941233
24152.40530780263
24433.513219639128
23433.053032898526
24323.76661988425
22573.1346081991
21693.2016062377
22529.557299641558
22551.191317845405
21710.34277579266
22508.026511113196
20917.148744854625
20218.348178825938
20947.141565307145
20816.648581488906
20099.47443240324
20873.38326964266
19256.22860447858
18726.1230918398
19472.70594616684
19376.386724046097
18940.40319708098
19542.168295278658
18292.99009431235
17948.702686452838
18395.49424416566
17978.21038446705
17651.35067030917
18152.71720265937
17022.516534928905
17428.323838923287
17244.78195096833
17567.264699038613
28634.652345542614
27410.67703775058
28227.30069019171
29716.08394003132
28179.69266256914
29123.077333780166
27452.1133202228
25971.336401618
26787.335918585504
27105.584619037505
25545.621832414014
26506.323263821054
24694.99371898457
23569.29675866782
24558.55076399477
24956.52951172702
23722.51798318259
24833.75399275109
22678.189037887743
21598.878377619745
22618.89654751694
22644.666306515875
21651.08676253447
22595.573872033383
20672.542641311862
19902.402365554473
20748.751271649777
20515.362977232413
19645.457078801668
20592.35947761062
18593.656703033703
18008.597217198323
18958.990910846445
18780.73602092756
18395.567935263003
19116.493745045413
17525.83247291154
17205.190242440913
17759.8207646195
17087.114507979666
16651.647871850186
17293.035095535968
15743.255805822311
16425.340664017407
16099.742872391023
16738.215919995073
31368.11434946285
29236.36795709088
30443.510655710088
34543.66105419922
30561.994760477617
32643.70637953627
28171.75027452225
26285.009937886334
28092.731973590293
28220.052694860307
26355.031336437292
27799.46252292031
25003.520880263775
23842.648254101496
25029.83723710704
24704.466439170024
23773.584433131553
24839.07967500421
23236.737154014787
22097.49378088567
22842.0514564429
23039.204430855247
21613.09011693581
22733.832819191688
20438.573368785088
19344.675141421663
20455.077146339914
20655.565178715813
18881.718338060375
20509.978553699017
17568.27734236871
17185.920840708073
18129.58919707273
17770.455518236813
17612.05527380393
18387.44084453911
16943.694145540405
16207.063753917339
16943.25486930443
17502.330270107886
16723.17878101384
17175.2632058803
15288.714118420226
15128.710567623955
14987.37421171439
15401.9839236072
31304.014975301652
30565.34874694908
32612.717614094436
29571.004790036044
29235.617914811242
30342.30633758157
27580.910024906232
26569.68473902586
28167.869265892477
27904.329650360625
26358.66603377245
28258.76252007256
25221.0493414093
23919.14765376808
24948.43577324249
25383.287030527812
24276.553252689755
25354.087320928378
23399.796714703283
22253.046898489145
23201.93470265053
23274.26931098522
22308.589415818198
23217.893541980327
20922.850229140644
19138.863051415356
20750.35087340983
21496.117716735625
20149.509558171445
21183.903290088183
19778.76273983553
18535.59673694041
18689.56249348355
19256.536104507035
17475.76919646313
18053.273476654595
17569.355117704134
17063.437158482087
17487.286970798585
18400.474951388576
17205.1963384799
17909.725515713773
17137.77045427476
15778.009737679424
16411.69598905483
15291.91597790349
28363.441391107655
28142.703567725566
28921.02784208347
27424.05555498984
27282.41053570965
27867.86699230434
26358.622055253123
25949.26898753991
26929.960481304068
26634.350965695292
26302.37715276724
27248.43494792492
25307.741796829556
24438.996712420383
25357.391616554596
25192.569793039398
24553.417442682578
25250.587742186144
24033.12790193238
23202.79652878151
23707.53523099134
23869.830171223395
22681.29997685007
23548.985210316852
22194.52916874127
21040.645452864814
21839.57715800099
22930.132968474187
21944.190100998552
22556.692346328175
21911.56538145189
20815.666136965978
20821.734166726397
21358.057384172494
19616.506666380345
20294.352388758987
19637.858348370122
18413.070006001322
19003.477072801306
21008.388201125705
19860.474682226304
20311.73844659687
20258.1922739931
18671.87114683503
19460.95028269876
17898.254707626857
26631.879842658607
26568.52926279345
27014.11304296281
25902.652235480753
25923.817193597828
26264.219678913876
25334.347957896654
25287.032161569634
25846.721596633633
25595.362402826977
25616.566235398568
26098.287416892468
25073.530610868125
24658.071029072504
25134.507367968687
24917.86018876792
24745.70781004209
25004.12315882634
24660.12597182879
24292.288845797968
24354.331779842854
24510.669152140992
23742.51919800462
24194.37919665452
23688.203065488207
22882.48896696294
23304.941336833475
24484.523149783006
23868.689785703715
24081.929597987168
24272.17704218218
23414.607781807124
23052.06565742408
23646.7698553507
22082.565924052178
22471.247139108546
22429.521026446117
21364.368403316275
21708.477282102584
23945.363958397043
22927.00391317382
23173.525352375695
23515.653182493887
21865.371067226242
22680.99586226247
21061.215965164465
25168.882804872104
25270.87481710295
25539.80480311088
24384.156882561358
24530.107511250048
24783.921291330847
23958.383002054426
24344.740929469837
24737.217023285426
24376.388712154003
24895.921398910214
25052.889508421995
24653.01110129888
24776.71770440154
24805.063833869262
24165.350396814054
24676.521702961298
24446.00178987617
25072.225695184017
25414.262597905225
24919.005414063246
25014.12655082952
24849.518291098342
24798.24654433667
25348.886538574247
24941.682070180395
24905.75118655848
26343.74789678573
26185.093144933653
25824.022628057006
27344.954727546745
26578.750499332862
25653.471264627624
26447.453212081196
24875.498057988
24936.08422561102
25624.80438191975
24584.76032030004
24756.306663935604
27613.322811459715
26431.41927732897
26569.29472044915
27167.371326318553
25265.797752268605
26194.829583934985
24375.015446051097
23557.96810655758
23636.39308154391
23974.276400943207
22811.43985043574
22552.017164697758
23160.671002618295
21668.840334882847
22332.639578948347
22908.12857151425
22287.965819299276
23508.011288160887
23467.45067260952
23289.76038115145
24317.124262174984
23786.596973562737
21925.13104686594
23462.626376082266
22661.194047681936
24587.719392541338
26603.475304722462
25013.632724556774
24851.953345721784
25988.161159525607
25078.803199703478
27588.144083384817
27756.50935190996
26923.102231434652
29281.543577835087
29895.277909911332
28366.129194214634
32668.715155006976
31621.846803881916
29599.62823044972
31029.321220330843
28729.92234204564
28381.974210446515
30109.303900843926
28579.107670923975
28783.931903227873
33216.51622419148
31120.219502685202
31607.054549045228
31444.382064329217
29238.97663657471
30318.134191180645
28184.347908706557
22745.536595867427
20989.784560000535
22618.97184951565
23837.14338518616
22269.84837848978
23198.55022198599
23140.16520324391
22349.23826680555
21339.06625540146
22136.2987765285
21743.515128872605
21209.242083223682
21365.822985085782
21500.63220366773
21223.606557044768
23759.04616007737
23337.29385227834
22503.746049622343
26353.62069020028
28109.55706868666
24608.87163224834
25438.323927303867
27715.691559431725
24349.672814784622
30705.41870596166
32471.22009615773
30243.620773337178
30430.62561588502
32668.49583304261
30572.838999471765
33574.49138720901
35168.38545297176
34846.92765883695
34295.21938835939
35473.97328180619
34254.233354917524
35289.3924813622
33577.331015780714
34669.23495658605
34393.646505458055
34239.81637744904
34968.96534674006
33109.79157512028
33810.2622474358
33179.22302549357
33004.69514529633
25255.837606556066
24230.957895656607
24536.50965288432
26664.46043110297
25944.014411071006
25969.740902303245
26911.57834235471
26388.29492154781
25155.872562908637
26071.150144417803
24392.418181561312
24170.232011549768
25981.421513259393
25854.702205211295
24930.382800363765
27752.263237163737
27662.156851199114
26916.651527681977
29211.03887555314
29643.98904085674
27922.560390976378
28594.093785656005
28779.564033157425
27183.557272688293
30520.43202430683
31880.281262182907
30417.363416442913
30970.84347368702
31692.35504287779
30712.52000108586
32469.491117289384
33027.36855951859
32658.448277504198
32488.42489979936
33690.30456824742
33008.001012287226
33512.64251760705
33638.53450885001
33873.986862419624
33227.06552879827
33309.96445346074
33300.79978242436
33182.048048951576
33081.24808792982
33106.9819597963
33088.80084781707
27962.529641220302
27455.91980674539
27330.81508880804
29130.5531297041
28769.435640445954
28564.54319729211
29642.070019432635
29386.227154168228
28390.416768481184
29038.657057017837
28028.215302621422
27682.854210780548
29184.937995035303
29096.863167186348
28504.40135324964
30376.89442306976
30302.613160821165
29806.883062777597
31345.260403930686
31442.744481471185
30337.071281606375
30853.6907335105
30538.64340664722
29789.135500851968
31644.33665676327
31980.37404234474
31289.03173279362
32434.843280138615
32578.658619521273
32024.489443303377
33399.83555320789
33419.74692942162
32770.60344481572
33047.26451505259
33002.53124318402
32572.058302423808
33423.010179948404
33370.19416718312
33273.66652349804
33973.68738019092
33767.41754189435
33660.139025624805
34054.35701212641
33504.26954476109
33751.16035311139
33313.96653287436
30180.592975042222
29915.029347002303
29669.70507350778
31148.578328785978
30937.268479992348
30673.08405189757
31662.25834160838
31463.972439010755
30715.232441759268
31198.85394614695
30521.458827488066
30197.454182116227
31355.179732349025
31320.027768360356
30890.628428905395
32080.30803674693
32104.903409658964
31754.48570440655
32783.10831261858
33067.150328701224
32205.03332554846
32546.106224583207
32317.763146305144
31797.977806155774
33262.76408358385
33359.618623726834
32847.313816815
34008.51562814618
34255.92328669289
33659.469584910534
35384.32865143014
35197.25102573971
34269.799423513774
34791.596386846206
34151.671127974456
33804.67867361199
34852.744869723494
34465.41316130681
34377.38405079182
36103.12559864237
35460.71449891149
35426.4910665637
35853.13946932366
34843.008049182055
35324.11441669006
34424.63793986414
32078.01591453351
31911.468313004683
31620.04519906777
32851.40541038704
32958.60773176737
32515.881460415258
33999.13004218441
33032.19797279038
32616.486692598468
33210.877687102606
32237.859436419978
32119.18180145076
32469.47685857342
32503.056202428575
32326.500809037105
32380.144701424
32107.852391739823
32495.67657708259
31555.128304968173
33146.94330873742
32748.748098300817
32325.853134045
33486.092372718565
32872.25651233906
34455.28250234508
35203.224764838786
34295.28104958664
34166.90472063471
36040.78598862123
34430.08110273072
38797.195622869025
39031.745898485206
36842.57915194954
37767.54698102597
36679.4259600235
36053.38803815833
37967.26879444533
36818.570517358516
36931.481853260695
41058.598936898496
38648.26896535134
39313.25959682179
37847.779262271026
37014.216655075266
37550.63034545844
36432.97172044717
32834.90058623329
33668.446490704606
32982.722099804974
31757.937096863938
33050.40170352246
32399.84272617627
32575.618626025644
33411.20075003232
34831.79698064474
33645.61976612295
35128.80827161774
34924.80935425949
31949.262564100452
29850.85584915032
32074.009906013933
31946.48207112607
30987.482724100217
32038.433639120223
31862.458042363352
32361.70054704995
30534.17635882403
31248.026029050863
32099.31829268694
30652.411095835734
33673.181684907104
35824.41059772307
33760.1848704042
34061.69854120521
36001.460419872186
33928.880090819264
37509.29385845044
40828.796184666404
39600.09007455224
38660.61132312254
43583.88205014719
39637.89404897051
43047.33656662485
40504.31562551583
43020.52457159682
39104.68398661811
39558.67970100197
40986.7411878592
37320.40017685987
37588.56751560954
37703.06321693121
37665.09463448149
30271.91299733755
31443.214292595592
31022.422603409374
28764.457659108
29910.948441533306
29518.730017468624
29600.98841144746
30625.534594326266
30970.099462338607
30280.708207505813
31783.266614233453
31715.677427098286
31393.982743834677
31769.811263401418
31723.201347562484
30502.84533838948
31401.165942686413
30976.094867806365
31613.803576346778
32601.496445474946
32136.191250268123
31932.82986758855
32898.3145661037
32142.091364381762
33717.84217143413
35237.36193258917
33970.847608962686
32957.05357654678
34139.22231767639
33361.690080031236
34201.904532663946
35347.031538933436
35588.60973557573
34836.72384313255
37359.20119747839
36471.6777356679
36512.239871428304
37354.94752357964
37651.59338684555
34838.035069923026
35578.533791876296
35595.17889165861
34728.45290705975
36014.17896625594
35353.820311463125
36702.402871882674
27238.563079087726
28443.474749810048
28005.001060577397
25659.75544807414
26939.64254636248
26456.67534551365
26771.96073263431
28136.95423406389
28216.326483856097
27502.258566658027
29425.51685315496
28913.474707562644
29422.131557748267
30579.62748367148
29974.76981069812
28247.511032305032
29607.634484224658
28842.276612721624
30013.16810686742
31187.13237397074
30811.480555452275
30404.135591713166
31895.657720932308
31224.668118811125
32198.19108022758
33167.767918458565
32563.34688300472
31710.91683226027
32495.303294646477
31901.38567565891
32732.909743416196
33164.50172754111
33237.14948278652
32915.15931203709
34017.60321955855
33669.853789563305
33689.717206735986
34246.096805105764
34211.53681345751
32903.5636020316
33231.74811469344
33257.1548569654
32664.610813401516
33627.645497044454
33133.41008852514
34152.306744368594
24039.29504608485
25389.612380501596
24851.537196104153
22436.79385316933
23891.314920666744
23230.60884633229
24089.993727351306
25391.084124101588
25304.011881923012
24624.45539892639
26777.796270551407
26033.60573345943
26983.871701852877
28602.112767900267
27632.117370330063
25487.96778494185
27458.370320012873
26282.78189233206
28543.3251384287
30675.873790229783
29323.78987210968
28972.90569599926
30720.78916393008
29659.318760837232
31806.722636545164
32352.20017235532
31661.32059379574
32987.35367908642
33237.04517700178
32222.83517583035
34487.100759470355
32984.08462313995
32929.61922103734
33474.3958294401
32775.754663673884
32718.280851819603
32388.58075168676
32394.42804963362
32625.278683900695
31794.85570110641
31405.33787656896
32143.855650013353
30217.14359258233
31660.11124194024
31023.212004499677
32184.57303536592
20771.430220729893
22905.635578266367
21645.035359297275
21837.183964113305
23017.831838990674
20956.36816578701
23982.82611874552
24268.527107175192
24091.587664899645
24073.593076572713
24305.017619803086
23870.62150753327
23669.531359857683
25567.145832254
24565.928107732565
24845.041821547016
24303.315665049828
23831.463788427376
28109.569234857376
31292.831606757063
27326.292065783702
27424.159915583696
31070.755680251223
27943.20319590052
35300.333198014894
36215.407128113366
34143.486156986015
33838.81743997492
38264.56754947535
35114.84006832634
35567.1825466584
35022.51620730035
38037.69154113914
37683.94692084998
34140.18954506528
36129.588838755924
30287.179649060643
29176.077361087853
31170.52686649981
31004.580189314012
27127.87430042322
30320.83998997425
29102.45972318868
28463.72681198355
28422.55308502323
29225.418273743784
23510.729978054318
23514.668240433457
22663.543477396262
25292.02602547664
25093.195191415827
24389.216520153925
26798.853834991263
26697.583446767807
25033.733695506977
25870.667374326888
25069.799182152234
24353.902460909696
26732.917740171582
26993.92331246828
25835.07932872548
28465.488602444908
28587.698882419507
27592.330841438197
30178.25130824632
30733.499510188936
29211.25174109032
29668.91541899892
30796.100020003858
28725.63617959603
31977.060070349373
33877.090972076665
32708.733085078107
31524.29414119758
32129.763676454753
31611.884299459867
31878.26142348116
31925.097714258933
32838.16673483666
32214.956196184292
32857.56533486082
33894.30412335626
31469.973790004846
30235.02099947423
31369.03571243424
31420.820549000196
31028.51484129922
31461.0267085296
31029.289621116757
30417.554180467447
30783.404953274643
29864.309278687
27144.173981021828
26986.486774663932
26211.83337786526
29031.788800405116
29096.11098134209
28086.085406432896
31326.090434985083
30845.90719982357
28868.44746472489
30031.98218873391
28607.399473578895
27796.94668570778
30411.219780005355
30133.413754247555
29394.243111044583
32767.55398227393
32087.534373738665
31536.841278336608
33585.86978638625
32629.830274153843
31550.00463773019
32471.759068766314
31321.533805964526
30793.655862610394
31997.995634740524
31794.053280851538
31663.569581984055
33311.4143696327
32233.147216436533
32542.28369308475
31948.22901408773
31419.806395278625
31728.27668900705
31805.424287520877
31567.884381920372
31738.815537908325
31317.346946096797
31242.6720893544
31375.006368937815
31026.465939024274
31265.00415028538
31218.576737444564
31681.647281107304
31361.60310185974
31504.8752804273
31212.800605578574
30732.050710074338
31661.707911137288
29957.03991967352
31889.54741963969
35977.077060941716
30958.48344895643
36210.85681798662
35253.69664301703
34475.28591769503
35929.23010432919
33453.06171001079
32791.94971687069
35321.51884105827
34609.55223945417
34057.69802235813
37777.953942108354
37631.66424234396
36533.55721478246
39454.434831557526
38147.2825660228
36440.864667316775
38013.58108046124
34857.35940911379
34907.58655438703
35819.14115686383
33449.18682194419
34382.6731795628
38953.42635542995
36447.9692786876
37458.436900681336
35372.79360295542
30396.626505327666
32618.7411384121
33602.24306224481
31071.80869536311
32180.178238566037
30160.153547724643
31086.59479520772
30679.972984931832
32420.191453960433
30919.15865886121
30243.461572553442
34442.88029140885
32577.043054346585
33766.50387296535
31971.245775257514
32267.74833686185
34452.185527054586
32202.333859382492
31837.67327275812
34292.67949461112
32154.571255256582
36840.20252899039
38906.66920196359
36402.71555713368
36612.507420299444
37630.95968219439
36250.12135611922
40024.33972527941
40140.69095587632
38942.24270282477
42080.26876279281
43080.329724621435
41082.0032994889
46963.84659333841
45753.07889300716
42722.25502188582
44748.9715896766
41202.72486322632
40956.56905925484
42988.917697530254
39504.43634952717
40727.322594882266
49114.01810314949
44815.06563762298
45790.52640185502
45895.82448364092
41331.26851153303
40383.88329823764
43134.06235129415
36068.74123890397
37740.31877964472
37711.479350637426
35156.1899147091
35164.47751766987
41652.012919693545
39091.57760610445
39915.23988110702
40113.0984092196
37207.81921805336
38719.41609525049
35706.216688443914
30524.252559757377
33912.815708291586
31274.76836048384
34064.47525270863
31212.760663436413
41032.52377522791
37511.02989991363
37627.31835983404
40253.182173634006
37129.34537347111
43312.603499642326
45723.13444594802
42882.98154422932
46447.966566408795
43538.586460587176
54650.515590059746
50772.19629549336
50748.13593020219
52023.495838960975
49165.47233212327
56012.58639968521
51731.80087993888
52877.471785425645
54874.8334971306
55715.08337072829
46440.31246063724
50623.269042398315
50934.57649901256
44911.5887503716
48528.27606335385
43088.069104600334
41717.984534652904
42684.29515029698
43267.73308701326
44132.033755346776
42621.24737609028
43096.13549448401
41385.82455885645
