33459.152500978205
29329.866177589676
25682.172999416107
34832.65757597449
34611.25013592964
36100.601055761734
37890.61720605647
40093.907490320926
42663.26074416388
45448.32591009744
48189.05572085496
50386.9383339811
51288.259595595555
51356.44071351013
50040.78709890594
48006.79094482962
45751.7975718785
43483.43901049735
41301.330780153825
39256.50814672976
37377.620802465615
35688.644005525035
34237.525851507155
33092.23869178675
32298.647469611304
31290.300616330387
29898.313572243103
28825.24573889347
28012.402211756038
27366.528008050132
26816.653665600625
26328.354829336986
25877.325730726156
25451.86784641105
25045.354416490773
24653.89043274884
24283.46647547901
23941.48764722597
23636.086532819267
23383.885022450755
23188.61924244916
23040.191211944664
22915.630010115172
22816.129483082208
22758.5631806731
22747.183992244267
22772.38743216967
22817.894783313444
22867.877709249282
22910.076224893495
22936.371470591108
22942.285280941825
22926.229263741596
22888.834375795443
22832.424332693587
22760.65193641645
22678.295082133238
22591.48202285816
22509.365551914416
22451.29091690009
22473.276518215927
22752.463647030138
22887.848893334165
23007.780896320703
23355.337383995233
23789.337922715484
24260.364890335313
24754.200266809425
25266.0534095901
25791.45642218941
26328.71900137872
26873.269861141904
27424.069733784097
27971.536397939974
28514.984941882416
29033.352784479444
29518.714138724892
29931.48888113874
30242.11523708985
30389.120250090247
30307.711743238207
29953.091591423145
29421.076000418307
29180.619294129167
28957.727459851743
29027.178923485153
28915.693985655125
28547.280995612855
27966.859778830174
27250.98499666249
26451.56004334124
25611.154660833883
24758.754028801242
23913.59819320148
23086.17682997329
22281.846997390723
21508.47540486916
20772.438860302278
20076.63996102547
19413.87277813407
18813.166916199523
18278.167744932653
17863.543042213085
17665.930645215638
18060.82097409092
18166.701094086082
17600.030852634518
17695.388679377735
18040.840568660526
18476.857020786738
18992.08062077063
19519.36682522687
20081.045974000906
20638.13214539221
21200.73714878368
21748.59365745604
22276.334043499155
22771.534801186637
23221.442679219486
23608.715780239552
23918.289109007084
24122.398125626296
24195.701092470623
24119.509119864662
23949.084630800884
24224.22479771533
25003.812501631448
25710.701473441826
26273.256221547806
26702.283327835685
27020.368098748528
27250.634782635912
27407.599185683663
27505.312722520648
27554.364760071257
27561.37632689555
27527.49873496106
27445.59384122435
27296.251971539663
27045.41647952334
26659.593657235775
26165.97883802433
25926.31538034524
25858.49237036961
25681.64675186508
25404.502558943
25079.18273992008
24747.925243352984
24441.723599208643
24179.075635963072
23969.175642125152
23816.546888423032
23740.282535494684
23801.93250456615
24085.968831309056
24285.848136991724
24731.363082310087
25347.082223865204
26117.234558474764
27102.59719030551
28400.123577709513
29903.204667129066
29890.142452449014
28133.79204847472
26386.62273243315
24891.42684888986
24460.629515135126
25277.82456453098
26454.120229466367
27347.79390636068
28436.701392676958
30214.29340737765
32182.217540358546
33403.93032704882
33275.938891734986
31611.518736229245
29183.587118285464
27029.71135724756
24459.29558451289
23588.49251823093
23756.693974135727
23744.399406722674
23452.555305078757
22979.641539109238
22421.780304321583
21910.476170985046
21602.336426056594
21599.94694174637
21855.118079124946
22240.900547755075
22713.301158440183
23266.744637358646
23904.329754406863
24629.70499063025
25452.5285625905
26373.739715842814
27378.997374669823
28406.217918522794
29300.226991063137
29953.458928783137
30379.774924735873
30600.21897529594
30782.37308958598
31002.16074990491
31288.760619233442
31627.34295559057
32004.513379913533
32424.274887607655
32854.83738229513
33297.865856283
33731.22677000769
34136.738306713334
34489.565699234154
34705.20449062224
34604.84271517774
33838.23545720799
33436.254431328656
33261.40974936556
32461.53235580701
31385.30390182388
30211.339809884958
29008.173817714218
27809.892264819868
26626.501806260843
25468.264188563528
24342.21640012082
23253.136927059997
22204.449836230546
21199.16801271435
20241.18482426796
19337.364301887974
18501.399940237403
17761.499632890187
17154.985513196483
16734.3811911322
16473.977332112776
16287.69767466106
16150.693286552318
16175.830585394653
16356.222656532009
16635.870379979347
16977.676029951406
17316.379347050766
17671.489482886354
18029.365243805332
18348.63097415042
18649.137405541354
18917.205522090364
19126.675437564674
19271.752365785636
19345.512618389625
19336.729511385573
19240.163530942395
19062.45587779911
18817.52670442559
18588.250264408445
18553.929915957902
18984.790450095807
19170.141172782118
19831.94028809874
20714.99144152091
21646.96901166465
22547.805514573105
23386.148188686067
24153.462537700627
24850.74326838903
25489.18884794017
26081.191132574117
26640.685962496493
27182.70180909409
27724.56568492554
28285.134995675748
28884.505955728808
29554.307109358342
30320.036675155377
31217.373348728303
32275.452598477466
33500.00179002067
35004.120766169974
35362.989082231725
33996.15649882875
32980.44642753164
32137.84580459232
31468.269483083728
30947.041833558607
30562.458224118796
30277.70206068515
30076.91703463043
29949.571842429184
29885.26947419894
29874.57130310828
29911.17337011508
29987.68843019897
30096.400769253632
30216.881223583132
30315.95740195502
30333.59062111051
30158.035543097198
29664.42860588222
29542.86937472736
29863.88798323203
29862.84708024754
29662.907276708305
29374.298618205074
29056.352236367504
28747.780353188282
28460.772956557386
28204.360664502605
27986.50496190754
27818.279400191444
27708.813172487404
27681.534562307752
27780.040926257487
28082.333308058805
28703.0968385982
29644.30247400021
29605.316818597184
28905.86745138706
28535.810043205878
28425.092065711873
28453.981355901786
28536.15916523817
28615.143846014224
28650.97613596322
28610.77869436908
28466.01015253768
28206.712013280176
27908.332811731998
27918.356214418345
28794.292165306215
29977.25244728209
31173.934874640207
32323.1591527794
33438.76991597534
34522.04859603799
35431.9572176051
35386.108189710176
34849.02373959367
34407.46748650992
33651.76622911679
32905.65635412154
32408.908335040058
32134.396229648075
31915.99496677382
31353.544483743113
30248.315653404316
29172.271824513864
28788.473580918864
29149.80266176591
30078.48240083361
31288.422794158287
32471.8870838058
35546.16587373928
34145.82734029935
33582.78479991523
48747.5037266306
36298.9178966153
34969.80761255854
45805.53467148534
36496.21690590104
32058.329067951414
36384.698756752914
32170.35320787967
29050.290786807258
28184.16852226564
27040.806486878322
24240.824162031466
25465.185183538688
25103.971253386673
24113.38637695489
25005.748385689665
25027.668948480336
25999.230098587173
23883.58932539948
25111.087733943863
27479.449013080288
21816.2548607476
24628.726729033056
30210.86860091185
21113.517590071802
24384.67523337494
31219.089693751965
22690.68133775858
25002.507692737425
28600.26939767207
23176.64753901283
24818.85367583686
27518.000257007756
22752.346881840553
23943.080604291354
26904.357576507493
22061.113328250936
22472.336158556955
25812.691591028426
22557.870820307027
22663.623774127933
25393.924203233342
24473.776768653282
24727.903641286328
26607.24880761159
27063.78140023363
26920.860020010947
26834.45369653898
30211.839512677154
29185.375023382152
26430.69875604321
34907.05860837917
32783.67994369872
24674.023769234496
43082.54324672339
39697.53653901252
21279.247547033516
32380.212911737042
29887.666121586728
21983.902605266496
25793.39960825099
24029.027000734775
20944.54824984275
21236.4361371473
20004.751840163506
18754.43643850913
17662.29816014517
16968.333277959624
16350.077816249377
14721.361116833878
15589.888032147283
13750.958145044886
15377.53319946934
16103.912974831213
15130.640609133306
18639.552110440844
18813.40784614086
19176.16866897739
22146.12441107345
23040.11683698087
23831.74516305789
25717.524266339948
28089.472614028993
29408.774346553673
29339.772278975404
33116.71079863902
34814.89759483166
30372.027714707117
34372.10483480775
36311.150599029665
29754.659199732545
32169.704814682307
33574.05638270951
28948.857698196785
29498.853752073614
30640.227545136284
29016.778953080688
25842.024711309703
27682.412404572155
27819.624929877264
22983.65086387863
25047.08574031144
23542.957092395198
21720.625103549344
22551.34383101541
21760.973650666292
18808.28363238454
20802.343327539264
22651.471191636974
17314.00783337775
22605.581121599775
22459.978496396732
24475.87811509866
28658.998655692572
38351.9547196847
29729.3120463239
33436.78076781242
33976.22100431802
33676.0602065057
28991.309020731962
33812.64099146754
32855.2370045299
32661.58917888874
33769.40719166356
35182.46957828903
54743.045389625
42373.403418334936
45485.488710149686
41870.75472305431
35831.922976145885
38499.35494677967
34844.77319183329
33808.20753494489
34629.772081991025
30228.721031194502
32259.56034554891
48873.45154970362
49985.25375253307
56254.29311898179
40824.582470305715
36502.75158957194
42692.02467729148
33915.1525189698
34494.94651270171
34619.85302711323
29755.196828642704
29380.0118128486
38170.87401862893
40895.069322304356
43046.5793684247
34278.26136678083
34695.4904497735
37739.21668641162
30357.089245484814
30620.24494812271
32358.45841150859
28491.362485718797
29318.115590831214
30184.689463806237
32260.354820804852
33937.39595026527
28718.434227582264
29583.82185043245
31010.99550179614
26896.142898932765
27082.305669017456
28233.773643649143
25885.680616050042
27329.164548300447
26738.26910743011
24565.810204391222
27519.33819355996
25595.18041028124
24261.48440692638
28250.48760952687
24978.38539765021
21234.166888406413
27508.20755288119
25573.38453141786
24993.769423186808
25527.838981983812
25341.104787134438
26155.284940493075
24864.12737017616
24990.385278050144
25075.06042863011
25405.86975135407
25259.979227844517
25017.03242625764
26854.60567796782
26258.131198735122
24114.71970111814
24534.29345066172
24853.533532502315
24194.81163176693
25104.387143957447
24620.62886826315
26347.794060217784
26679.498162111406
25845.80517030645
28270.54781164719
27491.532686684866
22648.3425003937
22977.463926742992
23326.908755492306
21931.141146375896
24975.127261191272
23406.012123816952
28232.005686960234
28592.781915990716
27037.23308747316
30638.354658297318
29287.274012168036
22174.37256291086
21083.50315742441
22409.139879478033
20726.00599547925
24147.466358179863
19185.322917195568
29258.072088662997
31438.635929307995
30734.8308924929
31733.335783428618
32910.20144481848
22588.490602533282
21975.700261763224
22277.691902765167
23444.55451892872
24805.818520578956
22567.60230632952
26944.17047839476
29705.277759717792
27705.499289911386
29620.97239409174
30450.191295032768
22912.67082915829
23078.72825435414
22829.825128436318
23809.0434701524
24995.32409156703
23791.681903385368
26114.070740572082
27935.000015182573
26485.387134311335
28826.41730870502
29099.55151090333
22623.6208904572
23050.574377641464
22834.269733628196
23176.071608004073
24474.613813697986
23585.147703593135
25167.771869393382
27207.677455957593
25710.936243663768
28871.12819202592
28752.9478450983
21912.627171589294
22365.9566600919
22318.66435645551
22197.86918969379
23213.47079576158
22658.303178392125
22833.666087413083
26493.813806952632
24321.561873826566
30117.65554915887
29249.8112180006
22159.05643176486
22595.796415858185
21047.147005943472
22399.492770157034
23100.8464447581
21541.81536478481
21919.17536066012
24928.974277343525
19835.455794525642
30593.47000348281
32232.34962662497
24548.410410125674
23336.086512751102
23397.616587503697
24514.409467263773
23508.31005564165
23372.24858170728
25347.796765072337
26175.640096588086
24093.297840671417
28218.55900724632
29083.265922177663
26998.25467782385
25727.269900756834
25742.995260744574
27030.418007130214
25864.594913433422
25749.596086197813
26824.309248624944
26798.06419407975
26189.838332604955
26972.750800530423
27578.123770051327
29752.150783400743
28527.54512674637
28332.045462356044
30063.233912466094
27984.91166977441
28421.6573015124
27820.426857970597
26728.479088880664
27352.282340629783
25395.062620957724
26286.426156087164
32560.43670717573
32271.702741693756
31228.540965591157
35302.93429133781
30699.18145641987
32218.189256721562
28549.919496858558
25818.165842249942
28240.2813725863
22345.475279604674
24147.306321051383
30798.245573512595
38412.82133259256
32998.2384917525
43775.44359416407
35734.368340299756
39773.515979417636
27065.515663833547
22809.981462281477
28488.377259893285
16503.034165274534
19789.54533072403
30388.130920090232
37036.61036291949
31888.44948645233
32500.995870772713
34175.978057653025
38234.35653546822
25725.93880260506
21510.50176808438
27054.591499909682
19739.2979355403
18567.917241691524
25823.53943476486
28732.727763941377
28117.328808066908
25224.16004966671
26615.140682829355
28333.70210682862
22454.234738044514
21710.021438376203
24104.901888875433
19838.325637294645
20080.870458260506
21767.381222353833
23344.866645998547
23698.02993861297
20651.29103767263
21872.13079185283
22742.390666248088
19324.28471434682
19912.716105333966
20855.544319201246
18407.317532397887
19231.600857029676
18363.16585774706
19363.86126365066
20011.23909957528
17267.491993575168
18351.095308015345
18840.81977705689
16603.985962344737
17552.170139409514
17898.355975545426
16461.810512493867
17465.98193496102
14975.810318607992
16092.436595887357
16762.203876514144
15096.879485640822
15960.502985382136
15996.598964237979
15207.465070647046
15141.055921092924
15585.866319570338
14365.284426855174
15416.600848398944
15791.112250155911
14386.299538586061
13715.211959912418
15697.171103381013
15843.09416027125
14812.005648707389
15861.74212964122
12890.591313548914
15754.204593098604
15677.597084705438
13983.479490071068
18922.317432306863
16975.852637699772
17412.276909841075
18661.243520441974
17173.176011082225
17021.91438617577
18970.397097305548
17125.44075734644
17155.978153503227
19594.799924535128
17575.306644930377
21852.14801865581
20370.033660108973
20393.533268749925
22568.865454485385
20803.410402908412
20536.065315055203
23470.600759425506
21397.08713510377
21093.28395096461
24117.25877393565
21766.612158033877
24511.353064646908
23938.511081518525
23246.373049322185
26965.78713435046
25475.94225071418
24722.166153200607
28946.7001027107
26497.508144303996
26092.419168655433
29426.239444572057
26664.602850452426
26218.596421651157
27477.62204426885
25547.57244294454
31399.756998782585
30794.130358997147
29247.167773574693
35454.551350274945
32483.3656333416
32004.15095689459
36270.36950163199
32446.25879732704
27682.06513855409
30835.8848096542
26759.74338150244
32522.321755278314
33949.96579035749
32809.65533374182
36037.23078344893
34526.00142709183
38592.37656454836
36579.74293769596
40380.46158108843
28417.756969427784
30082.61211969461
28212.432915653466
31045.52523230042
33392.43599829226
31860.15187437327
33039.82814262898
35074.793872197435
34539.05601934265
33666.514972935605
34990.535174660006
28325.097038923275
29352.22611677869
28417.659069220255
29285.47722731282
30882.482474250162
30176.43890016573
29920.822961800906
32093.572442208555
31532.786285385344
31323.22327806952
32435.7013781254
28216.84131148784
28720.35820200119
28247.44981909752
27737.07687852435
27876.000274957245
28430.50146067226
25343.23913274528
29154.0925533006
28004.51449301048
30052.82492575186
30433.110053587283
26893.24278352264
30635.31399769219
27717.4631782289
25645.512367416755
23789.48895295635
27055.159489010188
21885.09334369041
26869.194028322618
21118.68360280711
27986.044890090165
30627.325635303358
24277.651761597732
25221.335000755455
25514.225794538703
22525.101752322927
22595.93842651052
23973.044528789986
21713.732863986334
23722.994491001853
22351.274928785453
23689.401397461537
25430.955668162303
22792.120505752075
22370.85167300287
23365.382222534663
20039.14443551923
20446.281698334868
21208.57047774768
19456.15044136355
21467.511187273747
20625.737128581677
21520.961777815235
22404.58981955534
22548.985034765377
22421.275665758658
22196.304813847877
19862.331292524625
16480.56548147054
19383.490466214073
19768.937991509825
21539.60904826269
18698.564980301304
21642.753222233507
20867.240998891088
24376.342145435614
22372.380581958307
23634.065563980876
23124.351510811503
21249.880735282757
21359.040746604172
27386.90612320052
24397.14123755009
22965.892214004587
26159.193774968076
23816.287224761858
20851.87178919668
25050.390873986064
25691.256152392096
26021.639359316872
35400.43417077837
32636.699218991278
27946.211091805017
35030.12110807067
32049.24757199343
33523.286960697944
39447.26282026246
35561.338553793656
36946.28366672899
36942.92141874619
32408.387367961386
31526.134773690363
33896.824640258346
28988.55070852585
30389.269800086156
29073.184899199612
28741.472320116365
28413.283694260812
34482.26988580877
31527.568580749972
31528.748566812512
34000.46967945664
33551.23249360262
31406.769607729537
32551.052215340802
32432.410284027617
30635.55654489877
33332.674448333215
32382.85629861934
32661.44919322868
34057.033062391965
33309.15221254813
33642.29658186757
33622.86143445186
33338.29650871825
32639.695409803673
33159.49218106635
32873.882310905465
32454.544153806055
33948.22570254196
34976.495476467586
33872.60478618425
33674.59986918824
34510.1388468059
33885.5375826177
33711.879422648344
35803.0202671678
34776.023508081205
35578.013693916815
45820.60615317023
41678.459549005674
42437.00653865693
52976.8309269717
49791.3601478625
49475.494247665876
52673.57847910705
45803.34381402036
44242.5988044852
48393.50719684
38897.71305878379
40420.64096505895
40347.80920760883
36328.26003410698
37461.34017346745
45159.95777431423
40377.97702101361
42994.08011419283
38715.80970184902
36335.32178927373
36965.74738491122
38066.99089914585
35012.851186238506
35553.47275079298
35079.061356686725
34255.63447129885
34602.2429020528
35152.8519133025
34867.026390427
35315.013453602995
35145.630364464756
34118.82564697342
34286.07709279828
34666.82690866323
33693.10538620626
33964.345920015556
33076.56340176315
33025.902552190026
33381.04783298571
32768.25377015973
31384.198115841085
32848.61309153688
29032.130975431457
31597.151093037653
30402.939403952358
32671.755370204723
54209.236262608065
60073.7523828523
54935.70479414865
48843.45862950218
52301.59222005308
51692.38997529574
47800.85749081972
48198.20761963047
54110.19601904914
50949.42721647682
50148.21398441009
55590.40242511018
46220.876916776564
42968.57356356698
46383.94761040718
43359.44419286473
41952.00278300441
45053.5073268757
38471.99393471879
36799.58619729129
39220.044710826594
39089.82583018387
35573.30077823023
38986.100935883085
35127.789701154565
34414.86190765789
34874.731310115756
34994.91253866844
34428.60317683779
35291.32791987323
33026.008104172884
32992.53671566491
34773.98742072118
33862.54298355516
36694.42912391635
35370.81718004147
32076.70609506657
28691.03915668922
32683.263322491606
30898.52293939752
29739.379246127017
31429.498293889395
28911.75238038555
28142.837259975786
28646.51767975901
27790.60979249303
43481.196409505676
45821.15279587684
46072.16252649014
38824.35721204562
40518.92977077248
41055.67314630309
37341.137424363566
38587.196460537874
42170.518517977
39674.26851232541
43321.97159183922
44869.0643674734
39370.8643813098
39380.16595747421
41407.77619463793
35351.33654309391
36007.31599960055
37336.31182746397
33203.6504056628
33475.876994072576
36145.22521714905
34704.71549134304
35741.689784932445
37444.35222161752
33433.513515884064
33209.65766922352
34342.311052034085
31213.85041898043
31396.123827392556
32366.781583128984
29624.007456033487
29872.41319960644
31434.786461674263
30564.903208788168
31324.6001167664
32243.21200049882
29903.076242399442
29594.912415455117
30415.88781077716
28674.612015694365
28945.22598477663
29332.798830081356
28464.35226415207
28894.218047556362
28714.73821762491
28973.656158126978
34884.321362437
35984.722647262824
36766.09095330727
31839.913878014406
31998.3231482275
33216.930655231066
28738.73251706361
30266.615222817803
33016.45069189017
30918.050603002765
34283.07464628805
35135.42097203267
31640.271060946718
32592.65258394977
33444.23610781392
28590.099713846816
29647.39513916288
29983.910624039763
27860.191001774627
28356.030719391114
30306.985718117838
29010.640285829937
30855.887639776753
31719.2959992573
28905.25435731252
29281.98114537483
30037.537767307844
27036.18750453669
27338.794350523436
27882.990869267574
25592.643793685544
25838.448781547213
27565.41264126134
26516.21709066003
28131.361366319095
28617.639010691302
26998.679917176276
27950.056319115567
27908.15468208777
24408.57839229923
26626.76574235511
25871.78663019427
27677.286419337477
27879.68658597007
27665.38593710847
28171.55227605583
29938.26439041017
28583.512708717386
30913.75887850341
27839.306663170788
27051.18748926428
28671.84312968798
25846.106008654227
25268.744840207124
25441.033009774837
25676.78550648274
25754.178751193424
26526.784940785674
26792.743677314906
28762.980191241593
27624.492584204065
25541.690578294874
26383.485673722083
25968.932008046708
25350.842865704908
25024.672841161697
26095.915582924783
25669.844191221193
25188.37985129308
26837.694156836504
25803.284341577255
27599.479506339507
26361.293975388176
25086.135661107088
25585.172586111286
25367.787410455476
24499.862478026203
23059.774277789613
24679.60853933631
24387.652868018915
21961.729293612134
25044.02212848396
22242.944543828427
25243.77977872275
22683.124618028553
24465.299983536846
25215.540052457072
23434.61267973647
26946.559960864728
28178.440659057735
27297.519603093926
28160.143036775815
26749.811417660967
26451.905362936115
27239.68324946231
25907.884279435293
25846.683439592092
26315.06956976809
25219.890447531845
25189.749408830816
25666.843112630046
25461.22137371325
25447.196228846573
25813.46688457279
25165.371500124536
25250.746483218503
25316.832882368002
24889.6408863608
24961.790356172318
25031.712877185906
24914.63041929862
24994.479692124096
25018.75173484408
24954.01772390234
25033.715190274197
25139.729208456854
24993.67603713209
24901.47769748735
24979.205777445426
25192.67903538417
25199.563812337085
25076.542798201812
25671.129229348175
25650.69316601877
25078.162839403423
25379.01978885797
24778.256220718904
24771.92374835616
25652.06848139214
25932.972943127406
25158.814576964673
26397.51118028139
26559.38593411698
26046.257703984207
27342.660486466615
26978.033951938134
27137.222947196882
26892.16526544757
25129.059925183414
25197.917019048946
25515.28007253701
24359.346585168005
24491.987336620645
24743.379306021463
23945.676428219536
24236.32080695399
24648.486737737636
24315.207043617676
24788.32451391023
24949.579895373783
24523.70417689115
24756.601226122933
24724.441305309454
23960.866619232824
24439.45979540544
24274.37997066554
24586.526148303165
25121.244158791527
24819.331364075813
24728.271517754274
25069.459770718022
24876.06883130894
25453.750211747414
25621.757929294465
25321.816953484566
25716.967308804207
26083.87773174882
25584.980060170325
26947.15761663796
27052.790812819218
26259.966408505454
26582.463880782765
26335.11428388709
25960.926843055975
27092.662977000666
27161.003308810243
26738.40454570492
27919.547813461486
27856.152259639304
27481.197006082533
28540.156152110198
27863.49430251255
28181.46784657534
27585.307345909954
23619.489305695468
23721.22139167077
23982.81169656623
23033.343794246994
22957.879417768014
23295.0768266754
22228.772921836367
22414.193275054706
23094.82067861864
22639.608142656816
23464.369324081163
23534.42004985806
23055.36628666765
23861.46433744844
23559.76982942819
21602.986528096208
22784.648665157925
22409.29394921518
22987.723973417073
24830.637114994417
24065.323100103553
23616.488769122865
25065.444598147333
24374.364377280894
26015.448611380158
26655.94420386836
25856.041112317056
26517.66414217962
27539.685254815427
26220.857132834215
29457.011953353325
29337.431798582562
27917.491470985344
28598.23635394531
27980.374337014295
27382.558777715225
29041.323157264993
28743.265272040077
28434.606308738905
30627.253737398485
29910.18918119957
29769.858072002975
30276.306267863372
29372.4293841237
29827.40514210523
28935.9186765083
22720.92129134397
22458.292358986982
22846.620253620298
22514.327311643687
22308.560975736007
22610.47831260376
21718.32677348348
21014.375283557958
21903.095964593438
21816.751823654064
21281.234084773758
21956.66424050173
19673.846717147335
20752.34543098061
20632.99348202584
20543.542814871453
19246.768521035716
19666.609132417714
22139.43566843189
24154.608082070292
21315.931003519672
21329.607779913797
24383.716818805355
22147.11335799718
27469.298483579427
29236.283638825327
26962.05205198809
26969.654722457268
30668.97739288469
27460.58206512701
30566.801722072712
31509.464737651586
31492.801807914442
31498.24585083797
31076.284878161663
30489.031609133097
32499.339668870012
31539.808169847987
31593.34014619136
31758.71255614074
32901.63620923736
32538.313560845585
30890.70671786717
30627.28655684805
30740.393219800877
30635.587729153503
22506.687670164665
22174.450155844126
22476.22223734922
22676.800687299565
22430.023620578006
22582.79275156423
22579.954484337133
22372.2910302022
22080.602506057323
22342.399199781306
21516.891842530313
21838.98067322955
22087.410775314536
21808.605890264138
21400.92532559044
22968.950589061682
23094.76855246039
22597.016660643887
24136.04768243224
24932.88721982548
23499.097109199898
23888.390340980677
24618.488202298526
22926.882206167345
26289.198131063415
28330.801372981834
26557.079589670364
25969.506539331953
27267.266708024785
26108.412334209777
27840.74753163674
29082.631193077315
28865.12705840471
28282.82565368167
30460.216562243415
29628.915914445057
30228.39807799693
31003.60729711314
30935.446000639065
29192.117490770812
29989.01556542115
29650.614864058138
29906.6654071538
30432.434348483435
30155.10077240663
30702.975496617793
22837.941661659792
22726.478586023164
22766.690734545733
22896.120304229044
22892.3494583149
22882.3122686849
23003.90885733325
23159.226999207673
22904.03418575563
22981.188302572882
22925.655962026805
22769.96716191718
23369.461754487304
23667.825752614037
23217.368292393814
23443.026972932028
23834.594006712807
23440.869482324444
24270.074606128474
24927.455195035094
24339.261382627814
24333.655249375857
25021.286439965974
24278.170035685733
25723.820326460762
26694.164580393775
25846.484062822015
25440.353425617614
26297.2458474671
25591.19118592795
26814.910191931736
27706.17581877293
27235.051835420927
27011.238062345274
28226.311615118924
27503.462833822447
28563.339477863585
29326.49796627016
28835.838687645086
28195.434096344525
28935.09688542925
28354.20668526213
29395.357650948463
29549.48103979462
29446.150227000908
29704.00226789972
22831.976812946225
22892.242745814325
22878.81651439439
22662.50697630638
22743.067930503843
22758.597885149233
22652.168957695038
22919.152158883568
22904.940776016996
22794.389893507963
23138.10197564187
22976.848957058442
23274.478122609544
23723.67644893052
23384.96768068389
22927.0708069072
23399.886117691913
23119.407954579317
23509.171381470333
24233.880258152636
23987.18177716968
23769.997051622744
24668.648547317604
24153.62569684445
25052.916355650683
25922.794332268386
25263.608693923547
24488.569374622213
25464.727361554367
24797.73148381358
25980.16170130916
27061.082987519447
26437.40322731968
26227.170900707766
27356.00484785503
26628.40101168427
27989.807940727344
28766.467246996846
28076.608834325216
27890.403810172837
28786.383622526628
27929.618478005574
29779.640814731338
29459.0950372531
29582.70804234957
29398.632863150935
22416.918968033176
22480.933778396353
22547.656172994197
22098.44399269893
22135.65383513283
22269.77758363756
21953.330722740786
22184.277520787342
22306.057889053587
22123.03622720866
22562.90229894629
22486.293790392578
22483.54836382979
22923.767054469947
22707.98016000869
22112.168566817127
22410.17213767144
22276.81213770929
22367.87114301762
22811.269428003463
22897.86189099736
22593.42144429397
23598.61800572773
23213.487935456073
23658.295424412936
24796.94414902288
24114.452286835112
22492.763926436994
23692.803050035902
23117.190384490998
23943.455059874068
26196.88057312581
25271.869425527693
24721.62551949904
26721.93962822225
25673.272571745543
27872.75191223221
29017.632701316492
27870.383650565345
28039.71409667743
29597.61740010629
27913.196457075555
31772.243082001634
30479.483168811632
31035.37968841077
30068.01561648135
21611.639358585635
21587.22456275768
21881.77543778401
22442.076928605966
21308.788692045873
21839.54802422336
22344.1799071726
22667.948572649475
21833.64799134694
22006.738986347278
22105.08468000403
21831.996305768454
21934.88918406897
21979.909164868266
22001.840181261596
22447.164934449014
21757.844578229244
22094.41117269338
22643.2504788657
23048.456147107674
22477.665923591372
22571.216400094017
22411.09971513107
22312.783579950403
21425.144370558424
21606.431233700838
21859.722592183713
22136.18031051682
20136.383600499263
21526.1314502657
23059.256641424432
24967.85181187464
21626.217772698714
21771.371109491633
25356.01622198944
22845.310159690805
28935.605245707597
30907.785969075965
28366.33505736213
28200.914861350248
31938.614066577193
28829.48469435938
32206.305014365465
32669.718922459688
32677.121366541243
32585.543829271064
23551.852860798645
22813.104288749244
23012.609458768144
24636.234414824547
23972.00397297793
24092.042104031687
24495.369971746593
23885.2993738145
23340.491691345494
23907.127271754263
22864.603676335377
22811.123584784586
23344.413407883047
22877.156360736983
22861.572225432363
24479.436247733684
23925.172087343908
23891.546988804075
24589.676704263722
24121.582160634673
23428.870362305337
23995.45452305896
22963.802894414395
22952.850661503722
23672.12119512931
23175.86554780471
22914.68628189475
24966.636422656036
24792.172727050493
24358.331797222585
25899.705773409143
26430.239610338038
24929.499184939326
25487.321368314035
25826.70615549433
24149.947780863633
27645.10315536437
29716.306727730847
27836.58090344341
27409.26621528704
28606.0892161254
27518.03748849356
28951.512177132794
30306.854589313676
29567.233115887535
31205.991878903245
25763.184203216508
25139.315699185696
25193.85495579826
26939.890317760757
26362.898304281
26345.997753459815
27041.874006570786
26384.442376409817
25731.17205214767
26376.577295221294
25090.93948586936
25105.09890024256
25732.02394031626
25126.984607874445
25096.866092457178
27059.938785697235
26383.069706680035
26385.71307803192
26980.610293599573
26398.74321114467
25789.0855712116
26383.643578447747
25310.10581265717
25191.95800638825
25993.09982676801
25803.723299597383
25506.030510984077
26864.155683689278
26525.515024751447
26441.92673247903
26812.448849516062
26833.32417452221
26460.796721630322
26656.470384495555
26725.354870314488
26214.530611623355
27181.04105685252
27883.826774963753
27299.958645686835
26889.90084661415
27279.30790215021
27046.12785061411
27074.100003540872
27953.55144772805
27511.413752561904
28427.85933476871
28162.43370290316
27655.019495753222
27547.333265681973
29404.75665175653
29028.939109749215
28784.112308846474
30035.241705729914
29334.04981833407
28460.29367351103
29224.440629109045
27774.878443900652
27734.806439500207
28517.673322576557
27705.500663292467
27766.330788917665
30230.871107341372
29198.301098295196
29330.99925814243
29710.148564008166
28560.401167029846
28240.203933823814
28934.844199689604
27446.506549545906
27595.518230312922
27681.60776095529
27097.278149190148
27274.209354409304
28537.362661003375
27592.44313761391
28097.5504115228
27099.836734091077
26609.229292824093
27025.1213045563
27082.347846204328
26800.893417877494
26934.60392346741
26478.602997484166
26647.44116367845
26704.177427741317
25853.528151709157
25874.57774751605
26200.432244205473
25063.364687314235
26155.128389497884
25638.713281811528
26628.32522364723
30568.43765687622
30490.858268715896
30003.69948664818
31363.195404277365
31935.371949802433
31039.691858542592
33835.56793633893
33505.223780994565
31833.22121395811
32816.38154994267
31182.67571072241
30904.46573515521
32427.33344258304
31053.916916764556
31249.602226994713
35467.746091358924
33611.49546908066
33809.65869784335
34377.1600005475
31651.628484118763
31629.316694608522
32866.554874634276
29887.411829133478
30594.150195239887
29527.87342681398
28036.84922024181
29006.24828834574
30745.45829574328
28417.687518092003
30101.9175874971
26464.499413252048
25329.769576628263
26967.15618164971
26777.292947990627
26175.003732052544
27066.94313120945
24865.70932197605
24826.91967167112
25417.443907686364
23285.553311979835
23328.308764562265
24166.90240400818
21832.91972341103
23662.320212855317
22807.1186832882
24409.52226229695
31044.69282102201
32976.33695397239
31417.311356382248
28742.40726276827
32290.036098793258
30098.716101953403
36714.08989110629
40675.215110643185
35781.463717488434
36513.42581956467
36529.89844158542
34848.7977471129
39818.40554548691
37361.78690112921
37460.52897889794
43600.093092570794
42249.00573007026
42339.98321619564
41649.899495162346
37587.41473406152
38372.05198397623
40612.39171568045
34134.57245972573
36207.844111422804
32171.585452616404
28599.833816896193
31448.740064206126
32944.379181383876
28032.34813487846
32805.86899074896
23860.413707233303
21811.41145595687
25336.674612586095
24526.089284251364
23826.379507528334
25992.410803064944
20893.28328184339
21175.23768107528
22194.91865453305
18508.572067673726
18166.30697642985
19474.292091768708
17625.84310467395
19562.7334930531
18411.752015967402
20740.93037540601
30036.93669372147
31737.708159140613
29604.055312591627
29363.959210650093
31325.318220143527
29901.340681510097
31484.376958008732
34557.757121229704
34543.807349237715
33031.82358547088
39952.732215188065
35876.13841166241
38350.022951662504
41445.79135495826
41570.11669718557
32779.49529038711
35158.794395751596
35354.54090299741
31503.947013623692
31886.14194036183
36800.43012149341
33956.21308524171
36774.210587928486
39789.53331552767
30668.188613101287
27319.708602765117
32034.898004845927
27870.694310448376
26462.56398712867
29241.484606181057
23705.49070713656
21838.663115425767
23977.123300541403
23933.6005582527
21177.0743355502
23855.484561788682
19643.33608921214
17580.867961448268
18880.97196054961
20643.421305988486
19275.371164822875
20262.670780985012
19240.480607285877
18341.98566615976
18852.95727806886
17825.17534826766
27674.62071807391
29281.851059933186
28583.55358167659
25728.63010356242
26954.68435523315
26708.69195483174
25859.01600679689
27189.7806373726
28505.88156816499
27137.40054092575
30452.417355243728
29956.719295900893
28698.5661418222
30248.4691182906
30587.274006984415
25589.351708628652
26678.715461901396
27049.53480194265
24695.5103253829
25254.391208541812
27623.841861320776
26069.378490091927
28145.39218581929
29413.290739776407
25401.80139231759
24927.641414853708
26590.80523061958
23262.382099411312
23276.366307322758
24296.221986903103
21663.370395268572
21369.721981322782
22841.64595553071
22277.425272367145
21929.346143296636
23328.29562568643
20778.96264313251
20002.313458582026
20805.092994567385
20322.951409989295
20020.08113901927
20605.403168532037
19485.104397999792
19602.97199602442
19596.03559748593
19487.996215080886
23815.52508621861
24736.23189335952
24759.521842628754
22028.743366280076
22709.15860266507
22904.30082227987
21504.186010236324
22255.64087408403
23546.28788373626
22495.737152788588
24518.50934875197
24664.566662370817
23081.28045238548
23924.161043672822
24276.06217652239
20957.172346667678
21657.10693934218
21981.037367008845
20332.133266110606
20907.17697782301
22335.292794357774
21297.500176710884
22908.185118703335
23460.611981532347
21366.710033345775
21645.573827706427
22288.904458013734
19656.232571648463
20083.268907865393
20489.884773422702
19025.487563141334
19339.809856848762
20357.236554287036
19687.628269767174
20445.293353080277
21024.687231813583
19525.666135901418
19566.43718844542
19962.11234153772
18545.32121712619
18842.590976023348
19059.848406213387
18342.388088732117
19032.344818209433
18704.684979546655
19290.525055248072
20374.859726113547
20869.49549412919
21184.633553088475
18860.52986214993
19175.664416785712
19599.77810341992
17974.862739391952
18494.412754811645
19666.34715721516
18805.870131076415
20275.561715836226
20563.501708295356
19096.752569702196
19714.10324345008
20000.790064489003
17437.724062127083
18030.185609265092
18242.48942654143
17120.174581943298
17616.34341044497
18591.49346578849
17820.827477659535
19150.51604602026
19430.698451405813
18120.55281338502
18592.62893684099
18868.057177228864
16788.005390493996
17227.89610399129
17415.931650632825
16445.179799986956
16963.030653877107
17698.830805802492
17070.83123789605
18160.036209539747
18351.918605580926
17472.128712475285
17957.82923743516
18027.986720455785
16350.925948213504
16984.15995108915
16927.61861851081
16676.88890225451
17534.067134391495
17115.733311108117
17959.292051646262
17441.532307676527
17564.276433054765
18143.702500355437
16084.63726365018
15922.574346484991
16763.6955192815
14632.298208896878
15347.88397622186
16313.770780071107
15471.7350224948
16865.16564224035
17145.340909124552
16009.558845627402
16580.264949416553
16688.353662916074
14885.673287650894
15476.0433076702
15375.048253789577
15370.526130441496
15668.234205347155
16000.873061940862
15602.975714167616
16388.478309191614
16493.474590238984
15823.537996059933
16061.440875383696
16242.217210936604
15575.468120451149
15273.81756235786
15572.600136244066
14433.195652208098
14478.148774697205
15317.18812480667
14834.834812220164
15750.29694017855
15870.374230017751
15163.086954833701
15959.222054715603
15772.11462817772
13715.449306010398
14896.676844767278
14481.820249151257
15351.096327062412
15859.765555985909
15516.818364573563
16254.028405976911
15152.201632491517
13864.996157278736
15285.29816476434
16605.304367326295
14829.385972520424
15961.006570977988
15415.091487975837
14726.29455676498
13889.698788816218
14558.861676788561
14374.181694275041
13943.4153827833
14576.421340693722
14795.04593575588
14562.20867061938
15495.568729421677
15207.750368680134
14951.17296058558
15938.720437265069
15867.936021645277
15352.963486014782
15561.289489779456
15727.467641506617
15290.811719062742
15960.469942936099
15555.304282846031
15823.413919732982
16101.473237823066
15572.664811856352
15920.886966510829
15439.742283072286
14069.70706670695
14363.795411879015
14786.7108716053
12892.397149219718
14253.43451887155
12996.369142760082
13895.508553951804
12934.816871912184
15188.30560048245
14796.62492981402
14066.020355719958
16414.58852734939
15898.943966060877
15900.527666824186
15625.792141344817
17894.710057097855
16628.9530972725
17249.37440198415
19187.036213406376
18174.391374702453
18532.264880124174
18734.779074089918
17797.92780402649
17113.234936161774
17931.325142129674
16157.232789221282
16274.305268090975
16959.39413089297
16302.644669600033
16189.09076272622
18622.344328956948
17804.912051646395
17767.321091096634
18732.034117838593
17943.991745569143
17106.220916746624
17874.56482549657
16540.040771190692
16441.524576855456
17190.51737119082
16412.568342414994
16536.375380957943
18892.61620285493
18019.998472548476
17992.789370426148
19056.92622621553
18133.946046621582
17110.109838923836
18053.42901313178
16134.032504688168
16232.900940300791
17270.630287830878
16611.065666741768
16244.611768223242
19351.832532164237
18568.420042032918
18299.52598068375
19901.797462912375
18018.22192019683
18933.005955149485
17162.56028188277
20489.513378268144
19656.29873300787
19840.437320090474
21774.335149071485
21129.56467661011
21140.67756048502
21980.011865373643
21253.933972484254
20354.189214352133
21168.32188706377
19497.682173298464
19542.29646963806
20434.25641075608
19575.473094355628
19513.57188618589
22345.641474005577
21535.554054212764
21379.57362594977
22804.406212223785
21895.12639012552
20662.953004643197
21710.88297755611
19772.6187462171
19666.76427840552
20949.49693344894
19999.56095738752
19883.83058222176
23262.48109086693
22250.748366195447
22076.907726005957
23660.761179213856
22586.115334247068
21239.667913830035
22419.94569684963
20261.833483528997
20118.957829594005
21571.57177571497
20659.475686440375
20439.924539199525
23984.094841144582
22919.278847097637
22751.86833549998
24235.61868560268
21981.768414423466
23086.4991142659
20918.970773943736
22978.337338562662
22558.726015743257
22389.056177568877
24009.861728819935
23901.448182563203
23519.61966660728
25093.976615646872
24830.92586494341
23570.9719546603
24344.925509636
23042.77574866542
22780.0889197884
24326.317748976777
23632.18894639557
23328.99127364596
26350.378097326444
25835.076752615667
25334.399860486425
27551.887835802256
26763.592713022023
25110.621694224457
26316.95674747181
24233.26604496256
23939.216629008966
25806.939415347544
24751.785931364535
24506.696748674738
28564.193951496578
27492.677980652858
27160.31589066702
29231.08828861839
27921.566973754427
26324.28100093131
27748.085335973294
25134.368134596796
24962.450054434772
26610.4318367015
25364.817207516848
25267.852669241278
29476.307100629143
28015.731947515676
28010.92212479862
29261.12825732248
26666.146300050386
27942.613717257027
25429.409018292572
24731.1622052499
25066.626083320876
24420.14247403009
24892.25184627983
25937.567720831044
24905.375126313407
27826.032079589673
28378.475534993675
26498.3418386045
27161.527413688702
26597.57532355641
25811.43521896064
28402.637208988504
28107.926180025537
27372.607709932992
30515.11362629291
30356.743760121746
29447.95589453107
32142.660797882974
32074.0124565236
30033.214636097164
31190.676614668875
29444.34684479307
28800.544821316627
31488.12125020664
30456.72329557727
30006.081483067726
34487.59357038008
33628.529003278214
32981.58108626628
35178.854433343055
33900.8842699552
32312.84580081099
33819.12463538564
30938.47895315446
30761.644188791608
32568.544178677825
30892.653938392617
30993.04449138437
35718.3898104261
34147.284788932564
34159.695525964074
34942.562426783865
32009.955314937975
33466.085932049755
30617.355686102812
24928.949886181956
26420.186164802726
24647.01181540286
26525.945193601765
27255.93117399442
25837.3801672386
29033.972824066896
30567.06009670996
28884.902747014374
28963.297695834583
30396.37781695561
28497.350760075962
31955.619511599485
32350.179416674095
31516.257977893838
31538.191467908513
32723.915125412233
31799.149480772554
33420.476195998
34507.60674785106
33205.95531835938
33494.413344014596
33532.54621863096
32760.87756852344
36318.041953569635
37942.15607011908
35807.02757450135
35354.02774029266
36980.827116398905
35950.58361108328
36234.75746361419
36237.42733061395
36812.34986888671
36664.40925413288
34191.2396751581
36302.79187094791
37593.95702699714
39646.43596637983
37064.41687187116
36592.82043721789
37838.72383813913
37222.99355622878
35815.58002691703
36551.104347418135
36405.84562267026
36070.505880992896
27385.33264003846
27994.60143772622
27025.744132684762
27798.885412378528
28348.101749290756
27634.592689640525
29077.416334397425
29928.43013315233
29134.229285742218
29126.39386384898
30223.720932065633
29100.025636598737
30999.051699688924
32221.665285243136
31273.2431578008
30418.722451289552
31467.061024905106
30718.45676185596
31636.43153382397
32791.61359938441
32659.314976915462
32159.243318184555
33936.57579852031
33097.32953107004
34028.10668860653
35278.53014025219
34705.455034729835
32645.235256507953
33791.516011109044
33344.73170002471
33358.07432810748
34327.30590338148
34878.43433121919
34119.48636497795
35784.801006730275
35607.99114984484
35128.985437307034
35723.87239178938
35869.649622765566
33679.54105803855
34317.9127543385
34398.14296765428
33534.69103555459
34648.69847909242
34082.210355235075
35220.90650851257
27946.270180646403
28436.232554101793
27897.580723586965
27942.07343659453
28375.965733556342
27957.77008677062
28670.8489686206
29142.324559829474
28890.603202768503
28777.19183675715
29560.218081107912
28994.44484246989
29781.346682374548
30618.21032581399
30102.104228908218
29151.081262190233
29731.406797304102
29461.131058898085
29385.740055392143
30209.490583784696
30542.66258236931
29970.44655745458
31536.46681679869
31092.97700958391
31213.070079750512
32292.644039403298
31933.01847366179
29668.81256139699
30748.582947472827
30465.425019152935
30258.143998696232
31369.379564430114
31830.042445203733
31054.92894180823
32827.81117025124
32595.578425115353
32304.49621677933
33033.5790482473
32976.78574340492
31009.048873583342
31858.226947865198
31647.886580045666
31532.8300601859
32475.842048108985
31979.177412537025
32989.23366877347
27844.45715393733
28278.57637168919
27904.970932850953
27555.658178369224
28234.236327757753
27743.24277175077
28825.76134179459
28768.12669834681
28569.268476376514
28634.23014063121
28797.74160815968
28592.61677737733
28661.707227966857
28845.898250127764
28874.66556031146
28594.950884847938
28053.049896706503
28551.455266915174
26743.51926919735
26916.091499007383
28125.372348185992
27448.122417988052
28728.691649303066
28770.899544820877
27806.353590988663
29021.03277680354
28795.678909309503
25270.436710875143
26808.971823984713
26648.554969145098
26244.604713015076
28403.928149059808
28487.12686419501
27447.799750221093
29900.956473122093
29411.40557615494
29851.2052759376
30836.626929988422
30409.10162390494
29084.720072678378
30148.635740190697
29386.4900509707
30506.070246771516
30816.309176838186
30602.085253820682
31134.304503575368
26594.863013770344
28109.067942987673
27195.889470696588
26221.568434825844
27351.854572948505
26325.013944272672
27648.430424793944
29785.036954481988
29515.076374945475
28931.837070395297
29589.818005161607
29171.884966136233
28954.71083475708
27453.624993007714
28806.90341122201
26987.760176070857
26452.48832739645
28296.917974100827
24250.701257114124
23217.30168053272
25377.467829681264
24783.201185684495
24721.981541324432
26039.21946261284
22201.144232562965
23484.133602711147
23681.240107439
22033.294765696857
20878.250851817906
21717.97610709968
23060.359217303547
26072.69545497488
23353.37667025307
22852.132926646376
27092.343293483165
24833.165659959523
29238.465620171624
30216.825640798703
29065.28500375201
26858.377642104646
29717.391110433804
28403.554746911774
28379.082543962806
30346.57222146282
29609.20871027462
30494.83592331527
25453.658097852644
26218.568912991228
25897.01798434522
24530.533830943346
24859.094177735984
24982.053426584687
23957.257317687487
24305.647220780025
25479.07837809909
24651.638502321002
26355.772777435548
26468.0443235984
24691.349195100418
24780.42711000031
25738.722613257312
23052.159230234472
23226.973540868657
23811.562185870058
22056.614352834207
22219.529399515042
23218.225637330506
22655.721037473824
22838.815948547664
23742.28070339256
22266.025816881298
22318.292441904596
22279.59380616455
21596.202736430518
22121.037611171105
22021.77260896321
22056.37320810457
23135.785996817172
22882.91075394963
22517.94135225311
24334.56774065843
23084.808686674645
24641.006767197578
26570.90030520514
25611.67708324854
23125.621561162432
24489.844002917194
23833.497094255967
24198.24417891482
26001.965017117884
25034.99237536078
27121.064265228415
23786.020096857028
23778.550777231303
24129.05767097946
23281.067356700274
23042.75843413154
23506.101602696872
22333.208694912588
21976.69695539248
22901.955400359046
22546.01627177117
22902.881444304385
23372.95726272412
21788.115592568305
21856.128974613694
22377.24661509434
20967.48520539701
20590.660186475347
21297.80370874091
19224.16774169574
19682.204340174776
20728.419029940356
20009.504974312913
21128.470813048345
21409.77709710513
20416.854054439602
21202.13440444089
21057.228438161474
18924.739632009452
20037.0575132771
19706.564371286328
20173.27733547046
21049.916491526124
21011.360073344335
20524.05268415844
21991.259342179077
21532.471373987646
21948.534491009086
23001.142521030048
22492.320184178003
21224.19659369141
21915.01586470625
21505.87602168054
21847.643388865297
22845.609713917424
22306.394548837772
23471.677364562678
22907.957227341576
22565.525680008148
23084.859918391066
23317.149739426197
21549.661257554064
22945.580505487273
22657.32545585761
23534.872682143396
22392.66967261622
22566.866064592978
21844.803699786207
22282.93282618317
21174.548207884967
19588.42761573549
20887.856706183025
21503.38664945039
19581.02446540824
21563.117654139234
18185.86062505236
15056.969908046129
17530.665849222263
17215.830560613613
17766.241829053448
18377.181245856893
17184.05963816734
18980.572312255248
18058.277193921436
18138.84989659144
18868.400225510704
16924.334356236293
21475.84051670846
22934.102361920668
20352.05618141075
20926.859595015318
20882.39102716364
20070.889332301304
21366.03584938663
21211.083493964936
21158.23700151065
22320.936853594274
20431.21612470311
21807.427935248113
21634.40252905884
21103.532814241717
21047.77671685469
21442.704353274363
24475.544654670288
23186.353347843135
23887.62830801797
25896.855201408558
24024.7356683413
25116.345685102366
23067.76650500868
22492.585306372843
22944.479568023122
23089.287204582164
22333.20112648214
22772.644364933018
21841.46384873504
20519.47529511675
21537.567695124286
22627.550053224004
22235.516861608026
22247.432194645
23654.44301736579
22970.70477803416
21090.952595996012
22431.775040198256
19372.172623683397
19640.571272368026
21943.561556531997
21186.408378909196
19995.288602358738
25825.178775968474
25039.695558282576
23907.931711691213
28506.32601264999
26237.769449910717
23912.665919305942
25942.704739429228
23142.534436470894
22411.24232211107
24291.446649587582
22732.04428666617
23121.34927822109
27715.6367363842
24974.740443338847
25827.248114373964
24694.719254233732
23312.120852417764
24089.070445117748
22471.084391600605
28542.046410955852
24712.73007753662
26976.18900770603
25679.193382523415
28482.807513570853
22398.401337339827
22250.832793580124
23236.192160216957
22014.469391309885
22711.954938910327
23529.90916702409
24209.649006929474
22988.49690338516
26239.759188572534
24280.24615705871
27175.913302108765
25684.67008978555
26573.090712375295
25546.465000380103
24742.08509697013
28796.679538754797
29960.429176595328
27528.355468450354
32890.342054082794
29731.709702879005
34981.864523395176
34409.39581016849
34698.87011483731
31729.431213512624
31571.76527840971
31991.41891476785
27214.885659976055
29913.97258238955
28694.74296230609
32324.727409930918
24737.329193739304
25798.765833120415
24953.751973359555
