36551.63810057248
38409.68822826591
38820.27718560417
40222.032774015126
36973.60513012572
36718.977596153956
34981.03036886138
33205.53849074308
31541.830320005072
29970.505082352676
28497.50403637875
27132.84291369017
25859.4037314324
24319.299901594717
22863.207874676165
21505.61923187345
20213.817176286288
18968.50451196334
17750.94562085255
16581.895550151203
15469.930572323046
14428.463388624297
13482.378748847163
12683.194853875299
12105.157719668818
11678.763899320626
11410.062352135905
11330.197488282438
11343.37628405774
11394.798379757605
11454.834837108509
11506.677660494468
11540.4192146999
11550.42846966169
11534.534262930334
11494.266978135376
11435.9759257444
11373.019293757523
11329.36646256551
11344.94573109497
11479.226089755943
11779.37185479907
12007.371573193977
12133.095671218764
12415.543943140507
12861.626510822172
13352.905927845932
13902.417976131717
14422.700700338333
14960.406859781422
15433.757356575934
15899.390237254114
16299.571998782456
16654.61013831925
16960.880722518297
17175.843330741
17306.827459755703
17336.876946735018
17242.023207938397
16994.388623608676
16504.633216686212
15731.434077825488
16043.061532952013
17119.71849926655
17930.940448242243
18540.123161333402
19026.2851304147
19383.690486367585
19664.120314512824
19881.789607354785
20047.19324338207
20171.540590396173
20274.77672991786
20368.631100248203
20464.802643222825
20575.151869531677
20711.72367993105
20886.3550953783
21103.593431751287
21366.46164987165
21677.561570415768
22011.69093036089
22267.625909446335
22141.511665934424
22003.62040495887
21478.359828654877
20902.5836832604
20347.478964208385
19853.402818480456
19411.19931231266
19037.32936831951
18695.318980562195
18399.58038202541
18142.633394068947
17906.311918235137
17679.465632323238
17471.016112747748
17274.99938904799
17085.25077760501
16880.16340110989
16649.79004860182
16385.563950888103
16053.606940437301
15523.938539275101
14605.322379062049
14492.8522566358
15634.926702441462
16326.139351187476
16831.42348834763
17234.007166838062
17580.645980252495
17904.258104386758
18189.35889363662
18448.756009829765
18688.137055360086
18901.05926785859
19072.413380497677
19193.917655833146
19263.21314173321
19270.124591263226
19207.416789135554
19076.1468851778
18886.756111660052
18699.8054315976
18645.33555720532
18826.9477647987
19241.49663122682
19806.91954111014
20393.283057275978
20947.762388090523
21430.51815302032
21858.159071975962
22226.903427277262
22550.433592018933
22844.488683096613
23116.051149747036
23373.843764533318
23629.27864650994
23886.66504179346
24151.629159971268
24467.255533544958
24963.63369439195
25451.007503401648
26013.48928148498
26744.86945442203
27538.149735114355
28363.319928315497
29219.441644341285
30109.9418590799
31038.30893077978
32010.85115699991
33045.262516565475
34194.27614699565
35580.92289426648
37054.79943996096
36989.8083555065
37078.545920987584
37397.601035332285
37810.87878942925
38250.087950779154
38609.38680373196
38743.46117692315
38695.01437973663
38780.83462041678
38903.09316801446
38449.0505298726
37179.90808711507
35357.34736898554
33907.75099193348
33565.19016753811
34469.87071144089
36568.62441859692
39044.52663890402
40878.74185940466
41679.82590421086
41461.74534000316
40614.08717919627
39635.243902024675
38938.204436379725
39144.83214196751
39734.16329246164
40183.13593841589
40461.13324096089
40565.81386941383
40448.855079643254
39946.43900894615
39009.07408457445
38642.63987971485
37883.73705334402
36807.937853070514
35612.83564022767
34406.03920510515
33240.15270431863
32138.09266130516
31104.048172535684
30126.020438582276
29174.587022373402
28207.962986658455
27225.794573792875
26693.84044960606
26745.505076093483
26776.736070243234
26764.15298183343
26745.82674374878
26748.944708648403
26784.930301482218
26854.851548678045
26954.204212370456
27076.45469245894
27212.435325984567
27350.733200566658
27476.19547736882
27560.895819499918
27537.72645301554
27236.535749204555
26386.48692170189
26148.51950444121
26385.48589638571
26082.717980411435
25521.688040831283
24862.152364418256
24163.927119321736
23447.83423936315
22727.10644753965
22009.302476711226
21286.00007832577
20569.533000691416
19864.1151752681
19159.73232957666
18453.989218028728
17756.705692857322
17057.463240494504
16317.52143030781
15535.790179138361
14676.944736325171
13792.72804061954
13662.343041192487
14146.712228302531
14531.46512609284
14836.580836483809
15070.043375288109
15244.299280505988
15393.729378474616
15521.973746136944
15630.321043307773
15719.401134353131
15790.258557377756
15845.048228185928
15887.684854102226
15924.555344739205
15965.534827286596
16022.074441236957
16109.92661566833
16264.313305901966
16535.304154603287
17009.765996762584
17768.528738398203
18948.84190979528
18088.02220745581
17609.93525469822
17446.803076113873
17471.564871321803
17616.291252565974
17840.599662852124
18106.085271459604
18385.78479943186
18681.34331956902
18980.689425785986
19250.16728323813
19500.564759716326
19721.53462380305
19898.522796406327
20011.90435189965
20036.728184540854
19945.686107077432
19691.47847877616
19234.171936891817
18488.912276905285
17188.513898213616
16971.77956639811
18466.442097201158
19333.8882975543
19915.311644951897
20279.147722031426
20492.63683947723
20600.561931567172
20635.444317343437
20622.184656445846
20579.207417373946
20519.872926496777
20453.56060447153
20386.25428797453
20320.611823366562
20255.533510469297
20185.459246460345
20100.743910911533
19993.575268336754
19875.82205989976
19826.289543711337
19590.2844920919
19153.90941733417
18785.806741102504
18422.953909997323
18061.08320169516
17679.23558919246
17316.212413529618
16983.901148973247
16649.838267387342
16356.091223675945
16102.520269219753
15872.958677745783
15680.469906895712
15555.075123066594
15527.1009544866
15655.947579300826
16010.361920364356
16188.024505345973
16320.004725968014
16667.606057531822
17170.463160189996
17760.489502996723
18412.616424043
19115.168841444516
19833.019575294365
20548.43330828593
21220.13594378564
21738.258507866798
21954.138869680122
22194.51130805783
24663.79684770543
27252.29195319863
29718.84881974948
32268.567838861254
35096.0244782857
38340.598483888185
41615.266123992056
41660.1123320717
38893.00955584686
36083.72320687579
32927.94797755695
30828.151505295988
30340.799347282395
30753.431009208383
31427.261278039594
32270.594148839282
33247.98341671286
33938.75014513353
33965.926809684184
33846.462462372496
34329.86185924509
35323.134225889145
36237.90363443506
31164.294197364794
29279.157716212994
28459.42167948318
26442.933574021736
24392.608699749835
27155.022426101634
21247.77771310792
20609.48012862606
21507.53744451647
16028.8458280898
16508.602148709913
17085.680670283396
11539.63749717356
13939.076939348342
13398.19957706063
10586.500128041145
12499.979324363681
12859.346937325896
11256.51591911659
12404.016212714892
14022.616404297647
11335.996307383077
13084.203249319806
15380.904221117917
10237.485467585
14117.556929467439
17731.477226091978
10261.873915352126
15440.102361568279
19755.219761233213
14281.108042005086
16845.047185250594
19288.29588533834
17126.20504513224
19077.52391115008
20383.416361069794
19612.52792435612
22096.20061825381
22465.68311384468
22107.792022066107
25830.594025062477
26531.18777313618
23107.1217952346
26449.022492395692
28041.949349416012
21769.16074618731
23617.96610434804
22976.462935258005
20534.206254070035
20593.086371983154
20141.034288818108
19416.95622762067
17944.32805527369
17558.749947445467
18852.90466546973
14783.521053112869
14513.720781945085
19769.30512828912
9391.290770223915
10933.054360300186
17600.693661128247
13546.487936047524
13294.744624107454
16922.766228619075
15102.503183412617
14738.991140975
16736.721058103714
15715.539784359022
15292.43861642472
16941.88492617725
15953.037861356037
15370.371484164993
18498.61812136828
15232.341714697983
16240.443230137185
18746.567478578632
16641.79381470063
16959.27292160791
18779.645608731786
18846.73817455815
18679.515056891454
19979.571523044448
21046.109076177436
21414.927715257996
21291.33672473138
24011.074438724147
24718.64673653422
21772.020451904013
29315.920725295924
27578.527209348013
22781.02666111841
28739.767417759875
28526.91100134809
23498.08944035897
25927.998573519824
27173.685643033838
23506.66044652561
24362.828911008433
25965.87479141032
24181.816224837472
22232.18665000687
26452.48460782929
26346.704054286594
22684.638901267368
28697.086568578194
28627.684862040667
28844.854755446504
31277.310912480985
32049.67681827026
33138.879128916036
37076.862794637986
35335.05986749915
36028.081380057636
42525.044532506996
36614.50655440126
35162.43731302555
42583.59893132238
32231.760684141886
31493.15335343599
34481.579316426185
30864.341863120688
30678.28703313549
34317.1668690654
27960.04507632325
26457.08913942307
29126.94167712566
32277.760883336196
35744.892783943236
26194.312403631437
29175.728670051572
29423.28091875042
28371.67367141787
27241.936670348434
28877.739316842122
23514.635018023968
27933.760529659525
26538.586678258427
27898.321339889386
29462.135301013106
21113.34927562462
23742.02767835098
23419.877108059663
21415.920144374133
22145.71976304491
25855.060133035655
20485.835424874676
24898.175761196348
21419.56888822937
21777.865846925408
25331.93868921396
16100.196286839873
18518.559476081355
18582.614590091805
16247.62287051525
18516.350465235904
18567.60415084395
16742.39138982039
19101.26994378953
18652.1769231297
17637.47088181534
19497.11931326945
11493.067678851661
13715.481765941824
13719.99468522325
13013.506939980916
14896.90448246499
14330.063468683411
13821.70919405426
15231.383663182893
15075.463560270711
14353.090668131763
15965.582339748993
10487.700132085234
10052.64446421019
10093.246274084673
11627.807776932403
13428.40865402992
12326.568253729643
12743.365297254382
12121.832898088065
13154.192863646807
13843.453523592292
13270.415866461095
11180.226225891996
11018.773026449666
10934.503479510904
11724.585286122441
12268.273562998202
11565.265737953552
13176.101429915196
13438.486991679936
12846.284913530957
15001.008346221954
14397.170175715406
11186.378504407387
11382.565556418085
11269.497657508664
12046.402168950919
12705.63258048834
11924.4528591698
14249.164669033436
14627.01995600364
13641.35777232319
16393.377803861855
15633.072686803509
10322.587184021344
11045.238558805138
10881.782628035933
12089.021291495934
13501.975584069876
12062.701986079692
16030.35328080003
16348.317477917217
15042.565399264085
18178.615688229136
17280.96441006609
10746.480266319115
8393.993308732619
10056.596410101502
13154.371807970798
14916.708594452899
13051.909635412194
17464.74829941798
20621.643665510775
16620.42471681242
19268.52021371136
17986.453616629286
13815.750817715954
12534.891421791897
12284.167123234769
15394.165058879005
16020.10708030409
14093.978349993866
18230.375561817254
19178.794705159155
17801.885892731072
19913.6002983197
19735.617100256382
16359.215053636442
15773.169159603485
15173.162842795868
18088.254252900122
17879.397586224983
16736.17251892378
19890.486374369433
19716.174925676103
18938.73783708279
20554.60026544721
20173.57597352007
18245.77588447312
18387.07465812993
17390.05443592631
20994.62669170685
20456.798048655794
19479.54476346174
22663.55506792314
21284.000731502856
21107.77916283537
21610.088761075785
21049.941622698898
19296.4514646479
20835.628867274205
18887.19802185406
24457.38320193775
24001.728075449148
22642.265106950013
27448.130175841645
24088.292425103857
24711.97898957311
22683.490328230215
22204.128052027718
20003.116121053696
22987.322518627836
19978.165697737568
25742.132379506194
25580.645553417584
26982.028356852272
29003.764095548828
30681.335473685387
30983.170850699138
22647.377915297962
22062.789419322828
20468.859452389814
22428.642174109533
20288.38594335966
22901.875811580026
25368.002648609145
24216.29061091775
23734.969156539435
24972.68328021005
26016.47650847729
21499.227315746637
22240.71706671697
20357.552839821277
21146.631030540026
20469.413289433298
20626.81690101287
22014.845747743202
21708.273154013645
20424.05067608654
21453.94666046901
21946.178249220262
19797.16526019119
20672.20115191016
20108.575118116052
19956.570380582787
20210.24862129648
18622.66896495939
19273.294257896967
19613.31865804378
17554.72232991404
18877.82013487462
19017.725771194815
17892.582959550793
18872.795201304965
20491.996740962306
19011.695270940432
20154.751817303397
16655.991514759204
16474.459119923195
17629.12819410367
14106.74104556226
16130.759633069223
15959.083438918618
15826.90987143284
16864.111776167894
21837.722520371048
19199.888587504003
21243.936597407752
16480.027766688323
12639.041297029242
15924.39009004747
11437.040804659508
12763.068431045325
12164.902860985574
14149.5758134125
14849.094724936043
19331.926889373943
18558.709477934255
20640.00449918019
15395.53585154146
12103.31183672974
15299.99127524648
12893.472399046987
12203.84390340726
11601.339902980895
14586.275207837605
14250.514687189185
17898.359411108682
17143.002448457213
18454.71172684138
15913.572164865003
14480.193496290296
15669.130714718172
14679.806180856542
14153.936367209248
13969.721619683776
15203.604877368762
14942.854185657925
17240.314563421212
16797.935276176733
17507.896275107694
16200.536693248503
15474.639328195484
16082.407857433858
15392.698738773328
15112.225311895305
15142.567099415483
15404.916125560998
15359.616190232431
17001.211132518052
16755.566610557133
17065.667482056007
16514.93461349795
15868.65024986477
16321.29361494862
15549.487375212071
15356.347696713114
15518.719299798657
15243.104189913545
15352.26801984338
17689.439648823252
17453.062778217303
17120.91593806466
17923.32404951439
15880.451673093023
16919.73196218397
15188.26828099568
15497.180764350262
15469.959101732675
15278.553251071944
15164.287729018599
17890.54379993646
19058.28429929025
18620.316158007303
18261.560641952557
14333.18517051537
19535.709030722785
16435.109670866605
17539.152050099405
15138.605378121907
16315.94681731762
15788.990508315977
18371.341066022218
18510.15889332625
18000.927980602843
18920.68707017994
17862.760409031405
18380.26568375402
18756.77369954186
17581.557384850807
17615.372882481588
18548.325117791668
17315.843092981275
19367.51051787343
19314.843088655245
18869.450069087245
20571.81943026112
19879.298988662762
19665.797368736476
21319.10203342919
19983.072234237123
19977.060555143766
21379.059398765094
19921.55143524316
20012.095533371958
20659.48458337764
19789.37642650423
22821.213150835603
22391.058168915228
21614.537285963226
24565.32335149875
23001.66555150759
22843.7752519483
24590.76205807178
22936.017615423556
19031.283640238216
21733.35018088143
19839.471123174717
26137.31793985734
26101.859085740605
24294.997322420546
27681.18464410122
26457.33750960385
26392.898665723627
29160.92458970485
26437.779869473845
20424.04794578155
21857.63571704669
18424.962079820303
26298.414549717247
32327.692914864667
27173.954064760084
28449.6509045676
27382.10129219318
27746.324119413268
29055.9264273732
32446.91058397486
22450.04455955411
23306.54785773157
21693.33467839501
24783.94056388967
27012.01128259311
25397.513564247864
26710.380486368183
27969.759154014595
27676.125731928798
27341.7373401866
28006.943524456095
23252.839526673437
23528.941642340556
22918.012477301523
23838.744031092905
25104.517662436036
24296.041840920498
25149.715191805335
26468.325741865785
25860.99367903779
26518.719363828146
26832.395327887407
23991.649633605615
23581.1836385918
23594.43438934879
22929.21606149941
23523.6451702099
23370.071829946475
24058.701126008673
25816.930436187267
24545.967564740346
26969.366479931392
26511.25546777177
25578.566147302947
26904.78439169392
23557.640134155634
24137.761544629484
19852.296115237885
22753.54882312054
25305.702621692115
29002.060553969168
23959.851822178476
28819.510197662752
27798.942813878923
28913.694691271427
27007.602149518705
27265.72300921691
28466.96584164704
26111.0008346798
26264.529623942333
29962.67805650943
29350.54291362144
27520.830205829596
32032.62344913791
30107.85947792476
32375.12906891675
30403.98816175636
30674.432803481337
32034.24826690926
31191.685421505506
30481.261046893436
34910.49360676045
33888.785472137635
32495.767475776833
37860.28024535447
34601.99957874148
34644.713887191916
34178.010894248226
33179.00143789381
33407.00054635939
34994.460703652614
32337.30898162027
37767.37556538088
40952.29006952616
36370.15946579809
43637.435078436756
42140.53108922518
38293.077549171656
35682.0156011844
36705.6985914174
34216.03981447172
36089.22619037873
34837.30900344725
39533.41021007577
41970.61962605463
39000.019145018414
42102.568771435836
42456.902973312695
38559.87516990047
40191.35809394996
32187.580330489025
31729.997284156336
44485.742992570245
41104.73491433581
41719.37165743198
36511.30792927969
35068.42718587181
36660.22167701956
32900.33213296249
33462.9786347186
34631.20683294087
31539.14892272864
31701.645142107358
32560.242923126003
32221.187502096414
32696.143105165054
33413.67845927718
33172.53173121663
34298.7491598594
33702.360823258954
31091.97148789419
32295.139073066923
32134.45461007528
30184.04685570763
30120.56350313378
32478.819068047454
31367.10755085606
31540.312336626717
33037.00543061102
29827.859651539613
29788.061330565695
30592.39601435545
28487.81749519684
28396.378508722348
29164.288641223557
27837.562773111244
27929.123584469573
27681.183495781905
27714.806932329546
28335.459902570612
28681.152300089503
30246.671608801524
36202.82790491133
31376.676883555607
30076.08517385602
33968.257678377246
30292.128318059018
34170.52312469353
40745.74754018791
37147.82959691702
40421.303163286124
29733.237789099465
30879.047337301745
31293.817632685663
26745.406731037496
27854.537777548376
28203.644370936665
25928.206186157608
27957.532109563515
29206.428671916186
27704.905418385024
30256.57559801365
30491.158523082257
29179.426450883155
29758.23825518374
30095.759379538715
27901.152515634418
28317.12160885625
28421.475042158414
26510.22643950286
25976.9242741261
28136.588490037822
27273.095492143795
28317.91367610453
29108.329305023824
26619.732800048318
27405.80937403393
27677.24099522248
23416.553193433894
25266.2228516826
25206.112574277166
25034.322390365513
27469.084860448354
27040.65161323353
26170.81175255192
28352.73966399779
27617.13060460268
28853.654237352846
30771.166283405084
29510.04003498063
28410.053931875755
28431.92550331593
28402.011307447516
25731.40214490566
29682.017734108453
27756.569995012796
31758.007232798383
23936.620940775534
24549.997272325018
25438.457592787297
21277.158136954386
22306.144014108606
22572.660939171845
21094.68927772526
22615.267367030952
23200.704539115854
22263.607487131456
24350.33504134928
24163.647618023042
25267.48537854272
29256.22009852752
27233.832095876714
21442.245877627283
23279.22926422424
23193.42799932573
21069.470370717063
21520.537538819444
24113.66720417579
22512.57315970256
22315.597868306395
25577.47108443987
21295.737609815238
21429.868225687445
21809.61761400311
20362.106683752947
21147.47770233705
20992.827867978693
20953.02460055115
23030.4628317221
22895.486169250475
21978.583630100733
26946.918557382898
23782.158839415224
25982.420573653773
28207.242289283404
28251.150322370646
21844.295616059488
23279.690234891208
23603.63327786507
21454.69422996652
23043.06782623863
22355.367741864597
23217.312064561964
18736.980899727838
19858.66490502281
20006.158807068514
16291.453198375893
17324.353072907048
17495.11713742876
16015.076637202621
17241.128629161944
18514.588734840614
17243.39369950904
19863.560033047383
19814.50042837198
18552.637698024788
19904.77930284014
19929.2306694586
16117.970107126497
17357.153660567434
17290.18968774761
16384.15824627109
17481.093373770134
18545.11796987946
17420.23144396427
19577.25031364191
19757.235425130562
18538.225807463816
19612.877698121047
19501.440878867943
16622.27653476422
17680.357271551202
17560.16941385679
16893.023621140826
18063.79211082427
18857.54962368989
17852.419086922404
20229.974104506793
19897.997157785278
19320.90523360609
20556.19778896099
20472.90961647367
17327.416171311612
18535.676113102596
18289.400801390424
18014.13636935289
19649.468163363235
18808.516087338932
20535.31433479176
14028.829149700341
14899.81402140838
15133.535673022589
12052.917407111414
12579.12911425938
12988.537382573042
11296.778381676766
12616.110226332945
13610.277932261079
12443.913965716849
14850.613878201273
14797.987775910107
14005.230082075605
15234.897556598637
15024.43824263306
12219.763991432159
13565.101199797278
13063.464661761665
13582.513266507014
14305.040501874331
14652.344080992685
14036.702002633045
15632.650814374247
15451.4690209502
15028.594352021133
15868.773594042446
15765.460237492473
13997.347344525238
14368.201618595707
14404.50810721059
13542.937347397441
14320.676344586453
15115.354721635795
14293.159440495114
16147.075728688676
15985.799382158115
15500.849399863971
16784.02873160873
16405.435301491925
13651.201053526083
15150.761069800246
14589.92831344528
15358.179342088473
16529.309241256975
15896.524025786981
17245.385528153838
10919.504345862106
10514.637406673988
11305.464914972246
10859.931269832821
10258.015953218879
10788.10067375219
10384.867538568564
10326.191046670903
9822.440110240845
10088.52244648242
10482.993346483934
10246.30824223582
11177.514196618471
12663.160245893567
11552.069698434305
11079.052936789927
11871.540516721263
11062.544020798126
12153.666509404804
12884.79503288036
13001.229571422531
12483.728419630428
13745.288135926357
13325.205485653463
13373.545837707368
13440.99985837063
13699.743973977813
12691.425357320391
12864.616595139021
12993.010474131255
12746.98893010702
12489.261298280635
12620.184092469886
12614.080396651676
12470.45206010252
12957.07211406637
12419.624041746536
13587.477615903288
12750.140495947073
13203.44524264352
13547.169494893325
12794.32539376979
14668.28238930535
14865.912220577706
14637.154832582848
15073.348528368211
11111.997974622065
10722.282311939527
11000.512988157961
11292.57185476903
11081.446804755333
11213.017474238408
11168.364218036055
11148.762262927446
10890.630143760134
11060.174986826483
10819.665227563914
10657.313173912076
11241.023173073405
11550.738101149389
11148.163003286207
11443.406103454334
11631.457225190941
11343.102631568208
12069.280885868762
12307.196232934766
11951.327224046077
11993.24870701315
12316.879109649919
12001.266366516711
12561.805991676052
12751.41454938432
12564.998275996833
12788.250900187895
13005.406845124924
12643.979829285783
13568.648704950283
13720.84492597766
13123.892740196212
13329.502792734655
13166.27663964637
12933.685518260321
13878.101361048422
14127.907140622743
13547.41851889416
14469.321372075803
14685.507472551095
14175.400723118708
15524.636610331343
15034.049323311292
15260.683135056035
14820.339667579397
11361.637202804774
11244.392058780135
11343.692071171528
11288.788001586472
11251.292322486597
11343.51268781098
11197.369318444838
11385.29983522225
11275.220628654326
11262.59339052994
11336.835685662068
11241.754570782003
11597.092977385717
11826.931244632431
11531.552067482893
11618.770025583291
12004.207137373576
11629.546600111133
12511.412412481213
12894.296800193446
12279.850649218126
12395.667085460693
12540.450394798938
12168.330121068208
13171.847069757532
13387.630276559812
12981.390719477055
13652.163155735154
13943.234304758651
13392.4292578928
14834.853859293016
15003.544870246267
14141.715171131413
14456.876853719503
14304.09238753326
13847.216224826543
15137.55285557792
15297.567919079116
14794.605412271305
15914.091954093406
16013.924194931591
15495.63643002641
16869.767246824842
16148.810955312321
16487.404837743517
15827.248505287265
11087.73266285447
11073.290738380168
11200.53454099285
10838.84809564309
10611.754317546744
10957.928060491164
10066.033689093592
10706.98352407507
10843.188340622124
10495.40709850251
11225.537402078364
11073.489337867992
11434.19783196021
12065.208038695157
11555.752171900294
11026.09227784727
12054.534158984821
11253.622548955247
13148.082727078465
13782.783576126283
12754.800500677316
12920.031552231869
13275.57625489018
12627.855547449633
14274.346975143479
14608.249771905088
13961.55591545217
15055.042540549459
15500.404825732869
14643.241082097793
17008.354314662738
16973.950828169356
15735.744225299362
16308.392048298134
15837.67828198747
15249.894100641752
16860.764678023643
16827.67266035272
16352.651232868933
18049.95634973548
17750.262581545223
17413.971583295104
18431.512833362616
17670.89217844794
18082.844240110462
17261.670450045247
11129.102270472713
10086.668744454408
10860.61808290759
11497.20676339533
10248.569273665877
11320.153765395802
10137.968608283698
8693.896413228456
8783.35719316365
9048.320015566385
9504.81456511931
9408.245526007064
10571.154135934445
12300.963288112272
10716.960265752521
11500.00907357769
13279.431961435821
10850.406366405477
14436.597843459524
15222.343132522808
14103.337161218711
14384.717043148268
14492.145762950056
13533.313848020729
15682.438367532159
16470.357722978675
15403.03958330545
16381.182151518089
16987.23451292173
16024.784647672917
18792.024788643463
20863.886004767548
18604.491640515593
18937.65875273991
18815.695863754183
17812.032493269882
19380.10741928508
18393.531196401327
18724.95569180671
19636.975488747797
18320.879143505867
19682.203691416566
19490.10935440338
18967.676925595326
19218.36073550421
18693.991422967934
12520.71775662351
11478.687307267068
11968.759747440285
13805.08257035182
13081.372466765337
13167.713280653936
13979.28116036332
13448.072370576185
12249.263558110877
13152.47469288853
11495.652598533154
11248.059675566177
13195.477636577687
13504.47659009501
12342.726110941412
14773.700567976182
14729.965460273008
14019.006299095503
16112.319842815223
16391.28443179006
15065.159118247608
15547.768647543231
15690.06675394006
14656.379306750638
16932.36658662817
17660.386800104963
16666.381679308823
17558.01262857763
17989.992223532867
17215.77186577987
18815.508686528978
19185.49113711964
18581.997703207544
18650.420251220254
19318.747950738914
18627.00256133832
19528.85493104725
19602.58123133691
19558.765669111657
19646.53599599196
19820.925832689383
19558.417728981083
20107.082136626927
19916.68704605534
20022.07073144648
19754.13767427668
15029.166031054177
14506.099031850994
14417.9422460619
16096.36032850597
15787.364678432574
15567.741127915888
16707.493936615465
16455.93022159266
15415.945684388054
16090.25286075026
15061.132596311696
14715.034095606803
16218.848674492403
16076.64719525659
15503.600562939246
17582.855604637745
17403.40106262157
16914.3838634511
18584.434348845323
18450.21009049962
17299.099950648888
17937.826079413695
17335.295249100764
16689.720664374996
18426.197601644308
18545.83521899841
17975.734248163095
19510.85828288058
19377.78242944268
18949.954583741754
20181.407217629887
20028.235409407374
19364.99164434499
19741.81708397242
19467.903194852915
19060.959004933156
19988.539553056395
20030.949587866085
19790.67328078523
20504.202825864813
20348.427655988206
20222.601204810864
20552.762546853788
20300.483767197904
20419.583597661906
20197.04527582582
16996.55362145632
16904.528972739634
16557.719414303574
17654.742433650972
17846.35838187304
17350.786188413287
18914.83468562889
19012.769156450977
17871.12783740591
18400.40695812615
17763.10677644759
17301.667847526878
18941.96905658926
18772.53188144888
18259.93578346267
20319.038028282463
20219.78683162809
19619.02439592117
21589.97706241333
21241.5602077851
20005.068292080872
20769.352691483597
19738.24745931619
19273.560715136507
20836.259445305728
20458.258965770685
20143.402557116984
22462.842899097956
21835.41601737131
21604.075339581887
22665.921008222776
21834.6633424039
21255.452597900796
21913.031779429453
20804.755732749236
20681.179645115393
21206.358272615544
20790.213704240366
20835.08600452724
22096.979156701687
21320.913232034356
21622.842422110076
21093.532378781696
20841.68626968157
20980.754758249215
20695.73367666948
18034.69056456046
18591.382593997343
17890.684891305194
17992.262370683336
19116.440982799206
18069.915377857018
20701.53531282708
21460.32379821332
19845.517246889038
20277.65141741447
20222.490109185732
19387.783974002912
21786.477927274143
21797.8557268979
21043.088648163397
23425.56139493479
23524.90327915622
22573.083069375567
25154.559788149953
24984.958150516857
23380.399105386234
24302.074609630436
23021.064393114033
22464.615984498832
24473.470545036966
23614.671083362657
23419.544178477503
26702.796025816246
25981.439145955752
25597.44848726205
27493.60104186501
25167.331860764134
24600.46276133305
25883.3001947141
23206.417170922334
23548.94701345168
23235.660307462935
21911.024801653617
22626.429684566545
24728.58462919152
22474.54305456039
23936.359908643524
20830.522596650157
21171.63672228687
21073.479889896607
21166.052442490865
17583.949743725574
19508.491961392552
17788.594091471216
18342.62341376579
20082.258360559692
17785.636084198268
21568.57452874478
23153.297191137783
21495.71522984033
21637.081624455983
22704.207074374408
21124.57847119947
25309.149722190974
25522.442594476935
24371.847731567294
24672.14524067877
26901.219141312016
25367.141891184743
26041.978090681434
25826.314872442712
26116.0285082559
26205.464901789703
26222.674366797386
25806.85786620858
28006.984112141723
29122.534390531986
27593.444485422962
27671.695417584076
30785.350466236003
28045.888742179224
29287.14135843281
30341.19039943564
31569.293291892507
31386.030492003614
28307.77126716893
29521.373391115005
26068.175947993383
22712.583198480443
25537.312556395133
25389.52000861751
22195.820272227404
26012.58585894884
20447.18369470673
20981.73641296341
20746.292624919945
20514.63838092584
19312.034741290754
20134.553463234683
18884.77276551294
19881.151836718698
20403.6177659041
19638.65090450547
21120.387332737562
22093.92770159435
21359.456525662466
21246.82598294513
22784.61409301748
21465.162541274858
23407.5431608738
24926.580626073606
23999.749949992693
22375.01066599622
23542.807868227028
22875.0905955843
23319.880445786373
24493.759239367504
24844.898303052458
24083.267534709248
26115.085548333187
25538.730358845976
25806.20526020595
27413.336213093335
26836.61235333411
23770.685316245665
24799.88794082302
24758.645016583414
23471.26942085354
23887.3511110059
25776.44792360532
24521.649686578607
26316.026133640506
27330.86994374988
23704.40545653993
22524.78053035224
24533.72823330683
22286.98340173952
21889.342963806557
22961.236318542822
20718.333363488433
20843.753625448073
20838.888115861566
20697.682339485815
20155.6470636731
20487.986156241917
20048.963682301695
20260.53604510968
20422.711628372224
20222.088390541205
20452.227584933138
20839.748117999035
20810.836038997444
20634.239981016646
21453.315872512278
20976.583252956716
21450.009624112652
22288.748595996458
21905.338043002786
20594.580416832483
21158.681159041585
21021.271773643697
20626.938802187666
21283.98628417017
21902.173403849316
21249.184464713122
22787.71440102407
22588.745392692268
22032.48643667715
22792.73758415773
22863.41150539299
20525.005596856536
21163.526712603776
21256.58150169877
20293.820891362237
20783.12775823923
21749.25949720941
21006.517569883024
22177.65279534028
22561.282406278766
21087.54710989363
21096.801798166536
21667.41777500713
19974.04821317251
20241.04039835755
20519.673921929025
19634.977045746702
20263.761273286582
19971.612563559745
20517.94918819581
20300.032499651665
20283.502275628285
20282.68742909481
20367.96299711686
20148.08568099733
20324.296903461418
19786.19276531338
19674.607325498597
20096.45273027357
19932.134258763755
20239.94585482109
20270.786787272853
19790.196199083806
20119.338047262514
20189.112420182428
19030.3726266763
19123.006051152028
19399.0869006098
18253.175495632935
18611.688802552395
19437.211961573557
18853.35680542422
19933.584611748876
20034.065949698805
19131.22297096703
19713.806718672065
19824.425706332284
17699.55690935206
18295.906194564974
18423.14898252746
17509.769872549346
18230.196481376675
18930.650959244
18232.370642089154
19504.534284144745
19605.87500517929
18859.45710111076
19338.31259231428
19413.873505037118
17691.202571689224
18383.27669883949
18283.391807248736
18130.529655511982
18914.38355332491
18519.506596489664
19282.370658498363
20569.69739170799
20105.32272948281
20444.717068920458
21027.140259641223
20276.442967531588
20759.11295256435
19765.850217159415
18884.70907188821
19623.534779594185
19644.20892757473
19191.917583614028
19677.923524912603
18320.933259291935
18132.77347344965
18659.42501640112
17787.77785534394
17141.58019645091
18030.149631639535
15600.908103049096
15665.805038935969
17007.615895834057
16319.485732446827
17230.728664256352
17635.23524908313
16128.169806777885
16780.5890177456
16946.662055309927
14279.337760699505
15064.93911835878
15240.999156656962
14189.916355320074
15341.270671646718
15965.11178025892
15103.799674174414
16867.67350990697
16757.670988999635
16435.13443714654
17375.381654352197
17085.378927890968
15089.07111488231
16336.483042252075
15773.912748684332
16657.382491483826
17340.08551524819
16989.493994230837
17729.127159111908
21804.82014593104
20819.615951417105
21369.551910817616
23059.33754156281
21691.42415429871
22337.90530866421
20814.861264397816
19553.723840364466
20355.76500959277
20717.23480849346
18953.738688820158
20011.885639052336
17727.90146698336
16226.34140803135
17661.315759157587
18322.95088644178
15936.858675993344
18063.95461787332
12600.2697981509
11230.60987570848
14030.069889737879
13168.575898579216
13794.156332590914
14843.183718142673
12140.353974388348
13113.520705461617
13239.485535718522
10392.135909268243
11480.883165993448
11066.199847350648
11295.18817864051
11833.484631811236
12348.39089499148
11631.266147778157
13652.188202015152
13250.353811219764
13595.797692618678
15320.090286692179
14354.29502028336
12303.250673982642
14403.11299991807
12832.286737111055
15986.9490928614
16282.37006007771
16259.543350557236
16412.243855404504
21235.427825765353
21383.91476307543
22050.353125032805
19932.19480849175
19937.3617269996
20531.930484568853
18550.415511476214
18014.11747365647
19731.17877370972
19088.474798327592
19232.31658481645
20398.169439202436
17100.246970379165
15614.86152270444
17733.932870035023
16521.034393645343
15294.20330351967
16717.356560815504
14356.19004688277
12926.578553475125
13427.324442979
13949.342178039598
11003.592390587752
12895.690030179987
11578.131216385395
11225.700703599843
10794.965081588756
13075.583310863782
12237.109067043191
12365.357966943127
12990.384573189947
12778.943824858523
11803.848991262508
12372.960303253192
11550.259379680137
11363.016426842187
13043.70475089256
14123.882105467672
12541.477039709518
13858.564337100037
14411.233157130051
13459.522103048213
15427.224609200239
15671.714822765258
15496.174791274425
15965.306380062306
18991.6072131017
18849.113968425718
19412.194025043555
18319.30330524537
18149.081344668324
18621.610151787565
17417.205426209995
17018.882641653327
17839.21656387384
17598.89506795285
17325.730878069884
18148.33674045423
16396.742320973273
15530.35660531688
16431.118565236808
16397.52705062853
15798.763890323535
16390.52319989196
15455.4164435072
14827.617357973675
15028.178305742971
15259.53231220983
14079.564901939348
14715.683635595204
14133.65197364394
13455.348969295144
13640.91017694733
14835.156504699458
14353.67158597145
14511.807466187238
14650.036574884456
14469.191276927508
13982.518522964423
14342.502496281944
13756.51298915826
13498.688698273301
14475.365515559257
14766.897504639594
14192.31612348908
14939.31132251909
15087.52115712314
14726.24606780107
15533.581480796161
15451.468660859082
15493.20723107148
15422.546678362425
17841.051148756993
17683.765841774202
18068.485662473176
17463.50521160633
17361.805396586125
17639.276974958564
17007.61408826462
16759.735449595333
17164.643770292358
17075.945204142106
16851.0791912863
17276.24774371161
16424.592549153294
16010.393272232046
16409.954111693238
16463.614874349572
16144.305682527716
16441.53999477034
15953.955039603954
15608.671248624501
15752.193062559681
15862.113324845915
15307.689515344086
15618.32028482691
15270.421720847835
14951.037377727665
15087.348862596966
15526.682348066657
15285.597088443594
15415.100985760044
15314.987262144554
15219.602092970848
15090.682087648467
15220.931097609931
14960.251302430184
14904.79496237783
15203.412236628154
15295.225212606187
15093.759027813057
15323.010291460909
15395.905463635292
15278.952989833426
15537.161564817123
15575.498083311722
15567.367318335346
15563.058083287815
17172.474752176
17141.36057634544
17308.93592490618
16939.126913212956
17016.740808119834
17052.120875083867
17013.438950709242
16818.370596230303
16931.17153510907
16945.77978625104
16732.719265168656
16955.359935007862
16548.293957970567
16257.023024557897
16496.31811910833
16768.759155879216
16402.9721715169
16632.52098697898
16226.834417999753
15920.759435119911
16093.916759818261
16158.609352659689
15800.760901735548
16029.414792489442
15669.33478111633
15468.899574747733
15610.190392341785
15712.036217490944
15545.348243184026
15704.907643095772
15445.81874873095
15363.232695701718
15416.085094670934
15435.803232786935
15335.805708634954
15378.077308566935
15335.142320577193
15389.0242315904
15339.730115192287
15302.24997169294
15300.712385702918
15318.083944477941
15214.591161137569
15412.192045274187
15321.169082838751
15484.970063930648
16738.427799281693
17029.894645114633
16833.28003751205
16604.40284664175
17310.565104172314
16654.388505946175
18255.413511804392
17931.831115461213
17378.53767637939
17752.111703127932
17139.66813744228
17145.071374798034
17301.396239204303
16676.191917190758
16988.095233123535
18545.777760813282
17279.075901909346
17804.590633398744
16482.335105777784
15676.6357932026
16371.494780844641
16435.962216660093
15950.843225852328
16299.058781085674
15562.830799261123
15527.61712036314
15675.49357755798
14880.140631776036
15360.473295916403
15320.183532479346
15798.285421412244
15738.636992447537
15494.912312316872
15590.502838053058
15401.01186883006
15458.629305864888
15380.778337543095
15191.887718329523
15310.110849680219
16045.11265075603
15183.079302848844
15585.547513012858
14463.601159285776
14948.449427254942
14747.65217891967
15094.042326692866
16934.002656999342
18404.12248182198
16774.575974644806
17087.248371780162
18087.946920164304
16868.627625628105
18453.386962158387
19029.079335647297
18952.437676812966
18711.753036137907
18908.551054532152
18776.388001700932
19757.87911671085
19147.547757701355
19491.643658497283
18728.723141031107
18579.73068765133
19174.00677300254
17412.66686277138
15717.56439897306
16692.73031702193
17063.58503867873
14327.549339120505
16512.674812957688
14433.9211232456
14984.723656386586
14310.061909109392
16321.97888095853
15789.73130070198
15391.03371385759
16752.16642927652
17033.050280513446
16342.567990984371
16494.271403142273
17174.442195488944
16109.984199581268
17076.480199610287
15527.909554058828
16764.911560602028
16793.497238014093
15972.471502178501
16804.640375949297
15808.54422018988
14119.049593284644
15057.751695050832
14021.373503636594
17594.834447036737
17890.948720555327
17334.246629951063
18129.87990500066
18163.673639044988
17865.131691017075
18599.89352803959
18596.512682678695
18318.498559616677
18420.517102009282
18552.350420474715
18320.601540990043
18530.23655965717
18244.947638126545
18533.80687959173
18887.52739515926
18612.8849522921
18660.226994792098
18897.110668301408
18353.790906838127
18126.344488000977
18491.57806958717
17312.366741849797
17767.361292055328
17682.43961489411
17052.816985687117
17072.8356392326
18796.235375867695
18185.21067452582
18246.957832170927
18722.47162336926
18104.160738777176
17608.551792269307
18148.982104406346
17179.721135871456
17140.614324804992
17480.52233252852
16779.815158081954
17060.473824859328
18619.50258379757
17919.138898104713
18028.187130934202
18485.250746520993
17151.522351249485
17813.827096380577
16483.145718168984
18642.64460798179
18610.507175720042
18386.347146248
19113.19318528467
19125.52854580668
18891.43379193459
19661.417560676316
19634.335646598167
19100.709120545405
19375.5995094647
19031.72487007603
18835.24264124046
19506.59292626584
19269.258965302088
19174.0400525515
20282.944254964015
20106.40440889614
19885.244710272662
20831.130210584717
20437.821444669487
19789.25504030916
20289.746976249662
19345.80452895897
19322.38649090008
19940.592678525376
19348.742159833673
19352.22824565192
21206.236082493153
20624.575340944233
20549.138925806736
21387.050639762223
20678.211062275866
19990.732738549046
20666.407311874034
19309.090682428607
19335.430749708343
19957.554068049783
19221.963473864012
19269.177981618832
21409.430416743842
20636.12154103756
20665.465837050397
21334.098081492695
19886.16947186434
20600.38342900439
19180.327225057026
19447.809883616177
19593.692264305762
19299.927059843292
19564.873486087126
19936.58183104219
19541.813657247352
20587.147638123377
20994.532613570147
20200.016272159304
20419.704906607287
20317.75220789116
19945.742872707728
21146.494598855505
21080.556413004913
20704.838851369685
22063.546055013332
22194.40380124605
21595.939528661605
23489.839005642076
23159.782623683106
22043.09049827521
22726.69357320112
21689.48114434557
21409.966981920552
22658.44447884414
22059.941960515745
21907.876559024615
24358.88194382935
23679.64442017458
23473.16049777169
24675.08020451185
23844.83295999606
22954.836789516412
23797.932221048777
22189.956870408612
22150.549492908478
22992.828297168653
22146.83925324707
22185.80795464487
24695.762174758624
23747.84920871802
23827.40553480475
24403.57395272165
22842.19938979214
23614.60862984221
22083.745429887356
19330.325635168017
19991.148134586878
19499.225174892104
18688.984311998993
19526.42799518553
19056.540183244088
20076.097306482214
21814.821995653972
20642.818404872265
20451.68165393436
21547.037446495615
20673.883677938218
23008.531918295568
23512.861156369763
22531.44145984789
23870.2235412894
25182.87399909536
23463.31605638315
28219.404840141742
27489.848645559803
25391.082240666692
26654.605403121328
24973.951062099135
24361.418004751235
26381.116640112043
25484.4067661535
25324.73896924068
28799.291884630125
27190.507481425957
27539.023656457735
27158.95212260588
27184.995851000127
26378.312171371912
26991.48351176386
25603.77238973578
25557.76546226556
26544.93862629843
25475.821265190138
25598.517419653042
28761.398825261233
27575.137296311208
27570.577931310072
27835.798365224804
26050.707946971124
26935.06670642828
25212.196398545108
18581.192334557076
18305.854900158447
18415.67184222561
19958.506272974944
19522.076855709005
19208.510209446024
21370.7990191691
22337.835542577457
19756.000182975702
20590.109336203008
21676.46646984278
19600.87344539049
24382.870965860428
26931.960355363164
24174.80203334574
24498.52551206087
26835.652455979365
24495.48495017601
27850.15732246553
30154.653937672927
30155.127500917526
29000.751985036568
31905.82636800376
29855.886815515765
30308.709127332866
27546.508280598988
30013.35903134958
28799.764648979322
28424.953875283423
29601.699152505204
28272.678067707508
28362.58946964894
27013.76348800357
27895.21722848585
27191.3127918241
26799.26141850567
30449.8110083095
31936.974850751416
30109.9190334191
28994.987359202252
30136.96683774342
29664.681232213334
28414.019067017485
28643.735348652594
28742.267052261024
28370.447364444364
21218.02944140482
21141.56141996719
20634.92905501568
22096.703233766097
22122.958886875836
21697.976277145943
22927.048987087124
23430.644080170758
22396.82101862118
22705.508327547082
23101.514549476957
21969.43767124352
24346.039865790997
25802.721371677864
24436.39127353915
24135.569146631817
25066.59972144958
24244.01937672726
25395.01094909537
26422.886797654304
26323.489347705097
25813.712595102927
27752.859365116674
26976.13673213524
27440.00624770369
28131.510575422566
28078.117699583934
26365.57603953921
27185.958067185376
26871.12529338643
26976.178694354683
27572.425373010483
27832.87076476438
27411.165172403584
28323.28948925532
28170.721208307143
28055.215496969467
28443.823047440674
28490.807049634328
27297.962325847526
27652.829115856104
27661.4158030694
27307.20235948179
27795.40397344323
27539.821146743234
28082.37836172116
22699.162595134716
22708.562922189092
22421.57483974134
23164.964821283465
23093.459614728352
22943.9688725095
23370.33417261322
23517.666972778425
23197.247443221295
23286.90530359232
23526.430293765647
23083.737399093574
23901.95202808846
24531.487518060312
24021.891959524193
23658.931707150037
24068.208941427376
23779.102323009956
24067.493183948765
24732.486554761577
24700.660672630253
24384.152532825326
25496.187625269842
25032.520488318332
25494.609359067163
26267.55323466853
25910.07289632267
24731.04307075478
25489.711986128932
25106.860644844295
25576.224752627713
26185.44038899977
26190.274073097095
25858.148196637492
26800.945650901005
26565.615036730735
26683.839814303963
27066.58272810946
26968.663668711786
26284.304049695424
26645.96412944983
26450.84044452785
26678.463758807073
26918.406502363665
26775.88021366145
27098.040365024524
23591.229410607888
23414.931330211402
23377.748307472728
23985.945979745742
23796.664274979034
23801.939689676346
24177.983730854063
23763.6457161863
23609.3543490018
23830.75188720883
23516.387643083024
23468.5433110456
23484.40058709999
23605.58891746575
23552.802272241097
23695.3917070159
23139.055835419706
23501.6364345672
22309.757764244823
22972.15026577385
23347.743978706712
22891.532102496243
23972.98959918264
23728.522959279588
23942.011311533082
24835.869908401623
24350.94381652245
22875.53735309741
24282.76041001844
23463.396191954955
25392.409873957688
25987.67478022386
25218.272407768836
25206.166088289054
25830.95669048288
25355.59075216709
26251.454555374003
26466.94552758084
26206.344629591025
26948.229509449695
26674.15782475768
26472.946681781992
26830.35592817204
26652.207988231195
26726.175820145727
26635.176797953252
24271.620459357786
24038.34318000071
24105.5601026353
25652.86297945337
24254.42150223696
24792.85243234009
26098.535887111655
27057.83379429307
25336.62926014106
25786.216470846535
25074.781837546536
24692.9918662042
24960.79389559405
22777.020178642455
24195.596795481724
25496.66778385668
23235.195708944888
25359.213559566248
23005.76511733643
20559.992306903783
20968.89095581651
21487.459544104204
21217.068152641612
21583.831535825164
21548.67844966903
23913.543813772325
22154.50240355785
23589.408025648947
24433.150728172448
22081.382933233675
27221.77927351193
29240.936701835086
26586.75843407883
27005.72071632797
27384.42186571911
25871.19211991212
28855.8100774618
27376.07833040854
27771.00477735074
29136.951700249367
28289.309669308335
29252.38916514232
28380.04522207557
26845.21336010902
27405.86424455506
26896.610821865834
27372.98216367241
26472.872353900733
26533.796339372115
29065.317949523946
28070.845881798115
28208.83617906987
28767.904832506247
27767.078804125907
27183.459711261345
27935.295510902324
26464.838779761805
26556.987853429127
26669.349678272578
25169.733963050698
25938.159232739228
28511.278526760994
27375.152407082147
27558.855682427857
28561.000016914928
27537.008698678466
26010.147908955623
27332.61432236292
24517.01580468795
24570.959077232154
26646.429179776118
26367.078194110447
25173.86386079421
29331.153158565496
28725.872602338324
28020.64304950452
30652.572419530778
30205.949150060635
28507.15358106103
29508.157520533343
28797.588816794207
27715.547724031287
29883.155575206198
29396.156256844683
29336.30409838328
31750.75163535316
30987.03284652516
30709.81123533898
32148.418850254897
30144.84467842189
31095.68206473832
29262.943164957727
30861.285803644965
29787.642609471965
29950.316498624252
32716.934341727545
31550.9514099068
31788.04771827605
32172.368907722404
31246.964113377282
30512.92196173523
31364.96421869463
29521.46697198289
29638.193608110192
30378.696874299985
29511.703946501828
29465.572712620036
31949.076421321974
31340.833668203602
31215.838619655344
32460.98259574337
32220.730407600488
30748.45220049422
31678.84213487697
30061.161275425904
29702.2018395258
31789.130854771367
31226.1668580832
30587.90386399272
33951.84331997731
33742.11320211097
32919.099182406986
36016.100798685686
35412.1702646607
33229.86524202488
34618.38587864338
32514.141357589753
31898.735287358326
34370.97846314476
33239.3890030596
32970.18066024494
37762.29254888836
36129.12320253062
35946.10410761824
37457.121330825685
34592.38656146614
35972.11109070084
33314.23144563548
34588.21665477581
33030.79121161156
33632.07707203552
36017.50345368507
32398.947670523477
35890.486712805825
34932.032068210436
36321.974050935816
33608.902964807035
34243.827334106965
32905.87052424014
32922.24243629849
33025.31852717506
32463.86189184698
32567.111527379075
34131.14417278948
31532.608376334312
33421.30316879091
34501.67778095135
36560.72007760414
33494.79533020113
33922.653928275126
33988.969838977704
33057.11247214408
35652.570484920005
35880.30941297623
34862.15836654572
36846.61202653142
36183.11541849
36338.13995185627
39932.20980685325
42930.20460298733
38420.261536147715
39154.1509067042
38919.76228341607
37353.49103692034
42379.22818675458
39841.26143896512
39885.62554159879
43933.12767922973
44544.20994163297
44337.75878609784
41710.59670825012
40277.61645778059
40929.95170194785
38952.20215269013
37129.50433780368
35885.75701661799
36548.897134027444
38405.82239420494
37459.07368147372
37748.636788123
37724.31244288468
36113.05732975427
36231.95914768028
36904.39277064017
35317.83084719675
35597.36000045958
35103.471315074945
34447.58636605358
34724.852596717436
35224.12657577108
34759.00073372929
35272.98498510655
34135.4710422402
35839.54358821293
35170.05050884085
34910.706844369175
36056.354124264304
34990.210969601154
37426.553375821706
38615.999941050424
37229.52934220143
37161.32766143231
39246.955051414734
37401.96513186516
41491.11164990758
42102.28946120309
40645.24119935063
40938.467083936914
42130.91317346119
40393.878576841584
42632.72773815091
42901.312834043616
43095.01827868784
42711.94943678522
42214.40856430336
42523.23768302225
41157.89393666119
41640.70837988534
41432.93643061456
41785.67598907079
39395.81671907465
39251.462546040115
39025.2146816034
39812.16100927359
39293.30024934815
37977.87109795479
39870.45937566536
39505.62382424167
37332.61506669139
38795.41520624329
34703.65491117636
33180.66180811481
34987.49288345394
32524.92683817701
34912.92003420349
33045.09092614219
31623.53660589373
32110.4275294863
33959.66986531264
32839.46518411407
36315.05504775523
40061.38827091214
36749.568256727434
40219.48966563192
36326.2051017457
43419.041371571366
43274.08526524911
42492.96121251635
43430.70616787044
42398.94954606412
43417.41912096132
41990.9107167755
43113.0859288954
41271.487977937766
42717.911753035565
40077.18224219498
39861.830023039955
40741.52689271529
