47366.899888318294
30295.04946647765
25907.132330464417
30015.83012386814
49366.05644804888
50040.27990715562
47966.16894868202
45771.63584286229
43911.22793981755
42489.334266478276
41523.42917053442
40995.314223171205
40520.1777912173
38686.10321430751
36818.77125642671
35334.49103523308
34163.08960871655
33203.61879053052
32371.728145294313
31612.621886492467
30893.53283178439
30204.042125928067
29539.205722209328
28935.261557190737
28528.4023861682
28428.478840698073
28624.229193810657
29027.08055895683
29488.11358086882
29931.671949869284
30348.344720756955
30720.032338008506
31040.805510177874
31312.344061528744
31516.01460201227
31642.964403369413
31682.023449036467
31618.530217247957
31433.354167483263
31106.15807481583
30653.682766555874
30198.250947404
30297.472376939397
30913.40458336878
31530.29323330421
32016.22781319371
32387.70640824529
32648.836384891234
32823.929561027915
32932.40867346657
32989.92403211971
33010.14221254452
33003.202633803645
32980.546451201175
32951.62042395484
32924.77544207202
32907.20070870992
32904.28403664242
32921.1965558131
32977.576642856104
33189.82751238907
34053.43046001968
33790.0458970106
32921.65664636429
32611.50270459838
32423.667437895187
32271.563445588512
32140.29107246304
32026.286420101056
31928.990712394792
31840.692961261808
31754.70721706718
31665.49914631206
31567.77849115424
31456.60717219107
31327.36304832112
31175.54265127642
30996.50602881536
30792.711568153725
30551.352109082727
30269.03796662431
29957.10522406838
29645.113779266867
29225.539970342885
29899.762074788883
30480.967935717694
31057.64620449473
31622.760050661534
32152.934268356086
32662.039074730135
33147.3239661954
33624.79401308372
34087.295281661834
34556.56409558274
35016.526332335125
35499.073657100904
35979.50678565774
36492.21883435645
37005.921064822855
37548.82385162064
38067.22765614588
38541.265723925324
38835.94719321566
38748.03981147114
37839.422765662326
37471.98737269001
38128.35032690286
37905.98760362591
37274.30193419887
36469.91616665166
35614.27093129599
34764.83565275691
33945.51307761664
33173.508015091866
32444.291653650173
31753.09830429636
31102.026018531426
30493.866268247708
29914.768104782306
29371.215420665652
28842.605165456116
28311.017154300032
27716.074078356705
26939.4654007678
25824.205010847654
25265.132219145496
25338.553251985286
25057.36956529068
24583.84110256625
24044.708678583196
23487.556281041638
22941.97282560563
22405.185050707507
21890.398461695422
21388.067203965707
20913.737956161047
20457.43246649225
20048.697675779025
19672.935130024227
19349.937528685732
19046.462054166925
18654.263037595247
18465.271845389958
18377.807698344608
18221.499658295725
18068.767538360433
17928.543436695432
17790.272368279104
17645.760851185667
17485.94062908233
17312.849982061656
17144.375644600797
17023.556074885593
17041.21193933867
17409.863329246797
18449.738677043053
19915.45657122927
21617.83534566524
23496.46787527958
25514.581991377137
27641.0297195073
29664.845617585906
30345.668841753446
30208.288119130895
29573.216143372498
28738.71419564384
28283.132840029633
28535.832628166943
29298.74375299236
30116.800507579563
30202.346092046733
29075.104880076822
27533.17197131622
26479.346117470133
25958.183754806265
25715.790176927152
25630.58567416628
25689.338560154334
25774.93443948705
25929.52784457659
26555.410426853075
27344.777485822447
28224.518444780373
29190.824305836533
30291.454900674937
31600.318525734736
32723.824297422027
31153.54125672265
29308.602196845393
27700.405784502414
26246.64524358255
24875.433330806183
23549.381728458367
22252.94317065554
20978.272969132213
19713.338020856256
18499.61180994352
17434.95711464651
16757.462021292267
16553.43916802463
16781.124717996998
17409.175998612107
18188.65452803976
18993.152870392416
19772.900221737655
20543.40698709242
21310.674094343216
22083.458849929124
22867.36808558848
23678.03628116248
24527.796678553284
25423.12196529917
26359.460786892047
27295.61456800071
28090.86282531645
28462.238006544874
28912.10938642635
29381.933812023308
29417.51555134087
29296.328150828984
29152.821848424483
29028.411843342106
28930.454631998902
28850.88811667681
28779.482491276103
28706.417430032525
28622.271839523768
28517.91755887004
28384.0433235323
28210.43405089883
27985.28281855869
27698.28071134181
27326.42963163883
26847.10934221661
26238.93917795439
25556.78878123761
26046.670372010394
27498.138181979004
28891.226613676106
30195.18212694079
31431.853356284213
32621.852897406556
33785.291750168464
34939.186718999066
36105.18781126725
37296.7119921523
38523.48595475011
39798.71447712447
41147.40760856094
42595.815673647965
44150.71543282051
45858.44159088773
47753.76853767001
49868.247830919165
52260.05010038081
54920.207401765816
57733.74592133297
59803.71867012001
57785.02484691828
55021.99404539665
52422.466917097954
50083.15397276271
48027.390175117034
46218.12673856145
44601.0524725592
43137.16818196216
41817.4189276452
40615.16549408583
39508.46193416288
38487.552203858584
37543.47350745102
36669.01549753787
35859.904194035276
35124.369967868275
34476.16303961692
33933.42090526043
33590.993526628714
33575.673174962605
33893.808150692166
33938.21550826992
33699.00770971071
33725.80301252239
34102.788008837095
34689.99843173583
35395.09849355073
36178.90809706673
37027.50056655797
37940.628184447974
38910.411568924756
39933.919585495714
41010.102634755276
42144.675922301874
43322.66413033525
44527.47624474988
45731.371929846675
46889.15709659221
47924.64703955373
48698.2993715107
48971.74018109576
49302.7275418108
49733.2871421101
49674.52427547205
49332.37685925208
48857.93909411121
48360.033944695315
47872.392511369755
47458.20122479143
47114.483647165456
46884.63298587989
46779.48809803282
46802.598800066204
46956.52853807936
47247.8248336736
47613.236845107574
47953.27255575519
48146.89214001917
47629.5446790087
46535.95779792743
45329.3357979159
44142.133895842504
43056.83302697182
42110.82935224258
41309.950751862794
40645.87509532884
40120.967708466094
39774.68970974435
39675.890031206414
39973.96284195
40317.27040267289
38027.57473535603
35998.09330088204
34441.572002904664
33194.016298572424
32221.00933508414
31518.271884402486
31036.450435753934
30489.133569008867
29111.212793470117
28021.758883212668
26903.823079454764
26085.401220695974
25970.574089995524
27007.98113768617
29288.659349276866
31776.768510595623
33430.607320757896
34457.81462347652
35543.02498662531
37276.546297888664
40040.345978991114
43326.44300606652
46012.14083834717
35828.22457434455
31076.25029150617
27411.409246136085
29042.240390204453
31452.249279259693
31979.60045789974
30543.295235416022
32109.800497260763
34896.45561055824
30970.044392914726
32619.593225081473
37557.860879553045
30829.237531244977
30833.47515203534
41723.73332651699
31476.163492903004
33290.441807029725
42680.593714723305
33505.452795215315
37787.06093657354
43388.41781277996
35662.42672541996
41243.76198161318
46372.35693410186
37298.02578216103
44038.77598069962
51547.49738313367
37991.103906459146
43778.69538635743
52144.20998162444
36411.08814555268
41046.030638490076
44654.43858421254
34980.85595234096
37295.162679795016
39149.4910302874
33405.24348512467
34045.30386022079
34856.25361844598
32361.61628234772
31617.500809800134
30966.77384170872
32440.665197201302
31084.55498700752
29890.527286733068
31983.46670647861
32226.423449161797
33079.96499768112
32593.348264391854
34049.31136451977
36205.12629388755
32958.90707534909
35629.713831268855
39615.65453681652
33073.272748454554
35975.1837996865
43161.392897251164
35099.71458963341
30199.121284595996
42813.7934803012
34226.198730852695
36917.66884620249
43641.67982622582
35463.2924836565
37656.93561577142
40528.07482448155
36863.37107912837
37389.40970671607
37513.969621806194
38902.47191036139
36980.88280074385
34833.468888166375
43860.23281507662
34851.39568212555
33136.40694665067
40872.18635947558
34208.25769257128
31534.427310185987
35102.84287277538
32877.833351070854
30369.31136347854
31730.387744199375
30678.778961103082
29602.193387135645
29350.11885287216
28217.33871265516
28709.97558875666
28350.31364804604
24021.909661651047
27737.838505186846
25651.415395865057
22880.742330588553
25665.6013922736
22636.437604728584
22264.12095565097
22946.667772072033
20346.696386386164
20719.78554048248
20656.13520939437
17634.648436490865
20519.6796896521
19231.210477113047
16542.59528738848
21147.332064641538
19609.353281276755
18082.588777562592
20797.438976992344
22045.750933205163
18149.26666133774
23656.366110501454
25613.311751549183
19102.451986180313
27562.139425821973
26888.575643934906
24911.32865513047
28750.079808158356
26676.263334013933
41372.22686740957
35142.93310275777
44741.62537031277
33220.67897581994
33732.92784568673
34044.036951991824
27801.45795916098
24857.437194286842
24425.65102004794
29665.272698629196
28452.859443914604
35772.926246963754
33679.58155270492
38134.26368944672
31839.561653034856
30942.73235735304
32103.2516857444
30952.54407812831
29879.57435366287
29742.659658311626
32896.56877207846
31683.453019122782
32678.047775987718
27879.551195603108
34022.58354231591
31058.994994024863
31865.657935000527
31566.959095603175
33257.74839902038
33643.74635073207
32064.409040924384
37103.21821493097
34593.4565118871
31053.0365809598
31099.70160211275
31906.793531922627
31458.47353391157
32460.196014701112
31378.235367941605
34726.7527556482
36257.6124183732
34112.54704858941
40246.93270256058
38605.31520744554
28812.375760906067
30693.62971659427
30079.460396850576
31782.08000882191
32239.7434590251
31361.20731769492
33992.80294275233
39097.7580009592
34882.90025904029
45556.826520559545
42486.85403653825
29591.007790071068
31530.04601901462
27689.752720589822
32787.257229342955
29565.053558710846
33287.90229413292
36586.19807113681
45292.9897694299
32857.19764714979
46496.43281907537
47450.87247291916
31876.59952924859
32332.909160538984
30835.914289748893
35473.68088445741
35830.218057540216
33957.98840920767
40537.70840741908
42623.91384488082
38811.832716645134
45621.871496697626
45598.543476306935
33379.5230807006
34660.38642950839
32746.863455671115
38331.46565763597
39541.8664563317
36952.09660815279
44098.27485288632
44643.93585743871
42225.11457371425
47633.50076501601
46347.58967496104
33621.77277836167
36478.84546669385
33700.58882200006
40320.486079484006
42874.8899875283
39518.23084502264
48902.782457654044
48653.61740182543
46289.37488165149
51538.95069537893
49402.139767119384
33539.17960549697
39214.988009208835
32777.82471890361
40357.78423631598
43214.538841032336
40301.76259550408
49877.20418198345
53805.416695907836
52666.46005726459
51669.71480351697
54017.17793891829
34311.47665244977
37003.94352153973
34149.00504221047
38688.14374498508
42871.849514197536
39773.54709987449
43236.47393716565
48182.47174845115
46235.07011185757
44993.920429160506
48188.7411575304
33921.02545411856
35742.723203580645
34203.70933106485
36136.757379406714
39121.01923375575
37429.95470003605
38337.86263612863
41694.416370183215
40632.8702112498
39683.976711227966
42172.7344821022
33157.52983300188
34188.54595475346
33554.35753707251
33687.30333604251
35602.10563225764
34880.28484477719
34442.414737938656
36901.83756641476
36287.171125277775
35442.395031228596
37464.98370073346
32313.444214408308
32693.60369939344
32785.297232950725
31211.779322153732
32675.441225251892
32541.614655437683
31781.689031987844
32916.89254226502
32838.53193127341
31456.14589844785
33515.865592166
31567.1803546421
34836.30564598959
30297.5343458173
29972.33733668291
31676.447119982477
28057.161222222883
31395.35500334778
29298.823884039542
31987.33203312971
30171.69872871655
28105.35202520212
32047.335555865426
31777.51572749668
32017.898319872806
31995.613999451834
31437.47907362423
31301.56647159042
32595.20937658139
31530.22402975234
31614.081491018776
33931.807954592085
32255.70538507045
32112.673526896455
32297.387680944725
32079.794552298452
33228.399794281184
33132.82119863431
32633.19520594198
35057.29981613425
34622.504836560984
33799.536417909716
37395.95493766715
35607.457755822375
32026.895687711916
32824.09089760063
32106.596651312986
34134.988451933445
34908.56113447367
33748.165759572985
37497.64391081902
37864.55084520291
36316.051830148164
41637.509606607215
39379.14513238898
31604.149278005636
33002.93736442134
31861.851157853733
34406.468603551315
36064.81557430304
34349.86664276548
38977.4279838513
41420.49796980522
38472.15934692747
47484.98481864542
44280.76385562602
29638.28706732487
33568.329088590035
31140.397788056558
36739.739432834634
34731.957929735305
34662.26735173236
40115.68082204055
44379.166157416206
38873.23986964502
56179.23172395222
51492.25710247267
32740.56808748558
34131.74487765785
31693.70890408544
35490.163334959114
35180.03884481282
35191.448718034735
39725.9580818697
44620.183095766566
39239.68572560338
47629.38058193607
51573.216801681556
34502.076845522766
34793.145872842884
33634.70433631758
36491.462057053104
37534.73503622794
36027.84031642791
39027.54600433803
42112.97999618597
39604.22162966369
41825.243501455334
44468.314243783876
36291.88782503875
36137.43741051846
35370.41480256049
37204.049249786134
37561.5707364497
36853.854006042595
37488.894317055034
38974.33727628614
38283.50738005221
37449.509767996555
39532.23422161802
38729.970440937424
37735.78038967579
37361.06503322339
38068.8364883283
37205.690138570615
37607.95512564872
35979.88427549375
36117.82367515462
36708.17365253352
33587.94521768546
35490.880924458936
43680.568777175016
40692.88512494854
40687.67694416919
37897.168919705895
36481.68704586569
38426.73737634851
35748.54586537035
33783.210657501644
35444.646732364556
29858.503537233184
31691.193628705165
41054.571203953594
46544.99925752187
45476.013458905014
36860.85866163761
32474.9142188357
36416.63843154383
33647.23454684005
32195.779301119444
36929.73901237884
28757.982873949666
28958.666071074407
35330.26800305814
37475.30699856747
37737.10895144443
34128.5566284622
33853.09331854943
35686.50619616119
31636.682144097966
30805.375883525965
32450.96409291448
29148.698444171103
29008.403925416696
31903.496508202934
33260.10934402958
33451.41989745631
31268.394447476116
31782.81474890488
32637.068245355753
30105.775461580677
29992.83595197416
30878.40466862618
29137.22274711667
29180.369675544876
29594.140184381424
30429.619399325376
30619.505575765746
28722.116779873984
29531.954080539927
29983.58651683701
28247.293639545478
29168.098929511958
29262.4311168029
29093.63120819715
29074.133145870448
29081.154696961417
28606.12955824109
28944.81325610308
26088.01019630998
26504.19264663804
27406.111545402826
25036.45050055094
28265.53490538705
26883.44410206229
30725.743382132867
29423.540296374853
26086.921642450303
27551.772875733768
29441.116265572495
24077.24675569396
21788.080911789002
25157.57709520908
23582.784160851996
26485.48267207624
23695.689649047537
27581.26135991382
32078.438551805
22849.93925570708
23949.477887824443
24231.582695257704
22365.867521311306
22854.255286187486
23268.834978712915
22483.692759343743
24255.831034213134
23237.87595382557
23395.63721508585
25171.928355024316
20564.03820027417
21479.900007637923
21663.1705482548
20423.04980498882
21469.441737945555
21405.76136874351
20853.53203116935
21735.11846829018
21604.33222232326
20435.909978559976
21872.729284413963
18819.065316700893
19120.622982713146
19544.088841367127
17834.814323344603
20256.460813710273
19357.859633695683
21326.46483763597
19785.298138067334
20551.982591792323
17107.089354229134
18955.91594024466
18143.403864711316
16200.808577485095
19248.63173540663
16611.917999537847
22959.499710869502
14560.202280792273
22443.50789046712
19492.005367666316
23673.806807065266
16576.833893052444
14176.51009724434
17655.588066935365
17502.764876787634
17716.736206710553
19230.29981725252
20369.765266646322
18347.091118256336
21862.337609118265
20566.321916797537
21389.77329046413
21968.780298090696
19514.089726591003
16975.5106530082
18283.866475097282
17455.45120388068
20688.1779428764
21886.52699475835
19950.05527796066
25416.08237931059
23847.059654859244
23253.77732924685
26441.20136636812
24303.89277767697
17670.929225364456
17734.739793911114
16285.384770764262
22885.696137382518
26282.575104072133
21504.90514627381
29846.058890775417
26124.00494228383
28897.8525925157
28262.322460105028
27684.990874074658
25033.67099888779
22274.20061930857
21303.06137900192
26863.131652869026
27554.8755429897
24839.838177562477
27702.836706632217
27605.732309890143
28334.01137779375
26718.92646044446
28009.47207588671
25765.229899314174
28564.543987794626
32571.417412933362
28337.69527744189
25476.841202707757
26320.122647689568
25452.786472269872
49049.27682945312
44462.401744083705
48149.785113481856
44066.19219187808
43101.934724541214
46438.000950293295
38345.243704084976
35951.781130019466
39390.802787351575
39100.790612937984
36179.444274359674
39804.83704890145
34371.26426944302
34332.20700788935
34860.14992707558
34207.61543516799
33724.15316601823
34412.74372264494
32348.119317589917
31835.094767071092
34144.83492931872
33189.39924409246
32805.64650492078
34027.70851469498
28942.37203741095
25392.14841034458
29006.685365080775
29345.023172406938
26381.338488379748
29022.533934518335
27133.89750213349
26016.83036752213
24084.682609243162
25509.25782146323
25106.114292914943
24517.283246741892
26556.450597225725
28098.87941657163
26478.80820901103
28362.29209306361
28879.145996598825
27297.606133283065
31016.86020673642
29969.7898429507
30346.276968526396
29476.467769692557
40626.81920919782
39709.59881799569
42141.73953635384
39151.97350525477
36733.444030408325
39578.97517040171
31490.587781225036
31786.856821228717
35596.062951336564
33715.456381373675
35008.84910043228
37134.96311657646
32636.896232972344
32659.46104536764
33587.33382748962
30187.881659257546
31705.21790587859
31446.912398244247
31942.070939468882
31163.15668760947
31603.02012294611
31613.88011164436
30876.62653311001
31845.958572552532
30249.45735489565
28876.785892463537
29781.927976625415
31040.85065348372
30445.81593996937
30689.118708781287
31423.14466580216
30894.736778972514
29605.391411115266
30552.349808776307
28728.820591179297
28493.26189958996
30568.59420432063
30653.081039175377
29503.527742244423
31968.403821825978
32565.198914820623
31433.42568355688
35854.06976916757
33090.84497290651
34366.97887237604
31959.18745493466
37079.45807814858
35650.690715823235
39136.13159356121
34145.61002602715
33149.394572878
35339.08292222329
31307.327679654598
29653.395256432043
30035.2511715277
30858.244754314917
25365.4973753882
29682.17780231749
29472.854084976192
33015.15183934322
29411.423713009644
30568.87898512349
31031.10523030455
30037.641866322807
31617.852959867163
31975.93617989836
32006.01276098347
31675.83345350892
31634.493352517064
32296.34693225465
31820.423807080282
31210.354833994053
31360.920612329348
32628.235104461284
32732.930363483145
32265.84985940667
34023.81738442244
34180.477987952705
32846.333215525396
33433.60699820856
33588.550731721225
32210.048414208744
33657.75015082768
32036.869737090117
32419.93524335313
35882.76101185331
36144.22254445851
34909.88555849632
38518.95792484358
37757.81810111499
38033.26794520679
37965.91228570642
32558.41261153362
32295.841168226718
33275.465210837276
31291.30215424054
31498.08932150007
31907.09330736618
30941.40158169772
31082.622960825487
31386.266129552496
31202.173491901107
30953.67806543548
31445.79043339825
31107.19450044351
31229.322786278983
30918.041748463856
31142.499176490885
31455.813321480106
31168.934715796764
31931.77860314015
32585.141609817132
31840.503990440782
31924.01251017737
32285.79172042392
31714.87792376009
33216.330619183136
33713.186491983746
32938.806914581684
33549.703072343655
34460.72817082264
33431.71553653672
36094.557843147966
36895.38951398583
35137.14148065687
35637.23162007641
35600.54561511233
34605.238146156415
37430.96565661286
37870.02659281875
36691.11678589597
38967.69896062228
39378.43500654731
38169.49040969927
41306.75245065629
39707.311031866135
40445.16732555293
39066.54262288558
30044.11344301085
30587.402947427225
30677.075140221954
28670.113161117522
29513.85023874379
29380.64551122842
29662.86139358798
30664.373434872236
30324.688631578974
29997.087534622875
30821.445045245597
30643.622538717063
31057.845682712206
31409.10239988003
31079.764785367275
31678.616082618744
31420.473923007106
31200.14847339885
31169.107207163703
31706.14577782236
31678.58146883279
31435.153342472964
32522.388119920397
31850.023838841058
33278.759915331204
34883.698731484634
33523.675191749004
31710.489308789765
34636.90090769393
32709.345501832053
37719.346311194124
40168.50550470351
36932.25087273739
37329.57498542345
38269.49237914594
36532.27046318485
41006.30035674669
41265.9214946016
39892.08045087128
44301.80709925315
43930.55436510144
42442.16905601538
46251.083511901175
43509.88963092433
44845.2933409154
42322.68074892609
27933.11335834989
27857.317949347635
28025.349574845277
29146.051754058124
28776.837579247873
28485.996807028027
30437.75788071784
31351.2495765419
29368.148609915093
29883.520268948472
31282.96010156967
29326.36758077192
32886.44537923389
32787.95689741788
32555.06269980657
32340.714580802116
32677.08266624234
32442.64860218601
32922.52694967949
31606.931144876693
31249.112382570984
32004.749992973575
29561.4350102269
30993.448822533137
30686.23115603858
32802.91311854577
30523.86196903394
34437.91322251023
34978.913461911885
32548.784345853812
39574.286729523694
43432.819631524435
38484.40320574021
39041.42109598722
44284.11389642941
38059.02881562083
47207.30576569447
46902.26969793458
46479.35189948318
45039.67937177559
47179.058062192315
46044.512249751875
47286.22489793018
48060.04928743579
47784.326258022986
47506.08277822444
30300.615581394493
30251.71747402577
29754.767929664526
31235.954111596875
31378.00022109251
30791.829138049725
32641.204397884503
32903.02561760008
31535.303515041818
32089.336830101947
31830.411528525576
30977.71381690682
33151.823699135006
33286.04563101548
32633.48983085839
34452.04905392783
34709.44579770443
33781.95262838007
36579.470987632696
36850.35516114127
34810.654458910045
35713.11082081629
34670.825290865345
33874.35335897047
37150.35952679839
37808.7995690121
35939.16789153758
39109.952862967664
39699.658420780484
38179.50489773257
41982.67731250033
42928.583632766684
40711.73010802064
41330.63575107883
42500.99459872357
40122.14772340911
44301.96259448927
45916.32042966045
44499.7050963529
44624.014096063765
45509.22382151637
44365.26150303956
46341.57998245736
46474.52902533494
46318.67677375213
46804.38214833678
31962.471983902014
32338.6472672807
31630.229436114343
32435.070974208462
33094.118749641246
32237.453878781176
34463.28527602133
35182.72730755164
33649.51365641727
34080.44652238347
34091.961208716595
33162.27610469875
35766.005422893446
36224.63293469349
35115.81739095182
36951.09364305208
37662.50308517389
36383.132062507866
39767.71872333402
40396.278788622105
38219.529647250514
38999.065233782625
38676.558982405244
37413.51307592997
40884.56478926038
41369.265588792274
39996.71398152201
42712.260137629615
43128.65093146346
41785.73578180759
45346.55426203899
45446.37093182914
43500.22834736501
44373.21077087906
43950.0993013991
42709.41634058629
45606.948905301804
45901.15670225362
45033.35250389859
47132.70202731471
46917.740319441495
46304.10814878011
47862.56559271906
46846.02189234839
47303.29317157697
46526.035961130154
32547.001942513318
33583.75399721034
32543.214920080693
32126.368294618016
33720.62665818738
32422.148024000464
35464.73026972644
36851.48357014548
35030.313374596844
35250.61347023091
36085.63027961873
34777.15831221746
37964.14307135207
38948.513605282205
37487.9882140979
38866.43864340069
39979.040114001145
38422.38587149762
41957.70856964012
43577.51105074024
41145.49701080348
41677.66652758503
42075.71156533622
40494.69416267686
44642.390920384896
45148.23769101574
43667.281586651385
46529.96107267872
47532.61091514386
45612.834809189386
50618.135709283306
50020.95740724407
47663.467212101496
49039.07072646617
47437.45277504089
46437.93857708166
49222.76027951564
48462.953576795335
48103.619383871555
51842.24912837848
50436.10221590391
50482.09005846288
50700.75168850672
49244.53811199282
49982.89728192727
48525.96532527086
30892.42596192922
33342.74647121453
31614.835803402173
31855.6653994229
32873.71867607411
31001.7010683707
35848.94958069563
39147.96969599648
36105.35637012985
36131.55041801252
37972.18509987948
35741.122636049244
39838.66849151314
40450.28405149534
39369.630370447565
39334.165389993985
40285.11256656955
39817.99600775326
41689.2276246257
43189.20253170975
41376.71919151498
41337.65191906702
44050.74572788926
41854.14802438023
47735.58514296031
50535.75806566297
47300.804523564606
46841.58365163376
52335.27363726293
47582.186619241555
51574.99394149605
53526.691507108975
53899.27123469273
53609.08326304201
52997.259658262556
52347.35213352999
54277.38171524098
52699.670512405086
53222.911748377046
52264.65429747147
53611.26057878384
53923.94372637835
50204.69490254972
51327.31104244622
50981.31590628336
51241.32981598463
32941.076781395845
33922.79725858358
32506.517244776725
33410.83804238055
34270.97835117441
33232.02084018909
35324.90271825681
36708.507235812634
35559.42016552228
35455.99109700098
37389.08813092758
35669.53734183465
38406.797041902544
40158.13549856825
38838.30154615828
37536.77189236382
39266.87043092896
37972.54267875452
39861.893345872115
41995.81128959367
41237.251905235105
40607.01523968122
43546.9154650428
41653.65656377727
44622.23217722308
47928.88747438393
45794.097217003524
42201.150726363616
44682.13543977192
43408.533588490725
44066.58186967177
46339.8400655975
47466.527899113265
45688.40740468369
50172.28694145349
49431.07421119621
48413.187904561986
49891.41030048983
50323.31450207438
44949.56536429731
46557.54080205351
46618.77291670942
44835.87178715083
47632.507333499685
46225.19963428321
48984.13668108874
33531.99960530107
34285.24893363744
33504.149620121716
33449.657774923704
34077.38589226878
33509.613569714595
34441.082959111496
35374.33180068539
34942.818432617154
34706.4337370502
36085.465691324825
35153.066439239214
36576.811275464555
38062.28360396089
37060.68671791894
35558.075101777606
36781.57644645248
36065.0818184313
36723.62445328552
38191.856255869534
38285.45822485017
37498.42087062846
40077.230719263505
39075.45903667096
39913.142972485955
41886.426388706204
41028.60545749837
37835.522024971295
39451.70082575748
38849.552459424594
38777.40018900857
40380.99855856848
41230.418291162736
39957.39723662564
43106.78969874913
42597.31277019529
41998.11093104692
43546.76764338081
43427.47379570863
39456.150317199834
40886.69053882296
40688.79252125602
39840.47678230475
42212.990251219075
40988.37700462233
43499.36818361412
33260.363816038895
33745.280012073614
33363.24682439804
33039.346961704796
33356.13049487208
33149.9304870762
33279.40591146469
33791.580041297064
33860.93625428642
33569.87609459501
34591.14577760161
34154.04067718727
34532.37714929577
35506.691375726536
35036.641739517334
33538.470001592446
34276.834788039814
34023.072735835725
33857.05890495843
34805.167317738196
35241.64020731197
34539.319649253266
36432.054585653976
35965.659332108524
35946.252088864494
37285.06143701498
36868.690457917066
34246.07050569922
35339.795071224624
35071.089331649775
34639.6810666542
35860.042926643364
36606.34680949888
35600.222809476036
37991.38238212048
37663.042769044645
37190.02491362421
38545.518918556205
38292.93338591806
35119.646904913076
36434.08045937112
36136.623520014444
35801.44291288821
37717.04950864567
36735.38437326005
38750.80724929391
32836.17080423198
32965.400449837594
32936.327120918075
32508.817419927233
32592.33282722864
32715.53148440809
32455.537820140904
32429.70771211244
32752.056213085096
32552.200030522275
33027.91705327021
32998.11523491295
32602.379822468443
33108.90713414983
33056.845526762125
31750.226784308677
31936.703623099085
32161.699002314377
31246.567635220767
32084.1509150574
32571.72269997569
31930.58598334463
33336.56753907981
33204.6892505438
32781.55053923176
33601.87947365783
33475.85930695839
31862.49630398424
32205.201043416047
32216.32461016483
31406.8585245471
31950.944804183502
32858.72877318661
32068.3449397092
33879.63131643142
33723.71462180203
33116.0129151324
34476.24106220731
34121.66539909156
30862.554562199355
32529.258015564927
32056.35821556959
32614.90618847769
34069.31813595777
33288.83792846483
34911.55746475306
31057.126222677325
31713.19258490534
32058.37636306073
31899.252802983017
30443.305074703854
31154.74928456591
32264.884550800052
34350.142669457884
32966.43483448739
32818.85786444538
32852.099396575984
32578.073808887497
30897.202685478725
30093.019480359326
31352.483789006616
31102.041485007714
28280.97167410639
30848.452130490492
30253.307933364904
31485.912135687628
29688.22664372786
29654.534613266565
31384.183618176496
30450.306104189076
32107.075428869044
31686.25975304952
31841.342363363874
31527.2112163718
31829.384916600196
31966.34225307031
30743.72909661184
29276.060639802363
30824.440392976147
30737.42695588379
29999.020818428307
30957.935961188956
27800.516418455798
30147.86756111983
29402.28748045802
29411.18459811726
28384.879489405997
27901.68692641885
32128.289528146182
33119.14636832819
32816.43569297223
32257.066515973253
32184.477813512585
31929.55854951044
32148.034788070363
32092.818960766537
32037.534705055943
32146.53481773442
32011.391505706826
31852.69783788344
31928.964585342717
31950.709364055663
31864.80279501578
31995.188792782235
31515.44699964991
30812.562125393684
31304.24197622662
31970.493193548235
31669.76197858987
31740.00289695491
32082.58264253153
31805.661695537412
31291.043572382398
31695.938928404514
31159.023799854946
30829.14266710957
31580.10441532686
31354.177613785894
31400.728287093334
32403.291534259857
32051.13887185058
31938.26831206607
32809.07516330565
32314.830332326135
31555.07171878378
32154.99448755711
30713.554347796293
31048.76400335511
31722.11553754336
31319.685280398353
30695.923296805326
33453.74256365103
33107.28220478294
32616.70849295168
34513.12568421014
33061.20102211507
33761.85724043436
32464.15727415822
31998.516168762377
32061.39481280692
32042.42107508981
31920.15583477324
32098.573017943156
31959.944100868008
32336.860697831682
32451.01700102326
32177.242543653665
32260.987769773263
32138.493820978598
32091.55711069342
32447.101547584236
32319.84025471831
32210.55924817815
32885.8381524921
32933.650498697185
32673.857182781583
33618.12506411579
33598.75471174555
32859.7909914953
33244.66680124539
32675.014113039964
32475.10748784616
33450.24944368016
33183.31750042923
32910.417359775674
34538.29030474976
34430.46348119766
33987.99290034862
35622.85897049584
35407.102779228066
34189.16801864838
34897.892188132246
33847.23859023769
33493.23711990864
35091.51376039347
34761.37644583621
34271.64101105541
36801.37502535413
36482.23643599455
35931.3547066018
37956.171841209405
36135.83172108331
37016.019433201276
35303.664557525575
31816.720371401105
32116.943482423558
31874.061461960024
31650.793782369547
32077.577169660683
31743.624827132924
32469.85022151492
32904.52060550809
32444.811722764047
32468.834866834604
32719.207654101203
32399.646598244937
33258.73888468793
33503.0062513357
33082.19343295257
33518.12528076104
33958.11179407791
33405.0063457941
34835.26589200389
35295.032303918575
34299.1246612478
34592.35538799913
34496.41301691598
33966.27779473836
35588.389364279574
35693.30766083738
35066.61318072282
36518.98358203258
36916.362382850486
36069.487510082334
38542.88380499634
38730.664141723435
37078.28216749055
37814.224201177516
37019.86857348167
36350.82693888919
38643.825838807155
38358.31048368143
37703.30243714122
40665.57158514023
40468.687783506066
39629.28770553245
42477.67316566704
40036.217935484296
41206.09471855674
38959.159537891
31391.564318176606
31955.041223127922
31534.661897442442
31001.233694263712
31746.0376718028
31216.511214737075
32320.444256752337
33019.08620810779
32409.59323923267
32362.312977077036
32989.06082493586
32448.587193794807
33652.09727331324
34266.86424736591
33598.338751050265
33777.8791424812
34389.52376457644
33697.97513211278
35066.71496280524
36112.48039959954
35135.71784154742
35159.052529357046
35891.81740176307
35018.840089046724
37177.442297073125
38014.273155183895
36891.84078653604
37286.26717760228
38803.71824014672
37328.60849907678
40970.90279745829
42313.764950176024
39901.2704077743
40498.54362464059
40515.30782133996
39243.71033170393
42908.64961952969
42896.16932185321
41757.670841837506
45411.786457420734
45796.43083508898
44129.42945426608
49097.92972261536
45411.06947559539
47133.76713617731
43862.782214715866
30437.62054857162
31419.82458177762
30744.16704989501
30785.023859658028
30622.960377251722
30210.897313303263
32103.8554903736
34205.557458471754
32272.065514286653
32182.5615992603
33226.841627446105
32295.017800070425
34466.542096481935
34454.563465135994
33976.394806305405
36271.99639906443
35332.081788505195
35407.62390241193
33358.34554080732
33105.9032911115
34413.162973382045
33775.536915388395
35577.79880892845
34834.83469295179
36375.92004954027
38976.466962101134
36981.46656283277
34912.42365385109
39039.11799188005
35485.8723922134
41788.90730773999
44165.98243172029
41500.75190420079
41618.02594031166
43900.75583103773
41315.805506061544
47905.182029083204
49367.93799434377
46705.888736339315
49065.85180486637
53890.18105311549
48780.78975008378
59269.35273567568
54011.38896345887
57002.988173311074
51375.4358773438
30971.102177104935
30891.1650809208
30478.229897044366
32112.53414589505
32258.598415527595
31564.302473668402
33473.62180545729
34077.50001591213
32833.180573211444
33145.681162688576
34493.134879328616
32463.79261177589
35016.94882644357
35599.74631562877
35688.466131680245
34902.737449272565
35254.97928432015
34817.3494501408
36086.786111915906
36267.962163094395
34900.33245653901
35589.57026910699
33325.588147322895
34012.14138139039
36782.77073886473
39226.05248437138
35684.82355223394
38131.41401055094
39536.187187126765
37615.275487181876
41597.551654260344
44265.394872896395
41803.85657610678
41776.05669351524
44289.17608357365
41768.71954345597
48069.73793554719
53930.45362405239
48861.94120063218
45727.05932419692
49484.74025931541
46941.51922291379
49060.567278944945
53999.461092780286
51354.112151640365
56998.06040483253
33113.281792032605
33191.921747889486
32629.02098931346
34044.044555719156
34064.80934571221
33588.291331671535
34968.079265923676
35122.43724967283
34199.11243583496
34586.19920441059
34485.36824637201
33824.2031328834
35403.55635419735
35764.54555482464
35126.09913780616
35959.55359890356
36275.93487689385
35686.649838487305
37042.938900129135
37635.73735258416
36726.60100055598
36912.207303850475
37314.280562156404
36461.09949432126
38492.52048572894
39740.3667314933
38406.34725571132
38320.1147585649
39355.767112739086
38449.83912038179
39780.27003744466
41320.69030334224
40831.1189445008
40328.83896885639
42896.78303781492
41268.5824068419
43365.31701586133
45958.60349438723
44522.416180811975
41222.6672484016
43088.6813656824
42265.72452040763
42294.63533204359
45322.85361059114
43738.906767927816
47074.265662115904
34959.669237415685
34928.17135588944
34507.30970160343
35912.23576933139
35817.41019203745
35433.6605230878
36611.71386108542
36494.17705161065
35761.74403160016
36172.06104148647
35797.78328834276
35365.66804302491
36505.16752023486
36680.94223581912
36235.3017817364
37056.26892972806
37021.85094223003
36774.388485261494
37310.87472030215
37479.372716965125
37205.13058575244
37259.489982706575
37625.62210629304
37137.38741576442
37915.0261686844
38671.68261909302
38132.64940516424
37447.77962274469
37882.18648749896
37686.77170898039
37511.79681870075
38236.2829447773
38643.31796324198
38066.6909228851
39744.53082615015
39213.49830198588
39283.54199937004
40646.534391679656
40230.89199190242
37493.37731536881
38470.33464710141
38373.344862555314
37383.357980018125
39706.3793452345
38521.51036887783
40951.097242182754
36967.11241799245
36798.414008968255
36427.92365935606
38222.70750280477
37986.49955939619
37570.111022921934
38964.75331469877
38269.85088798307
37620.00957696609
38234.078037155705
37275.21102257019
37081.12884745882
37722.193206398704
37397.792890978715
37374.67130340982
38576.05291047042
37833.593429951325
38115.212703002384
37521.97344229481
37106.041862936545
37426.69647561678
37485.83328186678
37297.87073169701
37366.08184775302
36961.51021085978
37088.64844738018
37204.19013726281
36489.72277214798
36337.1446958848
36729.9632116596
35440.62279732266
35462.12896423972
36427.152826218844
35910.1875854639
36804.89118140356
36954.17038951631
35802.13026506821
36459.42018363216
36637.70472849852
34200.09837795003
34535.968651636795
34985.12953986923
33041.999770460396
35195.96432582633
34121.433604737154
36279.04762636
39733.48893428853
39611.1093752464
38941.46369932328
41258.016712111974
42020.88716718556
40543.83217990023
44794.15358893573
42016.29049438415
41058.854289444134
42651.760357170206
39691.569785034444
39880.97205187512
39689.5839248892
38291.769073515694
39091.46941895032
41007.853157406134
38357.99432056101
40346.78237988319
35728.8621127617
35895.61546166224
37287.94470953892
36767.16365310933
36799.79845838381
37487.494129236875
35943.38975055457
35675.011387959705
36230.55135850269
35285.24070283716
35391.884345562285
35632.73990859843
34876.47057248718
33421.994466597185
34731.59749036566
34641.46751755487
34265.85022157896
35022.14424122366
32723.53755904164
32641.04296119282
33442.84453224631
31461.83049699392
30744.213849450014
32056.894571846427
28353.222954547462
30811.99543161413
29620.844180117092
31944.94279834104
41631.953397971534
45489.87918400536
41759.383951007534
39594.035165144465
43200.26515228709
40705.35914542435
41625.87235669623
43322.0306629753
47219.92492457862
44334.564110018975
46428.063174447234
47232.81910644264
41212.42601012548
36848.530643003425
41462.996326586435
39013.31432492912
36940.576670478265
40248.140102956364
35149.37892362004
33751.00104502149
33866.28485403263
34675.317029967184
33040.858134167975
34285.72323386927
34554.53693648021
37003.590769714465
34899.958533672005
33910.15112591464
34792.55000298821
34251.92210274658
32829.93994214493
32002.79895995097
35157.146681752034
33852.012454948526
32636.66326982063
35439.180285430455
30553.85169711087
29306.746923902065
30938.552666651223
30114.783138998417
28674.246379610413
30297.944212805232
27596.760183225106
26511.60704236491
27109.730998416966
27002.434161259327
37215.287648799254
39251.46966599147
38389.53903611831
35121.08173582464
36450.38183269522
36122.34267250333
35330.38162119962
36202.56368022498
37847.86942305176
36489.260636840176
38982.5030657779
39516.0567601059
36684.204711823855
36379.06749439745
37810.618533152614
34686.53167461265
34910.74142210922
35643.81200305304
33513.17317652233
33401.42407748375
34701.148034719095
34138.12349605377
34167.77279721862
35090.477227389936
33138.196969655015
32948.74434998698
33545.59386464861
32256.550415455764
32022.555069216247
32707.6418007078
31002.760969985047
30569.593354395736
31679.52537515183
31317.27334712497
31114.888916899374
32149.530537201885
29886.225004956497
28893.72777923775
29981.17938463659
29739.377085627584
29093.789760890464
29810.475377777286
28631.71938746365
28259.9746979497
28474.37201962663
27972.169368161543
33364.07973621701
34340.07013493685
34205.30150024024
31865.2912459555
32643.818352599592
32586.830986299687
31858.663681806447
32464.474214162496
33418.37403788208
32603.71517470567
34132.30618219121
34318.94577870247
32986.76453063197
33368.69663050382
33804.21897946169
31527.856197977737
31934.7138270459
32234.623436789774
30974.850401723117
31231.559948609127
32224.032011139596
31596.864073683122
32335.65730988037
32863.463357902176
31332.557434833605
31257.11697910005
31795.801808657685
30385.947261079335
30499.912630151743
30861.204343562444
29846.018538905373
29802.720688746675
30434.305298875286
30143.942998891962
30181.40948661656
30717.637684126617
29575.83126492934
29176.321511136
29662.91023061444
29366.872709755735
29165.401931781438
29476.690554252375
28915.593466803293
28824.134971193904
28878.16379723434
28744.922528401803
30591.203305436895
31231.706277041514
31202.15640351754
29524.545041750356
30067.29414893097
30027.196929988746
29539.366220359203
29856.457901454844
30565.74881872337
30009.849835456727
31050.57406083268
31181.079519093124
30226.041275860167
30621.384925197082
30857.585586437297
29055.17836990844
29357.422861840627
29625.860698449418
28420.13100857176
28905.221088239923
29744.06452723995
29100.848082381708
30114.16719795282
30365.395289452274
29369.175174912896
29698.690484164
29889.557608398965
28157.913799264978
28784.579048970023
28798.74798337868
28452.12621054102
28938.933363719076
29202.505194904417
28843.81631457836
29390.43952764081
29535.60256406176
29132.94329940998
29103.397344187393
29250.152283529333
28945.07140037115
29063.81623348311
29025.399905665046
29118.828676937024
28979.419469801025
29031.090920091643
28945.710818706244
28682.24767920719
29208.514141552325
29072.787437120318
27960.144782703253
28862.65200055671
28333.47811479192
29154.16579367317
28426.13391755755
28933.02464410518
28905.700605678998
28921.11579244275
29165.059623349815
28048.518624138065
28072.497220971203
28528.32691910788
27303.06158401355
26725.639455095108
27639.69083284331
24803.61306096085
25387.310663730183
26833.805719939945
25878.12951728104
27430.947861452692
27672.81888890612
26522.374920429083
27623.812561683175
27413.177332781524
24198.55559092615
26007.952032146546
25449.45105889468
26202.59428290323
28046.373596185105
27506.73062354464
26911.56036238147
28483.377454373596
28009.410415061153
28975.37016240368
29196.091536318258
28915.49411265455
29617.93507573932
29866.741524021312
29187.72350926543
30273.31571080931
29497.66605906841
29840.573754146353
29265.103698053037
26727.656596925313
29921.321061235754
27301.536638783953
25603.49896176894
27424.566705181303
26318.28115130978
26113.666027403393
26679.520964271618
29037.86721218949
27480.105732796957
28116.611403653653
29584.064878755562
26451.140760503662
25667.713687485622
26991.21437275111
24918.31582929844
24505.671944493508
25670.193514673276
23304.072194515393
22517.600353142923
23221.177153943834
23266.02223828782
22330.102707227717
23736.626314965193
22466.659703059413
24176.77670858715
22963.766298994848
22994.68832539041
23586.11023428553
22730.02538414546
24508.280529266478
26295.56868602189
24949.31631652453
24757.047316800723
27000.033581350497
25434.000478506867
29712.738275394717
32431.56379331867
30165.61082630688
26843.071452810174
29366.77794330041
28209.422834324192
27628.676845897666
29990.628106030214
28935.067555929458
30453.514533381458
24167.442257284485
25070.350495850853
24865.716677962388
22905.83791960074
23503.442002065858
23514.456689706098
22760.14729666469
23261.670071022134
24165.62426527028
23421.478988555165
24732.776519221086
25038.592609037263
23622.17256740573
23681.917413452073
24239.587106866715
22495.4573804479
22828.932834072504
23049.53634561053
22279.84180165362
22602.037440863023
22984.70576423565
22662.043697039648
22968.257313759434
23207.13207531755
22939.96035181619
23476.76165218251
23060.18411586215
22332.824883591908
22895.13501542611
22679.380650224703
22698.439425936805
23586.458999409737
23704.252812983563
23214.509579367965
24953.48376629665
24147.359936198107
24780.724284067514
26252.771295456416
25725.158595594756
23187.464720570268
24237.92368507318
23948.97532997906
23558.07849465273
25376.055807183897
24427.86072791684
26433.201198842093
21773.615430566082
22241.547329114375
22325.73879484091
20731.3087509065
21109.858930905997
21242.397014395632
20427.8367522177
20921.545422287036
21562.575718208143
20999.783468798792
22052.668419121084
22149.159074955965
21425.145983769675
21892.523427471173
21961.950947658413
20343.064229503023
20922.000777225407
20894.33525954263
20564.84073549033
21079.71753366944
21422.727318051453
20993.57685506639
21877.62066740594
21861.34266447466
21534.097206900886
22048.094970057748
21942.708794847502
20829.844151296224
21197.373554591588
21154.897657959496
20785.059966449713
21177.49075097969
21671.863106620178
21200.92609071908
22326.30357208885
22179.964661437727
21799.0510363456
22613.49231471835
22473.779713149837
20521.28274957979
21152.407746069308
21151.91649684291
20438.427409857453
21966.062061448447
21201.423815368304
22743.242072469002
19805.03906023236
20046.340290130982
20247.9861922557
19150.212547632505
19118.302436190716
19423.645406201278
18255.89630403238
18412.50052062818
19292.506029547367
18738.764751730334
19753.875480034665
19864.673406535036
19122.12720572631
19917.880463228154
19764.53124510503
17357.869743813702
18702.054640557275
18346.075756061295
19095.66350879624
20250.550368607303
19793.730164909484
19436.924829005373
20431.665674901797
20168.82905714301
20549.76934764538
20615.13973681552
20605.303260948283
21361.62886229107
20752.835354528113
20757.82790680974
20513.646529457394
19455.10455424671
20261.880941081392
20255.94225439058
20190.775494158486
20455.917314775517
19292.13560851547
19712.536003600217
19912.88385886562
17928.050786302127
18107.340874469566
18643.585199944086
17012.41618585752
18850.038977665707
17975.10256415092
19661.910856061193
18825.915084673663
18789.97861399236
18994.939379856045
18321.929239948262
18891.720456495976
18613.204951542615
17457.566357136362
16135.550875121748
17963.774838061843
17750.41334311883
16833.767824327773
17973.064667398357
14694.063424095475
16538.83549324018
16072.805630310431
16019.826597916277
14907.684498078854
14788.122538448331
18721.591644698172
22586.21857517903
18499.666049856605
18495.530803641977
21281.448621107702
18746.91972370215
23866.50676371059
22352.487682191084
22498.721867552027
22443.86806673813
23556.268623869422
23739.204918019113
21370.21033428549
19559.306207171445
21881.570891996394
21910.913279013064
19175.118106916314
21110.127608298033
16278.083136479343
15839.930424308764
17084.949384087635
17708.192795236806
14659.217673443936
16547.80881601108
16693.39163629846
15247.671671526146
15507.246293419443
16004.09471954948
17891.679319053306
17826.628083857773
18065.019476561414
17666.098018562305
17685.20020537974
17771.9901110306
17784.361734660077
17844.741381340005
17555.479335443666
17689.78251845887
17070.254586515286
17439.250913635206
17725.62656506397
17669.924838516083
17034.62738763292
18559.10728445657
18835.96267715278
18212.200516335037
20020.353655056493
20484.87992070381
19323.05310066339
19646.94665777208
20529.775929135387
19026.861433583228
21134.257828124475
21685.126896766582
21520.149427244745
21441.57165346259
21479.796051686077
21145.699268813853
22041.90187942384
21253.955431576196
21147.166848793608
21482.54435227444
20010.052681580048
21089.938277324927
19938.7834717343
18157.04175712695
18869.96695389177
21986.672048215914
20766.856875029058
20963.850611541882
22055.49686759822
19452.879021660596
20770.435553542036
18094.181091763934
17378.461453511805
17586.557177992818
17541.19749783674
16922.425348379027
17251.808101983912
17172.07556799319
17362.862239402286
18260.132657902446
17755.371091621517
17606.333122971606
18223.518929405953
17811.43329045717
19038.113739754765
19588.494559297054
18829.374228268214
19282.515386465635
20308.091942675957
19184.67536557174
22216.678118453867
22670.099198478423
20938.720043542056
21520.243073638834
21265.32565612758
20436.665428109445
22679.74900887363
22462.272959714617
21966.753350699946
24780.58723694855
24227.70303293889
23603.3000914832
25590.03897080005
24778.725429977072
23613.979287018406
24567.69908801354
22918.416545867993
22761.086292413063
24056.11472235847
23144.346212144155
23021.753440867826
25858.080214245132
25422.89732879495
25038.99346182947
27161.87405025429
24591.805729391817
25868.408237157397
23322.126949218105
16464.228022515825
16615.407358131066
16648.417144348132
17880.58518763238
16261.292583847406
16644.269333402917
18082.184875291594
17747.033379362318
16710.32619684327
16834.058487544306
17959.153780364246
17045.78840333314
19410.43829299879
21091.470654550747
19338.384494536524
20780.70354502703
21984.47769245765
19775.63867179668
25274.330567310208
27644.067915000604
23918.38279781371
24731.878355306417
24874.145613085067
23028.451059296807
28075.4256243269
26908.855448842452
26281.444501108122
29222.53758191863
31244.542302932157
29416.702198597704
28562.44325328292
25405.009065520368
27730.08594224665
28587.376979301815
26166.152081317865
26650.483594545243
26140.146500836534
27254.092163628662
26309.614465123508
26805.114698807116
27503.549224230108
25848.11269802568
30537.638575201025
30073.503558223183
31829.437685926463
28517.831593976087
21362.32370288212
19434.165651967473
19522.560021476216
25367.811984455653
23182.724323908984
23313.8123742585
24762.728366779673
23726.605134334382
21573.62765454428
23263.348647908468
20686.33691580582
19800.1929957289
23403.91533526491
23846.51838619692
22084.928319495455
25661.342410533434
25856.012633058952
24632.83777674182
28096.800659605422
27953.663249226585
26329.777197452055
27090.222813862412
27458.121338030818
25749.677242098336
28249.53620454801
28884.730334008615
28600.929206015455
28481.98245930195
27988.024098120048
28220.88301902355
27029.862782824002
27255.64882602393
27981.6870256718
27572.000618969825
27570.883910284214
28304.926849006908
27584.82762690013
28343.588342112904
27529.923744780106
26594.53022761076
27429.576023898408
27203.015471704657
26990.499497380937
28660.472881277896
27822.83947327676
29523.244590161194
29822.721193334855
26847.56310646571
27557.267236275256
29314.35007145925
30366.503672651874
27010.409811717807
26853.86893581556
27849.167584483796
25647.284555341943
25963.655571296593
26809.90813305764
27765.3112053444
26361.525259890033
28951.92308698909
27634.128692554856
31613.41497493839
30687.266671938654
30741.599356860537
30145.55104419215
29401.192043171824
29585.84161101142
27262.067993250424
29000.647326058635
26872.39951124489
29500.27855793113
25528.44031892864
25596.16153491802
25812.189645172777
26001.570213187366
26310.64893363377
25461.872662276535
26003.517494954205
25938.678804189083
25378.625327086884
25419.368361214794
25519.70293646336
25450.71280342144
26197.282406380466
