24528.091061089235
25402.521397432214
23225.512724529955
44413.867399899245
24236.39649129464
23882.669220669824
23629.6230552668
23221.452083942393
22710.10934535662
22110.865261275296
21346.34801336505
20321.123287940267
19364.3962196498
20774.64831797225
22406.603128145565
23784.602572299285
24995.06536214628
26126.67790546632
27231.016131250977
28324.010751456994
29392.139316895595
30385.456723729963
31199.730765296674
31670.827139717818
31642.83951450057
31885.153079319643
32702.099554442233
33008.10054873716
32911.95982050776
32578.138776789376
32110.2703692575
31585.32077501208
31020.21215577302
30445.832504504084
29851.877864094422
29248.883624006034
28629.497450968185
27982.75985518168
27291.360445079274
26491.7760335375
25463.075515811775
24119.345483342808
24277.6097784625
25778.188806216654
26963.68117199858
27934.47996739506
28809.32575593652
29642.63392310644
30456.369750306312
31259.670882232902
32057.48659957243
32861.59175949817
33674.44888695457
34499.69515268727
35344.938101431886
36218.53847556172
37127.752561559246
38074.194074005965
39042.830466952706
39975.797769065
40704.96560175036
40680.34936441184
40474.54404271519
39840.78339957453
38594.75047658693
37187.88252340729
35785.44053309739
34434.09030065444
33137.67695532382
31902.764120987536
30722.30139142767
29583.075427241332
28478.124383961804
27400.670193231002
26344.62343212842
25304.979804936233
24278.306202066145
23263.484280966168
22262.79047689965
21283.1265846992
20336.47607116033
19439.22374378675
18643.364122466464
18350.433268869667
18634.931113938408
19421.244523248468
20306.380503419714
21236.898855322594
22194.6966592495
23165.671781653386
24140.254771339616
25112.743687672566
26079.8224878906
27039.15167968141
27988.40681824428
28925.115508567807
29843.03914269938
30732.65126566733
31578.621498886452
32356.467504196622
33027.169873643914
33555.12400515858
33850.17676704688
33856.233447116334
33654.544190614666
34305.32428500597
36054.70617339347
37706.85175521949
39085.79226429273
40264.406147314774
41298.01689842728
42245.4940645351
43149.02829726319
44039.40702945192
44945.52214097726
45880.31376318009
46850.57029710991
47861.4029961075
48911.17262736955
49989.0449663391
51080.011781000794
52128.963130052936
53052.34049047678
53745.550973840036
54002.384217088686
53674.9693947503
52722.76269028825
51369.06459386175
49788.79259470169
48117.011114103945
46448.56411060559
44808.74216805914
43244.37901088022
41764.02137175669
40381.114409759735
39093.018386891126
37924.4355891487
36885.27309991585
35986.62838667269
35247.837109795095
34606.35834039839
33863.88299019308
32770.31205952949
31374.88854790285
29965.867618536355
28704.234603960336
27600.297772373997
26639.005298516648
25804.96712901586
25094.06381898528
24512.400162822618
24088.98735339351
23874.137184441763
23972.936774735215
24293.87776003278
23766.206308504225
23510.923441658284
23549.46331966592
23775.61806044292
24128.204400199713
24562.926706997576
25019.854932595706
25265.436264719017
24972.22256633648
24455.175813842434
23911.237452802274
23416.40327895507
23054.930398401913
22896.591428208154
23013.24147864986
23439.600058549695
24140.52925031202
24759.76493411843
24906.703012668662
24641.604187125933
24219.4924579249
23804.844147211865
23474.207053525497
22721.403896353455
22142.66740055458
21475.087194990476
20753.092341141477
19989.111325487193
19192.94894305985
18423.47332682378
17786.190479438148
17415.24117115245
17214.410420761404
17274.48365099503
17457.438381549
17674.74502619241
17889.38636367282
18073.67653616182
18210.333774841463
18289.593343259556
18287.76831771541
18188.093034374222
18010.27378644707
17868.863346696948
18251.158758732032
19291.94202206722
20466.60724142298
21592.175616024077
22615.622121613203
23532.91187995664
24352.226411897165
25079.63905139517
25714.970687997156
26255.797495632687
26689.9943857901
27000.179714548485
27165.895828701396
27158.876366969176
26967.58731398735
26652.67813665895
26483.97557194438
27020.19266993541
28266.955193229085
29684.91808901837
31006.330320059264
32177.86539320353
33195.478348228404
34080.08115430567
34858.64551996513
35546.70877406561
36145.346800169384
36678.2207458522
37135.496878515674
37533.57354450649
37851.91333420605
38097.14451408638
38263.621955675444
38336.155869567025
38326.99701247814
38328.862466925784
38819.89638872037
38481.642903924
37744.640543486006
37405.69618076224
37066.361348415536
36682.9220544797
36238.45198704223
35756.87888728223
35253.813723391664
34743.67300016534
34238.53446887245
33748.535275336704
33280.90019114367
32838.14979628833
32430.061727135188
32045.29192602122
31698.765437352533
31376.764805795465
31079.55051855273
30831.45611961492
30691.693855359972
30836.84163044438
31400.797028373643
30663.063567172096
30341.597745933366
30303.625883367436
30368.74011977543
30471.515351895196
30594.67018708129
30735.951713986655
30896.30288794244
31079.315276677975
31286.13097239453
31510.658612933323
31750.408220126537
32002.937607853095
32278.273168640197
32563.51579612949
32859.44808562774
33179.18780854738
33532.49346496342
33933.858270592405
34443.20655870434
35015.834922956084
35482.25651735414
35820.78010433018
36214.59134310874
36721.62986827802
37304.03546416528
37933.963013041604
38621.15360588209
39345.44470316661
40112.96046525306
40939.43232521814
41837.26502129417
42811.435594479015
43877.74358357297
45058.00535724707
46388.71529322229
47869.78026406831
49563.87868965033
51480.71047243428
53612.26127364808
55674.0333672171
55672.95419945502
53449.78701923983
51117.7792083401
49005.78825475024
47139.59539309058
45476.186924988724
43963.30664206038
42610.22366219653
41363.25131759969
40213.49539518688
39153.79861658708
38181.447792630075
37300.615877135286
36523.593788358645
35866.455010191516
35347.095548884325
34868.01643853669
34231.73114779105
33472.13572401926
32780.4997321885
32211.76936862663
31745.603887416288
31356.438738700497
31022.51451523879
30751.217229261405
30536.272531177936
30386.957980657615
30316.42964412603
30353.63323802744
30715.96025222085
32090.525586350515
33863.7768700891
35915.51436974407
38293.83132696281
41011.36287363067
44014.440795281545
46731.92576756884
46372.242983074364
43017.61752536294
40042.68431142781
36078.21629416871
32116.172572403746
28762.81201149025
26048.600503519505
23926.827442174894
22435.975390906537
21692.700645529905
21785.087140679592
22766.543349443793
24092.877974774063
24958.79978267542
25150.201849927427
24887.651667439633
23681.425490951424
22067.430195929857
30268.082540202446
27452.69829310142
24309.082585724398
27561.518489889357
27712.13268091847
26628.850471372225
27663.157097345615
30738.178810130543
29536.114685967237
29272.123984695587
38887.21573679181
31282.310177174506
29490.838413080808
38610.492610673566
33558.90809930485
32505.1884161575
34380.997717343205
35260.83706473695
36750.77825866969
32252.424564842695
35588.76024288231
40137.06812740592
31056.776016269563
34583.495137478414
43203.70591211654
31323.973075789425
34166.9603562686
43748.279119488194
32613.073041466985
36412.69204505852
42020.12060413885
34838.88111828671
37019.942136399666
39700.044846474935
37148.10914618495
36881.306702817885
37523.4597353301
39891.228439053506
35137.37483815255
35101.783026062396
39475.96325732555
33059.87511258352
33221.197787238154
34363.841552393686
32713.375457531616
32328.604748156835
30076.996007936104
30459.208268401562
31022.67680859581
26275.47188776742
28181.17376449848
29785.988175706145
22573.5891481718
26948.166701454873
29198.036810048165
18110.464464935845
29330.342604806716
30346.517562005076
22831.548782373975
27551.29358624272
29969.082418729395
26888.366762995338
29604.917772334193
31539.231912329047
31231.50674889974
33310.101454089985
34225.19363150133
36461.94937396336
38406.88604438336
37660.8285873715
44248.646961676
44115.160213942836
41239.92503293078
46178.302088005265
46322.15304378241
42422.26042212467
45521.525956727484
45325.770114029634
41820.018010764485
47256.85298456405
45305.417465406295
40817.746813093574
50934.05612058451
46521.7964329945
39684.69714295501
57060.2830857426
46155.214097127384
39779.6605325999
52772.44721063136
43994.59586708588
36286.51127932497
43497.129884917274
38619.75620197463
32237.758395591696
36573.044757806594
33371.11159243919
28919.483548649307
30039.292769351432
29549.443850962758
26690.21413921195
25181.258556820372
25790.587882744316
24081.948662215487
22953.35660008527
21431.261610431855
20120.30129627056
19531.469422019174
18297.414248295652
18422.166282023638
18458.58091319847
17404.751005967613
19141.74509666264
20915.043649102634
20684.09982233005
21897.434520348645
24234.651271400075
24782.486728299205
25629.967544372274
21812.117056311028
20432.511755766027
19490.969261474253
24998.510780556084
30830.40058879781
24554.30607379599
36933.356208435354
41982.01829391415
24877.225578507132
24540.80708698708
23898.547108158586
24065.475993052252
23415.94232400794
23422.824430334185
24776.52837983619
28783.220330895212
25234.02792623338
30147.824560467576
32861.92106183063
26181.33603394333
28683.701239402155
25723.614812976644
27121.12227835226
25307.70064680692
25157.395508971378
26737.2833980868
27193.02757675171
25174.141844781017
28950.984755051046
28937.469039387714
29928.56197174055
28683.22829886134
27701.490244540637
30362.17266439953
28136.641746019144
28588.770120557638
29058.255633702287
28506.41990984732
28021.89828399022
30143.718884168135
29485.69863720743
36448.367171858146
33859.40131717012
32852.156401974265
34203.331180560876
30688.236188739014
32448.12411490886
30085.50761209864
29720.990524483954
29719.105395361505
31725.847272467647
30819.703256588353
36835.905422503165
44139.030562073705
38726.83041999131
35891.86370927012
31757.95034507449
34422.36237823505
32555.822069563183
29038.63728227133
31141.44737661528
34226.70779593575
33388.583512242294
33203.72032275839
35959.96640297249
34800.789078342874
34932.121116144684
34680.42515813641
35516.63062717907
35805.7406165942
34833.73133113237
34378.050237975585
37973.38498990971
36007.95035303688
30723.22071748844
33219.48781951226
31882.618706137833
33797.361303412734
35540.48612308045
34381.04451084859
37750.25277008045
38476.94891913109
36893.957253275
42383.69724735709
40064.82337542532
29273.04202734696
31458.00720792832
29741.703414503016
32109.329044620674
35338.7516562888
33093.633471315865
38831.29117407854
41793.165571473524
38380.35113830764
48212.79717372456
45048.24105413338
29809.012132608117
31149.917728633496
31050.22121902861
31717.59180060705
32817.50553831972
30799.354384101072
39475.173645829535
42771.253837837976
40249.87257605688
50183.105929662685
51723.33363233609
31060.46187353925
31699.240622776204
29949.154367702955
34279.97149103689
35627.594873455324
33190.31885347002
39093.652510135726
43220.92958171014
39232.143435132064
44688.619084551865
47183.774371538886
33845.89077089733
33712.77017464934
32420.797935738563
35870.084423222375
36825.77851892761
35143.312853951335
38332.720283735514
40823.516278818526
38777.74638992212
40933.30360664328
42647.51876877659
36959.83470032103
35968.69670636969
35339.00345640045
36980.37252621672
37052.29655065807
36492.931238201796
37074.246072405855
38619.90962524175
37777.26597526245
38078.17284823784
39451.65754841578
41440.03525058249
38443.714459415685
38888.75074765252
37110.86058574207
36364.46674138709
37267.38599015461
35175.362944085355
36356.69506583343
36173.95279286203
35419.94716476728
36766.59701064207
41945.32461856267
40785.50665293621
45086.57304074902
35828.11843133216
32162.73851885476
36690.3675468413
33705.41473730888
33608.84709086092
35284.920834667915
33411.31727973961
33733.40858916841
34783.58935457244
36836.368384473375
37890.165863960356
33482.10253738814
33381.462577402126
34872.24445447024
32359.067511159265
32841.03741108024
32942.957492894195
32527.256744664926
33041.26499801639
29862.50376777557
32132.66634373703
32180.68331157055
30258.791249631267
31655.88553319848
31882.693787500306
30713.278117146372
31707.32622678253
31592.633503730693
31381.833355157567
31953.439859127782
25628.64067021968
28139.665362198975
27706.58176421583
27183.519382791044
29264.117394128494
28678.071836640287
29073.951928243485
30359.99600711739
29834.652783476995
30370.33396739864
30837.957064229526
21498.527501020577
24440.27944166634
23568.57233395605
24606.557684606996
27339.425997341295
25812.94488552596
28556.445589132683
29383.01560902629
28576.259359304524
29586.843607814037
29978.3645670578
19547.47949923731
20556.477147213278
19591.628178514566
22995.587006996782
27403.855754090997
23603.444634866526
30519.323826460288
29280.70628312027
29328.32756771589
26145.849718103094
28766.184665352266
21592.21746822346
20675.154931732617
19637.166271574104
25041.173464011787
27697.38806642326
23808.487800875148
29278.566392683442
29656.81438418446
29683.574979039167
30351.19005119337
29131.45363471173
25807.34114585044
24859.775773062633
23709.921976592632
28235.771414001105
28304.52821313922
26520.93705578008
30740.163695234103
30604.541095069802
29720.60088005261
32062.06968490405
31181.29943361875
30009.913087564368
28989.922684435798
27896.909760007587
32387.880649914674
31290.419332665697
30182.267686779374
33915.36224312711
32758.127485706234
32165.066045685584
34305.087178718735
33103.56142112578
34374.756779074705
33681.91909737939
32172.432357664264
37878.507619597534
35672.1518109102
34909.3354516365
38255.09973736106
35883.17597731286
35954.63864651474
36893.10862098653
35607.23055509305
38365.74396599757
39809.08884214972
36535.340984878436
45881.10167868367
41446.18930093349
41481.79538510463
43320.33969468002
39442.85764802941
40736.66285523573
38170.52625767995
37939.216489456914
41641.29784366653
48111.469530520066
39865.6554152737
47618.50014982956
45143.44444962659
49389.63924212939
44797.752046238806
42772.59479013216
45365.95522934967
39622.28852020676
37877.32159513334
44066.99189749117
45436.84659587454
42909.32553670666
45976.71156739138
45833.61149214462
46458.2302374955
43810.810205841044
42190.25629107369
44294.846793073215
39736.0001504021
39989.30205655367
46913.01972252637
46149.60472613321
45368.71264073423
46712.114252439555
45131.92119432049
46093.385290985156
43241.35941424205
41347.346659931856
43450.731749821
38363.770958507186
39154.87215394981
51107.31141360184
48833.08516606895
48812.39589254552
49257.401896254436
45795.798908692974
47777.52979646045
43295.544528462146
40259.60788941372
43192.38440734284
36062.21806151846
37354.96149868286
56483.87112142614
53676.673602783034
53797.967110275546
53014.809322445224
47106.957010839746
51025.34781333927
44263.62380761456
39255.62435655216
43576.81273447348
31585.921212453482
34334.504608291354
53053.26961309192
58151.25595184889
56922.219223517335
49149.8049979457
43142.71224147672
53926.37174411416
40781.48311292763
40632.45427199018
44437.8464613313
30292.108823091505
28672.693563874192
44637.19615025044
47737.74803692833
48651.90531243261
41387.82892575618
41575.633883491406
45110.04939329938
35515.110241190036
34032.54307739936
37974.36496375808
29134.47135834546
30048.21812163307
38050.28538372113
39838.00345275306
41119.852457227564
34987.385091326876
35832.663154466725
38029.29018279375
31388.57640857166
30529.73309959867
33292.3454756296
26386.04694503994
27872.889897930127
33309.410404127426
33431.59636510146
35392.831735190244
28635.759439126876
31263.27715953189
32016.850085012575
29687.429669112018
27559.280965154576
30018.36090752415
22597.49047874447
24686.59743973075
29332.102887629262
25934.614530867013
32821.44143919875
23813.369770617763
28210.715216621153
24285.217264921146
27025.948367860314
26592.56446506841
31009.950006510964
19638.41056579356
19619.930058401485
24726.838536818414
24390.87062187746
26670.08118988909
21855.45836420998
23418.952795274323
23263.00173202122
21033.864007929067
21726.876894202505
23305.77108095731
18979.000876868307
19556.071851179095
21604.093859351575
21253.49471834035
23052.0004297408
18219.549771252474
19738.314020696125
20126.92991245934
18849.95336285895
19022.783688146315
19558.852932998205
17568.83022186698
18283.729609422164
20145.688992006253
18487.608341914973
20182.158656953205
16140.131224538105
17144.00804497154
15987.605041123485
19851.90103497226
18604.983390798065
19459.329318700118
17174.499181637428
16559.676972119367
22471.860322810215
19450.078233331755
21317.967960120677
20154.92625172261
19015.672493753937
18437.092946452874
21884.230193023377
20097.866379736923
20155.650488294625
21170.42605734556
19320.600191461614
22198.587755979162
23729.015801442467
21803.12467233794
21310.16419653508
23911.924409506104
24749.069287459984
22654.273762600482
24563.42415096286
25521.037309272535
24817.679306032784
23770.69249297049
24836.16564468971
24240.251583967653
24272.121245506798
23905.27577618589
25669.550827086205
24848.263262943743
24437.89292863985
25510.16981354018
21756.499861965636
20330.205788552852
22074.940188780307
22664.509056743984
20757.64999357402
22134.56348805137
21580.047741967457
21193.77532169981
19799.38009478959
20540.631089538485
21110.1081519187
20327.375195273406
22313.338698843407
25099.500510484144
22822.3026337469
23224.691961033925
24714.65620491604
22639.16703703785
27350.317996549573
30774.63781009316
27432.2660166587
27388.370864929835
31534.60910667521
27962.538314219477
36121.96550899309
41648.476967062845
36420.29415295527
33622.29952911471
39475.214040095394
35040.287319041294
39544.45302187893
46070.861796424164
42733.09838601806
45353.95477337173
22934.70831729096
23918.690116282367
23326.77943576426
21848.088236645373
24190.893627466387
22506.33168144287
27152.756061818523
25646.15817994307
24542.623382329228
25475.01762459045
23914.880791106814
24174.04048704761
24012.388264138386
22687.90251917477
23284.92013488691
25649.73829642226
23962.1075142963
24835.586109755983
23951.688323364986
23849.041586953164
23186.09007895415
23664.554305959875
22833.561222613967
22485.539661756033
24098.133193009333
25195.96746155101
23742.85835750236
24442.841118389515
25101.360232092156
24297.9550918806
25940.144306760947
28076.8879732755
26830.35858420114
26408.70606950317
29551.338906068268
27158.33105235291
30873.873727362177
34729.442321069415
32180.52464596242
29022.078654100344
31329.251567969655
29790.61261611699
31010.89328336247
34571.81201824317
32656.626793240197
36835.77823634349
22410.143441227527
26182.309672450938
20758.13484640806
24861.799108180447
25770.66411963159
23770.9926805631
27264.24185624471
27851.688231625347
28237.346078676386
27404.17846011232
30022.315601085407
28856.79897266798
26817.62407309256
23470.085546597315
26254.070937675013
27539.660342193543
26328.057790460996
27178.672309464608
26794.21273823107
25881.39310986363
25043.040844683488
25952.58866796956
25193.13693480351
24288.007557190424
25187.992842179574
24276.280329777772
24704.183415104704
26596.111601023324
26009.84095451532
25859.12594723192
27106.75769154031
27330.56090705026
25975.458249005365
26537.23274791836
27394.22952111739
25641.08592325102
28219.61123102423
29445.043415011638
28578.47409791313
28300.1703803967
28835.929226136344
28133.42418866939
29634.638079000484
29475.533389105072
29511.794487594198
29612.554084156996
26912.868415217425
26841.649963615397
25878.58992313234
29163.114844282514
28733.39175287643
28002.405807706822
30489.49998853649
29592.163253074243
28331.954512004966
29293.458344870196
28032.59571398734
27628.58622482494
28739.86552686623
27833.018901121457
28046.704202105495
30669.46110455706
29428.685378060916
29615.032479165522
29941.01359973979
28853.15614962403
28352.877357505833
29138.56188667648
27393.84112541253
27579.659823453323
28011.259793442303
27406.663232021863
27323.86220418149
29223.29151580001
28580.617361137978
28651.176417143113
29071.722933119738
28912.850329626235
28189.234119567183
28667.287389115492
28074.554959835088
27663.214362007864
28945.617271079038
29187.157404958853
28597.517748654554
29642.067871862964
29809.833021330815
29305.808560130572
30731.87829306293
30091.249541438567
30396.018886869784
29833.155771410035
31643.691760790054
31300.09352918032
30388.25970954184
33772.34439419343
34595.82562179188
32838.999067733326
38635.93810382513
36022.86516780436
33690.11325424761
35866.6363624386
32139.324001707664
31931.15807651304
33353.29240158734
31380.359933553744
31907.504740912158
36804.137286619916
33469.61122344021
34998.35462779182
32392.177812876565
31071.483248741893
31492.30043851634
32084.985113585288
30158.055357556914
30743.855547229145
30094.76558525762
29445.06575670033
29711.761440283284
30613.357454520876
29898.30211509916
30379.437486333714
29566.585541546727
29733.24715260426
29576.71543817199
29631.68203413547
29552.041414846273
29385.05062190498
30166.374254328748
30480.51383542148
29932.506984503278
30384.286777816156
31201.539865986506
30322.267498918147
32769.974807661754
31536.45599050016
32061.898529668888
31103.720615192375
34345.15836951455
38129.16240479781
34067.76280502114
34833.6306989556
37925.744488424825
34950.538687350934
38349.669858027795
40813.02097648461
42662.81325163366
40445.09741501856
42882.569546091705
41813.44760842808
38971.67901859031
34161.26170221663
38390.755491941665
37522.27964008959
35612.99475627922
38454.96875464371
34509.8679159029
32720.1209262684
32801.50721693426
33776.340418031556
31344.25264515772
32396.00351234917
31423.616070992164
30556.918815407378
30919.091961551232
32949.54760403927
31665.756614595066
32131.104149057224
32337.795112235028
31003.41632533752
30025.52941287599
31110.770216486035
28777.960600231007
29543.96412720753
30915.562390210565
32650.970959576967
30411.308487264097
33214.24630707657
33571.84495186178
32043.308573540235
35156.049734239794
34364.66952086384
34667.987340102954
33684.808347786515
33727.01439002508
35761.85749402204
34350.65103655217
32420.263159493632
33952.82764472837
33067.068088043154
33870.99178661202
35090.32264224852
35602.60104910798
34659.81018308608
37080.60670379497
36785.21549133082
35882.357716831284
35773.125116968076
36637.08078068352
34720.57326149658
35223.583896446056
35256.83056435091
35090.42602652733
35013.643310280924
35057.278512014294
35107.574154969654
34204.92334085176
34890.85386573691
34444.06896302044
33504.470157805605
33748.89490365614
35490.0627155229
35140.4861832425
35012.11829642688
36228.97800239121
35826.25727930754
34503.490466626
35413.68328713965
33743.84100110633
33480.91969833785
35364.56225638528
35077.787542050326
34318.07674701825
37349.07715335446
36977.61124277606
36369.88888134568
38599.69293201732
36687.65677447444
37609.94828172322
35852.374614371074
31162.61768403703
32521.346194479833
31782.766323871117
29960.985956089196
31287.26714371137
30558.594300418452
31493.439877938654
32718.47122436543
32577.765793258237
32008.28056317684
33766.40904727806
33189.40549972557
33813.77253266351
34657.35880450918
34247.10538149444
33006.77433051625
34094.17996767918
33408.073964657924
34648.86308352374
35594.351326696335
34939.79575295332
34816.21308266864
35431.079116935245
35030.56768718552
36185.07841798355
36388.008949000505
35870.078400542276
36626.53730026427
37352.0537671258
36439.15877085048
38930.55636660872
39309.840327106445
37667.750408183594
38318.678240181966
37628.585143858014
36969.14766176375
39290.15974604937
38997.55244493751
38317.26481578204
41311.59402359146
41188.27830626566
40283.50667004842
43286.62623041391
40773.03256114086
41971.524815127515
39652.46325686414
28819.40827409432
30199.959391466004
29383.589846019102
27758.498559712076
29398.247265054495
28280.70690979812
30420.281987434355
31182.66631384886
30637.8199166454
30396.14481695357
31824.627614331817
31020.50544978764
32244.209128408154
33471.70756573156
32625.237805212804
31515.642444754245
32654.32472730329
31872.80713108287
33079.57113875506
35038.03385835128
34105.93514832754
33679.85289430967
35510.99044826558
34421.10540173752
36778.96327411154
38090.212001047956
36742.82394721624
36600.76354791233
38610.36498120518
36728.20957824835
40986.109662365365
42574.165157763426
40061.44319175255
40564.30907695301
40964.88936736892
39523.362991462476
43499.92851125891
43665.674195246764
42384.18632423914
45696.960857019156
46573.62676411096
44631.92623071113
50157.008898713095
46312.92057705411
48099.40080738081
44720.3039084941
26268.206577691886
29611.596895243467
27188.829839315575
27466.639530039312
31006.31158655903
26419.879732083078
31092.991786321876
31232.62598445252
31898.34783428513
31925.830152927723
31104.94901684358
30905.378599212894
30819.48303716828
31461.939974648594
31149.02621045055
31389.441035203676
30905.070318390382
30905.91087552363
32564.992640989938
32966.33818981073
31501.973325693725
31609.383312078462
33881.48799151527
32290.745825805192
36334.64778140837
39231.65390984359
36443.00272949063
36705.19225285489
40263.674701417665
36425.92869896439
41642.99500157966
42938.44740863096
41759.09186037502
41836.03710422976
43450.29773641465
41377.185965813405
46773.8531340073
49964.84029784114
46499.62680993744
46769.29932437882
51744.346769601696
46873.04331777254
52719.80253022018
55195.293187148694
55161.0500408596
52555.83378063362
28877.094899098527
29659.800868106173
28191.29140008116
30315.65304311279
30455.032409729225
29585.844996739885
31834.858377914825
32110.984550060715
30917.979700796768
31312.088209685568
31427.3156663174
30782.366382714128
32397.253214898643
32510.987436435338
31892.59992245764
33411.78991687317
33771.802501823324
32899.5880046248
35270.2742925792
36074.45479947395
34238.88996131224
34812.8513157653
35006.25452856158
33500.678873801546
37333.66715669671
39271.78407115331
37027.27886223884
37698.985977454126
39187.61551696357
37559.125254144376
40562.500205217555
42644.077289141635
41202.35346144104
40898.733719506
43671.58095966004
41449.76966640353
45271.346234323566
48630.6567791628
46142.33448586635
43435.7765777404
45869.4307029546
44340.58469186118
45696.61184052922
48687.2680243923
47084.42936428785
50541.36185803244
31816.443792173242
31727.28183220792
31058.58075665512
33353.86592928716
33125.45130992384
32582.218163122918
34344.30073430756
34276.72261922627
33048.994205512405
33693.75917071571
33151.763828252064
32429.443860162555
34406.531436470796
34733.40969344592
33910.088061736424
35347.92922669101
35525.59225399682
34880.30335780366
36431.77641314053
36943.83221985206
35945.133420381826
36209.11198915193
36654.432578590655
35642.46182387662
37775.09862450788
38952.12213065393
37765.860394890595
37663.69144406699
38570.186597433305
37738.72332034871
39010.557605773356
40253.40969148478
39806.13955531443
39418.12315067493
41420.17079058106
40189.35627235558
41786.544277705776
43618.86183604658
42583.791389009755
40350.495418993974
41758.04362715995
41039.591521741546
41445.36166683371
43356.80563018083
42357.55514223156
44463.100803392736
34938.31378549108
34583.63281057132
34135.34712253576
36660.78565394442
36124.00081045965
35777.91253350353
37120.625131546476
36555.081891687354
35680.618184402636
36383.2326299483
35406.947133314934
34997.662743497785
36236.72593466356
36193.84337185176
35796.58337816764
37082.27169186818
36756.993102485
36667.81664201192
36901.779450786766
36995.65467301184
36758.06427791057
36857.49397080141
37057.99777283553
36614.604879731014
37399.26420325046
38064.296800740536
37551.687575761054
36938.05689666677
37452.67744298598
37197.8201513504
37277.57520361965
38070.80148226803
38188.274835717
37747.60717512026
39154.074671509276
38612.69372508956
39038.350245123554
40171.32162703708
39686.164342893106
37794.17817394654
38755.358412899936
38419.67317790693
38366.1203641468
39811.089230587946
39065.192729191855
40601.84002413438
38632.10885721266
37873.488993210914
37605.04964917438
41019.56994948411
40051.884676937894
39764.241255832465
40975.13555563981
39150.90707077228
38813.80028310438
39823.12864890064
37775.64768319321
37921.46759623165
37877.70667892687
37162.479519569744
37495.79632814209
38533.01164882272
37260.99234837674
38233.705239362054
35873.52976365009
35874.31037239849
36729.70811307821
36422.95395281312
36683.00466052139
36870.63137300404
36192.91619390718
36655.493742412
36615.34481564692
35015.52063288096
35661.41480878282
35667.923793602706
35202.07087832246
35741.14167670236
36239.29726895066
35697.07034936058
36943.9218476094
36773.058538283294
36531.948424630675
37424.62019204533
37167.07968223761
35130.12919312259
36101.62599729247
35860.45070197956
35849.95310744096
37034.14311579408
36423.13867222226
37689.51604844779
43901.99257870428
43115.19717653609
42423.49694375645
41370.64525820964
44497.18290542799
43393.15454883038
41105.68099661871
40433.8736911208
43280.828027460186
42833.80433938711
40558.763179642796
42251.54245064204
38783.85397050367
36852.02227377062
38737.43795632242
37680.48486351333
36311.051899670274
38418.86609404166
34074.24113770581
32053.96034046957
34036.789092715415
33767.40634114083
33988.876947574616
35026.59220797352
33493.845751556466
34911.51457248139
34263.694257075105
33204.06100917547
34741.32823931427
33163.02536494621
33642.885610257
33259.97573639118
34789.91045249343
34342.90236225581
34423.95817481373
34874.6113210203
33276.12625618359
34670.639493945564
34266.5647027722
33060.33171671533
33388.664044193734
32918.03810628348
34045.793251409596
35363.269200020164
34814.79915199358
35407.02191953125
37738.46504494254
39762.302106388735
39475.483202106225
34701.54089700673
36255.28617217343
36153.4191657238
34664.3458195927
35566.93155723991
37569.20777419136
36039.92200550843
38169.13398824718
39261.33982587105
35877.765532636055
35410.686043151225
36811.77365530648
33938.54854652566
34218.77966179668
34912.384201380984
33048.61949734313
33116.984765723166
33988.30281246279
33593.511170998056
33413.741349346266
34179.902653551224
33064.33067597383
33235.66149901052
33194.29605924913
32486.112504811717
32672.640360469184
32823.82235657995
32311.81883842167
32600.560454962142
32879.391493053314
32606.180717013212
33052.75270256865
33189.77653320235
32882.63566881355
33260.74738863465
33037.74170845646
32402.768673377534
32794.523587885946
32662.17650013561
32686.581189200137
33285.97457319724
32975.97406457772
33621.820795802014
32080.891057694163
33438.26412222902
33351.764408357776
29731.257070357595
30992.636268067774
30880.157660536075
29976.017116583625
31086.843604368056
32194.554463125918
31060.802400218286
33222.09023011999
33390.12268560341
32017.07728288131
32694.380215570294
32970.5144384485
30169.03672233354
31066.89599607872
31083.278980573195
30353.611386372817
31061.074669676495
31754.707554727414
31054.819372646652
32212.870087707055
32429.269410246052
31600.393579345804
31991.280314035896
32065.761548160513
30578.825721554174
31158.20753519232
31094.447802680523
30861.597544203345
31370.654538113675
31630.139339494017
31251.407854846122
32025.04680965187
31981.409983472724
31817.597752898142
32244.530335643147
32116.05033614582
31199.053295039994
31667.840812427527
31511.30413989492
31567.106662050886
32111.02929122349
31833.93893429536
32398.421707019283
27537.7038640768
28770.487376337347
28620.180155403752
25427.09140194508
26661.957600103524
26475.6891037913
25912.532405450824
27201.049685987742
27907.098442880277
26904.229271505792
29096.537528845387
28928.451733206424
28399.49585133687
29460.564862929932
29274.561890450925
26705.334869667913
27916.56623514363
27543.289780677856
27684.834771796734
28701.949804581658
28966.96646032657
28309.933050183674
29852.611311843295
29653.778295250544
29555.536032098367
30267.310518627346
30056.783012586697
28650.569579073643
29433.88525798802
29078.124577392187
29453.47723159732
30053.858719090105
30102.169100182815
29757.80550897884
30686.25485256401
30477.479280281914
30604.5050832525
31101.074544551266
30893.042370822302
30086.258904441256
30594.480265461985
30333.339294595575
30639.55305685422
31064.090543056624
30841.701931449308
31309.193977978506
23349.28535227474
24599.46146109604
24386.192524226895
21292.565813623045
22533.21456028987
22316.14242617348
21920.443856297545
23516.00571454101
23933.71773886592
22933.040287924083
25357.376524890264
24924.765574196907
25079.654003335407
26480.599625081064
25884.833720830233
23486.127640802697
25187.248994060417
24283.040936934027
25812.703919539803
27067.912953681163
26587.656956209546
26148.16589236422
27719.913463615267
27105.50647871862
28011.00402005957
28781.543335780414
28286.35643053508
27883.60737867881
28487.96207258433
27863.023663210806
28968.706333597274
29261.38380526065
29022.348688982103
28937.309643900913
29560.00752053879
29202.14882578714
29688.478027212896
30166.252533558938
29872.079888088945
29360.09966028745
29797.187791094977
29524.95858566279
29936.03405376788
30283.692694812118
30116.00743534864
30454.90662171439
19336.95949495961
20490.19706342718
20293.308931048825
17104.49053993312
19075.04311942136
18376.16171255563
18864.382881876925
19377.021833280724
19944.235236363187
19168.459763222534
21596.98772074885
20907.24112477312
21813.471440466878
24078.10740766451
22671.622003419376
20449.22661117105
23214.348320902114
20936.283525174145
26060.73532587012
28138.40512119746
25606.665763175206
25818.052528262706
27035.26338932599
25616.475209228433
28651.219072003936
28825.728169319522
28129.716854736267
29942.77917972321
29991.114351514003
29409.31745876817
30505.837260960718
29588.299222698824
29520.400212669527
30074.67864673446
29195.770278280223
29150.824836336473
28823.050764670385
29284.725495577026
29149.67746400573
27939.15274793812
27765.14344932227
28313.301716354887
29207.597388396833
29441.76247730531
29158.023710910984
29720.11952745043
19348.992701664178
19096.595464019338
18382.287328304632
21312.557078064587
20559.33774837395
20310.254342975597
22092.84653746819
21782.969492302695
20025.63543742269
21033.62045214235
19432.886034439576
19206.527777482283
21975.413864607068
23313.802856059334
21014.386865304274
23831.21421676217
24391.39385950715
22921.91964657819
26334.35328818616
27479.901627812218
25857.20847428465
25997.845776045764
28287.401835548444
25942.86308493036
28978.195475508935
30172.10156157918
29575.370652152997
28555.41422028574
29361.81130918141
28626.443806450916
29727.5662309959
29765.942461912113
29888.864907273288
29711.14645321286
29774.838999651576
30262.89517147251
29195.665292977927
27941.47744784625
28496.096920017324
30133.136500059598
29844.866271951
29719.91747956686
30682.59835121478
29800.37003767342
30268.788067167377
29336.98953342285
23364.34499572013
22651.349487814616
22336.045434148436
25409.317758250974
24761.531410411608
24389.58349899045
26304.346465428604
25868.87459173415
24209.58210324477
25257.304061389757
23851.42873167793
23155.32859970604
25643.29453963135
25750.50300733284
24731.663554777915
27542.608076122033
27349.84743108576
26577.764589608087
28933.3201104088
28897.92768388019
27431.337101343706
28139.103988692324
27842.23247537141
26821.81258751952
29078.193922192862
29412.235894662288
28722.8577817442
30212.335909766953
30170.937047437743
29586.388378957123
31179.29284671141
31030.01945985669
30220.588275517024
30651.000071209834
30250.499250280373
29904.75697922987
30908.02622834673
30774.032093268106
30516.533867431834
31826.522507332847
31607.77221934095
31344.4815185603
32263.320850725937
31445.545901571728
31838.545854143522
31062.300447845526
27433.881442604812
26851.06348574374
26423.73808764016
29443.28147912581
28948.729573338296
28440.51006004495
30618.403948056977
30089.1402009918
28423.349464598556
29508.29854589272
27926.305310690568
27357.47681929004
29587.362940232044
29179.101338365672
28543.845892558744
31828.18794974777
31249.736342608037
30679.642330859002
32882.2561127831
32258.604272811714
30757.584437763224
31781.32540275038
30404.96466880927
29808.258224075926
31762.639281507312
31410.04539621632
30939.57710610978
33655.413497736474
32999.58283678053
32668.754277376713
34103.37826905576
33465.66905338202
32498.42436805504
33268.36321589251
32112.482439022533
31797.87123956708
32954.37435710895
32565.744010405007
32367.06784146127
34288.33534904137
33688.51842985663
33602.052242847276
34285.92577275439
33210.57743798408
33734.83833548222
32720.13666984372
31424.989484254293
31084.75227678397
30439.9041855025
33311.11770284254
33271.050814992464
32388.2146987787
35460.35302477462
35013.09690661163
32938.02717215734
34169.392378292105
32425.695872362186
31759.633546259734
34350.24318758081
33604.70340643535
33044.01634471855
37285.58785263422
36332.76006818482
35752.36856576632
38245.01009555123
36984.46519301477
35355.806306096725
36742.04321386386
34447.21101205479
34068.731169466846
35866.35437811659
34901.60365302187
34721.67288116113
38400.20169065017
37074.20477082321
37092.2110717334
37992.16182783912
36764.76726027066
35954.121986397506
36954.68728969046
35030.878398045534
34999.32528252125
35761.32275179595
34943.25408888691
35005.96082473245
37277.53483141557
36262.920083674035
36525.233600946915
36550.521027103794
35435.42355288858
35998.45498694442
34853.44005673016
34888.25204264089
35470.97945445693
34161.24630742233
35568.10475946566
37523.314491446334
35407.78385855036
41580.477908641755
41848.06113931859
38271.51296108682
39843.37893671896
38033.49658838153
36817.12124297611
40904.768022040065
39590.46207723994
38978.70783476182
45701.07359450862
43579.55686149358
43126.1973723522
45056.343985855936
42920.49647117934
41601.27646806314
43380.31199719297
39898.28269682055
39865.78623784815
41146.54509923571
39481.37400940848
39760.618949471165
43662.32685491472
42006.70054247899
42495.026341572666
42537.80937932951
40323.34639275908
40162.94706223888
41308.319855873066
38557.08720556506
39062.86165227412
38653.551397228584
37476.15145533566
37991.06970292017
39612.51642427612
38222.37706084321
39197.806097034605
37578.29485143793
37425.88328469885
37646.74381533424
37029.90019448725
35779.26045546629
39055.9434231788
35193.08755105278
39368.15072481252
40809.47906134501
37824.740802789725
44109.94555905296
47007.86676060319
44345.08837898817
44229.437507301926
46988.42509733256
43396.15992988578
49350.51294294947
48368.4221611196
48337.96765431261
47384.94649425229
48454.975926294435
48429.54458162548
47101.062288962115
46136.3160674407
47160.44262362209
47350.94169921923
44592.896898325125
46397.19335310222
45112.06001740433
44700.601540372845
44506.929658143665
45581.323868230385
45043.84283057826
45528.12748384743
43761.7808596811
42548.5467843577
44347.52030687664
44067.968218986345
42270.06034213342
43787.169653305304
40277.294787100196
37704.927192217656
39928.74783751783
40926.182668064124
38943.10343115312
40646.614899542634
38775.4750633723
36890.985328707946
38195.52173215876
36875.18748792001
41520.966725524886
42317.82519385276
40552.07029650049
43163.93380323287
43490.941869587565
42371.59126902418
44882.18931814752
45399.04897443067
44289.71944069155
44543.737463929996
45675.37719024363
44137.193404002915
46176.487158749274
46937.901365952544
46640.43468403083
45892.55019102792
46136.321219887555
45939.94391936904
45783.09984476687
45551.305930091214
46306.15555876892
45980.15486706615
46130.271516876644
46704.44223221343
45145.116003798394
44552.60494994226
45410.48244193447
44653.41093802173
44035.887883236115
44878.21634687377
42850.520202050335
42016.880836543976
43296.17273117836
43069.07416227907
42320.113085016696
43519.52706350012
41054.81790705159
39920.23950677525
41059.22076899708
40766.995055566964
39913.506802529264
40946.172179381705
38759.556951870625
39059.05369624737
38958.419052079196
39016.00573523157
44749.98331669501
44695.12154304371
43943.87076647385
46474.22097454961
46099.16478041504
45587.9282919399
47188.760656295606
46649.37010101504
45846.40910857965
46473.62228938591
45774.248150205065
45323.88135303243
46241.81374194879
45967.524098100184
45992.12608445186
47092.58754171217
46348.026923034646
46612.051953179296
46100.394661191895
45174.29215641441
45724.782245072594
45858.84658697675
45182.716353952506
45697.66378771877
44366.591421721285
43614.05381438797
44479.13094606861
44339.43875452453
43325.81623887546
44320.09631342982
42048.67241822648
41081.97252130311
42430.090334998225
42232.89375941538
41594.94996612957
42637.54797605768
40243.24460702712
39479.401018864475
40529.3171404677
39577.80837176468
38784.124934864165
39920.56693077539
37210.87309912256
38112.2526906672
37695.97389123041
38475.009631553985
48439.08543336138
47817.18845984823
47421.75340996016
50684.64228419738
49905.17655271843
49528.778015959484
51215.26076489774
49815.7685349525
48949.61493476908
50010.398606127106
47975.57635641191
48007.17215814493
48441.882403735974
47187.69346122412
47708.90546275779
50275.46093455193
48474.206161348666
49294.20392410486
47965.058379553106
46136.924335489224
46880.17254654492
47403.25140710136
45516.841989951914
46451.919998712154
44558.069337660854
43197.31862595771
44421.03048611543
44947.583857062295
43225.10319002021
44739.55368885863
41533.79879191862
39963.27775164945
41748.64295448159
41626.14794568698
40546.102019254366
41889.3869068135
38776.0205466138
37883.73230393527
39192.011954717105
37823.9142288346
36751.643998335196
38322.63901069374
34507.97906759892
36032.2741405071
35326.673001110554
36663.129739793614
53110.19633078446
52419.48400953668
51887.34549514955
55228.33475594348
55199.697904119865
54276.34510166892
57203.57571308271
55313.05362703745
54022.07096817256
55626.6400674787
52219.81282131439
52557.29358430815
52655.551339374026
50115.20667076963
51392.9837341542
55745.4993463454
51975.356807003205
54088.67282378825
49245.156993993805
46998.64879624085
49066.31619457993
49375.59356518672
46873.70747138044
48562.24130859386
45325.524837510755
43408.16095570657
45167.51145633653
44883.567318639354
43833.095734918425
45296.91357380714
42747.36327676487
39294.522690867976
41595.65302169791
41939.91633592452
39428.42391226283
41501.58309364972
36716.76988848497
35274.90598915535
37289.556957295754
35494.790323807225
33159.11670162767
36112.29534849167
29326.968051449585
32409.454001645296
31015.425368127293
33550.515482569055
55347.55046085267
57343.077285011845
55727.49590419418
52359.57472935498
55194.623719820585
54066.14007481315
53274.509623874415
55561.56745424509
57914.752737557516
55800.27477121046
58620.64766271369
58376.90299307663
56791.74725770763
54417.862530159924
57297.926062865634
51398.69593370154
51341.25643033135
54136.65629333793
46440.57313519325
44311.83080069467
47946.00189735341
47465.56193001788
43877.16297131967
48566.408356429616
43364.85578458816
44982.75047134216
43985.35931754233
42255.18618602252
42440.4532430697
43035.18432071008
38897.99068713412
37989.78768790849
43262.67842025447
40929.93605094046
41126.12839064811
43836.139487683715
34269.76426354341
29322.2879433165
34856.925156316865
33166.77309438764
29852.868523265606
33726.02948329109
28232.130377756766
26925.910395101477
27660.173676195744
27503.593158046875
48527.67110044837
50828.02739129789
50461.16933412185
44828.9550447945
46581.40951792444
46638.27586050939
44191.64507964617
45532.47068521745
48412.83249972372
46219.4677454599
50142.040173241265
50768.777047008916
46619.41468588605
47094.80880056423
48893.80480089702
42549.87386910441
43203.29005066504
44511.02752765475
40053.47135655962
40090.32890023927
43380.39972909941
41705.07653990348
42941.952231037656
44994.45602460937
39784.73000781998
39324.59009171529
41096.66178543887
37092.57002787023
36716.21993073438
38432.38204537901
33880.83095179608
33115.91589606643
36068.1754979141
34935.4463458804
35046.61055148485
37349.11832322249
31967.30229736611
30295.51795107504
32586.23837907095
30632.99862485574
29649.0895608047
31321.170168990462
27808.563891085694
28430.18174950828
28193.18272147507
28467.45323435185
41530.186368519615
42817.400900530905
43122.58766709657
38652.693546496186
39541.12686778647
40028.25741477661
37347.061912417084
38169.60739370552
40559.158104575625
38903.897683623494
41608.21374372969
42312.9958433592
38986.39881510026
39665.507620525554
40716.0598561289
35778.340332295855
36488.23653678554
37359.569313644635
34202.23643532017
34560.945205550845
36974.081220250824
35559.353233294154
37189.11936507772
38482.73673814698
34603.90531705129
34371.40404411017
35813.40722254822
32444.888236399634
32291.2188148353
33475.04742323169
30199.701874790993
29705.69685727713
31919.36680541116
31019.25799606023
31376.474003195828
32876.5348500423
29160.433155648345
28538.570626273293
29908.12527398729
27622.426091382124
27154.0648778681
28395.824444759975
25281.88330404408
26714.160895586458
26036.85242686168
27309.248488327394
36244.697078023586
36672.047210364966
37383.890112688074
34522.53744206491
34245.79616486267
35273.31841378342
31660.701867801574
31795.286588460393
34406.63289264084
32998.56230583065
34998.74708059296
35848.16559795039
32612.91704446329
33522.902460843325
34214.805724694445
28963.05000795073
30422.432773560868
30890.55961554402
28954.627814638683
30355.428735776957
31617.822939212092
30319.0549321749
32270.082711214593
32896.14499149379
30780.742113678534
30615.35314708658
31536.237146374835
29932.964706370152
29680.458608365436
30229.28394208711
28557.862222885342
27042.548751898186
28923.946181570587
28587.460442998978
28196.11759484322
29486.50151494781
26082.948990492798
25567.21749624053
26849.695663326653
24525.89083897148
23715.109998781674
25315.527445058295
21246.61806309662
23511.457327035638
22456.56702807824
24444.535157557435
33635.88963301857
32740.2994759391
34028.48586303433
30657.51044655902
31439.503888508967
32434.358938062418
27234.167033360787
25149.946904645178
29343.404837856593
28269.10092892687
28101.586187351655
30425.10667996315
24608.481678517506
26585.402311313173
26772.01538792572
23985.409033549447
23570.94951305754
23797.733939331327
24602.997549537253
27134.47227092083
26105.200684583222
25173.3639637507
28840.77716680296
27507.675992852583
29838.90108267832
30134.216804091135
29906.778091710814
26775.72374632436
29684.94329833054
28712.576428820114
26049.54814524591
25637.4786079269
29320.468870970937
28235.764077505206
26538.951312347766
28900.326146876487
22793.29865091618
21252.837497883775
23679.019650723643
21682.010572237432
19252.844326713523
22151.566045180116
18458.322122436482
18465.95070042584
18103.97088557048
19867.498380449124
27778.037966508626
27843.583437125868
29081.248436858106
25701.981406569037
25654.030684662393
26671.01627371215
23783.114842019488
23721.713349127098
25474.244149064536
24630.960994187153
24902.400583207964
26326.251910040985
23622.427849545562
23692.577896533665
23971.37627618672
22298.82059163067
22621.272876281357
23038.391505258955
21589.336633892468
22383.847487012008
23255.98946244312
22441.74530754515
24550.69411736814
23990.26815658389
23509.388979634583
24925.815143252574
24985.75214626739
21276.97142314506
22044.085752091905
22296.06365020181
20637.62149258066
20851.05326289246
22693.167711026595
21548.16077279699
22788.596094415487
24160.545592947234
20600.33572415542
19705.624436680442
21162.035696194893
19529.105246712592
19292.360699880548
20055.193386839084
18513.591202188938
18770.275130383125
18687.796587284523
18708.005138523367
24075.09379273896
23861.68756154159
24840.239848863235
22850.65302139097
22296.695926343276
23405.891453620054
20494.417475674207
20377.408478916284
22092.148715150128
21270.101679847277
22120.82307418514
22934.396691388036
20586.046434700274
21017.190749384103
21469.923665415838
18729.886771223537
19197.60490530652
19666.8004690816
18102.343946003333
18995.098971878357
19861.02321408549
18995.455579184247
20550.925388485957
20725.187371616787
19670.774670440947
20211.767055033146
20407.24262613576
18626.280081924087
19095.13693826152
19075.210501521306
18779.500718492123
18644.692284507073
19341.31407947591
18956.48979125023
19506.116629638218
19913.433728855314
18634.183945295143
18627.74887574443
19063.443523389557
17957.598695673572
17944.13072487122
18268.517404087317
17413.82739952334
18032.34439446592
17733.845966790665
18287.124595105804
22212.754563524944
20953.329984657423
22425.710555318117
22076.172085945036
19139.845438864097
22420.53942758481
19222.95379910285
18942.687341598998
19257.065410293788
19004.189421183346
18816.367394924906
19806.51100139938
16997.89852749132
17165.530313178137
17810.921586885008
17062.56851260394
14850.689418484693
16561.95781022738
16448.86413013722
16768.951507481852
16251.40855405406
15814.884815720552
17674.19030632814
17171.201273519902
18403.36358327409
18929.325060798852
18391.654269247745
18736.999734259745
20411.33310015813
18567.863456544037
19906.23183162043
19090.288991115587
19428.754705686217
20005.96585427368
18388.425752683775
18918.07446166701
17379.240751028017
17148.175925921078
17657.969089540187
17970.646209074508
15920.65309650974
17329.457580112186
17333.998869933486
16750.25041782286
16751.101672023266
17078.228574991594
22444.45200048566
20785.58252830341
22166.89930461153
23329.979658227378
21875.963028655467
22842.41889744028
21634.87200393398
20194.054191117677
20309.610193172688
20970.411221668135
18788.301653631694
19706.894719560736
18781.677262220728
17366.87737360475
17894.809883166927
20388.70659307782
19367.046341672096
19628.935550932896
20253.688478930795
19864.65140857717
18533.65109895826
19457.629863627895
18177.37930004414
17505.997349704343
19641.627134370792
19770.294932889934
19073.293409621492
21325.437570862327
20882.398665424695
20414.649521813917
22075.4764613399
20917.904420178915
20310.368900980764
21058.614336472798
19481.729238065105
19909.932373723983
19681.052360572943
18310.83302384679
18809.61563971672
21533.146957336252
20269.476968401614
20592.408966625873
20904.502115024297
19164.16029240285
20062.240875657553
18234.523534089614
24481.5382252447
23106.177029626113
23892.14798079631
24148.896442371093
24787.789269250585
22820.82561939525
22920.93861511379
23451.73639727183
21577.54300594237
22296.162411254758
21641.269014361234
20787.893120282955
21049.08700478101
22081.61034953905
22332.607494807045
22657.049162072493
21423.667497140268
22181.252558610413
21383.479581834992
20888.41634907126
23201.737161559584
23158.572368776066
22303.14620395859
24939.426569378957
23796.294554386775
24437.687625456692
24549.278140856986
24970.595712573177
22956.90520855012
23314.83353317547
23229.204426799613
21989.52734170838
22444.696068135818
23295.722519481933
23823.384816468904
22355.313561805826
22962.729789200002
21671.190956131068
