35385.987691735456
41806.51121209911
42428.53871162224
29056.65194697338
34676.32516014841
34195.38326875465
34480.0961703916
34650.05552935068
34656.324292392266
34591.43506985551
34547.00885214692
34552.944278250594
34456.318788439436
33904.186193097914
33287.93758830591
32819.31134254213
32542.673666153998
32431.710496108943
32458.895248334775
32593.72636306377
32802.42422525382
33041.47790208907
33240.373211558355
33242.855374250124
32879.56341583576
33185.729646622225
34578.808626598744
35617.799306690606
36424.48589817334
37147.02591989933
37877.38089137085
38660.81058262543
39514.170267098394
40458.498603928994
41512.14961648718
42690.845225977966
44005.56910828753
45503.512542208846
47150.80432920322
48955.0116125161
50867.92581415824
52678.671956571416
52870.27832665012
51579.50891977748
50174.25105146971
48864.71312764384
47708.87351837843
46711.88649383573
45870.09998904892
45181.738322769525
44627.19312910803
44178.36685108717
43832.64461866508
43574.32874494333
43374.29389958941
43213.853870903054
43066.90025528165
42909.44162187078
42711.85471579678
42476.755012946465
42359.67662056754
42761.713407434916
42141.52309782989
40902.534851945515
40130.48964488552
39442.847596217995
38700.21213047682
37901.34169765526
37077.51614723947
36252.665064006476
35436.15796816454
34637.9283343341
33862.79409080997
33118.308147783784
32404.45301011535
31711.2811196507
31038.659497310993
30394.890875959893
29769.62626493557
29180.32682868867
28660.814582379782
28302.83274197246
28375.82178068363
29413.50358820353
28577.805475631056
28706.373005762776
29271.75857495695
30001.978554340018
30811.946120745815
31660.401935361937
32535.192526258703
33433.227397233895
34354.84570648045
35301.19543595961
36272.85739558963
37268.968596601844
38286.5566800168
39319.99838178959
40360.65446466155
41397.1640358938
42417.52442335448
43415.71194392619
44407.42299610037
45444.791542668165
46422.34793488623
46982.034339841535
47215.96851980087
47300.3548242548
47431.80799881344
47557.35276794803
47659.1081903426
47744.9150810999
47830.63810722859
47932.36090036638
48071.01772680867
48261.94163922829
48504.72587458456
48802.973609349145
49175.01827132363
49627.74708920718
50145.26455428499
50751.13119291559
51431.70137451806
52153.4123376067
52795.05150525015
52706.5147397214
51839.32689165656
50880.74967046567
49983.1247233912
49193.94351744435
48505.32949928743
47909.799672083565
47444.11008171525
47074.89712153094
46836.0646497961
46713.29044826664
46698.66387733382
46779.71984747367
46926.215053591986
47091.89945127856
47177.00896972448
47053.021381489925
46941.12296920778
46772.00834676468
46419.76708505367
45994.52140034541
45627.08535909891
45333.40716069938
45152.64298603832
45110.27701945364
45219.3747414918
45474.638466384495
45832.63104638573
46189.58732322983
46268.63038300418
45838.93124890411
45160.66577079414
44501.98461833776
43957.70338003742
43602.98526731936
43402.53366405271
43255.32884221284
42630.05023765543
41435.17085912917
40699.57338179287
39762.537830183406
38940.28515591679
38559.57989934468
38813.93028787069
39768.23997751152
41073.92353299827
42370.68732890567
43349.77952318064
43798.541653215725
43867.33761887258
43801.85198017153
43607.10410107729
43158.64845880183
42723.62943334581
42524.731472784835
41538.447174451256
40313.2631053361
38987.47605374724
37620.25425735432
36159.35887592682
34545.032638846154
32947.16008098852
33146.40782553358
33419.8455063898
33508.53543253565
33518.81563578587
33509.88268788565
33510.96987260209
33543.76489699878
33633.87390084085
33818.28571346759
34162.305943897576
34763.418243383865
35701.76831865647
35933.4963591239
35089.68021963458
34562.83527814773
34297.8242471356
34193.6253081033
34182.070087086315
34217.94404817535
34271.24352217712
34322.37859146377
34359.26483686181
34375.789382185605
34371.54699842703
34353.3106134799
34340.28018100042
34380.124544323546
34590.985098665726
35197.54900516403
35428.073771567295
35361.263545915186
35684.900992404175
36176.71078117091
36729.50118859101
37290.97819440357
37838.43856816423
38370.02672922809
38864.443820932735
39333.936674528115
39759.78470360351
40141.94849866293
40484.20374539125
40763.2576101453
40976.453774109235
41133.78315082869
41226.70441875821
41291.9762701473
41495.71381926854
42599.837228682605
41958.05953653507
40423.90659101703
39620.8391807697
38923.56889850829
38217.86107079358
37466.63012400473
36668.57629229399
35834.63492403545
34975.60764348802
34106.526063415586
33228.112244369695
32344.075698920427
31457.684727790107
30570.519150153756
29683.031558332397
28795.674202151924
27911.355068820023
27041.253364102842
26214.48419885245
25498.501313585795
25015.646674558895
24746.46878570541
24697.757281873168
24858.361548031346
25237.475380668788
25712.346709249727
26214.150286510474
26712.11191023059
27195.924147809495
27662.50367005424
28109.745724579487
28540.97954447344
28949.028367141458
29341.595723511844
29709.55779964365
30053.352837935337
30382.816390693206
30695.698622873846
31008.366036034295
31363.30948436805
31797.97753270185
32406.042051591045
33336.4747542005
33531.17417252478
32627.435429538487
32067.423122847766
31689.75475184252
31392.01884907769
31114.95136293923
30829.332631684076
30512.342863976453
30147.440826242546
29736.8916647026
29275.01726064465
28761.65233435133
28198.37113522193
27585.52059819767
26920.389033579013
26203.889297082256
25428.255808723647
24586.32394751908
23674.98982967851
22767.29488733592
22718.96419860761
23608.497529354063
24516.602214996703
25361.233568656207
26147.563564580007
26887.08377256835
27591.67436425605
28267.006279809077
28920.28740971688
29565.700204725454
30205.77221961326
30856.343832818344
31532.910653337138
32230.869026982164
32918.808044522826
33457.54055651586
33477.40875394734
33104.59476289682
32263.268276535648
31014.852606824894
29702.556536379343
28437.480163867076
27249.21880841232
26138.969194956113
25103.066868070997
24141.71982670664
23262.101953365014
22476.384759577228
21797.19446223423
21382.92631273197
22016.868461488062
22855.764701061995
23765.938229114552
24722.882302096437
25711.790626975544
26738.92203985124
27788.87335139118
28500.797756276654
29449.33949861492
29896.993710107155
30684.106570763644
32130.91671752442
34347.367793420926
36888.22552655317
39248.58417444912
41043.68418761672
42029.28500399879
42377.58033853981
42225.998243029695
41482.89660836013
39985.77912196586
38135.83134297561
36490.33637038428
37688.44058763605
35974.887230553264
28298.938672951277
29585.951474411202
27378.209949713462
22735.570969320594
28685.808704934017
25913.386277846937
23693.852795636347
30600.709167086956
27931.921104518606
27057.899375764355
34291.329534478995
30035.24251469557
29926.424032743547
35841.51884433167
31875.93348118716
31653.05312129524
36716.01228565048
33437.775009736724
31420.852005815254
38955.88897919937
33762.00542635807
30052.191990856096
42449.57775250521
32521.04628524702
28792.216807280587
44354.940307985635
32020.397453152586
28915.066130164592
41921.12122731784
35131.875764550365
30254.285000793585
41234.21903822946
36512.27287038275
32107.394221135182
41833.15251210584
37702.56925878122
32999.648613854515
44346.090700739594
39456.158599909024
31329.581283427728
44282.077096573455
39324.582364862654
29980.667153030085
37863.23666511453
35226.83862422463
31610.681418944034
33880.8012198223
32342.465102763483
30464.721322534035
30874.708876368215
30126.3976271806
28682.54748191896
28258.39730636435
29426.000667301993
26912.23618465375
26555.29028505519
34052.28407453845
24674.120425409565
29313.723669646657
30739.972849583635
28279.942224559913
33142.310622594196
32906.83762798871
31683.79673780462
37496.039674308195
36971.780578781734
35544.05581717557
42700.26981246638
42267.39093058632
39528.677486117995
47984.00206497955
48632.842162930465
42502.99366159338
49805.62552880368
49767.75550089963
43898.53525463385
48589.645334836096
47149.502669658366
43635.141735945625
47809.66369442041
45327.003401157315
41969.47352132289
48227.41923053506
44014.80499736704
39517.401785145295
49268.389614070045
43249.76704099029
36419.36024473881
48112.859706234085
41853.68039304384
35516.31325344389
45232.55087162471
40233.0252949266
35967.49836316462
43834.577035228984
38438.6875936787
34839.49992295314
45046.95348173868
35684.14653474553
31916.20782194301
45325.84832930636
34529.28483581627
30933.995626801636
42062.41437919509
36544.967541985854
33600.77795532697
41058.03987651428
37311.66400178889
35363.95847852371
40494.83113462645
39113.03050593711
37739.52436674433
39725.70754558898
40325.173700116546
42249.44262172415
36132.45717836477
42405.06067148477
37390.04661771003
37620.90619209669
41752.777635090286
42383.63728558598
32328.413598497733
29373.245197710836
36225.87129069521
26283.839865968956
27909.716151118344
33290.58974449615
33393.887135473975
34391.21093077897
27490.862911015975
30975.90735097239
32225.689774589104
26678.69615510862
25821.967683144612
28726.449119463454
22419.694063372466
24216.196420056975
31143.590174469293
28045.387203343445
32197.948622371754
26819.253336468886
25770.73179459089
25772.28795022401
25000.859474522338
21945.923008314825
25496.262645043505
23170.18286557502
22045.815935599923
31838.57473733054
29513.33140064302
31180.975479319928
29139.00863813206
26801.804809791298
27948.615193651505
27213.186152248596
25310.622847654526
25941.863663336066
27210.88323816961
25053.66284898208
35294.18281912515
32085.72979656049
33077.64474872301
31043.90479653639
28966.691497595253
30328.437063467565
28329.539115429154
28756.785143066554
28245.06523776923
33321.7938285888
29748.620273125543
36742.348790459015
36584.814815654594
38064.88875466289
33363.47943825572
31928.48701102546
30875.16966687852
30661.565780571356
30173.4127631334
27847.574158735224
33586.97369728217
37170.19169556178
37973.13483342948
36019.82080414155
37012.76941963421
35049.7065738548
32809.50169323255
34344.154383367764
32196.008589499652
31775.958648047825
31846.860061731917
30859.067423366723
31990.83406959606
41274.34633886075
37713.843947139176
39398.392866454815
36253.50359186921
33733.5769466582
35692.31897328112
31733.844376217716
30811.64790124829
32094.622520904777
28648.867652074776
29781.85435033889
46999.33246798671
40487.83288495803
43750.56408393946
36424.4356759414
33460.450248461944
36618.5535245187
30952.07380828027
29282.318632374016
31244.73732424039
26215.661294854628
27444.62856810097
49457.07426610629
45747.41263926258
50031.969991217724
36445.918569332076
30173.579489591517
35042.07242990459
31443.204001196144
28731.767393575086
32153.132380110892
25765.854418081908
25407.55694862824
44936.25687431539
42789.31254556117
46866.65991821655
38363.59174416933
34014.14528280136
37802.70207980387
32517.594417169475
29358.993717305762
31667.08368331627
28311.345687670604
27020.370662585214
43026.38376091425
41427.40301221075
43724.987051781296
38958.90694600027
35888.02291073833
38661.627031899654
34154.76968812394
31241.953147830573
33394.948740784006
30476.99809284827
29486.634942365545
42758.360037926206
41361.299513924925
42748.51050583381
40136.3945463029
37088.20031378731
39415.924232123725
35096.076301694935
32740.81887856938
34751.072227847326
31655.83393876657
31221.18314251696
42287.966149527856
42746.454586450745
42848.43606258991
43555.619438500085
38425.336764928
41386.179615032976
34092.98206461101
32664.893513658637
35011.18752819995
31346.628950619503
31701.55382305899
39873.04864475784
48611.08776503136
37755.876053114014
43662.03921875709
41636.005118786976
45781.75876542077
32677.094230069248
28962.684135586107
31514.38607818809
30861.958395727757
30875.01872437137
37955.592742607485
40517.46641334677
39676.0245204612
37010.02609002032
36981.59988631151
39824.95281767816
33136.256749620276
31347.964910668023
33453.19845183029
30913.59268767909
31032.290607636278
34329.245718364946
35710.2349197945
36083.5235355685
33223.03370076765
33706.77683066764
34919.86067963151
31360.109215211764
31200.79043342722
32340.638249799093
29785.349862185954
30469.387784198894
31225.913053573873
32293.929966538708
32719.627387059256
30571.753694315223
31129.135895083346
31782.6019883682
29458.359001059354
29589.323887534338
30360.225070428485
28034.957913498325
28956.122833589543
28201.280075967978
29567.102541931738
29770.01413729669
29001.412134156006
29465.50188763089
29617.93554090736
28567.04587346784
27796.655954044523
28786.53444681231
25819.742697178655
27017.793645555717
23378.34560219087
26884.90612053168
26196.35886417952
28086.287918893715
30594.103807243107
28755.88848035333
30798.514985768044
25860.90781336158
29186.9968999701
22040.42844890425
24232.873504007788
29129.050811613866
27392.398743749454
26636.66490476452
30198.786607040733
31258.70304612118
29344.563913795915
29935.409840729368
26515.74880444666
29870.659239130247
27165.676624477866
24867.43182644723
33211.72102921623
31208.51102277368
31215.993463723888
33113.81799293215
31476.032616656907
31460.58810133067
32397.603733902808
29936.95766472079
30896.858326740596
31014.784794621548
29143.311407110916
37428.4110616199
35220.90606351626
35260.99882126792
37373.19210472165
34780.67308574317
35094.07133077024
36328.8588939264
33559.362489217165
34238.877656050594
34770.63397070503
32886.25630662397
42071.81234171321
39979.933418941575
39719.66183978927
42890.970961190375
39468.74550118011
39943.89853660027
40980.219567834996
37575.091276976076
38601.32978279832
38298.532688420644
36618.74489693712
45617.07787242269
45535.13346700902
44272.198249589084
51029.53962259282
45419.546722894316
46393.421456321565
45463.799741047595
41193.71874098022
43374.842472200326
39592.99879351151
39530.90290315065
47986.74223901797
49184.53542004623
45655.308513967975
51497.95149101374
50210.08211838196
55289.24755520511
46827.72159639757
43771.764838746734
46676.072267922864
41521.13270976476
39042.133149972164
48332.66461971941
49264.95482385817
48413.894892678465
48259.55592586986
48378.392338393925
49526.389886090634
45470.315372468765
44007.18688040943
46277.22177764854
42013.468200239644
42201.70875711002
48300.26126113416
48064.839809402656
48227.127156000715
46787.32794347365
46151.39277353027
47382.77091226706
43639.09203511436
42906.25837348308
44574.65452905457
40527.54857305095
41408.52346070923
49311.14752236045
47848.61288685118
48645.17596318331
46430.93779461675
44625.455357239465
46464.266191044946
41536.712237194995
40856.25595740633
42648.711977174855
38126.10876682174
39436.279313008046
51416.207318026034
48892.73860685192
50279.21050073136
48107.99472842906
43536.05216238406
46817.58243483793
37992.1811382518
37888.02306993604
40143.50890249619
34461.45208886582
36567.699794034794
50009.415365679924
48256.02243670137
51909.198803381085
45966.50047975544
43015.345721020974
49328.14762647594
37665.25824085557
36465.03179311687
35749.00066025899
34184.6088899907
32269.58319902513
46957.174397827635
46590.4838991804
48328.36963901897
42879.87414453164
41011.32020774106
44136.109079260685
37787.990870256785
35903.4262897809
38005.30410869427
34882.87749421983
34739.328762964906
45729.420686676014
44295.402779982025
46067.69557442097
41210.86489102697
39400.396688790555
41925.92696920078
36191.04689938947
35616.67857156732
37183.04689400193
34304.9251016291
34725.208910830384
46970.314625314786
43988.93034878358
46001.616553554806
40725.274468578726
37245.5240269418
40756.749212505965
32529.00995492054
33612.21149162278
34696.09807815882
32951.04819280412
33686.63110400334
47077.68388015913
47020.45573379023
48338.30287094119
40459.3593561653
33693.94692475294
41461.89315708968
31130.592708149274
30546.524192655066
29788.26993142963
32370.289940596347
31684.83444491898
44203.40658360506
43222.12861405462
45324.16869291381
39267.295862457315
35768.26723544846
39637.24067998523
34573.502335262325
32403.381394608103
33187.50593698466
33406.89366400346
32910.94569245242
44039.425887046906
41473.21130336479
43764.51735649588
38442.81875860643
36980.197465087746
38990.44062282342
36199.249132666635
34510.36796122641
35487.28129525605
34585.2156293599
33906.93865787425
45036.92231407358
40642.15176181121
45422.637321491755
36913.432097309116
38483.79162076579
36629.15946585219
37928.26598829918
36249.82547232047
36726.59939384993
37760.59803405415
36288.643993175625
42054.55038807574
40420.33109705856
43075.842207730144
38889.33383975945
39360.82356397801
38828.15115538519
41939.81386847111
39881.75307812828
39853.52255707732
41679.796742776285
39191.40734580975
38437.606187016536
41723.37288685885
41211.31757254169
37501.530987807855
44030.66116423278
44478.941697148635
43927.872407600895
35087.722398464495
37859.86505733828
35746.231898815015
35258.0346913893
36878.7417153738
35340.97136384046
37049.095167550535
40006.3841638984
40078.80579705845
38678.17443988934
42395.74626817905
40390.981301443855
42431.775289582314
42940.21950883875
42899.60701503011
37851.06250496421
40293.89688075622
40412.22385013717
37026.259416743465
38842.78472267769
42136.497528198044
39854.051211017955
41944.09310382716
42722.7143703806
39021.8953835983
36866.1154630022
39677.62488366603
34366.749190505114
34305.38165012113
36857.81324059031
30170.59855263639
29101.242486865915
32662.796709313356
31509.71353391034
30740.173471651517
33618.61302627459
28259.385936855084
28892.76106433408
29373.487546072312
27008.26702881956
27146.644907235688
27725.855899992464
25916.187744481183
28026.084261420492
26934.835896311084
28777.96494718729
34590.616799352065
35255.42958991985
34946.50658935876
34265.180691225905
33681.792042582645
34326.125097958895
31481.317189914764
31428.714261147827
33960.62167338146
32615.726609762198
35480.45436024267
35465.81013521487
32790.4446379766
34860.64271069662
35270.44475375211
28265.04143790325
29758.850177916225
30439.152347969444
27356.09229700939
28985.193340226964
31664.88381239566
29348.285340941824
33328.861068028964
34243.62006028875
30020.66317867923
30429.763410137344
32036.90576955733
27338.207484001538
27384.32099724019
28424.559211277447
24721.85368941479
24379.368996189314
27215.078078471626
25842.152100449344
27151.342319414798
28699.573897923656
24821.97223382616
25292.316863849737
26007.088334568038
22315.108381067523
23170.72374637966
23551.9117506992
22067.254659078608
23883.81585379209
22913.116890199275
24901.846591292495
33410.89318937465
33274.702464541595
34280.861222706706
32132.08086161087
31481.661481196476
32622.248623947075
29927.886196904245
28343.338936024433
30138.93924285734
29927.54339787586
27973.83419880363
30637.423764977
26609.383368728566
25604.55812390377
26728.594334986028
27614.337942125654
26272.459957037212
27080.71833445722
26290.018551427325
25715.686139856876
25660.411311139564
25886.10208040223
26121.553981011934
25989.612581392776
25906.96543466936
26887.49738195047
26616.725604657484
25530.794701747098
24938.443495497675
25504.59383236371
24320.519937061905
22906.645355916808
23752.561625688846
23902.69691979852
20788.171485928317
24043.2585837455
21749.332513941623
22477.80434946282
21495.426176226734
23316.424680956006
22414.301181393443
22480.732654012794
23156.0498161415
21771.07006901819
22375.476448460828
21364.799800937293
31877.919768017524
31067.133734765575
31904.134589195477
32271.37790040212
31444.54320023177
32006.351981609045
31277.48964829577
30014.049609615562
30370.968519022244
30765.445365502346
29070.839196702305
30085.495615396852
28686.406898511283
27378.855434212142
28144.172186016123
29862.469660502422
28538.46788085073
29255.48225154603
28485.98775402565
27362.963353189232
27326.364107212903
27901.046741792754
26299.458176987035
26780.42894215257
26348.379295206112
25386.49294623747
25854.60512615734
27503.779620743862
26574.05754316998
26919.520429233948
27070.170872123945
26175.661024635214
25587.277171308684
26326.24319913108
24481.814704950935
24902.843298984168
25133.79644679007
24072.753393280713
24202.600485661464
27126.775579083722
26097.976460992795
26108.673810837576
27257.96081640729
25049.885563659045
26114.287524108466
24059.845406358574
33109.716997286945
32377.659881190426
32644.673888224635
34133.035318902446
34007.86883538394
33644.26320298196
35441.07835186695
33066.18282062257
32758.348171802812
33871.83776418347
31280.66335376288
31922.631276128574
31205.739094945013
29745.348290818085
30517.3729664873
32468.538918170845
30818.45502241486
31892.021118053264
30494.933791493342
29438.810514560922
29582.150221977274
30055.75309280954
28476.342112275786
29050.590563582715
28492.330828625112
27794.602070881534
28040.86565098303
29098.129184537138
28467.70233592197
28829.846725499963
28588.643931497754
29466.224145770808
28338.509781557
28667.15114292618
27931.09499160228
27766.50816470015
29318.727543319896
28413.06615462657
28191.92898293523
31927.48803279923
31317.193162552714
30543.331874565763
33152.07124349734
29867.86676235719
31417.53208574908
28498.949732146702
34624.3953454193
37185.2494539565
34267.57672158764
36184.029479642755
37076.26127714709
35636.748590732575
36694.55784828671
36065.623586217436
38261.67972958246
37321.048838860224
35823.89796135909
37475.45402877944
33232.31804205426
30635.68375137243
32763.96430690089
34544.247362547
32477.933993142815
34023.63194867728
32556.50647372425
31571.10252609974
31459.791746451287
31983.797199557106
31202.43275581774
30952.451539348265
29897.131019193417
27665.227990274514
29436.439317411227
31148.338061453163
29522.370255319645
30477.154714207965
30812.54693850942
31190.869264069595
28398.165210852967
29755.44083068224
29897.041571729427
28107.79240504426
34025.930005828704
36179.12075875724
33441.384404772005
32807.77633999452
34931.686238584596
33418.306971615864
33541.230999168976
35316.51226586023
34576.10041094825
34787.209088068834
37144.975933071335
36764.96106015094
36649.03081410476
38388.69507276632
37437.778316416865
37723.26020172653
37421.21316992705
36325.12101091175
36656.425094725186
36965.38196129773
35847.93409321519
36529.26755980158
35209.68477287853
33915.66261728843
34890.4796434964
35904.321418230786
34712.42354781265
35546.29452153876
34213.39697914128
33168.879244244614
33528.58817388199
33899.44799452238
32361.368172671595
33074.946851396715
32230.825419739944
31398.55506891563
31759.454492209705
32756.443529292716
32093.546785056205
32558.219368047034
31758.310918140363
31638.598389593404
31707.718714597893
31798.891129565094
31802.003667114048
31417.17117300548
31925.359267049225
32683.746468181922
32336.843808184633
31135.384693182656
31408.059241306484
31537.90128663331
30555.333268905415
31862.63242202579
31184.41592017848
32634.09801627479
40003.33540219301
38635.80780625166
39143.97153429743
42104.70907524764
40272.06353442419
40985.23158277026
40206.00204606437
38307.238267534194
38622.63542098093
39364.73949860097
37180.23718757354
37966.74418167724
36719.376338277725
35381.41893419277
36301.134140030605
37616.78326660124
35980.22018998574
37156.96022498983
34948.93504682543
33780.968261988666
34683.62162115639
34844.28331866335
33621.48187556073
34473.92107399818
32866.49339994668
32187.666865234773
32852.420625320156
32694.072391372592
31937.430301660617
32811.5446962446
30858.38722633339
30447.212304210367
31416.783759981932
31154.530371280405
31139.155506073188
31623.436319565222
30272.716655584176
30325.16046925268
30717.14455978747
29314.989088796257
29224.635137090478
29802.85727706527
28069.181567088297
29333.609563869533
28711.639287062702
29940.942556721795
44833.11685786048
42426.8770952021
43384.10878959461
48342.613684267955
45280.531442378386
46493.14577664892
45039.50655684549
41389.85078319167
42272.91433407136
43555.636891294926
39685.60071462138
41166.49958163672
38538.52728508576
36477.100845788096
38073.48456001453
39386.968779376155
36627.023946776324
38968.47728296158
34066.19909165715
33100.058315311915
34894.0746120089
34627.58332249608
33664.2910668259
34978.286807003686
32275.855467160633
31494.780502209564
32515.789753019784
31640.847922834157
31030.962466165158
31976.11260107359
30013.947983016897
28973.473577733203
30262.156955204955
30050.758777589384
29657.033447713286
30551.30611922918
28324.843105425476
28052.543166482134
28815.224678739676
27476.120169914284
26825.968032872897
27865.29781434867
25171.562207865485
26703.445144490026
25963.361396421566
27403.449254737934
52267.22260330738
48794.95817690096
50324.44710884584
50989.89209566491
50269.257679242
52446.80416807655
47358.73181522838
45841.641811682726
48367.10769103511
48545.52952998085
43796.88173395775
46751.29947198367
40056.490876320415
35910.72291788903
39765.18363454766
40313.73094104693
35269.21083581871
40245.77589110368
33622.77539714402
30391.80102884041
32074.588466151952
32263.23368551022
31595.43905406848
33133.5705195563
31017.622472337636
31202.215561629484
31291.139700096086
31627.353890842296
32168.765545416685
31137.070630668302
30468.41798399266
28793.325066989135
30838.443299213068
30881.870096689036
28757.099759031255
30278.59476852577
27089.650399212096
25667.30418114084
27198.96184846304
27323.354563925543
25431.013902386207
27130.08796392374
24399.797637075237
23368.987400330225
23435.85441491135
24310.63964637689
48147.864900956214
48127.44178582078
49517.80708749674
45993.31861294931
45804.194460102524
46969.96988648381
43562.80405986109
42305.844791164505
45048.00331187213
44217.78113302324
43434.26531802802
46097.70400404101
40269.84631106934
37269.73048182805
40304.37940190008
40148.63232687313
38138.76635038902
40213.6323069998
36669.95927659818
34645.111421423135
35679.46318788942
36256.58497437123
33182.865061690405
34830.87153119142
32753.81308703676
31396.48445748989
32191.333610158807
33761.93177743476
32066.37249511729
33280.75435981725
31354.21281006944
29773.742075969323
30554.470423583734
30911.273668153615
29061.310926018734
30364.49872729992
28146.137584669083
26366.98745977707
27680.45640292525
29229.605973512524
27675.4209321311
28675.648568024
27533.74841453758
26088.204871987997
26836.325587188883
25280.34991432084
44574.91928725204
44257.53428736367
45206.68778098393
43695.878099445
43323.52186978671
44067.50711979261
42206.76242863046
41292.128046799655
42663.39620480132
42387.22138592639
41637.6186064446
43041.156128932715
40064.73923615543
38524.51195469858
40093.31518566348
40139.11171190292
38800.65170334402
40076.48302590921
37741.64806804684
36209.15607749884
37252.62420440987
37500.30547080176
35541.29146440964
36979.76466330334
34602.52881274725
32960.504954394026
34199.963302660355
35306.19545958523
33792.285187823305
34963.11075996555
33082.80737805076
31699.227852073007
32272.848174639017
32700.2053985199
30753.548202433543
31816.3207777223
30310.056893354857
28915.97896964825
29780.93051164612
31237.90940127186
30004.57829735628
30798.491021112117
29822.192621791095
28780.020349906066
29329.098273188618
28180.964266136092
43227.49020535081
42844.39693323716
43420.803537956104
43022.6101446979
42725.63582933924
43102.05744157236
42376.793302278194
41552.36652730171
42122.886603323255
42211.43913548471
41256.32136969865
42119.68883961168
40452.57790204905
39161.92096735613
40261.55114332466
41091.70052584582
39731.277592768965
40722.3594230375
38980.20364846702
37391.200222301646
38280.70582165271
38605.48497158824
36800.51793205276
37990.94911634869
35896.101670744305
34480.078792126995
35617.37735976052
36375.198195927194
34959.28577868086
36151.61386465431
33955.83020334108
32926.75010141277
33689.69044841043
33874.945637219666
32462.924179084905
33421.13512923175
31916.2181257991
30881.383586753647
31616.196626668498
32243.324504061493
31483.379649798757
32132.722981645373
31198.548268831873
30637.700986398868
30947.51686390323
30260.37977983485
42856.38302626939
42817.04728326104
42958.63712002642
42154.093630705844
42748.77587316798
42631.22490790131
43268.27168841873
43425.186783395824
42863.57054388075
43117.25661681516
42227.623084720595
42603.51651936523
42288.560185053095
40675.397001239806
41605.832298102134
44484.78144207182
42332.61622118986
43215.702145035626
41827.735935915865
38873.42793070378
40050.77095788707
40830.19414282955
38034.79770347107
39460.87330096222
36670.671644122514
35127.85688103225
36552.13384336016
36675.15346185096
34700.58721698005
36715.670949009145
32273.581304720774
32146.151634313002
33652.29759058457
33135.4187290503
32927.89446894492
33899.03782964683
32039.061554511656
31730.66730335554
32221.830938736093
31106.24224960657
31568.575923000673
31676.670230203614
31756.780260235202
31523.152449115365
31631.935756071154
31387.11205011334
40611.801288762275
40958.687250349496
41357.593479992924
40077.462343985935
37843.48628013918
40158.144925070104
41866.91635269088
47658.88853027237
42636.25837179166
42239.929763820255
45797.25179237807
43141.915283821225
47664.93723551132
44908.81183819263
46128.330618614156
44706.840324991696
45338.94618695136
47084.6137526181
41896.735049987314
41107.59485929776
44009.173976698235
43586.99730454857
40278.700237066696
43010.89156365695
36427.54854244442
33081.49257454278
36561.00153371058
35883.063817991104
31547.8414317474
36192.61282016419
30723.835113902176
28979.304016852217
29628.98225533346
29608.129417478034
30209.067268835304
31002.226539687603
29691.708000073428
31077.314209860175
30378.051742555217
30161.833043513616
30799.866364824687
29647.64510873428
31725.91974832006
32046.105658063796
31990.513201475358
31941.495176226148
39460.7771672003
40155.7553755572
39931.23160183389
37925.42414421075
38873.682071361814
38752.72768331184
37960.40835192234
39108.9885730805
40117.780783663824
39038.34816541322
42150.75193741021
41109.44649396648
40475.428466837046
41643.838530242836
42384.329440680885
37570.38889990481
38302.920469323006
38896.36684081759
36214.21763588892
36062.662541117395
38621.35147876093
37326.87577431269
38030.25301656452
40143.955052573176
35157.85303246328
33256.57824162469
35559.6767422179
34158.76141980419
33384.89706757807
34688.5965554624
32267.604504878287
31591.952833125088
32140.288359815568
32323.31965104705
30816.551639425918
31634.224928479794
31021.310997485343
30968.51392309687
30678.19921538537
31170.861145654588
31016.556683179268
31180.84998572176
30778.61127493147
31202.95553313099
30994.948370686074
31432.04720932943
36184.54610038128
37011.11333199462
37055.8273172044
34496.70720394165
35187.61750037155
35328.08544078293
34125.81106283745
34761.78997741546
35933.49812910495
35000.161666773245
36739.02042235095
36921.35226034054
35377.880097382775
35902.93822999266
36410.63980572523
33584.94890172308
34031.2636480771
34442.90979948456
32804.65570286013
33001.02218825637
34358.46512501793
33552.66412758133
34446.364663548055
35237.20686733986
33011.70301278564
32775.4378933142
33598.87286058422
31849.843207356706
31858.52570641518
32431.886553340893
30887.997017131194
30857.587735284298
31724.101136996534
31328.708128546903
31464.98157226273
32046.560886028772
30784.2068278981
30728.084187131153
31025.522511798565
30092.15170823312
30149.070794943527
30467.133685447247
29538.09100490804
30233.295695259323
29900.785322301745
30527.001119859975
32918.2496569065
33507.881174587696
33693.679220498736
31453.724038202712
31958.569416259572
32175.16146215543
31033.167098755766
31568.135685950474
32513.78663742372
31760.83240042539
33059.6495703003
33299.47640576523
32050.247153772478
32475.949318792744
32789.744681287906
30729.215531761816
31146.553521558406
31368.50751334433
30377.309980133192
30598.2074079175
31477.042050639073
30891.932559003675
31715.109934972228
32112.06624648032
30753.98473251486
30852.799216222764
31289.409161006155
29817.525983262654
29887.413270499204
30258.93902025384
29066.781635537962
29133.986374950055
29961.895382233713
29507.492499095213
30032.573061133982
30431.021224936667
29249.06644247744
29386.57173483191
29684.59779720492
28330.74856344203
28508.310144783976
28795.75876342781
27812.808480581603
28721.889404875546
28278.80731773543
29141.47132044101
30034.60853795567
30501.745670939756
30742.593815842483
28591.917953130356
29011.64264232216
29325.072981012574
28095.7041254009
28919.122194382653
29616.392231751306
28880.982650536876
30212.87161572943
30327.080083454664
29586.456477056632
30055.30719977163
30134.785932134062
28599.01735905782
29261.99595340943
29073.42208319452
29333.791704687315
29340.353467941524
29596.79936225476
29382.83916665025
29740.75294585384
29934.927699129898
29191.484775305405
29081.120481417373
29453.899775375467
29166.488360042375
28601.39058802694
29074.824842868216
27750.83064877562
27361.13101623379
28298.441233052446
27988.67393227767
28235.96452295629
28661.949428537875
27354.600047641714
27542.809301702215
27850.875178500453
26234.185919784242
26451.956443587384
26823.883251793653
25670.46954693529
26807.557607390223
26258.21959156088
27324.631972246505
27003.375883756333
27287.577139327354
27822.451910569536
25071.45245722421
24809.47427225826
26117.117124447057
24763.807072175485
26407.334069188502
26256.096362133223
25269.140752289102
27568.341336246387
27226.442099268985
27722.740563090007
28846.418821508818
28148.64125798739
27168.8170178844
28573.719851754147
27336.485149951204
31001.648546254284
31943.62410832124
29895.12613758673
30513.269558468957
29803.757324429138
29494.38124090473
30330.471801932967
28740.143313604538
29550.890018447197
32427.92637058621
29937.25517384523
31521.74483026792
27777.231817359403
25211.7688651182
27532.088917156376
27595.591651571463
26425.686445430572
27593.259533087075
24668.36830578882
25093.035691805464
25537.33564723166
22936.14281293065
23192.937879174653
23604.735730550718
24422.888772039172
24447.387660256478
24044.81530910386
25052.409724885485
27424.857920679882
25021.87439449043
26322.30105798255
29466.718108624256
27966.05822180483
28467.267069084548
29083.937003250772
28343.891915157823
26725.78675766247
27949.31322071149
26656.548905184136
25497.240592484603
28268.980267490228
28863.545957931303
27605.87654241197
29723.62797033483
29735.4679646007
28977.976191770103
30594.887129727722
30790.999081015932
30528.39165256353
30437.239841356582
32287.807083873475
30829.18702154985
31009.891274896996
30285.897323471283
31867.425262108816
30520.44125783867
29763.685929531533
30565.834289582643
29124.04536844306
27429.57123693458
28203.867901392383
28611.011602715218
25531.15451352457
27928.728521173307
25308.686077870632
23497.71551878417
23914.96736425146
27590.375528368706
26074.291721120142
26527.582383438268
27007.424500396137
25085.59114544002
26030.604888237594
24356.49637976275
31392.091621990952
30197.64388668374
30437.102394047793
33303.92281057751
32213.8032376759
32344.14126654454
33160.61180833255
32162.4684907446
31157.241212586407
32155.886769767683
30265.0173529388
30142.891201142367
31330.16799943374
30773.947216381323
30505.087772264073
33136.32392684623
32243.389212076934
32205.625036520476
33044.06037381326
32124.055406964377
31529.89632910103
32229.381046166913
30990.594480142445
30968.4042833002
31262.60616905899
30333.996792747195
30778.657481537266
32690.89184021806
31596.63220106512
31909.883825549143
32046.54981531129
30794.922305784392
30433.97340514658
31206.89331810733
29105.084519872707
29735.68157663238
29493.001136286024
28178.335717169462
28562.893587737606
31331.016698693245
30083.68307435392
30410.137160149836
30763.01315701427
28913.518022710068
29842.19925971475
27970.309840376693
35278.512983504705
34224.18608607461
34279.970258885005
37355.58427490556
36328.202595285715
36303.34444089324
37479.145340873765
36332.28028654218
35244.81025666724
36341.192714832796
34159.23466125704
34186.78947219199
35175.854604859065
34065.46681885904
34125.617413853295
37465.2393182993
36197.07907516838
36288.70077077266
37209.553352235045
35840.424383669786
34963.37288064445
36046.1319541148
33799.38503305307
33960.43981817653
34537.43257107082
33282.514009739774
33572.012187870874
36680.01180549055
35257.05567280945
35576.12421630811
35937.69441359228
34540.90471584643
33903.66914610178
34902.58868856975
32605.708660253375
32948.55193182258
33212.21124386754
31948.073402218404
32264.081645535978
35144.74409030819
33828.442124555535
34174.107055594744
34425.74654312454
32598.130949480463
33514.23619685896
31680.88630803116
39530.77858713319
38560.65807970596
38433.285165126435
41738.39678499115
40894.39537894668
40637.77845875829
42411.13370380165
41319.258207635896
39875.38854090031
41131.2595444382
38712.64254325126
38658.56160696477
40011.22254129131
38622.02200059476
38705.904955414706
42881.199777632035
41371.377257750486
41411.91999384234
42688.55139080323
40822.97771198304
39764.879889598444
41171.68246535603
38183.681125668845
38449.29013142656
39063.43326574791
37446.43517317809
37842.703406028566
41681.45821206544
39783.51208784613
40349.880082056785
40250.95087506468
38572.63270392095
38085.81100441173
39175.5548125501
36559.70600499945
37000.2470199349
37071.188425716966
35704.9429761832
36115.09745957412
38860.21410441989
37492.924717631846
37992.92579548381
37837.859588960215
36204.23648177859
37044.903507242154
35325.95045265497
43830.75872308526
43220.83012954028
42810.82645545533
45780.22771089689
45123.41347049015
44790.11475060499
46258.48838568474
46870.26061869611
44837.690093832665
45788.48518554618
44110.884806443224
43668.60138526368
46139.42573429264
44556.37866769239
44459.596957403584
50020.876931389874
48499.490274437965
47972.599497947645
50265.407883687236
47071.28181537027
46119.744318433666
48104.014785324805
43797.887750316564
44328.850508446114
44453.00866332727
42190.98544902218
43048.69601263476
46967.82619588719
44488.04995294992
45799.76333709644
44009.73257818796
41867.29236052393
42268.4680365668
43173.21927608406
40413.174674550886
41289.6106984867
40240.77604956197
38990.7111206173
39628.41817612626
40845.34963204122
39783.56088855462
40654.90397841698
39526.688704821296
39120.31873396276
39504.5238817926
38547.70828419294
48227.32273250428
45309.082425030436
47388.11623100024
47695.82571494009
47268.15269251373
47577.94716052219
48661.50531791468
49752.482121786954
46504.431661717885
47892.5449076584
48651.695638894395
46041.363341084
52916.97965746514
54302.4254697166
52178.92724633506
50976.72390895618
53031.922635968884
51954.08685914824
50973.28897610876
50286.9862116217
52930.50042898162
52105.26669019293
49690.25931867339
52263.47391633512
48305.16165195529
46199.70576611086
47799.2616698593
48311.85265131473
46880.20590292156
48503.54510243534
45368.07111012247
43742.946498199206
45238.17924935227
45358.98640852264
43292.47973792019
44778.832304331714
41324.77501972916
38845.85634839496
40962.86193309421
42525.1846933617
40537.49894308196
41934.82238847782
41175.46423458551
38686.00640703307
40454.312071568085
38656.449580026994
47981.8515069858
48316.398278767185
47870.880914108355
48063.94725037291
48396.20861404156
48038.624206297085
48515.1447572578
48909.47034335194
48843.17477536768
48695.59548883421
49593.99012495047
48881.76565508888
49545.48955746664
50382.564702450414
50194.80369672444
48518.858101104386
48829.36851753709
48977.6272963299
47799.435940693875
47733.91042336435
49118.15462769331
48411.41874035621
49064.79364064218
49963.99795159568
47391.81886126597
46607.301634759075
47888.57106849313
46358.796021879316
45884.73412058183
46864.15425426903
44544.8371475998
43874.820138757386
45123.578232850305
44867.336309816565
44014.406482026636
45295.56379540557
43009.04534149284
42008.26569482151
42879.72546913538
42782.810440940084
42182.12577873692
42962.0095441083
41355.14955291303
41598.23823451856
41535.14099261908
41504.98743280921
48128.720652307966
48266.71559241055
48085.919256642235
48344.66178767165
48233.71886793341
48210.60311508001
48118.715319688105
47901.34381581438
48210.54183873436
48130.99694995088
48302.367968200495
48344.58328249316
47795.433519251485
47779.63392778289
48114.93135596263
47366.08045983524
47042.96330588833
47547.834680589425
46095.33080566938
45722.73899027881
46824.98439162013
46439.69546424613
46631.72859622592
47279.211645965086
45393.57383373106
45016.72438248727
45860.68488591227
44496.114158273274
44104.35108982456
44929.07430743057
42788.3440902618
42469.46489490208
43734.354219482164
43277.09781702807
43305.08523018376
44155.398384595865
42126.01706469678
41753.9859053002
42498.54294370724
41217.61671653861
40985.730142065826
41702.18567544516
39894.01887341098
40746.08123586343
40349.18939915014
41080.146904052985
48799.375494053864
48435.86195081659
48539.50069316265
49570.06555936695
48927.974693267985
49138.991500279815
48856.60531473542
47987.23266294702
48327.80356501063
48554.736021208286
47790.29046769963
48182.60267505325
47224.77180856776
46594.012034018626
47256.30136305207
47420.407168124686
46406.002810262165
47277.67165709288
45279.04919320215
44312.257265642635
45584.56054869435
45402.58942632945
44953.12885361961
45814.278529373965
43631.7765713033
43148.65727869616
44052.87294326884
42746.57096883723
42107.98948307445
43193.43611465614
40449.92156847814
40219.08385668187
41714.75940305674
41106.514594407796
41444.78504442669
42270.647952856925
40093.19096504838
39997.00836363996
40685.74661664807
38743.350629672634
38808.72388651443
39455.35577145232
37657.533025759425
38859.3721227995
38280.30873365603
39404.009325692066
50666.70826283093
49762.5364798613
50066.15503604234
52136.756855282685
50830.67196818233
51349.194734802484
50198.20241582948
49216.13715971928
49661.22809692401
50022.476142533975
48542.04406143949
49240.48479106621
47981.823729143536
46557.66749052913
47656.042311607365
48919.46664082259
47294.74651437952
48427.439063818616
46054.530353027716
43353.2820813843
45304.37054703702
45554.2772611384
43761.75364627258
45233.86180453841
41735.10630909952
40886.64118359448
42268.842824262596
40289.26297832281
39232.54317691372
41091.406059783134
36988.5996342171
37035.61225235622
38878.5273886511
37960.88897803188
38736.56967221834
39709.54409345739
37104.54645297475
37386.88084835239
37956.359079948925
35275.17635296181
35635.54097989841
36195.00393644812
34786.52299436349
36289.07614207838
35548.04714182319
36985.78900575203
52918.06103277724
52036.49886178676
53008.983325662724
50678.16881695046
50927.95624875519
51755.77857688571
49062.20664784228
48591.800331284234
49785.64739928416
49614.01367174197
48547.16968741469
49984.815353149286
49166.97720680178
49501.5426261113
49397.423279103015
47207.91159201139
47358.4709228501
48206.662306309205
44131.216719960285
42366.06459760091
46440.86373327225
45234.97992552558
43299.793954283
46696.6280975055
39077.6774667139
36146.08853161991
39405.628217506805
39550.89993914527
37030.09240765932
39354.72805087456
36411.48806358002
35528.084859377705
35739.48937376821
36055.95074758644
36685.42537110144
36057.072922122585
34167.342380648544
32651.964010927713
34473.584031166174
34702.8557587242
33571.12456054168
34381.5120909007
34163.02562656468
33952.211883102165
33953.99631012178
34220.85603063124
48882.71675504631
49141.14646685068
49726.446605773446
47546.31910974475
47595.94706818014
48154.95981663964
46187.185013648086
45860.3365371977
47549.67372262748
46818.71203900532
47372.64165913294
48327.21267196113
45462.24767252534
44944.122244663326
46284.573356834764
44116.44779481058
43467.04181827165
44739.98450059022
41570.04590095896
40629.60408114787
42635.86894078682
42065.1498547352
41424.142024395376
43298.22472526599
39435.33459782589
37933.06647410329
39557.77986254346
38946.7933069667
37947.71540560001
39224.819577805734
36787.673330494414
35987.901821530395
36832.964889145806
36866.072701347766
35724.559151385736
36680.899636781935
35209.90165514591
34531.11065374928
34991.02014488719
35344.26692760291
34851.93237773064
35327.638037410245
34576.09429275454
34474.87924509034
34551.22244252626
34345.75376387461
46678.540207741215
46458.97828795781
47039.298326074946
46330.92570010837
45826.59795351648
46439.048769306886
44891.33138203002
43991.131511932734
45275.48515192317
45003.05121830844
44709.03471161753
45672.25812488387
43161.734335302885
42378.815464598876
43599.27068546839
42589.932616098886
41545.602440069335
42823.34293477348
39795.97633591181
38933.56458956524
40656.13234529433
40221.60522284406
39824.92958054584
41095.238902155324
38224.19928752066
37534.04741006256
38621.31639414755
37213.69247974963
36741.96531832823
37760.55820965029
35402.42045849915
35282.05813236327
36311.15372522618
35909.32535156709
35843.63311562462
36603.05190817751
35090.09851304507
34839.02282354234
35264.060068083185
34491.576569072604
34545.65100506498
34833.36702342822
34231.4832251961
34480.99060935608
34371.03122696866
34551.43781303333
46525.76850559166
45784.89571088612
46361.24347578093
47154.39354236225
46415.30081368632
46802.03864226245
46333.73296169409
44395.59533405829
45178.49178488964
45638.22322746062
43823.90951176738
44937.18348386031
42493.336871318206
40939.39036142543
42469.62731177332
43131.65679879695
40672.65392694519
42698.76361396801
38105.20493598182
36522.46708657184
38944.81478165703
38529.06354707187
37874.813929004944
39375.740775479324
35794.46485538703
35519.61427966166
36569.29890358405
33772.465727947354
33703.24219093098
34868.636322449216
31954.93990698884
32811.51064943864
33971.24140354381
33032.97644877019
34287.32932342123
34760.106975114395
33542.74431620678
34009.29343935622
34054.330036237356
32260.12764103281
33332.5022133215
32936.9139632677
33848.179447074945
33937.48407005076
33844.95220474581
34077.789317351075
47572.69949281731
47661.91996195793
47486.987851622296
46998.06303771041
48048.93108885685
47429.79720622599
46606.80971758808
46675.644882686356
48108.619961372955
47823.32499935757
45975.22006115837
47247.03239287139
44517.398430487185
40961.619097395
43817.52696029419
43209.58415706397
41184.88472994197
44248.9353675404
37363.168451635815
33741.59938563984
37384.2699167305
37277.46925660383
34730.0274680137
37713.13069809527
31453.24743167409
31190.336531935147
32532.476595560413
32416.784285010865
29918.84977061089
31472.068443457363
30743.263046796597
30491.47749232635
29888.701255531614
29910.322051367
31045.19270565418
30820.015430447787
30807.775536775738
32500.49242201086
31511.8204070937
31412.590758578033
31793.785996949657
30820.569894768287
33771.506851039834
34641.96830970739
34411.52512748643
34039.115824776396
45794.793540453524
46134.36581916336
46404.33448873387
44889.5724029305
44678.06056191097
45280.68692875739
43254.59687391611
42553.35615829227
44487.23307190098
43768.938409720184
44135.87237067829
45432.680896520455
41568.98250491437
39956.09174528062
42268.5306509755
40709.71047255986
39421.31825963059
41060.66536018209
37843.76012416134
36205.49350651503
37628.435940395895
37748.90640753656
35210.93906109259
37493.64276941496
34253.2420349517
32244.898330983222
33417.628225575114
35437.41901117746
33952.12279718626
34913.501011801316
33961.33706018019
33043.70645960004
32591.70321872961
33343.880051001135
31670.872759087895
31705.580426809975
32540.96435476256
32666.335837332645
32002.11988009026
33432.805902796994
33158.00343311191
33007.02070177175
33462.61468111626
33396.46635670517
33399.50539924851
33495.68536344997
44582.460058574965
43897.355522945574
44658.28643224528
44970.15420254906
43801.20410739864
44681.262866097546
42678.16955828928
41264.556928857564
42700.65971989187
42622.26892748309
41724.58355495599
42902.02147731552
40198.19654312053
39136.93265817219
40440.25701702383
39551.62572978503
38789.62779671304
39927.068727290214
37781.01742109166
37136.13271266332
37920.02616066456
37881.4351468556
36795.695549411306
37903.98086835025
36171.02689428505
35065.38701010712
35840.797419065275
36778.53039526131
35851.67491677265
36467.655394329646
35714.415521487535
34923.440679958825
34929.29299703396
35340.12649796236
34073.29063195637
34486.83048892795
34178.56109185201
33653.4922393914
33811.7264568084
35033.78114975627
34201.687658398776
34570.14218922267
33998.782016473866
33683.912280979675
33828.50209559972
33561.302212302675
46140.372025587945
44563.23632401382
45492.468008417025
45775.93955453171
46384.23323075882
46506.325120203604
43086.23604292409
40616.692601327886
43385.0406555195
43712.986859649856
40839.606902269064
42908.83655646382
37952.93395250208
37806.242639287615
38920.2492968842
38013.58731296919
34965.09585740831
37241.94262841695
37939.53448531359
40288.217144767885
37509.29742638057
37596.42407568507
37645.619246558155
37630.86852908805
37855.89867704841
36522.25998804305
37205.60563119439
38795.94662728236
36756.600679323325
38552.316743823045
37596.94957392262
36544.23863660998
36215.26317482311
36540.59178746877
35823.41809814833
36021.68842976146
36690.802542501486
35173.672830241674
35696.698302923505
38194.50497914947
38302.28776656045
37784.136693419474
35814.66134383915
34335.08546214555
34193.13195289604
34200.801914477655
43993.531979185
43902.24158865483
44811.74092088906
43022.17262711403
42485.87120270386
43409.260304846466
40852.24635381145
40164.9800459983
41797.58678349112
41317.779923846116
40500.26213039359
42363.88666783959
39324.832347395386
38182.00464657314
38894.90282707664
38990.20417413413
39039.987450117995
39340.99021957183
39425.7987572173
39838.51696229914
38945.774667649704
39287.11693830606
39001.39557432335
38469.21218157596
39696.36021519051
38916.125494726046
39119.965042787626
41253.78657751737
40847.821114204606
40427.40954087747
42255.766222022314
41040.87282213769
39905.53268263258
41047.91236153014
38802.43427917513
38784.0458646379
39692.40339337003
38216.93824636383
38762.39847690328
42045.744631504196
40396.81108313779
40832.77293901882
41085.51636646848
38424.488293922004
39747.738051198896
37131.89060100497
42889.87187973887
41811.01629830676
42874.671147432506
41244.000367771514
42248.711276895985
38553.107550387445
40015.08311917847
39830.46175394303
39107.154627623815
40408.70377361956
37666.25214844885
38371.963252204085
38342.68915181099
38001.152767688785
37879.200990210964
41221.37985919866
39248.40513177615
39435.38461122845
40774.98305941065
39362.39136867049
42863.2862520819
43159.72872503582
42138.483810328675
44180.55996041838
42853.42971218847
44225.19441072059
44440.46612854404
44438.32622081226
43348.8269745985
43472.238738981745
43954.716949424575
42916.4414314424
43174.776589305664
44037.34205213489
44139.02414993363
43541.991491606386
43626.48190250408
42400.23181796973
