14934.512701513608
47864.00564288661
31141.210828873893
22768.992271717158
14264.411322628479
13705.167860945729
13370.277820481606
13023.104698383757
12546.705889369261
12057.227233371952
11490.762699163319
11048.326654886134
10720.013621536455
10344.999872860246
10147.834505213415
10013.083129471697
9805.777464225275
9554.469179849271
9279.330671817559
9002.760177781282
8600.391047048432
8242.614556049612
7894.419955478203
7461.595828626929
7119.066627860096
7190.110091548146
7968.599746181748
8736.304329897965
9577.364240109338
10482.262983571196
11446.352873581222
12468.636024346688
13551.265823800593
14698.363246542449
15914.759381797348
17180.632562934967
18512.22856018016
19917.58634263144
21359.15263066936
22820.227749487327
24216.464052198462
25376.69363187954
26021.137880008246
26132.439949882424
25960.743378135703
25662.31270275236
25310.46716839884
24941.085359909295
24569.44717770678
24205.987200759242
23852.074406888736
23509.85496729755
23186.664002860132
22884.15165818661
22607.889637966065
22372.495755976695
22188.532564391415
22065.933089320406
22007.096939842362
21983.11788181811
21842.26755594749
20893.04016771345
20715.80810494198
20758.057290156914
20159.901049157717
19488.106385660438
18874.261770088357
18312.90810511804
17811.990525536752
17342.96026082979
16912.48997134748
16478.220758398715
16076.645468232531
15656.247920157053
15254.088819915969
14860.39105622574
14457.071756340561
14094.20651284604
13723.130931998876
13382.228680121741
13085.177056615497
12760.077221766733
12399.76251768387
12167.661047423366
12559.278446472284
13098.445398655855
13570.948446103219
14088.020654070491
14605.176886673285
15180.50057765641
15776.552706278873
16395.478444077267
17050.599716210567
17698.319358105295
18365.928618479098
19049.38490138529
19721.695920851656
20399.415681031023
21077.003515161075
21731.59786491826
22360.14285693196
22935.61460635568
23399.36765046997
23657.299396937407
23555.60770033904
23714.624197102592
24326.076249158596
24566.476130789506
24575.074232343934
24460.283899794573
24278.65452683022
24060.393020701064
23819.782861651034
23569.794984073567
23319.209333227736
23074.013326870845
22834.93396032997
22610.853166928224
22411.053538902466
22244.51985255866
22123.572291800574
22067.68537514732
22114.714102595935
22348.5672673958
22889.09581585494
22817.418438668574
22046.0782166876
21576.08399040028
21308.7496423944
21152.37160633489
21065.217683183077
21026.775675404624
21025.19255102148
21052.934724723593
21105.083919345787
21178.363388455746
21270.51898050906
21380.444982842186
21511.229120731485
21682.967798427213
21971.854757872636
22542.0834560043
23193.964181357722
24025.640978834614
25154.917122429175
26439.595909065363
27827.042212048073
29317.374393516304
30922.350837427497
32680.938565925317
34627.34871436455
36818.85629511061
39332.79434147409
42175.22690919741
44816.80395630229
45253.816666374856
45471.24436941646
45919.76624128244
46632.03891380191
47524.660792074406
48517.033558331925
49365.72802815361
48938.0248195299
47590.28280686229
46676.20866750115
45402.72522882312
44095.39017686321
42871.402413477066
41474.312615897
39842.542318812775
38533.31477231464
37853.21252808029
37248.40388402325
36062.18637843708
34549.127460932985
33223.92785627456
32274.865749908684
31637.083587488974
30732.771714055376
30281.672474383224
29693.357552429967
29087.77994770409
28425.12146494021
27680.19149991371
26896.619508281212
26217.55790729791
25827.05499775819
25294.220197387676
25044.288109964877
24919.247417398245
24786.23222818777
24610.87180859195
24403.69416923156
24193.119684292513
24017.422578507652
23925.244416547295
23990.91420011705
24313.934886672374
24969.708649823002
24852.44176646476
23595.512211275545
22674.222438336776
22056.569947365013
21625.183080106548
21322.91684397408
21106.245730043287
20945.69713197793
20825.934234090564
20745.387824541573
20701.79247816402
20696.139470236576
20730.187286232016
20801.483855415347
20890.99040483452
20934.340677488955
20803.194799547033
20893.529583236046
21152.632307730117
21243.681026709324
21289.59729869417
21347.06920693811
21431.243990998082
21541.15719297401
21670.550737795158
21812.00101409166
21958.583095121467
22100.437425812142
22236.65610448597
22368.105576916998
22497.767599861345
22633.90633983243
22791.381520580093
22990.37709651309
23236.413727845913
23476.441890190978
23257.256650253345
23286.20054245222
23268.00164843243
22901.89002582126
22546.008519747706
22249.930696714197
21998.53976093677
21763.391015880006
21541.572649408405
21326.355428977346
21116.167122885046
20908.15254925994
20705.93201670407
20523.053234951374
20368.56668020913
20253.873808165452
20193.455497163108
20205.97493455633
20315.809129257592
20555.178417848503
20969.03866859266
21595.256331073084
22378.962943901046
21567.58812164571
20914.978586701025
20480.424635873707
20224.687537552738
20103.6099282671
20086.509925172548
20151.409206689692
20283.014292699452
20471.36205397552
20710.9139300293
21000.122185567878
21323.30371838026
21702.509344635262
22143.490051880293
22654.988144518098
23266.064156427747
24003.048185336775
24894.39726052481
25963.87787830397
27155.661322017564
28084.4522842529
28276.99104192638
27782.794779074233
26898.018751470012
26093.40351835165
25445.15934795201
24939.369568081172
24540.886804898393
24220.81219077163
23951.67674797275
23710.38875644002
23485.422640168916
23265.472102140928
23042.523322594847
22805.26266928006
22552.979688711985
22281.18435059681
21979.618573024083
21621.296393209203
21209.337315625846
20755.951646332644
20196.587707677718
19520.18268360469
18827.74456462044
18094.090133362002
17324.67934505774
16552.733506218377
15792.31971817412
15046.135742933451
14288.268806640717
13555.449362565558
12859.827613140465
12167.330133790696
11484.012753907544
10860.41581420521
10229.01834352453
9630.434165122191
9147.192477960278
9171.777090329575
9600.780154047614
10128.5937368621
10632.455239938743
11180.207811412572
11715.696442522563
12260.35547079161
12803.005833313971
13317.890030935714
13823.76784452961
14286.181561075928
14742.986381963246
15287.51107772495
16133.267564834583
17092.812330905028
18094.762966488102
19152.03841613438
20316.84420252939
21657.70539484227
23072.90374247839
23186.75281845898
21781.483268371914
20286.076834620013
18855.428212848034
18038.256576486514
17867.16965723835
17632.236126084877
16937.69371233363
16258.080532685142
16095.119912403941
16234.121485082913
16356.765729984969
16284.928015990292
15961.963786691553
15488.613098483396
15122.08934080503
14869.691115563486
16028.401553574939
17068.64702349116
13332.154291443097
18104.58449746673
16152.872531073594
11623.923278778959
14339.120130810901
13747.485428607259
9570.17836879036
10845.224243211147
11205.147418676386
8012.27294022811
9597.195136389102
9496.66957736414
8907.01092723968
9968.275568428695
9935.08423358041
12069.493321880887
12081.480434399858
12211.042599218203
16334.484912628206
15276.210866521862
15207.141658388271
21753.35940508533
17836.734197933605
18550.612384409153
25248.74179674624
19766.5372174078
21496.68046206714
23906.560739363496
21988.242932030153
21914.266389205954
22549.118395848076
21702.968993878567
22199.031880722305
20893.43726113406
19761.200816468507
21558.450432181904
19354.424749041777
15804.54213854238
20076.32687945012
18088.723015834075
14012.255427951126
18935.115607663145
16883.47758415677
16107.44739829082
18914.38788793613
15730.817938883323
16038.371887424992
18144.411097372657
14155.948089085394
14619.080699357466
16876.687134417843
12349.862487744838
12447.893596689926
15289.875823454826
11223.07602049021
12187.871680368491
14906.82564894963
13060.733493449203
13059.294004814019
15687.689461999993
15815.078506090289
16091.440361688527
17753.72463418942
18823.875406176485
18833.535911950978
19570.22218456881
22080.273251469018
21200.30952500579
20731.28684967785
25838.488961080133
23944.101886337063
19961.571813322593
26071.42280359141
23806.673030326478
20863.2985299065
23837.519834545823
22620.12355218767
21860.340384952397
22001.719850450812
21175.667527436457
21217.076759785887
20120.414597136605
19066.35666234765
20044.45359088788
18474.495468644833
15824.981565454296
19123.745996223297
18047.234558637778
16098.138438483033
18702.532200017282
18715.13809599072
17701.93743174657
18742.78701974924
19299.87187603833
18194.34931709679
18727.509701806317
20322.463772031806
18288.53100932343
17715.903418857142
22780.67009110983
20007.986309847438
18477.22913037796
26372.08703546499
24075.072166814476
23093.219847758195
30619.907406989314
29140.47672092164
27153.897626889673
34597.982016080314
34442.351042003065
30802.454693984237
42056.45612063753
37065.68322206157
32976.64600908321
13660.857964197428
16089.02481248434
14497.926537009425
15589.383536211983
14630.703282848182
15741.751323275468
16826.29730620671
16010.368501028306
18210.927575978603
18530.637601185565
19534.608177814567
10683.036804287754
14118.634364937941
12484.283216434404
16978.19373086244
16886.061444764728
16019.579562198429
16286.337312471998
16806.297604827792
16800.58120554515
15765.651115468596
17272.769833182007
10234.422754357125
12507.565230052773
9971.263603964275
13467.67743344522
17219.462256158684
16106.96858208794
14086.714587529836
15107.93464385092
15320.399349889969
13590.922401930222
14529.400511565476
9093.287453687895
10591.015391029914
9809.24126111623
10270.088830181145
12289.44009796312
11608.519725936167
11115.76845619756
12431.00637275537
12459.986276943811
11337.78612656237
12481.78706934115
7712.753583702155
8679.883204265228
8278.602790437013
8751.942881771187
9910.914896865666
9315.036655448623
9376.864117323792
10176.271391575503
10107.697697870954
9385.821429317286
10266.809837544271
8693.04271197221
7676.243233628651
8046.04166431269
9398.115938593168
10100.177344317377
8630.351435019184
9903.849879401978
9519.271740398455
9002.204583875282
9938.260277301535
9155.79995688845
12182.925553423787
10311.203307372245
10263.940765499692
12056.104235339191
10774.878666853645
10534.667213201656
12119.9006325014
10940.848877148075
10867.037888188392
12424.793085336372
11095.350959707443
16846.822056442343
14077.121531019468
14361.481467788664
15745.45042103961
13618.640099130324
13808.097601477957
15108.608222220431
13660.43030911436
13563.974412737432
15450.651834655924
13913.426609881937
22910.165379424132
18881.84793654739
19665.739962259693
19614.169733175335
16798.800197773566
17737.302523544582
17449.45617512015
16786.99513329009
16505.65020654733
18809.937924864855
17093.365657908278
26607.1007852874
25004.80858495483
26252.73970513409
22224.820524166957
18311.936270154314
21096.559026223407
19153.92502904524
21883.8586361925
16961.538825996045
21318.947420068995
19985.117235867903
24680.701471918343
24536.314948748965
25603.158583934364
22846.13530073631
21278.488812120835
22764.5359535887
21694.491565979588
21502.49134240626
20905.10574008839
22256.372856339025
21862.69346630374
23110.57957331651
23263.580224234123
23868.132397293615
22012.557136780168
22070.95841497461
22571.994728049627
21772.73301648818
22172.84471318651
21942.97370099935
22830.931100131602
22590.34772097011
21789.980817849282
21750.647232467523
22395.87275190386
20059.298326823475
20949.571162520097
21175.471154907114
20284.489412536568
21993.94229718819
21231.564714268126
23162.603368119922
22995.50931304692
21855.422858394668
20056.56852356357
21462.3864475073
16846.116034130042
18065.09685126862
18612.67859446629
16808.16627977219
20926.24570725801
18844.003820360795
24513.015634369996
23524.979316483437
21324.63246299376
18662.494475365696
23667.15624982673
15168.235455974867
13416.01873858114
15017.103122504435
15105.350680575273
18767.18944732841
14474.598218861753
24714.102713883185
26899.214010382817
17739.87608300095
17422.358157458024
19012.692183803287
16156.8645715678
15328.704027472411
15852.352104215883
17041.955091860786
19056.251041527245
16375.138027078268
21233.071123739515
22469.398754345388
16052.566221426063
16345.002844257102
16846.58378593596
15676.529324064802
16283.55202118033
16081.581629620756
16863.836103310197
18597.362586747273
17144.79198605773
19707.300552007684
20390.935254202363
14398.596273415003
15010.753220867124
15236.975542642958
14192.218161554138
15443.672161130737
15045.434939786666
15516.633995774973
17553.182041411907
16297.042356799557
18534.260590584672
19098.22086243808
12871.476582116753
13242.173219735738
13571.985181548202
12135.607472914355
13597.328045856957
13202.020371876766
13399.679375238644
16115.467554334151
14552.848077790532
17791.330926051993
18079.05770821988
13601.575886230487
11620.41804847751
12525.209308820251
9693.863668098991
11460.173288888465
11038.352197826875
9692.712447078626
14525.00686435585
11974.134361620592
17642.947826830787
17812.563682516342
13560.95356421109
11971.021978673825
12881.815628633653
12778.108989070808
11738.918287546421
11304.790589838582
13921.861209665112
14719.562058090496
12183.478404071822
18056.64887863888
17949.616369965785
16046.284116180255
14367.906837074763
14708.450128146664
15800.420334486314
14578.388919628207
14278.270914785164
16735.04047311002
16738.093849870704
15384.444845358219
19035.415953262975
18452.58257862244
18920.40475838613
17300.588494019463
17446.00987189031
18775.18087120982
17498.709073167916
17297.41951291354
19083.178363228504
18708.980409775613
17977.673400136402
20285.085666195966
19661.04144451383
22021.83602138997
20392.611651128333
20430.248456741894
21785.061611897378
20069.96741664931
20249.48120126119
20679.43660465274
20281.98783749538
20024.987006814426
21317.589548678145
20846.959658473377
25709.2602931032
23946.96716556853
23714.343336121594
25407.171069694952
22293.163665233915
23502.676761794995
19588.30675091494
20714.32075662352
20787.482598504226
22748.691524774847
21789.816315112676
25865.10651377669
26644.672034977957
27594.23971247572
25489.223961376025
26298.977044833122
26252.23142652383
20953.215695053746
19492.169150854454
17773.464211734776
22598.76322994209
23798.06910588354
24060.58397275756
24896.54195877837
24895.48338274819
23324.85837978456
23149.781800923134
24305.615596646858
22025.810136540786
21683.79370258964
21937.91832081427
22114.287667895765
22264.125534009774
22544.271349639395
22899.153909417117
23284.420787328956
21506.942074874598
21975.28328538528
22427.753783961984
21076.295211607405
21649.88067025353
21674.40113755836
21540.206337401207
21879.744802003443
21146.260587504203
21082.37569108905
21830.91968547455
19352.191001597315
20215.81402481332
20496.07112506251
19348.956840263694
20649.50426578045
20288.18174023105
20803.15702021579
21154.831001038598
19618.13756636033
19153.880519714006
20488.546519589872
16808.363141573438
17642.20060306249
18078.23414062171
17232.798832109936
19497.454746246418
18277.58650284334
21055.08411833363
20646.23730928686
19483.61297454469
18552.13907384503
18411.88824164793
16700.64490490654
14476.789616167318
16198.305214001413
17062.285218790654
18650.465397649332
16891.941854102315
20259.218606060276
21770.549075912088
19789.0005570066
18349.928158006736
19652.53794326407
17978.306969930218
17092.292873676102
17403.257373113414
18004.5441625765
18661.752834527753
17593.101174825897
19715.52238590268
19815.129637709564
20145.83218161207
19029.878026838636
19957.593831597762
18628.73463463056
18056.647151643945
18353.444641235175
18173.446528164925
18802.34585821005
18197.50128859242
19807.771609588774
19745.854541522953
20477.991114420613
19650.893434927235
20354.660690017674
19596.2243521209
18212.848473455273
18955.076391966788
17172.848269413378
18408.000466281388
17867.0387789415
19938.21001970136
19867.7228189229
22359.8483846669
22288.51004927183
19709.225004327865
21795.57047978037
19110.15862556414
20677.7945918573
18036.79266355878
17050.110471473326
15928.750764726523
20964.318687238512
19667.053423973448
27804.68714269902
24246.766274819085
25120.445942457067
25118.16980915423
21820.348844007334
23176.58542102586
23332.585582020045
20899.745869423496
20782.44880414266
23451.611945627847
22220.6571888315
34024.59456000989
28652.438598075045
30729.699390678692
28835.102165064432
26509.72199725456
27208.67349928732
29103.505878866574
25125.377122526395
25929.73816186144
25240.549415709876
24558.300450101306
40938.710900491125
31877.759361234996
37918.5334675437
31396.5044809796
32186.4956957602
28930.98334236378
36031.985286410694
29191.989762036057
34065.44269098601
25990.745944611805
24732.445586686878
45441.26451080061
38798.504598458
42998.23637251359
39216.26931747623
35796.43400547975
36163.55819806745
35759.56091695852
31939.480167671187
35031.74837112411
30371.10771005928
28858.422751097674
43716.01235846542
47529.529325609605
36675.40911550741
41765.13273181222
33548.961579393836
38141.84110740049
30973.873555397495
13893.95868030336
15004.258071519398
14453.86946700272
13224.9563878208
14125.776603562132
13598.51064070217
14261.027891900892
15377.131314700153
15347.324112565402
14804.401173866348
16225.064032127088
15691.162583057909
16018.509332935428
15926.3454765635
16212.097735620595
15318.576552890703
15562.735919010382
15611.065964769852
15762.588844328924
15487.928995572553
15098.434887450654
15371.68768308185
15314.483047450125
15411.636105879597
16324.004995753294
17884.237845811134
16543.44743359959
16442.898041104145
17150.372559160405
16323.481360540265
16949.103097130217
16798.516730801937
17358.326658449027
17069.94696519463
16897.229154168675
17563.452882600883
17300.257039172306
19958.734365329386
17910.985351437997
17587.354897339068
19080.36994619685
17524.779978780112
19556.833590846472
22148.99111894377
20712.088760497343
22141.850350545494
12145.009315780355
13138.717307412639
12731.73701707141
10734.65537371185
11696.18336585058
11439.788712452551
11633.622902552264
13741.600807351895
13176.006884451857
12477.623630692331
14459.096993755502
13738.731858055398
15132.063021483495
15741.06270728035
15173.295055673041
15270.167054621972
16414.200855154162
15172.941138393293
17923.09923191987
17416.16823754757
16602.78616343497
17207.175464800777
16432.35713671029
16152.78734921119
16900.218732711313
16790.179797206292
16648.333143797492
17251.909365340616
16696.99688568871
17128.28579292915
16058.432544637817
16477.73384612341
16746.335396335086
16490.665162780217
17029.764017657973
16875.560378376886
16991.501947518256
17941.490335366005
17369.99956670838
15997.87379823805
16547.424239183303
16489.96246009643
15814.12787782175
17659.285593892884
16748.093373589974
18575.59679716386
10059.633023523853
9484.063240019617
10257.10460219711
10021.060280749887
10218.511967529636
10058.959346077105
10797.58767952207
12108.182906028018
10872.188144990978
10943.50424689925
12954.73499014043
10913.136601084972
14411.531492166285
17435.42067366256
15187.664702991919
12587.222323710814
14681.829804110876
13457.410318785838
14097.441202162854
15655.39290301012
17042.7798667575
15456.165478570503
18969.473078039206
18169.994408188926
16330.438585885873
15362.76028908932
17082.75349332977
14281.219026318984
14836.960912177141
15319.574760178792
13893.460034393458
14392.075306280472
15062.556757024087
14532.980626216697
15965.16405491245
15461.787450018328
14854.39089875352
14952.986842612394
15463.748962512796
13641.564648141259
14106.225966647711
14237.688952743862
13642.313813650067
14489.976730011462
14110.874693775937
14914.70209033703
9600.612857715172
10093.466542400132
9859.197386113234
9001.004157583984
9443.884243166052
9301.390737802982
9282.139931808702
10098.016036416333
10150.661161073853
9721.18416533032
11133.95656436563
10501.318250770739
11128.723696830104
12457.392890885472
11822.728481997405
9950.450579716273
10909.188934942587
10477.194342486586
10578.555169257455
11489.257365586218
12041.206017367189
11239.748577186743
13232.591317000475
12976.350947046976
12421.666750415468
13257.018900485009
13303.526961853679
11028.405436903424
11744.480478532525
11655.72157658274
11166.904284084369
11807.424563246055
12449.53787204525
11783.63896719334
13103.819423756946
13174.84805081819
12433.68248495933
13069.579606264335
13062.600813793732
11254.01164970264
11931.9671960579
11847.330612740225
11482.750844749473
12598.251657775483
12067.31853692691
13148.41424101937
8205.846235445099
8667.03663619945
8572.52968994694
7461.5555859137585
7986.923236778463
7847.704194779137
7877.060322827101
8296.37671857722
8436.199262091308
8118.9786983083895
9127.820996169523
8875.660779032864
9020.26265928636
9752.111580325383
9409.939083959918
8268.138752376748
9025.18170813957
8592.247549641674
9275.006869691708
9631.758456209654
9638.128861372672
9365.80266283396
10292.06223450891
10076.397884230657
10052.809205671685
10541.189640114244
10446.514892366125
9545.3947078771
9714.381613938953
9722.36302265254
9390.654800663517
9778.384518660954
10142.762453888285
9732.144738246932
10646.672092799627
10599.752713440364
10211.022924337007
10796.067340762573
10703.009797909575
9487.992611609927
9802.717090821323
9796.558382649537
9361.365968135788
10389.168697071002
9894.8297750013
10963.723802506463
7214.624480065972
7814.328585541705
7154.702438755375
8631.19134802667
8163.681547087643
7941.906472673536
8781.944250664557
8265.34575040033
7960.080237269653
8236.355846617571
7630.272539135587
7800.432030469148
8105.151922637017
8572.156943822443
8052.006345930526
9112.527279036129
9022.832429872164
8518.375785071652
9736.900151312322
9836.13287878247
9448.35020644061
9500.76782822191
9946.12043353891
9357.453814886356
9580.387514207638
9037.64626700342
9523.582932390242
9982.626910282317
9448.766937225979
9698.315959119915
9892.195845733635
9585.323849769036
9157.353967865613
9456.677968136006
9458.629961364364
9153.068244143085
9429.52310439076
9146.860192848457
9395.075155389677
9946.675482627465
9435.6633817496
9568.326940328163
10015.898093848667
8863.492989598393
9384.30883736386
8918.565437550682
10328.502859469649
9414.858077156678
9438.704116029116
12298.862178927142
11191.198004205156
11283.489482756126
12109.667100680053
11156.68450133532
10262.429040700916
11152.95884897737
9549.462547970976
9454.897673072315
10405.939542631884
9956.802460338113
9717.672642279762
12054.272899496238
11250.853632391721
11193.122086397389
12067.135841899062
11368.99286149942
10669.12286834676
11314.400000211625
10275.703170721466
10146.861331814122
10835.918708197323
10327.528685214258
10324.950916937
12097.793011115025
11440.031261293432
11408.783743037671
12154.91562018901
11528.510220740907
10895.958726958213
11475.691681054006
10360.091541201147
10334.65775564797
11009.077095754488
10455.611997795051
10395.424563272922
12297.305501972816
11738.075172934881
11610.643829478577
12607.247146998
11242.82195037927
11932.84223126822
10590.183724993407
14521.603725451903
13238.114990777472
13376.42264734636
17040.167647573955
15560.975969641946
15741.8592686062
16606.645853893395
15172.862589887965
14213.857916744975
15370.101998596372
13043.307291359186
13129.08885281001
13941.817760614867
12905.32673771538
12970.091779816103
16050.388918914849
14760.74949559333
14974.159371526515
15477.46616479128
14444.741854437098
13698.557825268595
14580.16368985225
12827.881937807397
12858.106668856975
13572.83452361718
12827.324944198755
12816.381680992725
15153.194072210586
14333.593679236215
14361.971125733027
15132.218978168088
14422.95783471073
13593.149342845492
14356.133340021977
12936.46773926261
12865.5555324069
13766.364191579407
13160.953830316263
13036.688410496698
15316.630737058616
14666.586896143888
14527.564923420101
15607.797903631554
14087.1432241633
14840.951880532
13330.796069453037
19852.895877622483
18208.159242642563
18396.641050330592
22987.711186664234
21234.78582516
21384.095411091304
22505.958482706803
20268.126155786533
19339.44925385204
20864.30237991934
17567.963370841913
17935.07722292181
18319.681092661427
16744.24362776177
17165.408657071388
20725.119240357715
18702.478048602978
19509.10045563433
18607.91501124069
17397.278939682637
17207.975152299212
17974.078124566528
16081.175986622467
16363.652570497861
16555.741220166226
15840.315965334992
15900.985695504634
17402.67551686673
17081.35937181481
17094.894086006014
17967.97023391124
17613.127074423737
16608.634820152987
17305.27873509023
16003.419855043978
15888.036027462342
16962.8074138517
16259.774252987901
16128.292261045339
18820.528528308274
17947.61085745791
17837.646608313822
18786.029006204906
17204.898844840965
18016.114917584255
16398.221232957985
26077.549677515606
24645.651256921956
24594.474961883363
26543.68640477418
26902.337403420574
26721.605329777296
26204.962980832555
25622.07916879665
25908.088802591166
26557.142454321816
23340.035140121123
24257.557696897977
23002.970888612064
20435.083859655486
21934.798332978728
23785.9277028044
21696.8005993865
23621.809403757477
20854.747629493697
18876.12927346902
19587.190824216552
20167.041531558512
18100.49354541184
19134.074628965343
17369.549948084135
17494.388299541424
17445.96015337193
19098.605673653743
17543.589210085203
17929.230748810223
20238.775009009078
22376.73419567472
19065.030846083046
19622.595254536707
19804.743710594907
18560.013935534324
21283.350476379168
19597.053332705225
19990.06103724064
21699.599114146917
20580.60012088497
21851.215781143273
21182.507503573725
20063.921093272256
20627.011777301996
19474.939331226346
25741.25275908655
26112.795336218325
26174.228436089496
24875.109748990348
25125.150701431256
25301.609128853008
24352.14032054235
24217.117050271416
25200.999702014837
24758.590440466192
24878.993095427366
25689.251555514893
23681.572676271226
22561.42565635987
23767.39604028988
23382.632658495335
22855.212337768993
23552.575972116814
22358.811001941453
21724.576540723865
21926.294156676286
22216.90182439425
20616.99586049778
21464.39088761228
20925.474857014397
20199.902300559246
20153.494181029193
21760.11378503168
21380.637485843356
21439.404933370774
21763.331051582074
21712.158394260434
21161.023248891663
21503.01700060594
21364.703816763045
20735.534684183942
21748.374364156796
21641.505454247203
21651.490563221752
22089.522707829754
22065.44259940635
21913.853733962587
22409.791090054936
21920.919242960787
22179.39733034487
21603.599481586127
24075.514486043663
24264.804556583942
24465.77261846583
23335.790922953936
23482.69339588849
23697.477757201832
22841.46941753048
22919.17884100805
23590.657901418883
23217.668599902474
23590.268789165275
23968.483550852077
22913.899154398132
22748.443165793535
23170.673419883493
22263.308982077833
22324.736715278857
22609.240026212134
21815.564160268583
21938.83387713733
22281.42236730557
22094.511126161357
22092.5738345831
22374.21675576861
21955.998432106408
21876.36828425707
21923.97169230623
21687.76635598622
21905.91030423331
21873.589265011586
21951.045280760278
22215.475855392055
22023.564156463945
22027.126293608006
22071.95874999141
21937.085735169738
22369.201032252437
22433.74038163302
22245.28539995833
22499.435587935455
22722.633120525836
22454.4478911923
23165.88141168899
22819.084169589532
23000.696527589735
22622.532170106908
22667.25359861108
22745.223200808174
22993.71306047305
22131.8118161338
22075.203354586443
22375.370306215715
21362.309314483144
21324.278718794598
22084.92990989093
21711.43220081202
22161.900955783523
22460.412761901407
21434.12216184449
21624.362149885867
21873.130852188664
20431.04972506466
20650.663086624423
20959.4593485438
19817.13487942245
20410.083706633173
21006.831085933118
20457.451924696237
21373.095782088123
21450.56292544061
21025.987492866145
21547.547301707644
21404.49848490898
19920.037835803396
20813.939431625535
20526.915752448527
20849.08928889096
21802.356559090713
21560.957190037414
21248.738232978223
22124.601835799043
21794.966233200033
22478.827015853436
22919.277524369827
22506.033192109273
22355.877921752763
23069.948319620733
22425.16733779073
23906.79405402548
23491.814957778275
23677.994736398818
23326.184900902757
21874.44657763173
21571.974475435025
21954.88317204052
22229.525375488764
21522.417905912032
21942.88101774487
20772.805916606783
19679.764845618425
20829.016561978504
20716.276767511896
20459.25861964349
21061.52296436099
19270.472085697795
19375.508081300588
19872.71442636334
17979.87440876826
17767.15638390225
18635.356786319404
16101.127363818707
17003.0378240336
18189.129839081605
17193.493582951134
18988.31699952629
19066.960449295886
18271.40064143278
19631.10140239558
19170.70363966431
16038.695706059883
17903.588671560083
17219.727865441488
18168.28245676681
20527.074722263846
19747.989835324108
19031.031088728538
21266.284911838895
20350.037479407398
22239.473103520595
23300.621305053937
22286.57895215602
22336.321224072864
23899.14545102365
22244.65349872675
26083.82603469098
24622.15319712375
25219.20151188159
24206.24131269504
24520.15431320481
22596.454656946997
22896.851781170593
21616.948677721615
23115.89471382662
23762.886080796536
19875.908722171855
18357.46369436665
21172.87819799658
20770.412624531662
19052.889319552363
21000.816292321088
16629.662279869917
15890.91461367516
17276.352238235475
16442.851505454644
14812.818852070584
16373.602398170016
14329.110368860143
13303.545638569212
14058.196714515758
13872.232068795352
14558.421134959732
14983.115338236385
13766.045599164912
15612.060566049924
14785.058770688465
14246.977882438354
14376.356225223484
13617.12464660575
16647.242192514826
18637.22553628569
16266.42677110362
16133.176993207962
19509.461897345678
17186.61339054688
22690.919361297245
25504.624200015045
22525.109033544446
21840.7956568235
26476.549451097908
22441.942079079057
26555.52861368394
29040.204142417668
28575.091871358873
27328.808470682532
19388.437123097137
19968.102165560857
20323.97591869088
18077.178745053476
18297.403660794684
18663.13422328974
17325.86021405096
17144.717532777293
18304.257042014327
17766.77431140301
17745.338264381513
19006.947916116234
16549.981434868627
15537.15272213508
16520.61611080938
16457.67102186213
16061.510818555547
16528.69077169573
16028.004184335023
15798.581397481761
15411.457493286287
15787.329099576233
14711.275022589256
14923.778741917784
15639.966985097577
15807.97074720846
15012.6506247841
16432.684253825024
16785.541976677276
16129.471613748168
17877.219475024274
19010.609289535874
17530.20804129052
17763.580074549445
19045.222553279393
17166.6101556718
20777.99330251041
23404.698336075424
21254.591176902788
20067.474083947458
21776.36080263774
20390.335123870827
22321.551294800818
23881.173902070987
23010.52627688194
25025.923117258193
17106.16864334941
17267.86192270742
17557.12967720437
16252.242692814216
16435.62242108529
16666.85064084701
15869.465115332026
16063.077297727094
16580.474236652793
16229.119679331197
16615.699079090882
16952.836538227428
16168.89509213186
16160.76533139309
16337.20564089693
15660.631985893211
15919.703666610858
15949.86889553522
15797.617879639742
16204.357189497425
16110.907355393341
16006.016722622717
16256.873838052907
16123.177956732112
16626.110299960455
17148.282526086503
16594.16136656828
16378.691641487268
17049.418898620537
16547.500871767486
17448.183648883416
18385.458755757478
17808.658086061267
17657.807291347817
18775.088392913392
17886.867349472763
19475.748403811154
20783.55090328443
19764.660947291817
18907.592677692017
20043.56223989516
19194.4116956053
20522.824061158164
21293.501705032133
20888.678530052246
21763.750981932804
15425.454874225255
15639.573281325953
15844.996202350736
14603.888620047903
14826.40570818391
15032.12422180444
14247.328887676975
14579.53407404917
15096.262350879702
14671.178495483764
15374.899795078563
15479.664561910136
14988.048669917918
15380.07385674851
15337.103509932094
14133.528596694156
14628.646253254941
14561.186644495869
14347.505157682408
15073.393990469267
15191.197032894379
14797.562595671547
15773.436698114343
15519.59059577751
15821.470586711612
16605.590161623226
16138.982645411226
15026.57809602359
15944.420422456255
15438.036625627848
16149.88703982065
17226.041502244723
16887.722655524223
16528.704311294445
17866.62346158298
17192.19473801638
18300.918218847364
19392.400530106468
18603.75502999806
17676.646085874094
18808.539617744307
18001.371501476206
19413.787659434038
19909.54026219257
19641.951527205147
20200.551773329822
13816.547032167939
14004.062132863346
14206.243844470135
13122.358799774585
13198.751339233504
13437.851095388882
12597.61365786969
12791.73867737608
13378.408309860022
12993.993051384696
13697.657009393857
13818.0008867984
13177.561824727969
13706.992184740206
13655.51346251769
12181.41939898787
12664.773557200777
12672.512756776452
12224.93969850086
13053.125485730683
13334.130022360638
12789.087899387125
14141.075930604138
13871.129811528062
14022.322100942549
15072.731302461729
14526.860746472754
12837.712297035785
14024.182728876467
13429.81648758106
14231.843378785063
15703.660965035791
15263.597420988743
14769.779645243572
16494.74014736838
15721.424056487765
17068.483435705173
18288.73331021625
17363.78808894174
16503.639183877833
17906.234892021268
16771.0415254307
19061.40084508923
19100.171217286563
19037.48723450265
19230.183773588433
12605.14174957913
12610.461076620673
12841.096382162412
11894.367701751133
12779.731688219272
12372.852704351266
12595.167571896787
11364.69057624452
12192.71909138997
12319.326386102812
11984.801950121237
12314.582017794251
11163.619477423734
11570.15989283679
11670.929765217425
10281.381443358932
10373.510205330687
10598.410110939347
10926.531383070322
11399.579464209372
11219.678758287575
10958.266162040884
11914.982282803352
11677.346606695352
11587.827535084718
12735.381848615956
12208.370845891957
10925.746656477146
10952.847649770762
11104.577297650025
11783.381276286686
14420.781422748289
12998.258924687769
12244.406442134232
14889.68584275639
13634.997624921936
16180.163911472366
17760.169781185905
16294.6238568394
16336.280685805592
17852.51636347662
16214.139043105679
20125.717401603866
19460.359942044677
19842.411251167217
19195.692798963355
12963.730394596996
12966.13674223352
12535.218910918718
13817.799032682573
13139.46880230317
13341.963920865946
13303.030009661963
12451.72139129903
12515.455473052356
12835.967494156896
11519.724099398612
12482.673839644034
11454.362054642463
10511.540679667818
10754.963004126765
12857.041949245122
12059.628508689646
12163.299876246605
12853.241183648579
12315.797234051443
11492.746023506177
12134.647703765359
11531.993313110073
11088.586299398321
11853.735718397638
11056.295432483392
11212.333038750283
13374.859336735215
13106.573732227707
12590.88320388225
14683.264468988404
15176.701690594406
13189.289422728194
13984.749689541854
14514.507058181714
12339.233134266447
16338.901174365277
17921.350971222506
16293.453558934365
16844.743811316697
17963.900444513016
16539.568670074183
19234.499819840214
19554.459777369433
19330.641633002633
19891.793791310818
14940.683801612136
14114.264190701455
14342.048683383458
16204.366913731188
15354.655179448962
15546.748690633334
15911.15980128137
15092.082540115236
14515.026984361883
15201.127762578924
13685.938957994837
13891.897340696169
14282.953531913947
13516.215834869034
13551.116444350777
15774.37574167949
15051.670967314882
15037.974912354512
15906.127285437206
15339.929083830266
14370.642487837806
15147.088037915222
13815.988708694907
13599.337561166874
14927.93212595402
14665.300188005876
14163.063963252906
16358.842914377452
16084.514314834096
15649.376064408065
17204.540488842318
17251.978745000524
16012.851904005467
16610.354078637094
16217.620833221683
15356.063240539399
17568.341805012118
18223.576932597432
17193.622505427385
18368.115023967555
18728.447795333872
17976.109254032595
19702.73134966776
19341.702314968305
19499.382261124825
19246.371270202624
17559.822088750363
16734.218362426418
16879.98352866079
18981.51008145675
18178.82180343744
18263.552958356053
18867.943416607388
18064.337260431446
17358.455124570908
18111.792065189515
16548.985408587207
16622.33204656928
17277.836906444398
16547.71364289095
16521.153068465755
18790.953167966025
18046.398128869478
18040.4881598917
18785.59108914947
18180.430625126643
17367.915296333776
18090.006487880804
16805.84856393352
16638.896719942393
17699.203812989363
17364.109108617733
17053.053185170862
18931.381287685133
18538.108665893647
18327.025004097944
19293.32412887537
19158.261817609884
18306.2587999647
18819.392932196606
18241.358235878062
17768.391827911426
19168.605320514063
19341.772815069366
18772.428389025124
19910.659964657196
19984.960793468486
19544.695783456482
20691.86550227738
20182.929417320804
20435.012342870563
19938.552740250892
20417.87183787814
19665.21800956486
19692.136063006896
21889.344496204456
21215.26079107947
21153.554507490662
22091.58700035732
21217.533660413083
20424.502940572973
21241.386424801083
19596.73882659355
19634.57505276138
20332.62162577051
19507.098762834157
19552.42009114092
21979.287438307532
21008.194655661664
21138.456112515047
21514.31686071822
20643.303511622107
20155.43400332947
20831.801554746187
19458.687698657573
19471.04246792655
20017.974450580772
19572.387737613528
19486.968587339245
20897.60785683619
20394.758986640358
20483.010378917585
20618.043541388386
20547.488894047157
20110.459154010023
20412.310491904933
19956.689989000333
19727.302473366144
20533.320412434885
20574.09511914703
20239.440772132344
20990.224644743903
21094.745228750788
20787.182019762186
21666.624628149442
21189.57666187581
21425.59815226782
20947.991979696148
23343.81763251417
22849.328879887675
22620.66163435598
24641.06255891812
24641.63090264766
24036.89190610145
26055.093507597714
24929.046051483478
23928.318865076566
24945.14636509486
22989.532585623347
22983.37770508239
23800.8038444244
22610.946646800257
22864.50888518485
25581.48923746265
24460.65664592544
24749.045686607824
25101.389266671264
22952.772158155643
23013.982972208756
23935.735434222974
21738.549029195583
22229.905113644418
21458.75196448146
20833.404328890327
21226.475036486514
21633.372933609426
20434.830330226723
21586.92474080089
19132.770786138553
20432.794585622796
20522.171355180177
20051.438434166255
20800.580556764307
20678.73163803954
21212.617845095436
21537.01183574411
21127.82907702372
21350.43268240361
22150.473435649656
21269.521930462968
23460.137451053568
22255.743106124828
22718.13280916035
21932.887173901905
25167.923906870703
27155.427278281306
24967.72234734163
25232.397053938876
26525.464258295073
25366.74063662257
26146.79625727695
26549.825184981382
27501.491005525604
26845.051200101636
26425.85986806765
27185.15426316338
26300.752033756748
26050.395061018095
26087.234131388297
25830.02957057927
26058.177158810853
26245.24626060281
24903.4639842324
24572.14598158007
26709.339400121517
25774.82476643243
25809.929015305814
26417.97133345474
21841.75951605533
17959.10097087073
21704.05158316042
22265.449179275827
19767.310463957296
22034.423886613185
20479.77881839248
20165.016409859556
17880.18128025614
19278.43972402846
19453.505339447147
17917.487474499398
21578.686805570796
23622.049445550903
21483.404768720407
21712.22212231072
23085.259626746294
21621.76086521458
23135.275428382138
25188.522692928567
23793.996343370392
24850.066265991118
24702.25119245522
25351.82501663943
24990.19174752572
24078.186166725478
24467.151208994335
24394.184854143125
23985.58183319876
24346.92300205941
24971.169093176515
24459.073365325927
25482.360301090204
25527.85662651546
24672.965085616954
24872.215866392966
25258.274658443817
23614.744655722665
23795.996838133953
24125.32253601074
22985.903789063766
22896.39923910015
23790.10471001273
23374.092594678812
23418.239247131965
24273.70975811711
22476.204607651354
21604.40615584226
22424.75933431735
22283.49486494766
22054.67443979271
22423.80673689628
21878.491739577003
21834.468392062434
21659.33482924732
21849.164234952535
21372.308792158998
21240.972040943623
21932.617533285917
22370.903253001263
21834.575619934607
21953.232981962996
22192.40994498708
21974.803686518368
22304.513388155705
22567.527940680884
22424.974752038142
22777.478840931108
23437.88387531948
23665.623107511237
23757.002401909387
22815.42744770048
22913.089059865124
23125.048720229137
22269.974884485735
22446.250560570134
23105.75913615466
22683.895830457466
23357.337329454844
23534.370089334243
22668.72293088251
22875.515677252228
23135.89747878308
21739.637698005958
21979.826282939703
22208.244639726003
21315.521636595862
21590.888632636575
22190.932017957824
21766.553985519986
22314.10845097421
22591.958110910076
21794.602882153373
21890.052209846748
22071.934167753956
21094.78981825674
21398.79248336462
21465.244730684884
21118.968411536818
21453.84802863591
21625.608209670907
21395.636184465788
21791.210707660095
21793.642034988276
21739.44161130042
22013.0423753692
21871.90625775743
21361.268690798985
21719.98247519366
21565.812032952254
21742.52975905145
22051.655418598573
21903.483123575505
22183.318968555785
22225.889230644432
22185.67969268472
22513.399955612862
21699.84501970252
21481.108125667186
21955.257271727438
20606.998990174492
20601.960203702096
21440.818247269657
21030.206413116575
21541.838424367314
21857.94422963041
20758.699335264857
21022.24550896775
21258.894424756265
19689.90649405532
19949.196399297376
20236.55014725953
19138.355163021733
19664.042488882296
20312.18201962512
19748.819333461375
20715.7615979273
20834.601086457704
20209.430208815855
20700.369415996018
20671.361021794506
19140.752524265932
19839.547825586233
19697.236457964063
19663.62224612886
20343.58194867833
20440.421080246473
20067.12027531208
20948.755658755977
20796.416334321897
20896.51018793045
21348.49775080681
21136.284582016953
20428.610264738672
20969.80769686724
20652.655908203556
21138.544677155245
21413.547047741235
21263.456992347732
21576.57826540515
21284.9823126233
20817.165702097023
21474.829400397328
21047.409547403775
20134.437832852873
21134.6768743076
18906.689698927075
18731.253857032047
19778.415962054736
19355.69481754615
19625.687007316443
20193.72859776722
18571.868338135217
18726.058354879577
19133.30252748353
17717.381789935243
17411.702434034174
18079.60817978134
16071.357225614924
16800.317908463003
17731.111842754057
16936.06938401707
18389.542596288917
18462.43163232998
17846.68833947723
18830.39736351361
18518.73308325664
16321.788906530412
17720.582367479114
17108.750066680903
18155.779312685823
19298.482354725937
18859.866007218436
18475.9969742276
19751.177824522387
19258.760847149268
20129.310576358523
20685.07798807681
20245.088197977177
20243.094653318723
20736.724241489646
20116.354010540206
21183.801173793996
21025.084842472872
21069.703850800506
21053.458329170575
21102.86600039453
18606.89314485975
21190.96181688583
20534.842111483093
19216.78303976535
20690.010446570275
18680.331929148164
18080.265916503868
18265.002212094492
18489.334840836364
18652.207446956014
18407.603066573254
17438.36505485574
16337.653524411056
17571.413915953082
17366.39069298042
16377.927381152891
17302.655092744368
16215.466499502953
15382.811219957419
15122.078979208889
15626.202014234215
14664.322705036495
15266.74960301293
15485.297822776207
17015.321239216206
15631.902939787706
16408.127746181413
16840.429373091196
15914.377569954984
17845.238985493575
18761.11083129203
17802.063286337194
17773.91948360012
18792.439525053713
17932.00238788435
20382.55500572466
21807.85563038856
20477.808243924843
19570.8575534139
20783.608730241587
19932.274878771626
20647.7423119554
21154.82405152097
20938.94629729385
21241.438209354732
20398.647328352923
19587.295530364012
20447.352927802112
20395.387715074234
19716.854582648717
20383.01086432852
19221.806649798713
18536.416328732335
18970.967306185463
19098.79879243546
18172.901548118352
18831.45580055861
17826.405102108773
17069.29083538435
17570.236724366994
18291.536972825474
17710.39285249102
18076.63095938933
17768.40612951169
17430.208472141996
17148.81621748214
17487.36025417662
16642.9308123132
16721.03686602515
17244.773752020345
17331.480934353713
16870.953712539886
17782.102247038612
17821.056711702997
17544.013005584668
18323.6169447982
18696.558947336223
18094.462177266585
18217.351667380983
18658.814959594092
17965.7584857144
19257.35324468608
19975.71982322405
19360.926251568748
19217.960311032028
19739.35580588513
19219.607996066676
20217.139061077556
20302.204751619225
20235.339844278336
20434.000753969616
20484.51578547129
19869.517238590255
20430.63385783122
20636.313326474105
20049.496466105164
20553.925776544238
19697.925992641798
19163.234510003884
19458.462092001617
19575.575698776414
18880.247379226465
19341.48888729258
18648.620402539913
18184.12693998653
18481.648612979607
18950.070383118527
18496.936760444412
18800.1594168303
18371.109957744382
18145.87341326623
18153.669991700495
18275.23033757912
17911.351055936422
17994.335623795138
18069.447537517215
18125.609715069833
17959.5482710945
18120.73114475162
18215.398313801783
18121.731658950153
18372.033261463985
18788.212349185116
18442.89621593991
18436.460212824
18782.88600833247
18402.057081154308
19243.429855453778
19722.43903371512
19231.127344579436
19217.739634681933
19776.251604616
19242.526783849404
20450.10247288471
20281.834097665407
20353.026401981064
20235.312926503273
20823.300317431636
20249.048538081697
20728.299087679272
20962.042202808025
20446.493949536634
20908.154391840115
20352.754010701785
19924.66496930571
19986.931997919615
20156.730971396064
19454.844397839486
19832.451134069117
19315.264492980677
18770.56464705689
19110.186195946666
20080.627167818468
19210.350604618325
19616.797573431657
18993.883368049086
18222.8165600328
18563.271884334063
18723.65345174793
18211.692478560704
18458.522971185223
17959.505306922572
18064.449186695667
18067.21593342279
17602.004060696483
17569.89531846616
17795.81121395145
17203.891244443967
18119.749161187385
18017.301261499535
17666.88574602424
18605.99710274175
18237.064595400814
19055.203231591422
19837.91915940918
19158.829281235896
18640.218072255004
19901.173153685344
18886.386582923027
21404.97338756393
20761.496410853204
21023.235998466454
20580.629305162227
21155.550330354625
20325.696829927918
20982.581139671587
23024.69759271988
20570.428622574327
21833.50103444071
22490.64506391184
22725.212580125604
20868.098592006605
21516.37962969586
21006.712013734148
20574.792794610505
21587.993813437777
20130.209174238174
20756.183612582263
22480.362013803395
21245.86526271642
22144.52867843446
20986.324450489898
19532.911125302482
19979.913856394003
20484.161355835033
18511.854467156678
19402.47390427382
17429.85986857852
16626.41529356707
17428.603108346946
18874.114850600017
16507.853136202673
17925.738594208397
17944.179553601385
17452.13326012215
16172.751260258741
16640.41185246614
17273.349841428062
16628.01277964478
18038.930723555408
19936.41210977118
18320.21804245095
19451.518271825127
20128.268846222283
18443.703300698475
22862.465402835922
23069.041300528836
23208.637712892447
22024.87574576146
25720.077027880525
23795.824292332483
24361.772308793916
28565.95025098005
26441.836136852267
27111.17701394537
27067.765988199935
25265.00794590229
24659.054252415284
25834.57105359032
23378.604230315377
23545.599903822625
23764.919816526282
22402.566381558798
23009.93641113304
25720.684978297806
24098.86692380631
24691.645172082382
24566.074503175398
22918.624387929765
22507.195014057088
23494.074991887843
20821.321922442843
21654.035381790287
21202.58562098391
19440.336977360414
20012.694494861313
23654.105638849054
22073.09263198612
22418.495839126837
23138.664221817744
22028.449924101365
20667.785087661257
21932.50686071034
19698.550848915067
19331.732486128334
21437.117713909134
21599.539756668102
20473.869030899757
23202.564491088382
22841.823310096064
22344.346011654696
23801.27832649977
23108.221655123703
23430.05915987331
22888.0618818719
31770.543616392573
29230.168620959408
30107.040408490626
35641.61067935912
32320.288332155164
33594.94615773486
32248.79194478626
29710.064059843433
29653.308691023085
30957.568036334254
27518.85425869953
28348.08315919264
27821.057977388853
26176.543631021
26787.155136541005
29421.289715515937
28131.926005683796
28736.425773584087
28838.03199549161
27791.70171672301
26796.33309291668
27868.132517639257
25272.94571626675
25680.45994593356
26246.96289980374
24602.50842619847
24920.59107781414
29342.591580576307
27390.6538938812
27690.416688665373
28309.84195817339
26133.059957623205
25539.670187199205
26838.546265459667
24118.464699468896
24325.94526821596
24772.318332566985
24035.33052223808
24014.531996764374
26021.12440318956
24984.88616054503
25458.97744135226
24915.860574637034
24512.413133567883
24773.976147125577
24175.388966009174
40794.299169762635
35897.317812665766
37998.68505023298
43871.30196864166
39746.348874843025
43725.90466622393
37626.87706092514
32681.940257249706
34741.54380194582
36047.20737445599
31323.522311372086
33507.66144621007
29706.604581060354
29164.150026798772
29749.44097227801
32273.28554825673
28385.55996525695
30071.262435378492
32600.705853402294
33914.79032404337
30252.098921601257
31064.25572401276
30592.805471246007
29636.528949925538
33652.43563399468
31255.273514605615
31324.20302965711
35798.14633301903
37236.37055207993
35542.25250320557
33984.15010109382
30106.682617268216
32184.29835086797
33965.69163978161
28184.310892868754
30066.037426609935
26374.7125251386
25213.54326685424
26360.5429014514
27795.83334202132
23928.510470019006
26510.060891358386
25905.10774162226
24838.258536804173
25145.15555474056
24910.43253789299
44800.72384684819
41917.83914148837
44164.73092809541
46791.27742839399
44199.45921324463
45704.58560730541
43744.664191888296
40576.65943899128
40865.091809446
42383.72789977318
36767.25088485217
39266.73470895787
37155.16717946423
34045.25760603054
34886.78204716125
40573.90857557926
37848.08869412876
39020.986456095554
37981.762134540215
36503.33176684266
35809.98595835075
37033.84454156636
35080.37527637325
34314.50558517443
35677.3539027705
35246.91811004457
35604.29009051047
36474.1767397161
35240.70418878204
36002.32568919472
34543.25875135084
32475.068803679984
33714.39936792306
34010.056399017805
31396.299307379817
33694.56714121053
30191.33107544571
27649.602023519677
29160.75064452045
31507.897991148944
29743.215681981117
30953.637523326535
29599.655345683073
28067.245369374978
28921.12633940268
27028.924355449657
49171.67304053823
46623.383412069335
47990.90569249445
47415.38419563563
48721.20234855098
44129.19088590153
45493.04973824395
45678.4385415307
43183.47355446975
44835.885934029546
42881.58223948155
40427.95743011786
41866.04132381182
41762.780616288306
43113.83323639336
37641.6257342634
38972.30474108551
39448.65110449549
37269.295515542064
38621.85924198416
37305.12437335242
36646.57622402024
36934.50177105705
37815.905325030195
37640.97042192623
34090.13836271501
36134.13691647595
36266.597471685855
33399.35792905423
35292.24775326818
32000.39070700049
30769.918859731883
31829.288985893487
31597.449845862124
32557.679290702206
30659.90450614675
31134.754662832653
30140.90910936733
