0 0
5 0
5 1
0 1
0.25 0
0.5 0
0.75 0
1 0
1.25 0
1.5 0
1.75 0
2 0
2.25 0
2.5 0
2.75 0
3 0
3.25 0
3.5 0
3.75 0
4 0
4.25 0
4.5 0
4.75 0
0.0416666666666667 0
0.0833333333333333 0
0.125 0
0.166666666666667 0
0.208333333333333 0
0.291666666666667 0
0.333333333333333 0
0.375 0
0.416666666666667 0
0.458333333333333 0
0.541666666666667 0
0.583333333333333 0
0.625 0
0.666666666666667 0
0.708333333333334 0
0.791666666666667 0
0.833333333333333 0
0.875 0
0.916666666666667 0
0.958333333333333 0
1.04166666666667 0
1.08333333333333 0
1.125 0
1.16666666666667 0
1.20833333333333 0
1.29166666666667 0
1.33333333333333 0
1.375 0
1.41666666666667 0
1.45833333333333 0
1.54166666666667 0
1.58333333333333 0
1.625 0
1.66666666666667 0
1.70833333333333 0
1.79166666666667 0
1.83333333333333 0
1.875 0
1.91666666666667 0
1.95833333333333 0
2.04166666666667 0
2.08333333333333 0
2.125 0
2.16666666666667 0
2.20833333333333 0
2.29166666666667 0
2.33333333333333 0
2.375 0
2.41666666666667 0
2.45833333333333 0
2.54166666666667 0
2.58333333333333 0
2.625 0
2.66666666666667 0
2.70833333333333 0
2.79166666666667 0
2.83333333333333 0
2.875 0
2.91666666666667 0
2.95833333333333 0
3.04166666666667 0
3.08333333333333 0
3.125 0
3.16666666666667 0
3.20833333333333 0
3.29166666666667 0
3.33333333333333 0
3.375 0
3.41666666666667 0
3.45833333333333 0
3.54166666666667 0
3.58333333333333 0
3.625 0
3.66666666666667 0
3.70833333333333 0
3.79166666666667 0
3.83333333333333 0
3.875 0
3.91666666666667 0
3.95833333333333 0
4.04166666666667 0
4.08333333333333 0
4.125 0
4.16666666666667 0
4.20833333333333 0
4.29166666666667 0
4.33333333333333 0
4.375 0
4.41666666666667 0
4.45833333333333 0
4.54166666666667 0
4.58333333333333 0
4.625 0
4.66666666666667 0
4.70833333333333 0
4.79166666666667 0
4.83333333333333 0
4.875 0
4.91666666666667 0
4.95833333333333 0
5 0.25
5 0.5
5 0.75
5 0.0416666666666667
5 0.0833333333333333
5 0.125
5 0.166666666666667
5 0.208333333333333
5 0.291666666666667
5 0.333333333333333
5 0.375
5 0.416666666666667
5 0.458333333333333
5 0.541666666666667
5 0.583333333333333
5 0.625
5 0.666666666666667
5 0.708333333333333
5 0.791666666666667
5 0.833333333333333
5 0.875
5 0.916666666666667
5 0.958333333333333
4.75 1
4.5 1
4.25 1
4 1
3.75 1
3.5 1
3.25 1
3 1
2.75 1
2.5 1
2.25 1
2 1
1.75 1
1.5 1
1.25 1
1 1
0.75 1
0.5 1
0.25 1
4.95833333333333 1
4.91666666666667 1
4.875 1
4.83333333333333 1
4.79166666666667 1
4.70833333333333 1
4.66666666666667 1
4.625 1
4.58333333333333 1
4.54166666666667 1
4.45833333333333 1
4.41666666666667 1
4.375 1
4.33333333333333 1
4.29166666666667 1
4.20833333333333 1
4.16666666666667 1
4.125 1
4.08333333333333 1
4.04166666666667 1
3.95833333333333 1
3.91666666666667 1
3.875 1
3.83333333333333 1
3.79166666666667 1
3.70833333333333 1
3.66666666666667 1
3.625 1
3.58333333333333 1
3.54166666666667 1
3.45833333333333 1
3.41666666666667 1
3.375 1
3.33333333333333 1
3.29166666666667 1
3.20833333333333 1
3.16666666666667 1
3.125 1
3.08333333333333 1
3.04166666666667 1
2.95833333333333 1
2.91666666666667 1
2.875 1
2.83333333333333 1
2.79166666666667 1
2.70833333333333 1
2.66666666666667 1
2.625 1
2.58333333333333 1
2.54166666666667 1
2.45833333333333 1
2.41666666666667 1
2.375 1
2.33333333333333 1
2.29166666666667 1
2.20833333333333 1
2.16666666666667 1
2.125 1
2.08333333333333 1
2.04166666666667 1
1.95833333333333 1
1.91666666666667 1
1.875 1
1.83333333333333 1
1.79166666666667 1
1.70833333333333 1
1.66666666666667 1
1.625 1
1.58333333333333 1
1.54166666666666 1
1.45833333333333 1
1.41666666666667 1
1.375 1
1.33333333333333 1
1.29166666666667 1
1.20833333333333 1
1.16666666666667 1
1.125 1
1.08333333333333 1
1.04166666666667 1
0.958333333333333 1
0.916666666666666 1
0.874999999999999 1
0.833333333333332 1
0.791666666666665 1
0.708333333333333 1
0.666666666666666 1
0.624999999999999 1
0.583333333333332 1
0.541666666666665 1
0.458333333333333 1
0.416666666666666 1
0.374999999999999 1
0.333333333333332 1
0.291666666666665 1
0.208333333333333 1
0.166666666666666 1
0.124999999999999 1
0.0833333333333321 1
0.0416666666666652 1
0 0.75
0 0.5
0 0.25
0 0.958333333333333
0 0.916666666666667
0 0.875
0 0.833333333333333
0 0.791666666666667
0 0.708333333333333
0 0.666666666666667
0 0.625
0 0.583333333333333
0 0.541666666666667
0 0.458333333333333
0 0.416666666666667
0 0.375
0 0.333333333333333
0 0.291666666666667
0 0.208333333333333
0 0.166666666666667
0 0.125
0 0.0833333333333335
0 0.0416666666666669
0.25 0.25
0.25 0.5
0.25 0.75
0.5 0.25
0.5 0.5
0.5 0.75
0.75 0.25
0.75 0.5
0.75 0.75
1 0.25
1 0.5
1 0.75
1.25 0.25
1.25 0.5
1.25 0.75
1.5 0.25
1.5 0.5
1.5 0.75
1.75 0.25
1.75 0.5
1.75 0.75
2 0.25
2 0.5
2 0.75
2.25 0.25
2.25 0.5
2.25 0.75
2.5 0.25
2.5 0.5
2.5 0.75
2.75 0.25
2.75 0.5
2.75 0.75
3 0.25
3 0.5
3 0.75
3.25 0.25
3.25 0.5
3.25 0.75
3.5 0.25
3.5 0.5
3.5 0.75
3.75 0.25
3.75 0.5
3.75 0.75
4 0.25
4 0.5
4 0.75
4.25 0.25
4.25 0.5
4.25 0.75
4.5 0.25
4.5 0.5
4.5 0.75
4.75 0.25
4.75 0.5
4.75 0.75
0.25 0.0416666666666667
0.25 0.0833333333333333
0.25 0.125
0.25 0.166666666666667
0.25 0.208333333333333
0.208333333333334 0.25
0.166666666666666 0.25
0.125 0.25
0.0833333333333335 0.25
0.0416666666666665 0.25
0.0416666666666666 0.0416666666666668
0.208333333333333 0.0416666666666667
0.208333333333334 0.208333333333333
0.0416666666666665 0.208333333333333
0.0833333333333333 0.0416666666666668
0.125 0.0416666666666668
0.166666666666667 0.0416666666666667
0.208333333333333 0.0833333333333333
0.208333333333333 0.125
0.208333333333333 0.166666666666667
0.166666666666666 0.208333333333333
0.125 0.208333333333333
0.0833333333333335 0.208333333333333
0.0416666666666666 0.166666666666667
0.0416666666666666 0.125
0.0416666666666666 0.0833333333333334
0.0833333333333334 0.0833333333333334
0.166666666666667 0.0833333333333334
0.166666666666667 0.166666666666667
0.0833333333333334 0.166666666666667
0.125 0.0833333333333334
0.166666666666667 0.125
0.125 0.166666666666667
0.0833333333333334 0.125
0.125 0.125
0.25 0.291666666666667
0.25 0.333333333333333
0.25 0.375
0.25 0.416666666666667
0.25 0.458333333333333
0.208333333333334 0.5
0.166666666666666 0.5
0.125 0.5
0.0833333333333335 0.5
0.0416666666666665 0.5
0.0416666666666665 0.291666666666667
0.208333333333334 0.291666666666667
0.208333333333334 0.458333333333333
0.0416666666666665 0.458333333333333
0.0833333333333335 0.291666666666667
0.125 0.291666666666667
0.166666666666666 0.291666666666667
0.208333333333334 0.333333333333333
0.208333333333334 0.375
0.208333333333334 0.416666666666667
0.166666666666666 0.458333333333333
0.125 0.458333333333333
0.0833333333333335 0.458333333333333
0.0416666666666665 0.416666666666667
0.0416666666666665 0.375
0.0416666666666665 0.333333333333333
0.0833333333333335 0.333333333333333
0.166666666666666 0.333333333333333
0.166666666666666 0.416666666666667
0.0833333333333335 0.416666666666667
0.125 0.333333333333333
0.166666666666666 0.375
0.125 0.416666666666667
0.0833333333333335 0.375
0.125 0.375
0.25 0.541666666666667
0.25 0.583333333333333
0.25 0.625
0.25 0.666666666666667
0.25 0.708333333333333
0.208333333333334 0.75
0.166666666666666 0.75
0.125 0.75
0.0833333333333335 0.75
0.0416666666666665 0.75
0.0416666666666665 0.541666666666667
0.208333333333334 0.541666666666667
0.208333333333334 0.708333333333333
0.0416666666666665 0.708333333333333
0.0833333333333335 0.541666666666667
0.125 0.541666666666667
0.166666666666666 0.541666666666667
0.208333333333334 0.583333333333333
0.208333333333334 0.625
0.208333333333334 0.666666666666667
0.166666666666666 0.708333333333333
0.125 0.708333333333333
0.0833333333333335 0.708333333333333
0.0416666666666665 0.666666666666667
0.0416666666666665 0.625
0.0416666666666665 0.583333333333333
0.0833333333333335 0.583333333333333
0.166666666666666 0.583333333333333
0.166666666666666 0.666666666666667
0.0833333333333335 0.666666666666667
0.125 0.583333333333333
0.166666666666666 0.625
0.125 0.666666666666667
0.0833333333333335 0.625
0.125 0.625
0.25 0.791666666666667
0.25 0.833333333333333
0.25 0.875
0.25 0.916666666666667
0.25 0.958333333333333
0.0416666666666663 0.791666666666667
0.208333333333333 0.791666666666667
0.208333333333333 0.958333333333333
0.0416666666666654 0.958333333333333
0.0833333333333332 0.791666666666667
0.125 0.791666666666667
0.166666666666666 0.791666666666667
0.208333333333333 0.833333333333333
0.208333333333333 0.875
0.208333333333333 0.916666666666667
0.166666666666666 0.958333333333333
0.124999999999999 0.958333333333333
0.0833333333333324 0.958333333333333
0.0416666666666656 0.916666666666667
0.0416666666666659 0.875
0.0416666666666661 0.833333333333333
0.083333333333333 0.833333333333333
0.166666666666666 0.833333333333333
0.166666666666666 0.916666666666667
0.0833333333333326 0.916666666666667
0.125 0.833333333333333
0.166666666666666 0.875
0.124999999999999 0.916666666666667
0.0833333333333328 0.875
0.125 0.875
0.5 0.0416666666666667
0.5 0.0833333333333333
0.5 0.125
0.5 0.166666666666667
0.5 0.208333333333333
0.458333333333333 0.25
0.416666666666667 0.25
0.375 0.25
0.333333333333333 0.25
0.291666666666667 0.25
0.291666666666667 0.0416666666666667
0.458333333333333 0.0416666666666667
0.458333333333333 0.208333333333333
0.291666666666667 0.208333333333333
0.333333333333333 0.0416666666666667
0.375 0.0416666666666667
0.416666666666667 0.0416666666666667
0.458333333333333 0.0833333333333333
0.458333333333333 0.125
0.458333333333333 0.166666666666667
0.416666666666667 0.208333333333333
0.375 0.208333333333333
0.333333333333333 0.208333333333333
0.291666666666667 0.166666666666667
0.291666666666667 0.125
0.291666666666667 0.0833333333333333
0.333333333333333 0.0833333333333333
0.416666666666667 0.0833333333333333
0.416666666666667 0.166666666666667
0.333333333333333 0.166666666666667
0.375 0.0833333333333333
0.416666666666667 0.125
0.375 0.166666666666667
0.333333333333333 0.125
0.375 0.125
0.5 0.291666666666667
0.5 0.333333333333333
0.5 0.375
0.5 0.416666666666667
0.5 0.458333333333333
0.458333333333333 0.5
0.416666666666667 0.5
0.375 0.5
0.333333333333333 0.5
0.291666666666667 0.5
0.291666666666667 0.291666666666667
0.458333333333333 0.291666666666667
0.458333333333333 0.458333333333333
0.291666666666667 0.458333333333333
0.333333333333333 0.291666666666667
0.375 0.291666666666667
0.416666666666667 0.291666666666667
0.458333333333333 0.333333333333333
0.458333333333333 0.375
0.458333333333333 0.416666666666667
0.416666666666667 0.458333333333333
0.375 0.458333333333333
0.333333333333333 0.458333333333333
0.291666666666667 0.416666666666667
0.291666666666667 0.375
0.291666666666667 0.333333333333333
0.333333333333333 0.333333333333333
0.416666666666667 0.333333333333333
0.416666666666667 0.416666666666667
0.333333333333333 0.416666666666667
0.375 0.333333333333333
0.416666666666667 0.375
0.375 0.416666666666667
0.333333333333333 0.375
0.375 0.375
0.5 0.541666666666667
0.5 0.583333333333333
0.5 0.625
0.5 0.666666666666667
0.5 0.708333333333333
0.458333333333333 0.75
0.416666666666667 0.75
0.375 0.75
0.333333333333333 0.75
0.291666666666667 0.75
0.291666666666667 0.541666666666667
0.458333333333333 0.541666666666667
0.458333333333333 0.708333333333333
0.291666666666667 0.708333333333333
0.333333333333333 0.541666666666667
0.375 0.541666666666667
0.416666666666667 0.541666666666667
0.458333333333333 0.583333333333333
0.458333333333333 0.625
0.458333333333333 0.666666666666667
0.416666666666667 0.708333333333333
0.375 0.708333333333333
0.333333333333333 0.708333333333333
0.291666666666667 0.666666666666667
0.291666666666667 0.625
0.291666666666667 0.583333333333333
0.333333333333333 0.583333333333333
0.416666666666667 0.583333333333333
0.416666666666667 0.666666666666667
0.333333333333333 0.666666666666667
0.375 0.583333333333333
0.416666666666667 0.625
0.375 0.666666666666667
0.333333333333333 0.625
0.375 0.625
0.5 0.791666666666667
0.5 0.833333333333333
0.5 0.875
0.5 0.916666666666667
0.5 0.958333333333333
0.291666666666666 0.791666666666667
0.458333333333333 0.791666666666667
0.458333333333333 0.958333333333333
0.291666666666665 0.958333333333333
0.333333333333333 0.791666666666666
0.375 0.791666666666667
0.416666666666666 0.791666666666667
0.458333333333333 0.833333333333333
0.458333333333333 0.875
0.458333333333333 0.916666666666667
0.416666666666666 0.958333333333333
0.374999999999999 0.958333333333333
0.333333333333332 0.958333333333333
0.291666666666666 0.916666666666667
0.291666666666666 0.875
0.291666666666666 0.833333333333333
0.333333333333333 0.833333333333333
0.416666666666666 0.833333333333333
0.416666666666666 0.916666666666667
0.333333333333333 0.916666666666667
0.375 0.833333333333333
0.416666666666666 0.875
0.374999999999999 0.916666666666667
0.333333333333333 0.875
0.375 0.875
0.75 0.0416666666666667
0.75 0.0833333333333333
0.75 0.125
0.75 0.166666666666667
0.75 0.208333333333333
0.708333333333333 0.25
0.666666666666667 0.25
0.625 0.25
0.583333333333333 0.25
0.541666666666667 0.25
0.541666666666667 0.0416666666666667
0.708333333333334 0.0416666666666667
0.708333333333333 0.208333333333333
0.541666666666667 0.208333333333333
0.583333333333333 0.0416666666666667
0.625 0.0416666666666667
0.666666666666667 0.0416666666666667
0.708333333333333 0.0833333333333333
0.708333333333333 0.125
0.708333333333333 0.166666666666667
0.666666666666667 0.208333333333333
0.625 0.208333333333333
0.583333333333333 0.208333333333333
0.541666666666667 0.166666666666667
0.541666666666667 0.125
0.541666666666667 0.0833333333333333
0.583333333333333 0.0833333333333333
0.666666666666667 0.0833333333333333
0.666666666666667 0.166666666666667
0.583333333333333 0.166666666666667
0.625 0.0833333333333333
0.666666666666667 0.125
0.625 0.166666666666667
0.583333333333333 0.125
0.625 0.125
0.75 0.291666666666667
0.75 0.333333333333333
0.75 0.375
0.75 0.416666666666667
0.75 0.458333333333333
0.708333333333333 0.5
0.666666666666667 0.5
0.625 0.5
0.583333333333333 0.5
0.541666666666667 0.5
0.541666666666667 0.291666666666667
0.708333333333333 0.291666666666667
0.708333333333333 0.458333333333333
0.541666666666667 0.458333333333333
0.583333333333333 0.291666666666667
0.625 0.291666666666667
0.666666666666667 0.291666666666667
0.708333333333333 0.333333333333333
0.708333333333333 0.375
0.708333333333333 0.416666666666667
0.666666666666667 0.458333333333333
0.625 0.458333333333333
0.583333333333333 0.458333333333333
0.541666666666667 0.416666666666667
0.541666666666667 0.375
0.541666666666667 0.333333333333333
0.583333333333333 0.333333333333333
0.666666666666667 0.333333333333333
0.666666666666667 0.416666666666667
0.583333333333333 0.416666666666667
0.625 0.333333333333333
0.666666666666667 0.375
0.625 0.416666666666667
0.583333333333333 0.375
0.625 0.375
0.75 0.541666666666667
0.75 0.583333333333333
0.75 0.625
0.75 0.666666666666667
0.75 0.708333333333333
0.708333333333333 0.75
0.666666666666667 0.75
0.625 0.75
0.583333333333333 0.75
0.541666666666667 0.75
0.541666666666667 0.541666666666667
0.708333333333333 0.541666666666667
0.708333333333333 0.708333333333333
0.541666666666667 0.708333333333333
0.583333333333333 0.541666666666667
0.625 0.541666666666667
0.666666666666667 0.541666666666667
0.708333333333333 0.583333333333333
0.708333333333333 0.625
0.708333333333333 0.666666666666667
0.666666666666667 0.708333333333333
0.625 0.708333333333333
0.583333333333333 0.708333333333333
0.541666666666667 0.666666666666667
0.541666666666667 0.625
0.541666666666667 0.583333333333333
0.583333333333333 0.583333333333333
0.666666666666667 0.583333333333333
0.666666666666667 0.666666666666667
0.583333333333333 0.666666666666667
0.625 0.583333333333333
0.666666666666667 0.625
0.625 0.666666666666667
0.583333333333333 0.625
0.625 0.625
0.75 0.791666666666667
0.75 0.833333333333333
0.75 0.875
0.75 0.916666666666667
0.75 0.958333333333333
0.541666666666666 0.791666666666667
0.708333333333333 0.791666666666667
0.708333333333333 0.958333333333333
0.541666666666665 0.958333333333333
0.583333333333333 0.791666666666666
0.625 0.791666666666667
0.666666666666666 0.791666666666667
0.708333333333333 0.833333333333333
0.708333333333333 0.875
0.708333333333333 0.916666666666667
0.666666666666666 0.958333333333333
0.624999999999999 0.958333333333333
0.583333333333332 0.958333333333333
0.541666666666666 0.916666666666667
0.541666666666666 0.875
0.541666666666666 0.833333333333333
0.583333333333333 0.833333333333333
0.666666666666666 0.833333333333333
0.666666666666666 0.916666666666667
0.583333333333332 0.916666666666667
0.625 0.833333333333333
0.666666666666666 0.875
0.624999999999999 0.916666666666667
0.583333333333333 0.875
0.625 0.875
1 0.0416666666666667
1 0.0833333333333333
1 0.125
1 0.166666666666667
1 0.208333333333333
0.958333333333333 0.25
0.916666666666667 0.25
0.875 0.25
0.833333333333333 0.25
0.791666666666667 0.25
0.791666666666667 0.0416666666666667
0.958333333333333 0.0416666666666667
0.958333333333334 0.208333333333333
0.791666666666667 0.208333333333333
0.833333333333333 0.0416666666666667
0.875 0.0416666666666667
0.916666666666666 0.0416666666666667
0.958333333333333 0.0833333333333333
0.958333333333333 0.125
0.958333333333333 0.166666666666667
0.916666666666667 0.208333333333333
0.875 0.208333333333333
0.833333333333333 0.208333333333333
0.791666666666667 0.166666666666667
0.791666666666667 0.125
0.791666666666667 0.0833333333333333
0.833333333333333 0.0833333333333333
0.916666666666667 0.0833333333333333
0.916666666666667 0.166666666666667
0.833333333333333 0.166666666666667
0.875 0.0833333333333333
0.916666666666667 0.125
0.875 0.166666666666667
0.833333333333333 0.125
0.875 0.125
1 0.291666666666667
1 0.333333333333333
1 0.375
1 0.416666666666667
1 0.458333333333333
0.958333333333333 0.5
0.916666666666667 0.5
0.875 0.5
0.833333333333333 0.5
0.791666666666667 0.5
0.791666666666667 0.291666666666667
0.958333333333333 0.291666666666667
0.958333333333333 0.458333333333333
0.791666666666667 0.458333333333333
0.833333333333333 0.291666666666667
0.875 0.291666666666667
0.916666666666667 0.291666666666667
0.958333333333333 0.333333333333333
0.958333333333333 0.375
0.958333333333333 0.416666666666667
0.916666666666667 0.458333333333333
0.875 0.458333333333333
0.833333333333333 0.458333333333333
0.791666666666667 0.416666666666667
0.791666666666667 0.375
0.791666666666667 0.333333333333333
0.833333333333333 0.333333333333333
0.916666666666667 0.333333333333333
0.916666666666667 0.416666666666667
0.833333333333333 0.416666666666667
0.875 0.333333333333333
0.916666666666667 0.375
0.875 0.416666666666667
0.833333333333333 0.375
0.875 0.375
1 0.541666666666667
1 0.583333333333333
1 0.625
1 0.666666666666667
1 0.708333333333333
0.958333333333333 0.75
0.916666666666667 0.75
0.875 0.75
0.833333333333333 0.75
0.791666666666667 0.75
0.791666666666667 0.541666666666667
0.958333333333333 0.541666666666667
0.958333333333334 0.708333333333333
0.791666666666667 0.708333333333333
0.833333333333333 0.541666666666667
0.875 0.541666666666667
0.916666666666667 0.541666666666667
0.958333333333333 0.583333333333333
0.958333333333333 0.625
0.958333333333333 0.666666666666667
0.916666666666667 0.708333333333333
0.875 0.708333333333333
0.833333333333333 0.708333333333333
0.791666666666667 0.666666666666667
0.791666666666667 0.625
0.791666666666667 0.583333333333333
0.833333333333333 0.583333333333333
0.916666666666667 0.583333333333333
0.916666666666667 0.666666666666667
0.833333333333333 0.666666666666667
0.875 0.583333333333333
0.916666666666667 0.625
0.875 0.666666666666667
0.833333333333333 0.625
0.875 0.625
1 0.791666666666667
1 0.833333333333333
1 0.875
1 0.916666666666667
1 0.958333333333333
0.791666666666667 0.791666666666667
0.958333333333333 0.791666666666667
0.958333333333333 0.958333333333333
0.791666666666665 0.958333333333333
0.833333333333333 0.791666666666666
0.875 0.791666666666667
0.916666666666667 0.791666666666667
0.958333333333333 0.833333333333333
0.958333333333333 0.875
0.958333333333333 0.916666666666667
0.916666666666666 0.958333333333333
0.874999999999999 0.958333333333333
0.833333333333332 0.958333333333333
0.791666666666666 0.916666666666667
0.791666666666666 0.875
0.791666666666666 0.833333333333333
0.833333333333333 0.833333333333333
0.916666666666667 0.833333333333333
0.916666666666666 0.916666666666667
0.833333333333332 0.916666666666667
0.875 0.833333333333333
0.916666666666666 0.875
0.874999999999999 0.916666666666667
0.833333333333333 0.875
0.875 0.875
1.25 0.0416666666666667
1.25 0.0833333333333333
1.25 0.125
1.25 0.166666666666667
1.25 0.208333333333333
1.20833333333333 0.25
1.16666666666667 0.25
1.125 0.25
1.08333333333333 0.25
1.04166666666667 0.25
1.04166666666667 0.0416666666666667
1.20833333333333 0.0416666666666667
1.20833333333333 0.208333333333333
1.04166666666667 0.208333333333333
1.08333333333333 0.0416666666666667
1.125 0.0416666666666667
1.16666666666667 0.0416666666666667
1.20833333333333 0.0833333333333333
1.20833333333333 0.125
1.20833333333333 0.166666666666667
1.16666666666667 0.208333333333333
1.125 0.208333333333333
1.08333333333333 0.208333333333333
1.04166666666667 0.166666666666667
1.04166666666667 0.125
1.04166666666667 0.0833333333333333
1.08333333333333 0.0833333333333333
1.16666666666667 0.0833333333333333
1.16666666666667 0.166666666666667
1.08333333333333 0.166666666666667
1.125 0.0833333333333333
1.16666666666667 0.125
1.125 0.166666666666667
1.08333333333333 0.125
1.125 0.125
1.25 0.291666666666667
1.25 0.333333333333333
1.25 0.375
1.25 0.416666666666667
1.25 0.458333333333333
1.20833333333333 0.5
1.16666666666667 0.5
1.125 0.5
1.08333333333333 0.5
1.04166666666667 0.5
1.04166666666667 0.291666666666667
1.20833333333333 0.291666666666667
1.20833333333333 0.458333333333333
1.04166666666667 0.458333333333333
1.08333333333333 0.291666666666667
1.125 0.291666666666667
1.16666666666667 0.291666666666667
1.20833333333333 0.333333333333333
1.20833333333333 0.375
1.20833333333333 0.416666666666667
1.16666666666667 0.458333333333333
1.125 0.458333333333333
1.08333333333333 0.458333333333333
1.04166666666667 0.416666666666667
1.04166666666667 0.375
1.04166666666667 0.333333333333333
1.08333333333333 0.333333333333333
1.16666666666667 0.333333333333333
1.16666666666667 0.416666666666667
1.08333333333333 0.416666666666667
1.125 0.333333333333333
1.16666666666667 0.375
1.125 0.416666666666667
1.08333333333333 0.375
1.125 0.375
1.25 0.541666666666667
1.25 0.583333333333333
1.25 0.625
1.25 0.666666666666667
1.25 0.708333333333333
1.20833333333333 0.75
1.16666666666667 0.75
1.125 0.75
1.08333333333333 0.75
1.04166666666667 0.75
1.04166666666667 0.541666666666667
1.20833333333333 0.541666666666667
1.20833333333333 0.708333333333333
1.04166666666667 0.708333333333333
1.08333333333333 0.541666666666667
1.125 0.541666666666667
1.16666666666667 0.541666666666667
1.20833333333333 0.583333333333333
1.20833333333333 0.625
1.20833333333333 0.666666666666667
1.16666666666667 0.708333333333333
1.125 0.708333333333333
1.08333333333333 0.708333333333333
1.04166666666667 0.666666666666667
1.04166666666667 0.625
1.04166666666667 0.583333333333333
1.08333333333333 0.583333333333333
1.16666666666667 0.583333333333333
1.16666666666667 0.666666666666667
1.08333333333333 0.666666666666667
1.125 0.583333333333333
1.16666666666667 0.625
1.125 0.666666666666667
1.08333333333333 0.625
1.125 0.625
1.25 0.791666666666667
1.25 0.833333333333333
1.25 0.875
1.25 0.916666666666667
1.25 0.958333333333333
1.04166666666667 0.791666666666667
1.20833333333333 0.791666666666667
1.20833333333333 0.958333333333333
1.04166666666667 0.958333333333333
1.08333333333333 0.791666666666666
1.125 0.791666666666667
1.16666666666667 0.791666666666667
1.20833333333333 0.833333333333333
1.20833333333333 0.875
1.20833333333333 0.916666666666667
1.16666666666667 0.958333333333333
1.125 0.958333333333333
1.08333333333333 0.958333333333333
1.04166666666667 0.916666666666667
1.04166666666667 0.875
1.04166666666667 0.833333333333333
1.08333333333333 0.833333333333333
1.16666666666667 0.833333333333333
1.16666666666667 0.916666666666667
1.08333333333333 0.916666666666667
1.125 0.833333333333333
1.16666666666667 0.875
1.125 0.916666666666667
1.08333333333333 0.875
1.125 0.875
1.5 0.0416666666666667
1.5 0.0833333333333333
1.5 0.125
1.5 0.166666666666667
1.5 0.208333333333333
1.45833333333333 0.25
1.41666666666667 0.25
1.375 0.25
1.33333333333333 0.25
1.29166666666667 0.25
1.29166666666667 0.0416666666666667
1.45833333333333 0.0416666666666667
1.45833333333333 0.208333333333333
1.29166666666667 0.208333333333333
1.33333333333333 0.0416666666666667
1.375 0.0416666666666667
1.41666666666667 0.0416666666666667
1.45833333333333 0.0833333333333333
1.45833333333333 0.125
1.45833333333333 0.166666666666667
1.41666666666667 0.208333333333333
1.375 0.208333333333333
1.33333333333333 0.208333333333333
1.29166666666667 0.166666666666667
1.29166666666667 0.125
1.29166666666667 0.0833333333333333
1.33333333333333 0.0833333333333333
1.41666666666667 0.0833333333333333
1.41666666666667 0.166666666666667
1.33333333333333 0.166666666666667
1.375 0.0833333333333333
1.41666666666667 0.125
1.375 0.166666666666667
1.33333333333333 0.125
1.375 0.125
1.5 0.291666666666667
1.5 0.333333333333333
1.5 0.375
1.5 0.416666666666667
1.5 0.458333333333333
1.45833333333333 0.5
1.41666666666667 0.5
1.375 0.5
1.33333333333333 0.5
1.29166666666667 0.5
1.29166666666667 0.291666666666667
1.45833333333333 0.291666666666667
1.45833333333333 0.458333333333333
1.29166666666667 0.458333333333333
1.33333333333333 0.291666666666667
1.375 0.291666666666667
1.41666666666667 0.291666666666667
1.45833333333333 0.333333333333333
1.45833333333333 0.375
1.45833333333333 0.416666666666667
1.41666666666667 0.458333333333333
1.375 0.458333333333333
1.33333333333333 0.458333333333333
1.29166666666667 0.416666666666667
1.29166666666667 0.375
1.29166666666667 0.333333333333333
1.33333333333333 0.333333333333333
1.41666666666667 0.333333333333333
1.41666666666667 0.416666666666667
1.33333333333333 0.416666666666667
1.375 0.333333333333333
1.41666666666667 0.375
1.375 0.416666666666667
1.33333333333333 0.375
1.375 0.375
1.5 0.541666666666667
1.5 0.583333333333333
1.5 0.625
1.5 0.666666666666667
1.5 0.708333333333333
1.45833333333333 0.75
1.41666666666667 0.75
1.375 0.75
1.33333333333333 0.75
1.29166666666667 0.75
1.29166666666667 0.541666666666667
1.45833333333333 0.541666666666667
1.45833333333333 0.708333333333333
1.29166666666667 0.708333333333333
1.33333333333333 0.541666666666667
1.375 0.541666666666667
1.41666666666667 0.541666666666667
1.45833333333333 0.583333333333333
1.45833333333333 0.625
1.45833333333333 0.666666666666667
1.41666666666667 0.708333333333333
1.375 0.708333333333333
1.33333333333333 0.708333333333333
1.29166666666667 0.666666666666667
1.29166666666667 0.625
1.29166666666667 0.583333333333333
1.33333333333333 0.583333333333333
1.41666666666667 0.583333333333333
1.41666666666667 0.666666666666667
1.33333333333333 0.666666666666667
1.375 0.583333333333333
1.41666666666667 0.625
1.375 0.666666666666667
1.33333333333333 0.625
1.375 0.625
1.5 0.791666666666667
1.5 0.833333333333333
1.5 0.875
1.5 0.916666666666667
1.5 0.958333333333333
1.29166666666667 0.791666666666667
1.45833333333333 0.791666666666667
1.45833333333333 0.958333333333333
1.29166666666667 0.958333333333333
1.33333333333333 0.791666666666666
1.375 0.791666666666667
1.41666666666667 0.791666666666667
1.45833333333333 0.833333333333333
1.45833333333333 0.875
1.45833333333333 0.916666666666667
1.41666666666667 0.958333333333333
1.375 0.958333333333333
1.33333333333333 0.958333333333333
1.29166666666667 0.916666666666667
1.29166666666667 0.875
1.29166666666667 0.833333333333333
1.33333333333333 0.833333333333333
1.41666666666667 0.833333333333333
1.41666666666667 0.916666666666667
1.33333333333333 0.916666666666667
1.375 0.833333333333333
1.41666666666667 0.875
1.375 0.916666666666667
1.33333333333333 0.875
1.375 0.875
1.75 0.0416666666666667
1.75 0.0833333333333333
1.75 0.125
1.75 0.166666666666667
1.75 0.208333333333333
1.70833333333333 0.25
1.66666666666667 0.25
1.625 0.25
1.58333333333333 0.25
1.54166666666667 0.25
1.54166666666667 0.0416666666666667
1.70833333333333 0.0416666666666667
1.70833333333333 0.208333333333333
1.54166666666667 0.208333333333333
1.58333333333333 0.0416666666666667
1.625 0.0416666666666667
1.66666666666667 0.0416666666666667
1.70833333333333 0.0833333333333333
1.70833333333333 0.125
1.70833333333333 0.166666666666667
1.66666666666667 0.208333333333333
1.625 0.208333333333333
1.58333333333333 0.208333333333333
1.54166666666667 0.166666666666667
1.54166666666667 0.125
1.54166666666667 0.0833333333333333
1.58333333333333 0.0833333333333333
1.66666666666667 0.0833333333333333
1.66666666666667 0.166666666666667
1.58333333333333 0.166666666666667
1.625 0.0833333333333333
1.66666666666667 0.125
1.625 0.166666666666667
1.58333333333333 0.125
1.625 0.125
1.75 0.291666666666667
1.75 0.333333333333333
1.75 0.375
1.75 0.416666666666667
1.75 0.458333333333333
1.70833333333333 0.5
1.66666666666667 0.5
1.625 0.5
1.58333333333333 0.5
1.54166666666667 0.5
1.54166666666667 0.291666666666667
1.70833333333333 0.291666666666667
1.70833333333333 0.458333333333333
1.54166666666667 0.458333333333333
1.58333333333333 0.291666666666667
1.625 0.291666666666667
1.66666666666667 0.291666666666667
1.70833333333333 0.333333333333333
1.70833333333333 0.375
1.70833333333333 0.416666666666667
1.66666666666667 0.458333333333333
1.625 0.458333333333333
1.58333333333333 0.458333333333333
1.54166666666667 0.416666666666667
1.54166666666667 0.375
1.54166666666667 0.333333333333333
1.58333333333333 0.333333333333333
1.66666666666667 0.333333333333333
1.66666666666667 0.416666666666667
1.58333333333333 0.416666666666667
1.625 0.333333333333333
1.66666666666667 0.375
1.625 0.416666666666667
1.58333333333333 0.375
1.625 0.375
1.75 0.541666666666667
1.75 0.583333333333333
1.75 0.625
1.75 0.666666666666667
1.75 0.708333333333333
1.70833333333333 0.75
1.66666666666667 0.75
1.625 0.75
1.58333333333333 0.75
1.54166666666667 0.75
1.54166666666667 0.541666666666667
1.70833333333333 0.541666666666667
1.70833333333333 0.708333333333333
1.54166666666667 0.708333333333333
1.58333333333333 0.541666666666667
1.625 0.541666666666667
1.66666666666667 0.541666666666667
1.70833333333333 0.583333333333333
1.70833333333333 0.625
1.70833333333333 0.666666666666667
1.66666666666667 0.708333333333333
1.625 0.708333333333333
1.58333333333333 0.708333333333333
1.54166666666667 0.666666666666667
1.54166666666667 0.625
1.54166666666667 0.583333333333333
1.58333333333333 0.583333333333333
1.66666666666667 0.583333333333333
1.66666666666667 0.666666666666667
1.58333333333333 0.666666666666667
1.625 0.583333333333333
1.66666666666667 0.625
1.625 0.666666666666667
1.58333333333333 0.625
1.625 0.625
1.75 0.791666666666667
1.75 0.833333333333333
1.75 0.875
1.75 0.916666666666667
1.75 0.958333333333333
1.54166666666667 0.791666666666667
1.70833333333333 0.791666666666667
1.70833333333333 0.958333333333333
1.54166666666666 0.958333333333333
1.58333333333333 0.791666666666666
1.625 0.791666666666667
1.66666666666667 0.791666666666667
1.70833333333333 0.833333333333333
1.70833333333333 0.875
1.70833333333333 0.916666666666667
1.66666666666667 0.958333333333333
1.625 0.958333333333333
1.58333333333333 0.958333333333333
1.54166666666667 0.916666666666667
1.54166666666667 0.875
1.54166666666667 0.833333333333333
1.58333333333333 0.833333333333333
1.66666666666667 0.833333333333333
1.66666666666667 0.916666666666667
1.58333333333333 0.916666666666667
1.625 0.833333333333333
1.66666666666667 0.875
1.625 0.916666666666667
1.58333333333333 0.875
1.625 0.875
2 0.0416666666666667
2 0.0833333333333333
2 0.125
2 0.166666666666667
2 0.208333333333333
1.95833333333333 0.25
1.91666666666667 0.25
1.875 0.25
1.83333333333333 0.25
1.79166666666667 0.25
1.79166666666667 0.0416666666666667
1.95833333333333 0.0416666666666667
1.95833333333333 0.208333333333333
1.79166666666667 0.208333333333333
1.83333333333333 0.0416666666666667
1.875 0.0416666666666667
1.91666666666667 0.0416666666666667
1.95833333333333 0.0833333333333333
1.95833333333333 0.125
1.95833333333333 0.166666666666667
1.91666666666667 0.208333333333333
1.875 0.208333333333333
1.83333333333333 0.208333333333333
1.79166666666667 0.166666666666667
1.79166666666667 0.125
1.79166666666667 0.0833333333333333
1.83333333333333 0.0833333333333333
1.91666666666667 0.0833333333333333
1.91666666666667 0.166666666666667
1.83333333333333 0.166666666666667
1.875 0.0833333333333333
1.91666666666667 0.125
1.875 0.166666666666667
1.83333333333333 0.125
1.875 0.125
2 0.291666666666667
2 0.333333333333333
2 0.375
2 0.416666666666667
2 0.458333333333333
1.95833333333333 0.5
1.91666666666667 0.5
1.875 0.5
1.83333333333333 0.5
1.79166666666667 0.5
1.79166666666667 0.291666666666667
1.95833333333333 0.291666666666667
1.95833333333333 0.458333333333333
1.79166666666667 0.458333333333333
1.83333333333333 0.291666666666667
1.875 0.291666666666667
1.91666666666667 0.291666666666667
1.95833333333333 0.333333333333333
1.95833333333333 0.375
1.95833333333333 0.416666666666667
1.91666666666667 0.458333333333333
1.875 0.458333333333333
1.83333333333333 0.458333333333333
1.79166666666667 0.416666666666667
1.79166666666667 0.375
1.79166666666667 0.333333333333333
1.83333333333333 0.333333333333333
1.91666666666667 0.333333333333333
1.91666666666667 0.416666666666667
1.83333333333333 0.416666666666667
1.875 0.333333333333333
1.91666666666667 0.375
1.875 0.416666666666667
1.83333333333333 0.375
1.875 0.375
2 0.541666666666667
2 0.583333333333333
2 0.625
2 0.666666666666667
2 0.708333333333333
1.95833333333333 0.75
1.91666666666667 0.75
1.875 0.75
1.83333333333333 0.75
1.79166666666667 0.75
1.79166666666667 0.541666666666667
1.95833333333333 0.541666666666667
1.95833333333333 0.708333333333333
1.79166666666667 0.708333333333333
1.83333333333333 0.541666666666667
1.875 0.541666666666667
1.91666666666667 0.541666666666667
1.95833333333333 0.583333333333333
1.95833333333333 0.625
1.95833333333333 0.666666666666667
1.91666666666667 0.708333333333333
1.875 0.708333333333333
1.83333333333333 0.708333333333333
1.79166666666667 0.666666666666667
1.79166666666667 0.625
1.79166666666667 0.583333333333333
1.83333333333333 0.583333333333333
1.91666666666667 0.583333333333333
1.91666666666667 0.666666666666667
1.83333333333333 0.666666666666667
1.875 0.583333333333333
1.91666666666667 0.625
1.875 0.666666666666667
1.83333333333333 0.625
1.875 0.625
2 0.791666666666667
2 0.833333333333333
2 0.875
2 0.916666666666667
2 0.958333333333333
1.79166666666667 0.791666666666667
1.95833333333333 0.791666666666667
1.95833333333333 0.958333333333333
1.79166666666667 0.958333333333333
1.83333333333333 0.791666666666666
1.875 0.791666666666667
1.91666666666667 0.791666666666667
1.95833333333333 0.833333333333333
1.95833333333333 0.875
1.95833333333333 0.916666666666667
1.91666666666667 0.958333333333333
1.875 0.958333333333333
1.83333333333333 0.958333333333333
1.79166666666667 0.916666666666667
1.79166666666667 0.875
1.79166666666667 0.833333333333333
1.83333333333333 0.833333333333333
1.91666666666667 0.833333333333333
1.91666666666667 0.916666666666667
1.83333333333333 0.916666666666667
1.875 0.833333333333333
1.91666666666667 0.875
1.875 0.916666666666667
1.83333333333333 0.875
1.875 0.875
2.25 0.0416666666666667
2.25 0.0833333333333333
2.25 0.125
2.25 0.166666666666667
2.25 0.208333333333333
2.20833333333333 0.25
2.16666666666667 0.25
2.125 0.25
2.08333333333333 0.25
2.04166666666667 0.25
2.04166666666667 0.0416666666666667
2.20833333333333 0.0416666666666667
2.20833333333333 0.208333333333333
2.04166666666667 0.208333333333333
2.08333333333333 0.0416666666666667
2.125 0.0416666666666667
2.16666666666667 0.0416666666666667
2.20833333333333 0.0833333333333333
2.20833333333333 0.125
2.20833333333333 0.166666666666667
2.16666666666667 0.208333333333333
2.125 0.208333333333333
2.08333333333333 0.208333333333333
2.04166666666667 0.166666666666667
2.04166666666667 0.125
2.04166666666667 0.0833333333333333
2.08333333333333 0.0833333333333333
2.16666666666667 0.0833333333333333
2.16666666666667 0.166666666666667
2.08333333333333 0.166666666666667
2.125 0.0833333333333333
2.16666666666667 0.125
2.125 0.166666666666667
2.08333333333333 0.125
2.125 0.125
2.25 0.291666666666667
2.25 0.333333333333333
2.25 0.375
2.25 0.416666666666667
2.25 0.458333333333333
2.20833333333333 0.5
2.16666666666667 0.5
2.125 0.5
2.08333333333333 0.5
2.04166666666667 0.5
2.04166666666667 0.291666666666667
2.20833333333333 0.291666666666667
2.20833333333333 0.458333333333333
2.04166666666667 0.458333333333333
2.08333333333333 0.291666666666667
2.125 0.291666666666667
2.16666666666667 0.291666666666667
2.20833333333333 0.333333333333333
2.20833333333333 0.375
2.20833333333333 0.416666666666667
2.16666666666667 0.458333333333333
2.125 0.458333333333333
2.08333333333333 0.458333333333333
2.04166666666667 0.416666666666667
2.04166666666667 0.375
2.04166666666667 0.333333333333333
2.08333333333333 0.333333333333333
2.16666666666667 0.333333333333333
2.16666666666667 0.416666666666667
2.08333333333333 0.416666666666667
2.125 0.333333333333333
2.16666666666667 0.375
2.125 0.416666666666667
2.08333333333333 0.375
2.125 0.375
2.25 0.541666666666667
2.25 0.583333333333333
2.25 0.625
2.25 0.666666666666667
2.25 0.708333333333333
2.20833333333333 0.75
2.16666666666667 0.75
2.125 0.75
2.08333333333333 0.75
2.04166666666667 0.75
2.04166666666667 0.541666666666667
2.20833333333333 0.541666666666667
2.20833333333333 0.708333333333333
2.04166666666667 0.708333333333333
2.08333333333333 0.541666666666667
2.125 0.541666666666667
2.16666666666667 0.541666666666667
2.20833333333333 0.583333333333333
2.20833333333333 0.625
2.20833333333333 0.666666666666667
2.16666666666667 0.708333333333333
2.125 0.708333333333333
2.08333333333333 0.708333333333333
2.04166666666667 0.666666666666667
2.04166666666667 0.625
2.04166666666667 0.583333333333333
2.08333333333333 0.583333333333333
2.16666666666667 0.583333333333333
2.16666666666667 0.666666666666667
2.08333333333333 0.666666666666667
2.125 0.583333333333333
2.16666666666667 0.625
2.125 0.666666666666667
2.08333333333333 0.625
2.125 0.625
2.25 0.791666666666667
2.25 0.833333333333333
2.25 0.875
2.25 0.916666666666667
2.25 0.958333333333333
2.04166666666667 0.791666666666667
2.20833333333333 0.791666666666667
2.20833333333333 0.958333333333333
2.04166666666667 0.958333333333333
2.08333333333333 0.791666666666666
2.125 0.791666666666667
2.16666666666667 0.791666666666667
2.20833333333333 0.833333333333333
2.20833333333333 0.875
2.20833333333333 0.916666666666667
2.16666666666667 0.958333333333333
2.125 0.958333333333333
2.08333333333333 0.958333333333333
2.04166666666667 0.916666666666667
2.04166666666667 0.875
2.04166666666667 0.833333333333333
2.08333333333333 0.833333333333333
2.16666666666667 0.833333333333333
2.16666666666667 0.916666666666667
2.08333333333333 0.916666666666667
2.125 0.833333333333333
2.16666666666667 0.875
2.125 0.916666666666667
2.08333333333333 0.875
2.125 0.875
2.5 0.0416666666666667
2.5 0.0833333333333333
2.5 0.125
2.5 0.166666666666667
2.5 0.208333333333333
2.45833333333333 0.25
2.41666666666667 0.25
2.375 0.25
2.33333333333333 0.25
2.29166666666667 0.25
2.29166666666667 0.0416666666666667
2.45833333333333 0.0416666666666667
2.45833333333333 0.208333333333333
2.29166666666667 0.208333333333333
2.33333333333333 0.0416666666666667
2.375 0.0416666666666667
2.41666666666667 0.0416666666666667
2.45833333333333 0.0833333333333333
2.45833333333333 0.125
2.45833333333333 0.166666666666667
2.41666666666667 0.208333333333333
2.375 0.208333333333333
2.33333333333333 0.208333333333333
2.29166666666667 0.166666666666667
2.29166666666667 0.125
2.29166666666667 0.0833333333333333
2.33333333333333 0.0833333333333333
2.41666666666667 0.0833333333333333
2.41666666666667 0.166666666666667
2.33333333333333 0.166666666666667
2.375 0.0833333333333333
2.41666666666667 0.125
2.375 0.166666666666667
2.33333333333333 0.125
2.375 0.125
2.5 0.291666666666667
2.5 0.333333333333333
2.5 0.375
2.5 0.416666666666667
2.5 0.458333333333333
2.45833333333333 0.5
2.41666666666667 0.5
2.375 0.5
2.33333333333333 0.5
2.29166666666667 0.5
2.29166666666667 0.291666666666667
2.45833333333333 0.291666666666667
2.45833333333333 0.458333333333333
2.29166666666667 0.458333333333333
2.33333333333333 0.291666666666667
2.375 0.291666666666667
2.41666666666667 0.291666666666667
2.45833333333333 0.333333333333333
2.45833333333333 0.375
2.45833333333333 0.416666666666667
2.41666666666667 0.458333333333333
2.375 0.458333333333333
2.33333333333333 0.458333333333333
2.29166666666667 0.416666666666667
2.29166666666667 0.375
2.29166666666667 0.333333333333333
2.33333333333333 0.333333333333333
2.41666666666667 0.333333333333333
2.41666666666667 0.416666666666667
2.33333333333333 0.416666666666667
2.375 0.333333333333333
2.41666666666667 0.375
2.375 0.416666666666667
2.33333333333333 0.375
2.375 0.375
2.5 0.541666666666667
2.5 0.583333333333333
2.5 0.625
2.5 0.666666666666667
2.5 0.708333333333333
2.45833333333333 0.75
2.41666666666667 0.75
2.375 0.75
2.33333333333333 0.75
2.29166666666667 0.75
2.29166666666667 0.541666666666667
2.45833333333333 0.541666666666667
2.45833333333333 0.708333333333333
2.29166666666667 0.708333333333333
2.33333333333333 0.541666666666667
2.375 0.541666666666667
2.41666666666667 0.541666666666667
2.45833333333333 0.583333333333333
2.45833333333333 0.625
2.45833333333333 0.666666666666667
2.41666666666667 0.708333333333333
2.375 0.708333333333333
2.33333333333333 0.708333333333333
2.29166666666667 0.666666666666667
2.29166666666667 0.625
2.29166666666667 0.583333333333333
2.33333333333333 0.583333333333333
2.41666666666667 0.583333333333333
2.41666666666667 0.666666666666667
2.33333333333333 0.666666666666667
2.375 0.583333333333333
2.41666666666667 0.625
2.375 0.666666666666667
2.33333333333333 0.625
2.375 0.625
2.5 0.791666666666667
2.5 0.833333333333333
2.5 0.875
2.5 0.916666666666667
2.5 0.958333333333333
2.29166666666667 0.791666666666667
2.45833333333333 0.791666666666667
2.45833333333333 0.958333333333333
2.29166666666667 0.958333333333333
2.33333333333333 0.791666666666666
2.375 0.791666666666667
2.41666666666667 0.791666666666667
2.45833333333333 0.833333333333333
2.45833333333333 0.875
2.45833333333333 0.916666666666667
2.41666666666667 0.958333333333333
2.375 0.958333333333333
2.33333333333333 0.958333333333333
2.29166666666667 0.916666666666667
2.29166666666667 0.875
2.29166666666667 0.833333333333333
2.33333333333333 0.833333333333333
2.41666666666667 0.833333333333333
2.41666666666667 0.916666666666667
2.33333333333333 0.916666666666667
2.375 0.833333333333333
2.41666666666667 0.875
2.375 0.916666666666667
2.33333333333333 0.875
2.375 0.875
2.75 0.0416666666666667
2.75 0.0833333333333333
2.75 0.125
2.75 0.166666666666667
2.75 0.208333333333333
2.70833333333333 0.25
2.66666666666667 0.25
2.625 0.25
2.58333333333333 0.25
2.54166666666667 0.25
2.54166666666667 0.0416666666666667
2.70833333333333 0.0416666666666667
2.70833333333333 0.208333333333333
2.54166666666667 0.208333333333333
2.58333333333333 0.0416666666666667
2.625 0.0416666666666667
2.66666666666667 0.0416666666666667
2.70833333333333 0.0833333333333333
2.70833333333333 0.125
2.70833333333333 0.166666666666667
2.66666666666667 0.208333333333333
2.625 0.208333333333333
2.58333333333333 0.208333333333333
2.54166666666667 0.166666666666667
2.54166666666667 0.125
2.54166666666667 0.0833333333333333
2.58333333333333 0.0833333333333333
2.66666666666667 0.0833333333333333
2.66666666666667 0.166666666666667
2.58333333333333 0.166666666666667
2.625 0.0833333333333333
2.66666666666667 0.125
2.625 0.166666666666667
2.58333333333333 0.125
2.625 0.125
2.75 0.291666666666667
2.75 0.333333333333333
2.75 0.375
2.75 0.416666666666667
2.75 0.458333333333333
2.70833333333333 0.5
2.66666666666667 0.5
2.625 0.5
2.58333333333333 0.5
2.54166666666667 0.5
2.54166666666667 0.291666666666667
2.70833333333333 0.291666666666667
2.70833333333333 0.458333333333333
2.54166666666667 0.458333333333333
2.58333333333333 0.291666666666667
2.625 0.291666666666667
2.66666666666667 0.291666666666667
2.70833333333333 0.333333333333333
2.70833333333333 0.375
2.70833333333333 0.416666666666667
2.66666666666667 0.458333333333333
2.625 0.458333333333333
2.58333333333333 0.458333333333333
2.54166666666667 0.416666666666667
2.54166666666667 0.375
2.54166666666667 0.333333333333333
2.58333333333333 0.333333333333333
2.66666666666667 0.333333333333333
2.66666666666667 0.416666666666667
2.58333333333333 0.416666666666667
2.625 0.333333333333333
2.66666666666667 0.375
2.625 0.416666666666667
2.58333333333333 0.375
2.625 0.375
2.75 0.541666666666667
2.75 0.583333333333333
2.75 0.625
2.75 0.666666666666667
2.75 0.708333333333333
2.70833333333333 0.75
2.66666666666667 0.75
2.625 0.75
2.58333333333333 0.75
2.54166666666667 0.75
2.54166666666667 0.541666666666667
2.70833333333333 0.541666666666667
2.70833333333333 0.708333333333333
2.54166666666667 0.708333333333333
2.58333333333333 0.541666666666667
2.625 0.541666666666667
2.66666666666667 0.541666666666667
2.70833333333333 0.583333333333333
2.70833333333333 0.625
2.70833333333333 0.666666666666667
2.66666666666667 0.708333333333333
2.625 0.708333333333333
2.58333333333333 0.708333333333333
2.54166666666667 0.666666666666667
2.54166666666667 0.625
2.54166666666667 0.583333333333333
2.58333333333333 0.583333333333333
2.66666666666667 0.583333333333333
2.66666666666667 0.666666666666667
2.58333333333333 0.666666666666667
2.625 0.583333333333333
2.66666666666667 0.625
2.625 0.666666666666667
2.58333333333333 0.625
2.625 0.625
2.75 0.791666666666667
2.75 0.833333333333333
2.75 0.875
2.75 0.916666666666667
2.75 0.958333333333333
2.54166666666667 0.791666666666667
2.70833333333333 0.791666666666667
2.70833333333333 0.958333333333333
2.54166666666667 0.958333333333333
2.58333333333333 0.791666666666666
2.625 0.791666666666667
2.66666666666667 0.791666666666667
2.70833333333333 0.833333333333333
2.70833333333333 0.875
2.70833333333333 0.916666666666667
2.66666666666667 0.958333333333333
2.625 0.958333333333333
2.58333333333333 0.958333333333333
2.54166666666667 0.916666666666667
2.54166666666667 0.875
2.54166666666667 0.833333333333333
2.58333333333333 0.833333333333333
2.66666666666667 0.833333333333333
2.66666666666667 0.916666666666667
2.58333333333333 0.916666666666667
2.625 0.833333333333333
2.66666666666667 0.875
2.625 0.916666666666667
2.58333333333333 0.875
2.625 0.875
3 0.0416666666666667
3 0.0833333333333333
3 0.125
3 0.166666666666667
3 0.208333333333333
2.95833333333333 0.25
2.91666666666667 0.25
2.875 0.25
2.83333333333333 0.25
2.79166666666667 0.25
2.79166666666667 0.0416666666666667
2.95833333333333 0.0416666666666667
2.95833333333333 0.208333333333333
2.79166666666667 0.208333333333333
2.83333333333333 0.0416666666666667
2.875 0.0416666666666667
2.91666666666667 0.0416666666666667
2.95833333333333 0.0833333333333333
2.95833333333333 0.125
2.95833333333333 0.166666666666667
2.91666666666667 0.208333333333333
2.875 0.208333333333333
2.83333333333333 0.208333333333333
2.79166666666667 0.166666666666667
2.79166666666667 0.125
2.79166666666667 0.0833333333333333
2.83333333333333 0.0833333333333333
2.91666666666667 0.0833333333333333
2.91666666666667 0.166666666666667
2.83333333333333 0.166666666666667
2.875 0.0833333333333333
2.91666666666667 0.125
2.875 0.166666666666667
2.83333333333333 0.125
2.875 0.125
3 0.291666666666667
3 0.333333333333333
3 0.375
3 0.416666666666667
3 0.458333333333333
2.95833333333333 0.5
2.91666666666667 0.5
2.875 0.5
2.83333333333333 0.5
2.79166666666667 0.5
2.79166666666667 0.291666666666667
2.95833333333333 0.291666666666667
2.95833333333333 0.458333333333333
2.79166666666667 0.458333333333333
2.83333333333333 0.291666666666667
2.875 0.291666666666667
2.91666666666667 0.291666666666667
2.95833333333333 0.333333333333333
2.95833333333333 0.375
2.95833333333333 0.416666666666667
2.91666666666667 0.458333333333333
2.875 0.458333333333333
2.83333333333333 0.458333333333333
2.79166666666667 0.416666666666667
2.79166666666667 0.375
2.79166666666667 0.333333333333333
2.83333333333333 0.333333333333333
2.91666666666667 0.333333333333333
2.91666666666667 0.416666666666667
2.83333333333333 0.416666666666667
2.875 0.333333333333333
2.91666666666667 0.375
2.875 0.416666666666667
2.83333333333333 0.375
2.875 0.375
3 0.541666666666667
3 0.583333333333333
3 0.625
3 0.666666666666667
3 0.708333333333333
2.95833333333333 0.75
2.91666666666667 0.75
2.875 0.75
2.83333333333333 0.75
2.79166666666667 0.75
2.79166666666667 0.541666666666667
2.95833333333333 0.541666666666667
2.95833333333333 0.708333333333333
2.79166666666667 0.708333333333333
2.83333333333333 0.541666666666667
2.875 0.541666666666667
2.91666666666667 0.541666666666667
2.95833333333333 0.583333333333333
2.95833333333333 0.625
2.95833333333333 0.666666666666667
2.91666666666667 0.708333333333333
2.875 0.708333333333333
2.83333333333333 0.708333333333333
2.79166666666667 0.666666666666667
2.79166666666667 0.625
2.79166666666667 0.583333333333333
2.83333333333333 0.583333333333333
2.91666666666667 0.583333333333333
2.91666666666667 0.666666666666667
2.83333333333333 0.666666666666667
2.875 0.583333333333333
2.91666666666667 0.625
2.875 0.666666666666667
2.83333333333333 0.625
2.875 0.625
3 0.791666666666667
3 0.833333333333333
3 0.875
3 0.916666666666667
3 0.958333333333333
2.79166666666667 0.791666666666667
2.95833333333333 0.791666666666667
2.95833333333333 0.958333333333333
2.79166666666667 0.958333333333333
2.83333333333333 0.791666666666666
2.875 0.791666666666667
2.91666666666667 0.791666666666667
2.95833333333333 0.833333333333333
2.95833333333333 0.875
2.95833333333333 0.916666666666667
2.91666666666667 0.958333333333333
2.875 0.958333333333333
2.83333333333333 0.958333333333333
2.79166666666667 0.916666666666667
2.79166666666667 0.875
2.79166666666667 0.833333333333333
2.83333333333333 0.833333333333333
2.91666666666667 0.833333333333333
2.91666666666667 0.916666666666667
2.83333333333333 0.916666666666667
2.875 0.833333333333333
2.91666666666667 0.875
2.875 0.916666666666667
2.83333333333333 0.875
2.875 0.875
3.25 0.0416666666666667
3.25 0.0833333333333333
3.25 0.125
3.25 0.166666666666667
3.25 0.208333333333333
3.20833333333333 0.25
3.16666666666667 0.25
3.125 0.25
3.08333333333333 0.25
3.04166666666667 0.25
3.04166666666667 0.0416666666666667
3.20833333333333 0.0416666666666667
3.20833333333333 0.208333333333333
3.04166666666667 0.208333333333333
3.08333333333333 0.0416666666666667
3.125 0.0416666666666667
3.16666666666667 0.0416666666666667
3.20833333333333 0.0833333333333333
3.20833333333333 0.125
3.20833333333333 0.166666666666667
3.16666666666667 0.208333333333333
3.125 0.208333333333333
3.08333333333333 0.208333333333333
3.04166666666667 0.166666666666667
3.04166666666667 0.125
3.04166666666667 0.0833333333333333
3.08333333333333 0.0833333333333333
3.16666666666667 0.0833333333333333
3.16666666666667 0.166666666666667
3.08333333333333 0.166666666666667
3.125 0.0833333333333333
3.16666666666667 0.125
3.125 0.166666666666667
3.08333333333333 0.125
3.125 0.125
3.25 0.291666666666667
3.25 0.333333333333333
3.25 0.375
3.25 0.416666666666667
3.25 0.458333333333333
3.20833333333333 0.5
3.16666666666667 0.5
3.125 0.5
3.08333333333333 0.5
3.04166666666667 0.5
3.04166666666667 0.291666666666667
3.20833333333333 0.291666666666667
3.20833333333333 0.458333333333333
3.04166666666667 0.458333333333333
3.08333333333333 0.291666666666667
3.125 0.291666666666667
3.16666666666667 0.291666666666667
3.20833333333333 0.333333333333333
3.20833333333333 0.375
3.20833333333333 0.416666666666667
3.16666666666667 0.458333333333333
3.125 0.458333333333333
3.08333333333333 0.458333333333333
3.04166666666667 0.416666666666667
3.04166666666667 0.375
3.04166666666667 0.333333333333333
3.08333333333333 0.333333333333333
3.16666666666667 0.333333333333333
3.16666666666667 0.416666666666667
3.08333333333333 0.416666666666667
3.125 0.333333333333333
3.16666666666667 0.375
3.125 0.416666666666667
3.08333333333333 0.375
3.125 0.375
3.25 0.541666666666667
3.25 0.583333333333333
3.25 0.625
3.25 0.666666666666667
3.25 0.708333333333333
3.20833333333333 0.75
3.16666666666667 0.75
3.125 0.75
3.08333333333333 0.75
3.04166666666667 0.75
3.04166666666667 0.541666666666667
3.20833333333333 0.541666666666667
3.20833333333333 0.708333333333333
3.04166666666667 0.708333333333333
3.08333333333333 0.541666666666667
3.125 0.541666666666667
3.16666666666667 0.541666666666667
3.20833333333333 0.583333333333333
3.20833333333333 0.625
3.20833333333333 0.666666666666667
3.16666666666667 0.708333333333333
3.125 0.708333333333333
3.08333333333333 0.708333333333333
3.04166666666667 0.666666666666667
3.04166666666667 0.625
3.04166666666667 0.583333333333333
3.08333333333333 0.583333333333333
3.16666666666667 0.583333333333333
3.16666666666667 0.666666666666667
3.08333333333333 0.666666666666667
3.125 0.583333333333333
3.16666666666667 0.625
3.125 0.666666666666667
3.08333333333333 0.625
3.125 0.625
3.25 0.791666666666667
3.25 0.833333333333333
3.25 0.875
3.25 0.916666666666667
3.25 0.958333333333333
3.04166666666667 0.791666666666667
3.20833333333333 0.791666666666667
3.20833333333333 0.958333333333333
3.04166666666667 0.958333333333333
3.08333333333333 0.791666666666666
3.125 0.791666666666667
3.16666666666667 0.791666666666667
3.20833333333333 0.833333333333333
3.20833333333333 0.875
3.20833333333333 0.916666666666667
3.16666666666667 0.958333333333333
3.125 0.958333333333333
3.08333333333333 0.958333333333333
3.04166666666667 0.916666666666667
3.04166666666667 0.875
3.04166666666667 0.833333333333333
3.08333333333333 0.833333333333333
3.16666666666667 0.833333333333333
3.16666666666667 0.916666666666667
3.08333333333333 0.916666666666667
3.125 0.833333333333333
3.16666666666667 0.875
3.125 0.916666666666667
3.08333333333333 0.875
3.125 0.875
3.5 0.0416666666666667
3.5 0.0833333333333333
3.5 0.125
3.5 0.166666666666667
3.5 0.208333333333333
3.45833333333333 0.25
3.41666666666667 0.25
3.375 0.25
3.33333333333333 0.25
3.29166666666667 0.25
3.29166666666667 0.0416666666666667
3.45833333333333 0.0416666666666667
3.45833333333333 0.208333333333333
3.29166666666667 0.208333333333333
3.33333333333333 0.0416666666666667
3.375 0.0416666666666667
3.41666666666667 0.0416666666666667
3.45833333333333 0.0833333333333333
3.45833333333333 0.125
3.45833333333333 0.166666666666667
3.41666666666667 0.208333333333333
3.375 0.208333333333333
3.33333333333333 0.208333333333333
3.29166666666667 0.166666666666667
3.29166666666667 0.125
3.29166666666667 0.0833333333333333
3.33333333333333 0.0833333333333333
3.41666666666667 0.0833333333333333
3.41666666666667 0.166666666666667
3.33333333333333 0.166666666666667
3.375 0.0833333333333333
3.41666666666667 0.125
3.375 0.166666666666667
3.33333333333333 0.125
3.375 0.125
3.5 0.291666666666667
3.5 0.333333333333333
3.5 0.375
3.5 0.416666666666667
3.5 0.458333333333333
3.45833333333333 0.5
3.41666666666667 0.5
3.375 0.5
3.33333333333333 0.5
3.29166666666667 0.5
3.29166666666667 0.291666666666667
3.45833333333333 0.291666666666667
3.45833333333333 0.458333333333333
3.29166666666667 0.458333333333333
3.33333333333333 0.291666666666667
3.375 0.291666666666667
3.41666666666667 0.291666666666667
3.45833333333333 0.333333333333333
3.45833333333333 0.375
3.45833333333333 0.416666666666667
3.41666666666667 0.458333333333333
3.375 0.458333333333333
3.33333333333333 0.458333333333333
3.29166666666667 0.416666666666667
3.29166666666667 0.375
3.29166666666667 0.333333333333333
3.33333333333333 0.333333333333333
3.41666666666667 0.333333333333333
3.41666666666667 0.416666666666667
3.33333333333333 0.416666666666667
3.375 0.333333333333333
3.41666666666667 0.375
3.375 0.416666666666667
3.33333333333333 0.375
3.375 0.375
3.5 0.541666666666667
3.5 0.583333333333333
3.5 0.625
3.5 0.666666666666667
3.5 0.708333333333333
3.45833333333333 0.75
3.41666666666667 0.75
3.375 0.75
3.33333333333333 0.75
3.29166666666667 0.75
3.29166666666667 0.541666666666667
3.45833333333333 0.541666666666667
3.45833333333333 0.708333333333333
3.29166666666667 0.708333333333333
3.33333333333333 0.541666666666667
3.375 0.541666666666667
3.41666666666667 0.541666666666667
3.45833333333333 0.583333333333333
3.45833333333333 0.625
3.45833333333333 0.666666666666667
3.41666666666667 0.708333333333333
3.375 0.708333333333333
3.33333333333333 0.708333333333333
3.29166666666667 0.666666666666667
3.29166666666667 0.625
3.29166666666667 0.583333333333333
3.33333333333333 0.583333333333333
3.41666666666667 0.583333333333333
3.41666666666667 0.666666666666667
3.33333333333333 0.666666666666667
3.375 0.583333333333333
3.41666666666667 0.625
3.375 0.666666666666667
3.33333333333333 0.625
3.375 0.625
3.5 0.791666666666667
3.5 0.833333333333333
3.5 0.875
3.5 0.916666666666667
3.5 0.958333333333333
3.29166666666667 0.791666666666667
3.45833333333333 0.791666666666667
3.45833333333333 0.958333333333333
3.29166666666667 0.958333333333333
3.33333333333333 0.791666666666666
3.375 0.791666666666667
3.41666666666667 0.791666666666667
3.45833333333333 0.833333333333333
3.45833333333333 0.875
3.45833333333333 0.916666666666667
3.41666666666667 0.958333333333333
3.375 0.958333333333333
3.33333333333333 0.958333333333333
3.29166666666667 0.916666666666667
3.29166666666667 0.875
3.29166666666667 0.833333333333333
3.33333333333333 0.833333333333333
3.41666666666667 0.833333333333333
3.41666666666667 0.916666666666667
3.33333333333333 0.916666666666667
3.375 0.833333333333333
3.41666666666667 0.875
3.375 0.916666666666667
3.33333333333333 0.875
3.375 0.875
3.75 0.0416666666666667
3.75 0.0833333333333333
3.75 0.125
3.75 0.166666666666667
3.75 0.208333333333333
3.70833333333333 0.25
3.66666666666667 0.25
3.625 0.25
3.58333333333333 0.25
3.54166666666667 0.25
3.54166666666667 0.0416666666666667
3.70833333333333 0.0416666666666667
3.70833333333333 0.208333333333333
3.54166666666667 0.208333333333333
3.58333333333333 0.0416666666666667
3.625 0.0416666666666667
3.66666666666667 0.0416666666666667
3.70833333333333 0.0833333333333333
3.70833333333333 0.125
3.70833333333333 0.166666666666667
3.66666666666667 0.208333333333333
3.625 0.208333333333333
3.58333333333333 0.208333333333333
3.54166666666667 0.166666666666667
3.54166666666667 0.125
3.54166666666667 0.0833333333333333
3.58333333333333 0.0833333333333333
3.66666666666667 0.0833333333333333
3.66666666666667 0.166666666666667
3.58333333333333 0.166666666666667
3.625 0.0833333333333333
3.66666666666667 0.125
3.625 0.166666666666667
3.58333333333333 0.125
3.625 0.125
3.75 0.291666666666667
3.75 0.333333333333333
3.75 0.375
3.75 0.416666666666667
3.75 0.458333333333333
3.70833333333333 0.5
3.66666666666667 0.5
3.625 0.5
3.58333333333333 0.5
3.54166666666667 0.5
3.54166666666667 0.291666666666667
3.70833333333333 0.291666666666667
3.70833333333333 0.458333333333333
3.54166666666667 0.458333333333333
3.58333333333333 0.291666666666667
3.625 0.291666666666667
3.66666666666667 0.291666666666667
3.70833333333333 0.333333333333333
3.70833333333333 0.375
3.70833333333333 0.416666666666667
3.66666666666667 0.458333333333333
3.625 0.458333333333333
3.58333333333333 0.458333333333333
3.54166666666667 0.416666666666667
3.54166666666667 0.375
3.54166666666667 0.333333333333333
3.58333333333333 0.333333333333333
3.66666666666667 0.333333333333333
3.66666666666667 0.416666666666667
3.58333333333333 0.416666666666667
3.625 0.333333333333333
3.66666666666667 0.375
3.625 0.416666666666667
3.58333333333333 0.375
3.625 0.375
3.75 0.541666666666667
3.75 0.583333333333333
3.75 0.625
3.75 0.666666666666667
3.75 0.708333333333333
3.70833333333333 0.75
3.66666666666667 0.75
3.625 0.75
3.58333333333333 0.75
3.54166666666667 0.75
3.54166666666667 0.541666666666667
3.70833333333333 0.541666666666667
3.70833333333333 0.708333333333333
3.54166666666667 0.708333333333333
3.58333333333333 0.541666666666667
3.625 0.541666666666667
3.66666666666667 0.541666666666667
3.70833333333333 0.583333333333333
3.70833333333333 0.625
3.70833333333333 0.666666666666667
3.66666666666667 0.708333333333333
3.625 0.708333333333333
3.58333333333333 0.708333333333333
3.54166666666667 0.666666666666667
3.54166666666667 0.625
3.54166666666667 0.583333333333333
3.58333333333333 0.583333333333333
3.66666666666667 0.583333333333333
3.66666666666667 0.666666666666667
3.58333333333333 0.666666666666667
3.625 0.583333333333333
3.66666666666667 0.625
3.625 0.666666666666667
3.58333333333333 0.625
3.625 0.625
3.75 0.791666666666667
3.75 0.833333333333333
3.75 0.875
3.75 0.916666666666667
3.75 0.958333333333333
3.54166666666667 0.791666666666667
3.70833333333333 0.791666666666667
3.70833333333333 0.958333333333333
3.54166666666667 0.958333333333333
3.58333333333333 0.791666666666666
3.625 0.791666666666667
3.66666666666667 0.791666666666667
3.70833333333333 0.833333333333333
3.70833333333333 0.875
3.70833333333333 0.916666666666667
3.66666666666667 0.958333333333333
3.625 0.958333333333333
3.58333333333333 0.958333333333333
3.54166666666667 0.916666666666667
3.54166666666667 0.875
3.54166666666667 0.833333333333333
3.58333333333333 0.833333333333333
3.66666666666667 0.833333333333333
3.66666666666667 0.916666666666667
3.58333333333333 0.916666666666667
3.625 0.833333333333333
3.66666666666667 0.875
3.625 0.916666666666667
3.58333333333333 0.875
3.625 0.875
4 0.0416666666666667
4 0.0833333333333333
4 0.125
4 0.166666666666667
4 0.208333333333333
3.95833333333333 0.25
3.91666666666667 0.25
3.875 0.25
3.83333333333333 0.25
3.79166666666667 0.25
3.79166666666667 0.0416666666666667
3.95833333333333 0.0416666666666667
3.95833333333333 0.208333333333333
3.79166666666667 0.208333333333333
3.83333333333333 0.0416666666666667
3.875 0.0416666666666667
3.91666666666667 0.0416666666666667
3.95833333333333 0.0833333333333333
3.95833333333333 0.125
3.95833333333333 0.166666666666667
3.91666666666667 0.208333333333333
3.875 0.208333333333333
3.83333333333333 0.208333333333333
3.79166666666667 0.166666666666667
3.79166666666667 0.125
3.79166666666667 0.0833333333333333
3.83333333333333 0.0833333333333333
3.91666666666667 0.0833333333333333
3.91666666666667 0.166666666666667
3.83333333333333 0.166666666666667
3.875 0.0833333333333333
3.91666666666667 0.125
3.875 0.166666666666667
3.83333333333333 0.125
3.875 0.125
4 0.291666666666667
4 0.333333333333333
4 0.375
4 0.416666666666667
4 0.458333333333333
3.95833333333333 0.5
3.91666666666667 0.5
3.875 0.5
3.83333333333333 0.5
3.79166666666667 0.5
3.79166666666667 0.291666666666667
3.95833333333333 0.291666666666667
3.95833333333333 0.458333333333333
3.79166666666667 0.458333333333333
3.83333333333333 0.291666666666667
3.875 0.291666666666667
3.91666666666667 0.291666666666667
3.95833333333333 0.333333333333333
3.95833333333333 0.375
3.95833333333333 0.416666666666667
3.91666666666667 0.458333333333333
3.875 0.458333333333333
3.83333333333333 0.458333333333333
3.79166666666667 0.416666666666667
3.79166666666667 0.375
3.79166666666667 0.333333333333333
3.83333333333333 0.333333333333333
3.91666666666667 0.333333333333333
3.91666666666667 0.416666666666667
3.83333333333333 0.416666666666667
3.875 0.333333333333333
3.91666666666667 0.375
3.875 0.416666666666667
3.83333333333333 0.375
3.875 0.375
4 0.541666666666667
4 0.583333333333333
4 0.625
4 0.666666666666667
4 0.708333333333333
3.95833333333333 0.75
3.91666666666667 0.75
3.875 0.75
3.83333333333333 0.75
3.79166666666667 0.75
3.79166666666667 0.541666666666667
3.95833333333333 0.541666666666667
3.95833333333333 0.708333333333333
3.79166666666667 0.708333333333333
3.83333333333333 0.541666666666667
3.875 0.541666666666667
3.91666666666667 0.541666666666667
3.95833333333333 0.583333333333333
3.95833333333333 0.625
3.95833333333333 0.666666666666667
3.91666666666667 0.708333333333333
3.875 0.708333333333333
3.83333333333333 0.708333333333333
3.79166666666667 0.666666666666667
3.79166666666667 0.625
3.79166666666667 0.583333333333333
3.83333333333333 0.583333333333333
3.91666666666667 0.583333333333333
3.91666666666667 0.666666666666667
3.83333333333333 0.666666666666667
3.875 0.583333333333333
3.91666666666667 0.625
3.875 0.666666666666667
3.83333333333333 0.625
3.875 0.625
4 0.791666666666667
4 0.833333333333333
4 0.875
4 0.916666666666667
4 0.958333333333333
3.79166666666667 0.791666666666667
3.95833333333333 0.791666666666667
3.95833333333333 0.958333333333333
3.79166666666667 0.958333333333333
3.83333333333333 0.791666666666666
3.875 0.791666666666667
3.91666666666667 0.791666666666667
3.95833333333333 0.833333333333333
3.95833333333333 0.875
3.95833333333333 0.916666666666667
3.91666666666667 0.958333333333333
3.875 0.958333333333333
3.83333333333333 0.958333333333333
3.79166666666667 0.916666666666667
3.79166666666667 0.875
3.79166666666667 0.833333333333333
3.83333333333333 0.833333333333333
3.91666666666667 0.833333333333333
3.91666666666667 0.916666666666667
3.83333333333333 0.916666666666667
3.875 0.833333333333333
3.91666666666667 0.875
3.875 0.916666666666667
3.83333333333333 0.875
3.875 0.875
4.25 0.0416666666666667
4.25 0.0833333333333333
4.25 0.125
4.25 0.166666666666667
4.25 0.208333333333333
4.20833333333333 0.25
4.16666666666667 0.25
4.125 0.25
4.08333333333333 0.25
4.04166666666667 0.25
4.04166666666667 0.0416666666666667
4.20833333333334 0.0416666666666667
4.20833333333333 0.208333333333333
4.04166666666667 0.208333333333333
4.08333333333333 0.0416666666666667
4.125 0.0416666666666667
4.16666666666667 0.0416666666666667
4.20833333333333 0.0833333333333333
4.20833333333333 0.125
4.20833333333333 0.166666666666667
4.16666666666667 0.208333333333333
4.125 0.208333333333333
4.08333333333333 0.208333333333333
4.04166666666667 0.166666666666667
4.04166666666667 0.125
4.04166666666667 0.0833333333333333
4.08333333333333 0.0833333333333333
4.16666666666667 0.0833333333333333
4.16666666666667 0.166666666666667
4.08333333333333 0.166666666666667
4.125 0.0833333333333333
4.16666666666667 0.125
4.125 0.166666666666667
4.08333333333333 0.125
4.125 0.125
4.25 0.291666666666667
4.25 0.333333333333333
4.25 0.375
4.25 0.416666666666667
4.25 0.458333333333333
4.20833333333333 0.5
4.16666666666667 0.5
4.125 0.5
4.08333333333333 0.5
4.04166666666667 0.5
4.04166666666667 0.291666666666667
4.20833333333333 0.291666666666667
4.20833333333333 0.458333333333333
4.04166666666667 0.458333333333333
4.08333333333333 0.291666666666667
4.125 0.291666666666667
4.16666666666667 0.291666666666667
4.20833333333333 0.333333333333333
4.20833333333333 0.375
4.20833333333333 0.416666666666667
4.16666666666667 0.458333333333333
4.125 0.458333333333333
4.08333333333333 0.458333333333333
4.04166666666667 0.416666666666667
4.04166666666667 0.375
4.04166666666667 0.333333333333333
4.08333333333333 0.333333333333333
4.16666666666667 0.333333333333333
4.16666666666667 0.416666666666667
4.08333333333333 0.416666666666667
4.125 0.333333333333333
4.16666666666667 0.375
4.125 0.416666666666667
4.08333333333333 0.375
4.125 0.375
4.25 0.541666666666667
4.25 0.583333333333333
4.25 0.625
4.25 0.666666666666667
4.25 0.708333333333333
4.20833333333333 0.75
4.16666666666667 0.75
4.125 0.75
4.08333333333333 0.75
4.04166666666667 0.75
4.04166666666667 0.541666666666667
4.20833333333333 0.541666666666667
4.20833333333333 0.708333333333333
4.04166666666667 0.708333333333333
4.08333333333333 0.541666666666667
4.125 0.541666666666667
4.16666666666667 0.541666666666667
4.20833333333333 0.583333333333333
4.20833333333333 0.625
4.20833333333333 0.666666666666667
4.16666666666667 0.708333333333333
4.125 0.708333333333333
4.08333333333333 0.708333333333333
4.04166666666667 0.666666666666667
4.04166666666667 0.625
4.04166666666667 0.583333333333333
4.08333333333333 0.583333333333333
4.16666666666667 0.583333333333333
4.16666666666667 0.666666666666667
4.08333333333333 0.666666666666667
4.125 0.583333333333333
4.16666666666667 0.625
4.125 0.666666666666667
4.08333333333333 0.625
4.125 0.625
4.25 0.791666666666667
4.25 0.833333333333333
4.25 0.875
4.25 0.916666666666667
4.25 0.958333333333333
4.04166666666667 0.791666666666667
4.20833333333333 0.791666666666667
4.20833333333333 0.958333333333333
4.04166666666667 0.958333333333333
4.08333333333333 0.791666666666666
4.125 0.791666666666667
4.16666666666667 0.791666666666667
4.20833333333333 0.833333333333333
4.20833333333333 0.875
4.20833333333333 0.916666666666667
4.16666666666667 0.958333333333333
4.125 0.958333333333333
4.08333333333333 0.958333333333333
4.04166666666667 0.916666666666667
4.04166666666667 0.875
4.04166666666667 0.833333333333333
4.08333333333333 0.833333333333333
4.16666666666667 0.833333333333333
4.16666666666667 0.916666666666667
4.08333333333333 0.916666666666667
4.125 0.833333333333333
4.16666666666667 0.875
4.125 0.916666666666667
4.08333333333333 0.875
4.125 0.875
4.5 0.0416666666666667
4.5 0.0833333333333333
4.5 0.125
4.5 0.166666666666667
4.5 0.208333333333333
4.45833333333333 0.25
4.41666666666667 0.25
4.375 0.25
4.33333333333333 0.25
4.29166666666667 0.25
4.29166666666667 0.0416666666666667
4.45833333333333 0.0416666666666667
4.45833333333333 0.208333333333333
4.29166666666667 0.208333333333333
4.33333333333333 0.0416666666666667
4.375 0.0416666666666667
4.41666666666667 0.0416666666666667
4.45833333333333 0.0833333333333333
4.45833333333333 0.125
4.45833333333333 0.166666666666667
4.41666666666667 0.208333333333333
4.375 0.208333333333333
4.33333333333333 0.208333333333333
4.29166666666667 0.166666666666667
4.29166666666667 0.125
4.29166666666667 0.0833333333333333
4.33333333333333 0.0833333333333333
4.41666666666667 0.0833333333333333
4.41666666666667 0.166666666666667
4.33333333333333 0.166666666666667
4.375 0.0833333333333333
4.41666666666667 0.125
4.375 0.166666666666667
4.33333333333333 0.125
4.375 0.125
4.5 0.291666666666667
4.5 0.333333333333333
4.5 0.375
4.5 0.416666666666667
4.5 0.458333333333333
4.45833333333333 0.5
4.41666666666667 0.5
4.375 0.5
4.33333333333333 0.5
4.29166666666667 0.5
4.29166666666667 0.291666666666667
4.45833333333333 0.291666666666667
4.45833333333333 0.458333333333333
4.29166666666667 0.458333333333333
4.33333333333333 0.291666666666667
4.375 0.291666666666667
4.41666666666667 0.291666666666667
4.45833333333333 0.333333333333333
4.45833333333333 0.375
4.45833333333333 0.416666666666667
4.41666666666667 0.458333333333333
4.375 0.458333333333333
4.33333333333333 0.458333333333333
4.29166666666667 0.416666666666667
4.29166666666667 0.375
4.29166666666667 0.333333333333333
4.33333333333333 0.333333333333333
4.41666666666667 0.333333333333333
4.41666666666667 0.416666666666667
4.33333333333333 0.416666666666667
4.375 0.333333333333333
4.41666666666667 0.375
4.375 0.416666666666667
4.33333333333333 0.375
4.375 0.375
4.5 0.541666666666667
4.5 0.583333333333333
4.5 0.625
4.5 0.666666666666667
4.5 0.708333333333333
4.45833333333333 0.75
4.41666666666667 0.75
4.375 0.75
4.33333333333333 0.75
4.29166666666667 0.75
4.29166666666667 0.541666666666667
4.45833333333333 0.541666666666667
4.45833333333333 0.708333333333333
4.29166666666667 0.708333333333333
4.33333333333333 0.541666666666667
4.375 0.541666666666667
4.41666666666667 0.541666666666667
4.45833333333333 0.583333333333333
4.45833333333333 0.625
4.45833333333333 0.666666666666667
4.41666666666667 0.708333333333333
4.375 0.708333333333333
4.33333333333333 0.708333333333333
4.29166666666667 0.666666666666667
4.29166666666667 0.625
4.29166666666667 0.583333333333333
4.33333333333333 0.583333333333333
4.41666666666667 0.583333333333333
4.41666666666667 0.666666666666667
4.33333333333333 0.666666666666667
4.375 0.583333333333333
4.41666666666667 0.625
4.375 0.666666666666667
4.33333333333333 0.625
4.375 0.625
4.5 0.791666666666667
4.5 0.833333333333333
4.5 0.875
4.5 0.916666666666667
4.5 0.958333333333333
4.29166666666667 0.791666666666667
4.45833333333333 0.791666666666667
4.45833333333333 0.958333333333333
4.29166666666667 0.958333333333333
4.33333333333333 0.791666666666666
4.375 0.791666666666667
4.41666666666667 0.791666666666667
4.45833333333333 0.833333333333333
4.45833333333333 0.875
4.45833333333333 0.916666666666667
4.41666666666667 0.958333333333333
4.375 0.958333333333333
4.33333333333333 0.958333333333333
4.29166666666667 0.916666666666667
4.29166666666667 0.875
4.29166666666667 0.833333333333333
4.33333333333333 0.833333333333333
4.41666666666667 0.833333333333333
4.41666666666667 0.916666666666667
4.33333333333333 0.916666666666667
4.375 0.833333333333333
4.41666666666667 0.875
4.375 0.916666666666667
4.33333333333333 0.875
4.375 0.875
4.75 0.0416666666666667
4.75 0.0833333333333333
4.75 0.125
4.75 0.166666666666667
4.75 0.208333333333333
4.70833333333333 0.25
4.66666666666667 0.25
4.625 0.25
4.58333333333333 0.25
4.54166666666667 0.25
4.54166666666667 0.0416666666666667
4.70833333333333 0.0416666666666667
4.70833333333333 0.208333333333333
4.54166666666667 0.208333333333333
4.58333333333333 0.0416666666666667
4.625 0.0416666666666667
4.66666666666667 0.0416666666666667
4.70833333333333 0.0833333333333333
4.70833333333333 0.125
4.70833333333333 0.166666666666667
4.66666666666667 0.208333333333333
4.625 0.208333333333333
4.58333333333333 0.208333333333333
4.54166666666667 0.166666666666667
4.54166666666667 0.125
4.54166666666667 0.0833333333333333
4.58333333333333 0.0833333333333333
4.66666666666667 0.0833333333333333
4.66666666666667 0.166666666666667
4.58333333333333 0.166666666666667
4.625 0.0833333333333333
4.66666666666667 0.125
4.625 0.166666666666667
4.58333333333333 0.125
4.625 0.125
4.75 0.291666666666667
4.75 0.333333333333333
4.75 0.375
4.75 0.416666666666667
4.75 0.458333333333333
4.70833333333333 0.5
4.66666666666667 0.5
4.625 0.5
4.58333333333333 0.5
4.54166666666667 0.5
4.54166666666667 0.291666666666667
4.70833333333333 0.291666666666667
4.70833333333333 0.458333333333333
4.54166666666667 0.458333333333333
4.58333333333333 0.291666666666667
4.625 0.291666666666667
4.66666666666667 0.291666666666667
4.70833333333333 0.333333333333333
4.70833333333333 0.375
4.70833333333333 0.416666666666667
4.66666666666667 0.458333333333333
4.625 0.458333333333333
4.58333333333333 0.458333333333333
4.54166666666667 0.416666666666667
4.54166666666667 0.375
4.54166666666667 0.333333333333333
4.58333333333333 0.333333333333333
4.66666666666667 0.333333333333333
4.66666666666667 0.416666666666667
4.58333333333333 0.416666666666667
4.625 0.333333333333333
4.66666666666667 0.375
4.625 0.416666666666667
4.58333333333333 0.375
4.625 0.375
4.75 0.541666666666667
4.75 0.583333333333333
4.75 0.625
4.75 0.666666666666667
4.75 0.708333333333333
4.70833333333333 0.75
4.66666666666667 0.75
4.625 0.75
4.58333333333333 0.75
4.54166666666667 0.75
4.54166666666667 0.541666666666667
4.70833333333333 0.541666666666667
4.70833333333333 0.708333333333333
4.54166666666667 0.708333333333333
4.58333333333333 0.541666666666667
4.625 0.541666666666667
4.66666666666667 0.541666666666667
4.70833333333333 0.583333333333333
4.70833333333333 0.625
4.70833333333333 0.666666666666667
4.66666666666667 0.708333333333333
4.625 0.708333333333333
4.58333333333333 0.708333333333333
4.54166666666667 0.666666666666667
4.54166666666667 0.625
4.54166666666667 0.583333333333333
4.58333333333333 0.583333333333333
4.66666666666667 0.583333333333333
4.66666666666667 0.666666666666667
4.58333333333333 0.666666666666667
4.625 0.583333333333333
4.66666666666667 0.625
4.625 0.666666666666667
4.58333333333333 0.625
4.625 0.625
4.75 0.791666666666667
4.75 0.833333333333333
4.75 0.875
4.75 0.916666666666667
4.75 0.958333333333333
4.54166666666667 0.791666666666667
4.70833333333333 0.791666666666667
4.70833333333333 0.958333333333333
4.54166666666667 0.958333333333333
4.58333333333333 0.791666666666666
4.625 0.791666666666667
4.66666666666667 0.791666666666667
4.70833333333333 0.833333333333333
4.70833333333333 0.875
4.70833333333333 0.916666666666667
4.66666666666667 0.958333333333333
4.625 0.958333333333333
4.58333333333333 0.958333333333333
4.54166666666667 0.916666666666667
4.54166666666667 0.875
4.54166666666667 0.833333333333333
4.58333333333333 0.833333333333333
4.66666666666667 0.833333333333333
4.66666666666667 0.916666666666667
4.58333333333333 0.916666666666667
4.625 0.833333333333333
4.66666666666667 0.875
4.625 0.916666666666667
4.58333333333333 0.875
4.625 0.875
4.95833333333333 0.25
4.91666666666667 0.25
4.875 0.25
4.83333333333333 0.25
4.79166666666667 0.25
4.79166666666667 0.0416666666666667
4.95833333333333 0.0416666666666667
4.95833333333333 0.208333333333333
4.79166666666667 0.208333333333333
4.83333333333333 0.0416666666666667
4.875 0.0416666666666667
4.91666666666667 0.0416666666666667
4.95833333333334 0.0833333333333333
4.95833333333333 0.125
4.95833333333333 0.166666666666667
4.91666666666667 0.208333333333333
4.875 0.208333333333333
4.83333333333333 0.208333333333333
4.79166666666667 0.166666666666667
4.79166666666667 0.125
4.79166666666667 0.0833333333333333
4.83333333333333 0.0833333333333333
4.91666666666667 0.0833333333333333
4.91666666666667 0.166666666666667
4.83333333333333 0.166666666666667
4.875 0.0833333333333333
4.91666666666667 0.125
4.875 0.166666666666667
4.83333333333333 0.125
4.875 0.125
4.95833333333333 0.5
4.91666666666667 0.5
4.875 0.5
4.83333333333333 0.5
4.79166666666667 0.5
4.79166666666667 0.291666666666667
4.95833333333333 0.291666666666667
4.95833333333333 0.458333333333333
4.79166666666667 0.458333333333333
4.83333333333333 0.291666666666667
4.875 0.291666666666667
4.91666666666667 0.291666666666667
4.95833333333333 0.333333333333333
4.95833333333333 0.375
4.95833333333333 0.416666666666667
4.91666666666667 0.458333333333333
4.875 0.458333333333333
4.83333333333333 0.458333333333333
4.79166666666667 0.416666666666667
4.79166666666667 0.375
4.79166666666667 0.333333333333333
4.83333333333333 0.333333333333333
4.91666666666667 0.333333333333333
4.91666666666667 0.416666666666667
4.83333333333333 0.416666666666667
4.875 0.333333333333333
4.91666666666667 0.375
4.875 0.416666666666667
4.83333333333333 0.375
4.875 0.375
4.95833333333333 0.75
4.91666666666667 0.75
4.875 0.75
4.83333333333333 0.75
4.79166666666667 0.75
4.79166666666667 0.541666666666667
4.95833333333333 0.541666666666667
4.95833333333333 0.708333333333333
4.79166666666667 0.708333333333333
4.83333333333333 0.541666666666667
4.875 0.541666666666667
4.91666666666667 0.541666666666667
4.95833333333333 0.583333333333333
4.95833333333333 0.625
4.95833333333333 0.666666666666667
4.91666666666667 0.708333333333333
4.875 0.708333333333333
4.83333333333333 0.708333333333333
4.79166666666667 0.666666666666667
4.79166666666667 0.625
4.79166666666667 0.583333333333333
4.83333333333333 0.583333333333333
4.91666666666667 0.583333333333333
4.91666666666667 0.666666666666667
4.83333333333333 0.666666666666667
4.875 0.583333333333333
4.91666666666667 0.625
4.875 0.666666666666667
4.83333333333333 0.625
4.875 0.625
4.79166666666667 0.791666666666667
4.95833333333333 0.791666666666667
4.95833333333333 0.958333333333333
4.79166666666667 0.958333333333333
4.83333333333333 0.791666666666666
4.875 0.791666666666667
4.91666666666667 0.791666666666667
4.95833333333333 0.833333333333333
4.95833333333333 0.875
4.95833333333333 0.916666666666667
4.91666666666667 0.958333333333333
4.875 0.958333333333333
4.83333333333333 0.958333333333333
4.79166666666667 0.916666666666666
4.79166666666667 0.875
4.79166666666667 0.833333333333333
4.83333333333333 0.833333333333333
4.91666666666667 0.833333333333333
4.91666666666667 0.916666666666667
4.83333333333333 0.916666666666667
4.875 0.833333333333333
4.91666666666667 0.875
4.875 0.916666666666667
4.83333333333333 0.875
4.875 0.875
