0 0
5 0
5 1
0 1
0.25 0
0.5 0
0.75 0
1 0
1.25 0
1.5 0
1.75 0
2 0
2.25 0
2.5 0
2.75 0
3 0
3.25 0
3.5 0
3.75 0
4 0
4.25 0
4.5 0
4.75 0
0.0833333333333333 0
0.166666666666667 0
0.333333333333333 0
0.416666666666667 0
0.583333333333333 0
0.666666666666667 0
0.833333333333333 0
0.916666666666667 0
1.08333333333333 0
1.16666666666667 0
1.33333333333333 0
1.41666666666667 0
1.58333333333333 0
1.66666666666667 0
1.83333333333333 0
1.91666666666667 0
2.08333333333333 0
2.16666666666667 0
2.33333333333333 0
2.41666666666667 0
2.58333333333333 0
2.66666666666667 0
2.83333333333333 0
2.91666666666667 0
3.08333333333333 0
3.16666666666667 0
3.33333333333333 0
3.41666666666667 0
3.58333333333333 0
3.66666666666667 0
3.83333333333333 0
3.91666666666667 0
4.08333333333333 0
4.16666666666667 0
4.33333333333333 0
4.41666666666667 0
4.58333333333333 0
4.66666666666667 0
4.83333333333333 0
4.91666666666667 0
5 0.25
5 0.5
5 0.75
5 0.0833333333333333
5 0.166666666666667
5 0.333333333333333
5 0.416666666666667
5 0.583333333333333
5 0.666666666666667
5 0.833333333333333
5 0.916666666666667
4.75 1
4.5 1
4.25 1
4 1
3.75 1
3.5 1
3.25 1
3 1
2.75 1
2.5 1
2.25 1
2 1
1.75 1
1.5 1
1.25 1
1 1
0.75 1
0.5 1
0.25 1
4.91666666666667 1
4.83333333333333 1
4.66666666666667 1
4.58333333333333 1
4.41666666666667 1
4.33333333333333 1
4.16666666666667 1
4.08333333333333 1
3.91666666666667 1
3.83333333333333 1
3.66666666666667 1
3.58333333333333 1
3.41666666666667 1
3.33333333333333 1
3.16666666666667 1
3.08333333333333 1
2.91666666666667 1
2.83333333333333 1
2.66666666666667 1
2.58333333333333 1
2.41666666666667 1
2.33333333333333 1
2.16666666666667 1
2.08333333333333 1
1.91666666666667 1
1.83333333333333 1
1.66666666666667 1
1.58333333333333 1
1.41666666666667 1
1.33333333333333 1
1.16666666666667 1
1.08333333333333 1
0.916666666666667 1
0.833333333333334 1
0.666666666666667 1
0.583333333333334 1
0.416666666666667 1
0.333333333333334 1
0.166666666666667 1
0.0833333333333339 1
0 0.75
0 0.5
0 0.25
0 0.916666666666667
0 0.833333333333333
0 0.666666666666667
0 0.583333333333333
0 0.416666666666667
0 0.333333333333333
0 0.166666666666667
0 0.0833333333333334
0.25 0.25
0.25 0.5
0.25 0.75
0.5 0.25
0.5 0.5
0.5 0.75
0.75 0.25
0.75 0.5
0.75 0.75
1 0.25
1 0.5
1 0.75
1.25 0.25
1.25 0.5
1.25 0.75
1.5 0.25
1.5 0.5
1.5 0.75
1.75 0.25
1.75 0.5
1.75 0.75
2 0.25
2 0.5
2 0.75
2.25 0.25
2.25 0.5
2.25 0.75
2.5 0.25
2.5 0.5
2.5 0.75
2.75 0.25
2.75 0.5
2.75 0.75
3 0.25
3 0.5
3 0.75
3.25 0.25
3.25 0.5
3.25 0.75
3.5 0.25
3.5 0.5
3.5 0.75
3.75 0.25
3.75 0.5
3.75 0.75
4 0.25
4 0.5
4 0.75
4.25 0.25
4.25 0.5
4.25 0.75
4.5 0.25
4.5 0.5
4.5 0.75
4.75 0.25
4.75 0.5
4.75 0.75
0.25 0.0833333333333333
0.25 0.166666666666667
0.166666666666666 0.25
0.0833333333333335 0.25
0.0833333333333334 0.0833333333333333
0.166666666666667 0.0833333333333333
0.166666666666667 0.166666666666667
0.0833333333333334 0.166666666666667
0.25 0.333333333333333
0.25 0.416666666666667
0.166666666666666 0.5
0.0833333333333335 0.5
0.0833333333333335 0.333333333333333
0.166666666666666 0.333333333333333
0.166666666666666 0.416666666666667
0.0833333333333335 0.416666666666667
0.25 0.583333333333333
0.25 0.666666666666667
0.166666666666666 0.75
0.0833333333333335 0.75
0.0833333333333335 0.583333333333333
0.166666666666666 0.583333333333333
0.166666666666666 0.666666666666667
0.0833333333333335 0.666666666666667
0.25 0.833333333333333
0.25 0.916666666666667
0.0833333333333336 0.833333333333333
0.166666666666667 0.833333333333333
0.166666666666667 0.916666666666667
0.0833333333333338 0.916666666666667
0.5 0.0833333333333333
0.5 0.166666666666667
0.416666666666667 0.25
0.333333333333333 0.25
0.333333333333333 0.0833333333333333
0.416666666666667 0.0833333333333333
0.416666666666667 0.166666666666667
0.333333333333333 0.166666666666667
0.5 0.333333333333333
0.5 0.416666666666667
0.416666666666667 0.5
0.333333333333333 0.5
0.333333333333333 0.333333333333333
0.416666666666667 0.333333333333333
0.416666666666667 0.416666666666667
0.333333333333333 0.416666666666667
0.5 0.583333333333333
0.5 0.666666666666667
0.416666666666667 0.75
0.333333333333333 0.75
0.333333333333333 0.583333333333333
0.416666666666667 0.583333333333333
0.416666666666667 0.666666666666667
0.333333333333333 0.666666666666667
0.5 0.833333333333333
0.5 0.916666666666667
0.333333333333334 0.833333333333333
0.416666666666667 0.833333333333333
0.416666666666667 0.916666666666667
0.333333333333334 0.916666666666667
0.75 0.0833333333333333
0.75 0.166666666666667
0.666666666666667 0.25
0.583333333333333 0.25
0.583333333333333 0.0833333333333333
0.666666666666667 0.0833333333333333
0.666666666666667 0.166666666666667
0.583333333333333 0.166666666666667
0.75 0.333333333333333
0.75 0.416666666666667
0.666666666666667 0.5
0.583333333333333 0.5
0.583333333333333 0.333333333333333
0.666666666666667 0.333333333333333
0.666666666666667 0.416666666666667
0.583333333333333 0.416666666666667
0.75 0.583333333333333
0.75 0.666666666666667
0.666666666666667 0.75
0.583333333333333 0.75
0.583333333333333 0.583333333333333
0.666666666666667 0.583333333333333
0.666666666666667 0.666666666666667
0.583333333333333 0.666666666666667
0.75 0.833333333333333
0.75 0.916666666666667
0.583333333333333 0.833333333333333
0.666666666666667 0.833333333333333
0.666666666666667 0.916666666666667
0.583333333333334 0.916666666666667
1 0.0833333333333333
1 0.166666666666667
0.916666666666667 0.25
0.833333333333333 0.25
0.833333333333333 0.0833333333333333
0.916666666666667 0.0833333333333333
0.916666666666667 0.166666666666667
0.833333333333333 0.166666666666667
1 0.333333333333333
1 0.416666666666667
0.916666666666667 0.5
0.833333333333333 0.5
0.833333333333333 0.333333333333333
0.916666666666667 0.333333333333333
0.916666666666667 0.416666666666667
0.833333333333333 0.416666666666667
1 0.583333333333333
1 0.666666666666667
0.916666666666667 0.75
0.833333333333333 0.75
0.833333333333333 0.583333333333333
0.916666666666667 0.583333333333333
0.916666666666667 0.666666666666667
0.833333333333333 0.666666666666667
1 0.833333333333333
1 0.916666666666667
0.833333333333333 0.833333333333333
0.916666666666667 0.833333333333333
0.916666666666667 0.916666666666667
0.833333333333334 0.916666666666667
1.25 0.0833333333333333
1.25 0.166666666666667
1.16666666666667 0.25
1.08333333333333 0.25
1.08333333333333 0.0833333333333333
1.16666666666667 0.0833333333333333
1.16666666666667 0.166666666666667
1.08333333333333 0.166666666666667
1.25 0.333333333333333
1.25 0.416666666666667
1.16666666666667 0.5
1.08333333333333 0.5
1.08333333333333 0.333333333333333
1.16666666666667 0.333333333333333
1.16666666666667 0.416666666666667
1.08333333333333 0.416666666666667
1.25 0.583333333333333
1.25 0.666666666666667
1.16666666666667 0.75
1.08333333333333 0.75
1.08333333333333 0.583333333333333
1.16666666666667 0.583333333333333
1.16666666666667 0.666666666666667
1.08333333333333 0.666666666666667
1.25 0.833333333333333
1.25 0.916666666666667
1.08333333333333 0.833333333333333
1.16666666666667 0.833333333333333
1.16666666666667 0.916666666666667
1.08333333333333 0.916666666666667
1.5 0.0833333333333333
1.5 0.166666666666667
1.41666666666667 0.25
1.33333333333333 0.25
1.33333333333333 0.0833333333333333
1.41666666666667 0.0833333333333333
1.41666666666667 0.166666666666667
1.33333333333333 0.166666666666667
1.5 0.333333333333333
1.5 0.416666666666667
1.41666666666667 0.5
1.33333333333333 0.5
1.33333333333333 0.333333333333333
1.41666666666667 0.333333333333333
1.41666666666667 0.416666666666667
1.33333333333333 0.416666666666667
1.5 0.583333333333333
1.5 0.666666666666667
1.41666666666667 0.75
1.33333333333333 0.75
1.33333333333333 0.583333333333333
1.41666666666667 0.583333333333333
1.41666666666667 0.666666666666667
1.33333333333333 0.666666666666667
1.5 0.833333333333333
1.5 0.916666666666667
1.33333333333333 0.833333333333333
1.41666666666667 0.833333333333333
1.41666666666667 0.916666666666667
1.33333333333333 0.916666666666667
1.75 0.0833333333333333
1.75 0.166666666666667
1.66666666666667 0.25
1.58333333333333 0.25
1.58333333333333 0.0833333333333333
1.66666666666667 0.0833333333333333
1.66666666666667 0.166666666666667
1.58333333333333 0.166666666666667
1.75 0.333333333333333
1.75 0.416666666666667
1.66666666666667 0.5
1.58333333333333 0.5
1.58333333333333 0.333333333333333
1.66666666666667 0.333333333333333
1.66666666666667 0.416666666666667
1.58333333333333 0.416666666666667
1.75 0.583333333333333
1.75 0.666666666666667
1.66666666666667 0.75
1.58333333333333 0.75
1.58333333333333 0.583333333333333
1.66666666666667 0.583333333333333
1.66666666666667 0.666666666666667
1.58333333333333 0.666666666666667
1.75 0.833333333333333
1.75 0.916666666666667
1.58333333333333 0.833333333333333
1.66666666666667 0.833333333333333
1.66666666666667 0.916666666666667
1.58333333333333 0.916666666666667
2 0.0833333333333333
2 0.166666666666667
1.91666666666667 0.25
1.83333333333333 0.25
1.83333333333333 0.0833333333333333
1.91666666666667 0.0833333333333333
1.91666666666667 0.166666666666667
1.83333333333333 0.166666666666667
2 0.333333333333333
2 0.416666666666667
1.91666666666667 0.5
1.83333333333333 0.5
1.83333333333333 0.333333333333333
1.91666666666667 0.333333333333333
1.91666666666667 0.416666666666667
1.83333333333333 0.416666666666667
2 0.583333333333333
2 0.666666666666667
1.91666666666667 0.75
1.83333333333333 0.75
1.83333333333333 0.583333333333333
1.91666666666667 0.583333333333333
1.91666666666667 0.666666666666667
1.83333333333333 0.666666666666667
2 0.833333333333333
2 0.916666666666667
1.83333333333333 0.833333333333333
1.91666666666667 0.833333333333333
1.91666666666667 0.916666666666667
1.83333333333333 0.916666666666667
2.25 0.0833333333333333
2.25 0.166666666666667
2.16666666666667 0.25
2.08333333333333 0.25
2.08333333333333 0.0833333333333333
2.16666666666667 0.0833333333333333
2.16666666666667 0.166666666666667
2.08333333333333 0.166666666666667
2.25 0.333333333333333
2.25 0.416666666666667
2.16666666666667 0.5
2.08333333333333 0.5
2.08333333333333 0.333333333333333
2.16666666666667 0.333333333333333
2.16666666666667 0.416666666666667
2.08333333333333 0.416666666666667
2.25 0.583333333333333
2.25 0.666666666666667
2.16666666666667 0.75
2.08333333333333 0.75
2.08333333333333 0.583333333333333
2.16666666666667 0.583333333333333
2.16666666666667 0.666666666666667
2.08333333333333 0.666666666666667
2.25 0.833333333333333
2.25 0.916666666666667
2.08333333333333 0.833333333333333
2.16666666666667 0.833333333333333
2.16666666666667 0.916666666666667
2.08333333333333 0.916666666666667
2.5 0.0833333333333333
2.5 0.166666666666667
2.41666666666667 0.25
2.33333333333333 0.25
2.33333333333333 0.0833333333333333
2.41666666666667 0.0833333333333333
2.41666666666667 0.166666666666667
2.33333333333333 0.166666666666667
2.5 0.333333333333333
2.5 0.416666666666667
2.41666666666667 0.5
2.33333333333333 0.5
2.33333333333333 0.333333333333333
2.41666666666667 0.333333333333333
2.41666666666667 0.416666666666667
2.33333333333333 0.416666666666667
2.5 0.583333333333333
2.5 0.666666666666667
2.41666666666667 0.75
2.33333333333333 0.75
2.33333333333333 0.583333333333333
2.41666666666667 0.583333333333333
2.41666666666667 0.666666666666667
2.33333333333333 0.666666666666667
2.5 0.833333333333333
2.5 0.916666666666667
2.33333333333333 0.833333333333333
2.41666666666667 0.833333333333333
2.41666666666667 0.916666666666667
2.33333333333333 0.916666666666667
2.75 0.0833333333333333
2.75 0.166666666666667
2.66666666666667 0.25
2.58333333333333 0.25
2.58333333333333 0.0833333333333333
2.66666666666667 0.0833333333333333
2.66666666666667 0.166666666666667
2.58333333333333 0.166666666666667
2.75 0.333333333333333
2.75 0.416666666666667
2.66666666666667 0.5
2.58333333333333 0.5
2.58333333333333 0.333333333333333
2.66666666666667 0.333333333333333
2.66666666666667 0.416666666666667
2.58333333333333 0.416666666666667
2.75 0.583333333333333
2.75 0.666666666666667
2.66666666666667 0.75
2.58333333333333 0.75
2.58333333333333 0.583333333333333
2.66666666666667 0.583333333333333
2.66666666666667 0.666666666666667
2.58333333333333 0.666666666666667
2.75 0.833333333333333
2.75 0.916666666666667
2.58333333333333 0.833333333333333
2.66666666666667 0.833333333333333
2.66666666666667 0.916666666666667
2.58333333333333 0.916666666666667
3 0.0833333333333333
3 0.166666666666667
2.91666666666667 0.25
2.83333333333333 0.25
2.83333333333333 0.0833333333333333
2.91666666666667 0.0833333333333333
2.91666666666667 0.166666666666667
2.83333333333333 0.166666666666667
3 0.333333333333333
3 0.416666666666667
2.91666666666667 0.5
2.83333333333333 0.5
2.83333333333333 0.333333333333333
2.91666666666667 0.333333333333333
2.91666666666667 0.416666666666667
2.83333333333333 0.416666666666667
3 0.583333333333333
3 0.666666666666667
2.91666666666667 0.75
2.83333333333333 0.75
2.83333333333333 0.583333333333333
2.91666666666667 0.583333333333333
2.91666666666667 0.666666666666667
2.83333333333333 0.666666666666667
3 0.833333333333333
3 0.916666666666667
2.83333333333333 0.833333333333333
2.91666666666667 0.833333333333333
2.91666666666667 0.916666666666667
2.83333333333333 0.916666666666667
3.25 0.0833333333333333
3.25 0.166666666666667
3.16666666666667 0.25
3.08333333333333 0.25
3.08333333333333 0.0833333333333333
3.16666666666667 0.0833333333333333
3.16666666666667 0.166666666666667
3.08333333333333 0.166666666666667
3.25 0.333333333333333
3.25 0.416666666666667
3.16666666666667 0.5
3.08333333333333 0.5
3.08333333333333 0.333333333333333
3.16666666666667 0.333333333333333
3.16666666666667 0.416666666666667
3.08333333333333 0.416666666666667
3.25 0.583333333333333
3.25 0.666666666666667
3.16666666666667 0.75
3.08333333333333 0.75
3.08333333333333 0.583333333333333
3.16666666666667 0.583333333333333
3.16666666666667 0.666666666666667
3.08333333333333 0.666666666666667
3.25 0.833333333333333
3.25 0.916666666666667
3.08333333333333 0.833333333333333
3.16666666666667 0.833333333333333
3.16666666666667 0.916666666666667
3.08333333333333 0.916666666666667
3.5 0.0833333333333333
3.5 0.166666666666667
3.41666666666667 0.25
3.33333333333333 0.25
3.33333333333333 0.0833333333333333
3.41666666666667 0.0833333333333333
3.41666666666667 0.166666666666667
3.33333333333333 0.166666666666667
3.5 0.333333333333333
3.5 0.416666666666667
3.41666666666667 0.5
3.33333333333333 0.5
3.33333333333333 0.333333333333333
3.41666666666667 0.333333333333333
3.41666666666667 0.416666666666667
3.33333333333333 0.416666666666667
3.5 0.583333333333333
3.5 0.666666666666667
3.41666666666667 0.75
3.33333333333333 0.75
3.33333333333333 0.583333333333333
3.41666666666667 0.583333333333333
3.41666666666667 0.666666666666667
3.33333333333333 0.666666666666667
3.5 0.833333333333333
3.5 0.916666666666667
3.33333333333333 0.833333333333333
3.41666666666667 0.833333333333333
3.41666666666667 0.916666666666667
3.33333333333333 0.916666666666667
3.75 0.0833333333333333
3.75 0.166666666666667
3.66666666666667 0.25
3.58333333333333 0.25
3.58333333333333 0.0833333333333333
3.66666666666667 0.0833333333333333
3.66666666666667 0.166666666666667
3.58333333333333 0.166666666666667
3.75 0.333333333333333
3.75 0.416666666666667
3.66666666666667 0.5
3.58333333333333 0.5
3.58333333333333 0.333333333333333
3.66666666666667 0.333333333333333
3.66666666666667 0.416666666666667
3.58333333333333 0.416666666666667
3.75 0.583333333333333
3.75 0.666666666666667
3.66666666666667 0.75
3.58333333333333 0.75
3.58333333333333 0.583333333333333
3.66666666666667 0.583333333333333
3.66666666666667 0.666666666666667
3.58333333333333 0.666666666666667
3.75 0.833333333333333
3.75 0.916666666666667
3.58333333333333 0.833333333333333
3.66666666666667 0.833333333333333
3.66666666666667 0.916666666666667
3.58333333333333 0.916666666666667
4 0.0833333333333333
4 0.166666666666667
3.91666666666667 0.25
3.83333333333333 0.25
3.83333333333333 0.0833333333333333
3.91666666666667 0.0833333333333333
3.91666666666667 0.166666666666667
3.83333333333333 0.166666666666667
4 0.333333333333333
4 0.416666666666667
3.91666666666667 0.5
3.83333333333333 0.5
3.83333333333333 0.333333333333333
3.91666666666667 0.333333333333333
3.91666666666667 0.416666666666667
3.83333333333333 0.416666666666667
4 0.583333333333333
4 0.666666666666667
3.91666666666667 0.75
3.83333333333333 0.75
3.83333333333333 0.583333333333333
3.91666666666667 0.583333333333333
3.91666666666667 0.666666666666667
3.83333333333333 0.666666666666667
4 0.833333333333333
4 0.916666666666667
3.83333333333333 0.833333333333333
3.91666666666667 0.833333333333333
3.91666666666667 0.916666666666667
3.83333333333333 0.916666666666667
4.25 0.0833333333333333
4.25 0.166666666666667
4.16666666666667 0.25
4.08333333333333 0.25
4.08333333333333 0.0833333333333333
4.16666666666667 0.0833333333333333
4.16666666666667 0.166666666666667
4.08333333333333 0.166666666666667
4.25 0.333333333333333
4.25 0.416666666666667
4.16666666666667 0.5
4.08333333333333 0.5
4.08333333333333 0.333333333333333
4.16666666666667 0.333333333333333
4.16666666666667 0.416666666666667
4.08333333333333 0.416666666666667
4.25 0.583333333333333
4.25 0.666666666666667
4.16666666666667 0.75
4.08333333333333 0.75
4.08333333333333 0.583333333333333
4.16666666666667 0.583333333333333
4.16666666666667 0.666666666666667
4.08333333333333 0.666666666666667
4.25 0.833333333333333
4.25 0.916666666666667
4.08333333333333 0.833333333333333
4.16666666666667 0.833333333333333
4.16666666666667 0.916666666666667
4.08333333333333 0.916666666666667
4.5 0.0833333333333333
4.5 0.166666666666667
4.41666666666667 0.25
4.33333333333333 0.25
4.33333333333333 0.0833333333333333
4.41666666666667 0.0833333333333333
4.41666666666667 0.166666666666667
4.33333333333333 0.166666666666667
4.5 0.333333333333333
4.5 0.416666666666667
4.41666666666667 0.5
4.33333333333333 0.5
4.33333333333333 0.333333333333333
4.41666666666667 0.333333333333333
4.41666666666667 0.416666666666667
4.33333333333333 0.416666666666667
4.5 0.583333333333333
4.5 0.666666666666667
4.41666666666667 0.75
4.33333333333333 0.75
4.33333333333333 0.583333333333333
4.41666666666667 0.583333333333333
4.41666666666667 0.666666666666667
4.33333333333333 0.666666666666667
4.5 0.833333333333333
4.5 0.916666666666667
4.33333333333333 0.833333333333333
4.41666666666667 0.833333333333333
4.41666666666667 0.916666666666667
4.33333333333333 0.916666666666667
4.75 0.0833333333333333
4.75 0.166666666666667
4.66666666666667 0.25
4.58333333333333 0.25
4.58333333333333 0.0833333333333333
4.66666666666667 0.0833333333333333
4.66666666666667 0.166666666666667
4.58333333333333 0.166666666666667
4.75 0.333333333333333
4.75 0.416666666666667
4.66666666666667 0.5
4.58333333333333 0.5
4.58333333333333 0.333333333333333
4.66666666666667 0.333333333333333
4.66666666666667 0.416666666666667
4.58333333333333 0.416666666666667
4.75 0.583333333333333
4.75 0.666666666666667
4.66666666666667 0.75
4.58333333333333 0.75
4.58333333333333 0.583333333333333
4.66666666666667 0.583333333333333
4.66666666666667 0.666666666666667
4.58333333333333 0.666666666666667
4.75 0.833333333333333
4.75 0.916666666666667
4.58333333333333 0.833333333333333
4.66666666666667 0.833333333333333
4.66666666666667 0.916666666666667
4.58333333333333 0.916666666666667
4.91666666666667 0.25
4.83333333333333 0.25
4.83333333333333 0.0833333333333333
4.91666666666667 0.0833333333333333
4.91666666666667 0.166666666666667
4.83333333333333 0.166666666666667
4.91666666666667 0.5
4.83333333333333 0.5
4.83333333333333 0.333333333333333
4.91666666666667 0.333333333333333
4.91666666666667 0.416666666666667
4.83333333333333 0.416666666666667
4.91666666666667 0.75
4.83333333333333 0.75
4.83333333333333 0.583333333333333
4.91666666666667 0.583333333333333
4.91666666666667 0.666666666666667
4.83333333333333 0.666666666666667
4.83333333333333 0.833333333333333
4.91666666666667 0.833333333333333
4.91666666666667 0.916666666666667
4.83333333333333 0.916666666666667
