1 5 1572 384
5 6 1570 1572
1572 1570 660 1571
384 1572 1571 383
6 7 1575 1570
7 8 1573 1575
1575 1573 658 1574
1570 1575 1574 660
660 1574 1579 1578
1574 658 1576 1579
1579 1576 444 1577
1578 1579 1577 659
383 1571 1581 382
1571 660 1578 1581
1581 1578 659 1580
382 1581 1580 381
8 9 1584 1573
9 10 1582 1584
1584 1582 663 1583
1573 1584 1583 658
10 11 1587 1582
11 12 1585 1587
1587 1585 661 1586
1582 1587 1586 663
663 1586 1591 1590
1586 661 1588 1591
1591 1588 442 1589
1590 1591 1589 662
658 1583 1593 1576
1583 663 1590 1593
1593 1590 662 1592
1576 1593 1592 444
444 1592 1597 1596
1592 662 1594 1597
1597 1594 667 1595
1596 1597 1595 666
662 1589 1600 1594
1589 442 1598 1600
1600 1598 664 1599
1594 1600 1599 667
667 1599 1604 1603
1599 664 1601 1604
1604 1601 385 1602
1603 1604 1602 665
666 1595 1607 1606
1595 667 1603 1607
1607 1603 665 1605
1606 1607 1605 443
381 1580 1610 380
1580 659 1608 1610
1610 1608 669 1609
380 1610 1609 379
659 1577 1612 1608
1577 444 1596 1612
1612 1596 666 1611
1608 1612 1611 669
669 1611 1615 1614
1611 666 1606 1615
1615 1606 443 1613
1614 1615 1613 668
379 1609 1617 378
1609 669 1614 1617
1617 1614 668 1616
378 1617 1616 377
377 1616 1620 376
1616 668 1618 1620
1620 1618 672 1619
376 1620 1619 375
668 1613 1623 1618
1613 443 1621 1623
1623 1621 670 1622
1618 1623 1622 672
672 1622 1627 1626
1622 670 1624 1627
1627 1624 447 1625
1626 1627 1625 671
375 1619 1629 374
1619 672 1626 1629
1629 1626 671 1628
374 1629 1628 373
443 1605 1632 1621
1605 665 1630 1632
1632 1630 675 1631
1621 1632 1631 670
665 1602 1635 1630
1602 385 1633 1635
1635 1633 673 1634
1630 1635 1634 675
675 1634 1639 1638
1634 673 1636 1639
1639 1636 445 1637
1638 1639 1637 674
670 1631 1641 1624
1631 675 1638 1641
1641 1638 674 1640
1624 1641 1640 447
447 1640 1645 1644
1640 674 1642 1645
1645 1642 679 1643
1644 1645 1643 678
674 1637 1648 1642
1637 445 1646 1648
1648 1646 676 1647
1642 1648 1647 679
679 1647 1652 1651
1647 676 1649 1652
1652 1649 386 1650
1651 1652 1650 677
678 1643 1655 1654
1643 679 1651 1655
1655 1651 677 1653
1654 1655 1653 446
373 1628 1658 372
1628 671 1656 1658
1658 1656 681 1657
372 1658 1657 371
671 1625 1660 1656
1625 447 1644 1660
1660 1644 678 1659
1656 1660 1659 681
681 1659 1663 1662
1659 678 1654 1663
1663 1654 446 1661
1662 1663 1661 680
371 1657 1665 370
1657 681 1662 1665
1665 1662 680 1664
370 1665 1664 369
369 1664 1668 368
1664 680 1666 1668
1668 1666 684 1667
368 1668 1667 367
680 1661 1671 1666
1661 446 1669 1671
1671 1669 682 1670
1666 1671 1670 684
684 1670 1675 1674
1670 682 1672 1675
1675 1672 450 1673
1674 1675 1673 683
367 1667 1677 366
1667 684 1674 1677
1677 1674 683 1676
366 1677 1676 365
446 1653 1680 1669
1653 677 1678 1680
1680 1678 687 1679
1669 1680 1679 682
677 1650 1683 1678
1650 386 1681 1683
1683 1681 685 1682
1678 1683 1682 687
687 1682 1687 1686
1682 685 1684 1687
1687 1684 448 1685
1686 1687 1685 686
682 1679 1689 1672
1679 687 1686 1689
1689 1686 686 1688
1672 1689 1688 450
450 1688 1693 1692
1688 686 1690 1693
1693 1690 691 1691
1692 1693 1691 690
686 1685 1696 1690
1685 448 1694 1696
1696 1694 688 1695
1690 1696 1695 691
691 1695 1700 1699
1695 688 1697 1700
1700 1697 387 1698
1699 1700 1698 689
690 1691 1703 1702
1691 691 1699 1703
1703 1699 689 1701
1702 1703 1701 449
365 1676 1706 364
1676 683 1704 1706
1706 1704 693 1705
364 1706 1705 363
683 1673 1708 1704
1673 450 1692 1708
1708 1692 690 1707
1704 1708 1707 693
693 1707 1711 1710
1707 690 1702 1711
1711 1702 449 1709
1710 1711 1709 692
363 1705 1713 362
1705 693 1710 1713
1713 1710 692 1712
362 1713 1712 361
361 1712 1716 360
1712 692 1714 1716
1716 1714 696 1715
360 1716 1715 359
692 1709 1719 1714
1709 449 1717 1719
1719 1717 694 1718
1714 1719 1718 696
696 1718 1723 1722
1718 694 1720 1723
1723 1720 452 1721
1722 1723 1721 695
359 1715 1725 358
1715 696 1722 1725
1725 1722 695 1724
358 1725 1724 357
449 1701 1728 1717
1701 689 1726 1728
1728 1726 699 1727
1717 1728 1727 694
689 1698 1731 1726
1698 387 1729 1731
1731 1729 697 1730
1726 1731 1730 699
699 1730 1735 1734
1730 697 1732 1735
1735 1732 451 1733
1734 1735 1733 698
694 1727 1737 1720
1727 699 1734 1737
1737 1734 698 1736
1720 1737 1736 452
452 1736 1741 1740
1736 698 1738 1741
1741 1738 702 1739
1740 1741 1739 701
698 1733 1744 1738
1733 451 1742 1744
1744 1742 700 1743
1738 1744 1743 702
702 1743 1747 1746
1743 700 1745 1747
1747 1745 346 347
1746 1747 347 348
701 1739 1749 1748
1739 702 1746 1749
1749 1746 348 349
1748 1749 349 350
357 1724 1752 356
1724 695 1750 1752
1752 1750 703 1751
356 1752 1751 355
695 1721 1754 1750
1721 452 1740 1754
1754 1740 701 1753
1750 1754 1753 703
703 1753 1756 1755
1753 701 1748 1756
1756 1748 350 351
1755 1756 351 352
355 1751 1757 354
1751 703 1755 1757
1757 1755 352 353
354 1757 353 4
12 13 1760 1585
13 14 1758 1760
1760 1758 706 1759
1585 1760 1759 661
14 15 1763 1758
15 16 1761 1763
1763 1761 704 1762
1758 1763 1762 706
706 1762 1767 1766
1762 704 1764 1767
1767 1764 455 1765
1766 1767 1765 705
661 1759 1769 1588
1759 706 1766 1769
1769 1766 705 1768
1588 1769 1768 442
16 17 1772 1761
17 18 1770 1772
1772 1770 709 1771
1761 1772 1771 704
18 19 1775 1770
19 20 1773 1775
1775 1773 707 1774
1770 1775 1774 709
709 1774 1779 1778
1774 707 1776 1779
1779 1776 453 1777
1778 1779 1777 708
704 1771 1781 1764
1771 709 1778 1781
1781 1778 708 1780
1764 1781 1780 455
455 1780 1785 1784
1780 708 1782 1785
1785 1782 713 1783
1784 1785 1783 712
708 1777 1788 1782
1777 453 1786 1788
1788 1786 710 1787
1782 1788 1787 713
713 1787 1792 1791
1787 710 1789 1792
1792 1789 388 1790
1791 1792 1790 711
712 1783 1795 1794
1783 713 1791 1795
1795 1791 711 1793
1794 1795 1793 454
442 1768 1798 1598
1768 705 1796 1798
1798 1796 715 1797
1598 1798 1797 664
705 1765 1800 1796
1765 455 1784 1800
1800 1784 712 1799
1796 1800 1799 715
715 1799 1803 1802
1799 712 1794 1803
1803 1794 454 1801
1802 1803 1801 714
664 1797 1805 1601
1797 715 1802 1805
1805 1802 714 1804
1601 1805 1804 385
385 1804 1808 1633
1804 714 1806 1808
1808 1806 718 1807
1633 1808 1807 673
714 1801 1811 1806
1801 454 1809 1811
1811 1809 716 1810
1806 1811 1810 718
718 1810 1815 1814
1810 716 1812 1815
1815 1812 458 1813
1814 1815 1813 717
673 1807 1817 1636
1807 718 1814 1817
1817 1814 717 1816
1636 1817 1816 445
454 1793 1820 1809
1793 711 1818 1820
1820 1818 721 1819
1809 1820 1819 716
711 1790 1823 1818
1790 388 1821 1823
1823 1821 719 1822
1818 1823 1822 721
721 1822 1827 1826
1822 719 1824 1827
1827 1824 456 1825
1826 1827 1825 720
716 1819 1829 1812
1819 721 1826 1829
1829 1826 720 1828
1812 1829 1828 458
458 1828 1833 1832
1828 720 1830 1833
1833 1830 725 1831
1832 1833 1831 724
720 1825 1836 1830
1825 456 1834 1836
1836 1834 722 1835
1830 1836 1835 725
725 1835 1840 1839
1835 722 1837 1840
1840 1837 389 1838
1839 1840 1838 723
724 1831 1843 1842
1831 725 1839 1843
1843 1839 723 1841
1842 1843 1841 457
445 1816 1846 1646
1816 717 1844 1846
1846 1844 727 1845
1646 1846 1845 676
717 1813 1848 1844
1813 458 1832 1848
1848 1832 724 1847
1844 1848 1847 727
727 1847 1851 1850
1847 724 1842 1851
1851 1842 457 1849
1850 1851 1849 726
676 1845 1853 1649
1845 727 1850 1853
1853 1850 726 1852
1649 1853 1852 386
386 1852 1856 1681
1852 726 1854 1856
1856 1854 730 1855
1681 1856 1855 685
726 1849 1859 1854
1849 457 1857 1859
1859 1857 728 1858
1854 1859 1858 730
730 1858 1863 1862
1858 728 1860 1863
1863 1860 461 1861
1862 1863 1861 729
685 1855 1865 1684
1855 730 1862 1865
1865 1862 729 1864
1684 1865 1864 448
457 1841 1868 1857
1841 723 1866 1868
1868 1866 733 1867
1857 1868 1867 728
723 1838 1871 1866
1838 389 1869 1871
1871 1869 731 1870
1866 1871 1870 733
733 1870 1875 1874
1870 731 1872 1875
1875 1872 459 1873
1874 1875 1873 732
728 1867 1877 1860
1867 733 1874 1877
1877 1874 732 1876
1860 1877 1876 461
461 1876 1881 1880
1876 732 1878 1881
1881 1878 737 1879
1880 1881 1879 736
732 1873 1884 1878
1873 459 1882 1884
1884 1882 734 1883
1878 1884 1883 737
737 1883 1888 1887
1883 734 1885 1888
1888 1885 390 1886
1887 1888 1886 735
736 1879 1891 1890
1879 737 1887 1891
1891 1887 735 1889
1890 1891 1889 460
448 1864 1894 1694
1864 729 1892 1894
1894 1892 739 1893
1694 1894 1893 688
729 1861 1896 1892
1861 461 1880 1896
1896 1880 736 1895
1892 1896 1895 739
739 1895 1899 1898
1895 736 1890 1899
1899 1890 460 1897
1898 1899 1897 738
688 1893 1901 1697
1893 739 1898 1901
1901 1898 738 1900
1697 1901 1900 387
387 1900 1904 1729
1900 738 1902 1904
1904 1902 742 1903
1729 1904 1903 697
738 1897 1907 1902
1897 460 1905 1907
1907 1905 740 1906
1902 1907 1906 742
742 1906 1911 1910
1906 740 1908 1911
1911 1908 463 1909
1910 1911 1909 741
697 1903 1913 1732
1903 742 1910 1913
1913 1910 741 1912
1732 1913 1912 451
460 1889 1916 1905
1889 735 1914 1916
1916 1914 745 1915
1905 1916 1915 740
735 1886 1919 1914
1886 390 1917 1919
1919 1917 743 1918
1914 1919 1918 745
745 1918 1923 1922
1918 743 1920 1923
1923 1920 462 1921
1922 1923 1921 744
740 1915 1925 1908
1915 745 1922 1925
1925 1922 744 1924
1908 1925 1924 463
463 1924 1929 1928
1924 744 1926 1929
1929 1926 748 1927
1928 1929 1927 747
744 1921 1932 1926
1921 462 1930 1932
1932 1930 746 1931
1926 1932 1931 748
748 1931 1935 1934
1931 746 1933 1935
1935 1933 338 339
1934 1935 339 340
747 1927 1937 1936
1927 748 1934 1937
1937 1934 340 341
1936 1937 341 342
451 1912 1940 1742
1912 741 1938 1940
1940 1938 749 1939
1742 1940 1939 700
741 1909 1942 1938
1909 463 1928 1942
1942 1928 747 1941
1938 1942 1941 749
749 1941 1944 1943
1941 747 1936 1944
1944 1936 342 343
1943 1944 343 344
700 1939 1945 1745
1939 749 1943 1945
1945 1943 344 345
1745 1945 345 346
20 21 1948 1773
21 22 1946 1948
1948 1946 752 1947
1773 1948 1947 707
22 23 1951 1946
23 24 1949 1951
1951 1949 750 1950
1946 1951 1950 752
752 1950 1955 1954
1950 750 1952 1955
1955 1952 466 1953
1954 1955 1953 751
707 1947 1957 1776
1947 752 1954 1957
1957 1954 751 1956
1776 1957 1956 453
24 25 1960 1949
25 26 1958 1960
1960 1958 755 1959
1949 1960 1959 750
26 27 1963 1958
27 28 1961 1963
1963 1961 753 1962
1958 1963 1962 755
755 1962 1967 1966
1962 753 1964 1967
1967 1964 464 1965
1966 1967 1965 754
750 1959 1969 1952
1959 755 1966 1969
1969 1966 754 1968
1952 1969 1968 466
466 1968 1973 1972
1968 754 1970 1973
1973 1970 759 1971
1972 1973 1971 758
754 1965 1976 1970
1965 464 1974 1976
1976 1974 756 1975
1970 1976 1975 759
759 1975 1980 1979
1975 756 1977 1980
1980 1977 391 1978
1979 1980 1978 757
758 1971 1983 1982
1971 759 1979 1983
1983 1979 757 1981
1982 1983 1981 465
453 1956 1986 1786
1956 751 1984 1986
1986 1984 761 1985
1786 1986 1985 710
751 1953 1988 1984
1953 466 1972 1988
1988 1972 758 1987
1984 1988 1987 761
761 1987 1991 1990
1987 758 1982 1991
1991 1982 465 1989
1990 1991 1989 760
710 1985 1993 1789
1985 761 1990 1993
1993 1990 760 1992
1789 1993 1992 388
388 1992 1996 1821
1992 760 1994 1996
1996 1994 764 1995
1821 1996 1995 719
760 1989 1999 1994
1989 465 1997 1999
1999 1997 762 1998
1994 1999 1998 764
764 1998 2003 2002
1998 762 2000 2003
2003 2000 469 2001
2002 2003 2001 763
719 1995 2005 1824
1995 764 2002 2005
2005 2002 763 2004
1824 2005 2004 456
465 1981 2008 1997
1981 757 2006 2008
2008 2006 767 2007
1997 2008 2007 762
757 1978 2011 2006
1978 391 2009 2011
2011 2009 765 2010
2006 2011 2010 767
767 2010 2015 2014
2010 765 2012 2015
2015 2012 467 2013
2014 2015 2013 766
762 2007 2017 2000
2007 767 2014 2017
2017 2014 766 2016
2000 2017 2016 469
469 2016 2021 2020
2016 766 2018 2021
2021 2018 771 2019
2020 2021 2019 770
766 2013 2024 2018
2013 467 2022 2024
2024 2022 768 2023
2018 2024 2023 771
771 2023 2028 2027
2023 768 2025 2028
2028 2025 392 2026
2027 2028 2026 769
770 2019 2031 2030
2019 771 2027 2031
2031 2027 769 2029
2030 2031 2029 468
456 2004 2034 1834
2004 763 2032 2034
2034 2032 773 2033
1834 2034 2033 722
763 2001 2036 2032
2001 469 2020 2036
2036 2020 770 2035
2032 2036 2035 773
773 2035 2039 2038
2035 770 2030 2039
2039 2030 468 2037
2038 2039 2037 772
722 2033 2041 1837
2033 773 2038 2041
2041 2038 772 2040
1837 2041 2040 389
389 2040 2044 1869
2040 772 2042 2044
2044 2042 776 2043
1869 2044 2043 731
772 2037 2047 2042
2037 468 2045 2047
2047 2045 774 2046
2042 2047 2046 776
776 2046 2051 2050
2046 774 2048 2051
2051 2048 472 2049
2050 2051 2049 775
731 2043 2053 1872
2043 776 2050 2053
2053 2050 775 2052
1872 2053 2052 459
468 2029 2056 2045
2029 769 2054 2056
2056 2054 779 2055
2045 2056 2055 774
769 2026 2059 2054
2026 392 2057 2059
2059 2057 777 2058
2054 2059 2058 779
779 2058 2063 2062
2058 777 2060 2063
2063 2060 470 2061
2062 2063 2061 778
774 2055 2065 2048
2055 779 2062 2065
2065 2062 778 2064
2048 2065 2064 472
472 2064 2069 2068
2064 778 2066 2069
2069 2066 783 2067
2068 2069 2067 782
778 2061 2072 2066
2061 470 2070 2072
2072 2070 780 2071
2066 2072 2071 783
783 2071 2076 2075
2071 780 2073 2076
2076 2073 393 2074
2075 2076 2074 781
782 2067 2079 2078
2067 783 2075 2079
2079 2075 781 2077
2078 2079 2077 471
459 2052 2082 1882
2052 775 2080 2082
2082 2080 785 2081
1882 2082 2081 734
775 2049 2084 2080
2049 472 2068 2084
2084 2068 782 2083
2080 2084 2083 785
785 2083 2087 2086
2083 782 2078 2087
2087 2078 471 2085
2086 2087 2085 784
734 2081 2089 1885
2081 785 2086 2089
2089 2086 784 2088
1885 2089 2088 390
390 2088 2092 1917
2088 784 2090 2092
2092 2090 788 2091
1917 2092 2091 743
784 2085 2095 2090
2085 471 2093 2095
2095 2093 786 2094
2090 2095 2094 788
788 2094 2099 2098
2094 786 2096 2099
2099 2096 474 2097
2098 2099 2097 787
743 2091 2101 1920
2091 788 2098 2101
2101 2098 787 2100
1920 2101 2100 462
471 2077 2104 2093
2077 781 2102 2104
2104 2102 791 2103
2093 2104 2103 786
781 2074 2107 2102
2074 393 2105 2107
2107 2105 789 2106
2102 2107 2106 791
791 2106 2111 2110
2106 789 2108 2111
2111 2108 473 2109
2110 2111 2109 790
786 2103 2113 2096
2103 791 2110 2113
2113 2110 790 2112
2096 2113 2112 474
474 2112 2117 2116
2112 790 2114 2117
2117 2114 794 2115
2116 2117 2115 793
790 2109 2120 2114
2109 473 2118 2120
2120 2118 792 2119
2114 2120 2119 794
794 2119 2123 2122
2119 792 2121 2123
2123 2121 330 331
2122 2123 331 332
793 2115 2125 2124
2115 794 2122 2125
2125 2122 332 333
2124 2125 333 334
462 2100 2128 1930
2100 787 2126 2128
2128 2126 795 2127
1930 2128 2127 746
787 2097 2130 2126
2097 474 2116 2130
2130 2116 793 2129
2126 2130 2129 795
795 2129 2132 2131
2129 793 2124 2132
2132 2124 334 335
2131 2132 335 336
746 2127 2133 1933
2127 795 2131 2133
2133 2131 336 337
1933 2133 337 338
28 29 2136 1961
29 30 2134 2136
2136 2134 798 2135
1961 2136 2135 753
30 31 2139 2134
31 32 2137 2139
2139 2137 796 2138
2134 2139 2138 798
798 2138 2143 2142
2138 796 2140 2143
2143 2140 477 2141
2142 2143 2141 797
753 2135 2145 1964
2135 798 2142 2145
2145 2142 797 2144
1964 2145 2144 464
32 33 2148 2137
33 34 2146 2148
2148 2146 801 2147
2137 2148 2147 796
34 35 2151 2146
35 36 2149 2151
2151 2149 799 2150
2146 2151 2150 801
801 2150 2155 2154
2150 799 2152 2155
2155 2152 475 2153
2154 2155 2153 800
796 2147 2157 2140
2147 801 2154 2157
2157 2154 800 2156
2140 2157 2156 477
477 2156 2161 2160
2156 800 2158 2161
2161 2158 805 2159
2160 2161 2159 804
800 2153 2164 2158
2153 475 2162 2164
2164 2162 802 2163
2158 2164 2163 805
805 2163 2168 2167
2163 802 2165 2168
2168 2165 394 2166
2167 2168 2166 803
804 2159 2171 2170
2159 805 2167 2171
2171 2167 803 2169
2170 2171 2169 476
464 2144 2174 1974
2144 797 2172 2174
2174 2172 807 2173
1974 2174 2173 756
797 2141 2176 2172
2141 477 2160 2176
2176 2160 804 2175
2172 2176 2175 807
807 2175 2179 2178
2175 804 2170 2179
2179 2170 476 2177
2178 2179 2177 806
756 2173 2181 1977
2173 807 2178 2181
2181 2178 806 2180
1977 2181 2180 391
391 2180 2184 2009
2180 806 2182 2184
2184 2182 810 2183
2009 2184 2183 765
806 2177 2187 2182
2177 476 2185 2187
2187 2185 808 2186
2182 2187 2186 810
810 2186 2191 2190
2186 808 2188 2191
2191 2188 480 2189
2190 2191 2189 809
765 2183 2193 2012
2183 810 2190 2193
2193 2190 809 2192
2012 2193 2192 467
476 2169 2196 2185
2169 803 2194 2196
2196 2194 813 2195
2185 2196 2195 808
803 2166 2199 2194
2166 394 2197 2199
2199 2197 811 2198
2194 2199 2198 813
813 2198 2203 2202
2198 811 2200 2203
2203 2200 478 2201
2202 2203 2201 812
808 2195 2205 2188
2195 813 2202 2205
2205 2202 812 2204
2188 2205 2204 480
480 2204 2209 2208
2204 812 2206 2209
2209 2206 817 2207
2208 2209 2207 816
812 2201 2212 2206
2201 478 2210 2212
2212 2210 814 2211
2206 2212 2211 817
817 2211 2216 2215
2211 814 2213 2216
2216 2213 395 2214
2215 2216 2214 815
816 2207 2219 2218
2207 817 2215 2219
2219 2215 815 2217
2218 2219 2217 479
467 2192 2222 2022
2192 809 2220 2222
2222 2220 819 2221
2022 2222 2221 768
809 2189 2224 2220
2189 480 2208 2224
2224 2208 816 2223
2220 2224 2223 819
819 2223 2227 2226
2223 816 2218 2227
2227 2218 479 2225
2226 2227 2225 818
768 2221 2229 2025
2221 819 2226 2229
2229 2226 818 2228
2025 2229 2228 392
392 2228 2232 2057
2228 818 2230 2232
2232 2230 822 2231
2057 2232 2231 777
818 2225 2235 2230
2225 479 2233 2235
2235 2233 820 2234
2230 2235 2234 822
822 2234 2239 2238
2234 820 2236 2239
2239 2236 483 2237
2238 2239 2237 821
777 2231 2241 2060
2231 822 2238 2241
2241 2238 821 2240
2060 2241 2240 470
479 2217 2244 2233
2217 815 2242 2244
2244 2242 825 2243
2233 2244 2243 820
815 2214 2247 2242
2214 395 2245 2247
2247 2245 823 2246
2242 2247 2246 825
825 2246 2251 2250
2246 823 2248 2251
2251 2248 481 2249
2250 2251 2249 824
820 2243 2253 2236
2243 825 2250 2253
2253 2250 824 2252
2236 2253 2252 483
483 2252 2257 2256
2252 824 2254 2257
2257 2254 829 2255
2256 2257 2255 828
824 2249 2260 2254
2249 481 2258 2260
2260 2258 826 2259
2254 2260 2259 829
829 2259 2264 2263
2259 826 2261 2264
2264 2261 396 2262
2263 2264 2262 827
828 2255 2267 2266
2255 829 2263 2267
2267 2263 827 2265
2266 2267 2265 482
470 2240 2270 2070
2240 821 2268 2270
2270 2268 831 2269
2070 2270 2269 780
821 2237 2272 2268
2237 483 2256 2272
2272 2256 828 2271
2268 2272 2271 831
831 2271 2275 2274
2271 828 2266 2275
2275 2266 482 2273
2274 2275 2273 830
780 2269 2277 2073
2269 831 2274 2277
2277 2274 830 2276
2073 2277 2276 393
393 2276 2280 2105
2276 830 2278 2280
2280 2278 834 2279
2105 2280 2279 789
830 2273 2283 2278
2273 482 2281 2283
2283 2281 832 2282
2278 2283 2282 834
834 2282 2287 2286
2282 832 2284 2287
2287 2284 485 2285
2286 2287 2285 833
789 2279 2289 2108
2279 834 2286 2289
2289 2286 833 2288
2108 2289 2288 473
482 2265 2292 2281
2265 827 2290 2292
2292 2290 837 2291
2281 2292 2291 832
827 2262 2295 2290
2262 396 2293 2295
2295 2293 835 2294
2290 2295 2294 837
837 2294 2299 2298
2294 835 2296 2299
2299 2296 484 2297
2298 2299 2297 836
832 2291 2301 2284
2291 837 2298 2301
2301 2298 836 2300
2284 2301 2300 485
485 2300 2305 2304
2300 836 2302 2305
2305 2302 840 2303
2304 2305 2303 839
836 2297 2308 2302
2297 484 2306 2308
2308 2306 838 2307
2302 2308 2307 840
840 2307 2311 2310
2307 838 2309 2311
2311 2309 322 323
2310 2311 323 324
839 2303 2313 2312
2303 840 2310 2313
2313 2310 324 325
2312 2313 325 326
473 2288 2316 2118
2288 833 2314 2316
2316 2314 841 2315
2118 2316 2315 792
833 2285 2318 2314
2285 485 2304 2318
2318 2304 839 2317
2314 2318 2317 841
841 2317 2320 2319
2317 839 2312 2320
2320 2312 326 327
2319 2320 327 328
792 2315 2321 2121
2315 841 2319 2321
2321 2319 328 329
2121 2321 329 330
36 37 2324 2149
37 38 2322 2324
2324 2322 844 2323
2149 2324 2323 799
38 39 2327 2322
39 40 2325 2327
2327 2325 842 2326
2322 2327 2326 844
844 2326 2331 2330
2326 842 2328 2331
2331 2328 488 2329
2330 2331 2329 843
799 2323 2333 2152
2323 844 2330 2333
2333 2330 843 2332
2152 2333 2332 475
40 41 2336 2325
41 42 2334 2336
2336 2334 847 2335
2325 2336 2335 842
42 43 2339 2334
43 44 2337 2339
2339 2337 845 2338
2334 2339 2338 847
847 2338 2343 2342
2338 845 2340 2343
2343 2340 486 2341
2342 2343 2341 846
842 2335 2345 2328
2335 847 2342 2345
2345 2342 846 2344
2328 2345 2344 488
488 2344 2349 2348
2344 846 2346 2349
2349 2346 851 2347
2348 2349 2347 850
846 2341 2352 2346
2341 486 2350 2352
2352 2350 848 2351
2346 2352 2351 851
851 2351 2356 2355
2351 848 2353 2356
2356 2353 397 2354
2355 2356 2354 849
850 2347 2359 2358
2347 851 2355 2359
2359 2355 849 2357
2358 2359 2357 487
475 2332 2362 2162
2332 843 2360 2362
2362 2360 853 2361
2162 2362 2361 802
843 2329 2364 2360
2329 488 2348 2364
2364 2348 850 2363
2360 2364 2363 853
853 2363 2367 2366
2363 850 2358 2367
2367 2358 487 2365
2366 2367 2365 852
802 2361 2369 2165
2361 853 2366 2369
2369 2366 852 2368
2165 2369 2368 394
394 2368 2372 2197
2368 852 2370 2372
2372 2370 856 2371
2197 2372 2371 811
852 2365 2375 2370
2365 487 2373 2375
2375 2373 854 2374
2370 2375 2374 856
856 2374 2379 2378
2374 854 2376 2379
2379 2376 491 2377
2378 2379 2377 855
811 2371 2381 2200
2371 856 2378 2381
2381 2378 855 2380
2200 2381 2380 478
487 2357 2384 2373
2357 849 2382 2384
2384 2382 859 2383
2373 2384 2383 854
849 2354 2387 2382
2354 397 2385 2387
2387 2385 857 2386
2382 2387 2386 859
859 2386 2391 2390
2386 857 2388 2391
2391 2388 489 2389
2390 2391 2389 858
854 2383 2393 2376
2383 859 2390 2393
2393 2390 858 2392
2376 2393 2392 491
491 2392 2397 2396
2392 858 2394 2397
2397 2394 863 2395
2396 2397 2395 862
858 2389 2400 2394
2389 489 2398 2400
2400 2398 860 2399
2394 2400 2399 863
863 2399 2404 2403
2399 860 2401 2404
2404 2401 398 2402
2403 2404 2402 861
862 2395 2407 2406
2395 863 2403 2407
2407 2403 861 2405
2406 2407 2405 490
478 2380 2410 2210
2380 855 2408 2410
2410 2408 865 2409
2210 2410 2409 814
855 2377 2412 2408
2377 491 2396 2412
2412 2396 862 2411
2408 2412 2411 865
865 2411 2415 2414
2411 862 2406 2415
2415 2406 490 2413
2414 2415 2413 864
814 2409 2417 2213
2409 865 2414 2417
2417 2414 864 2416
2213 2417 2416 395
395 2416 2420 2245
2416 864 2418 2420
2420 2418 868 2419
2245 2420 2419 823
864 2413 2423 2418
2413 490 2421 2423
2423 2421 866 2422
2418 2423 2422 868
868 2422 2427 2426
2422 866 2424 2427
2427 2424 494 2425
2426 2427 2425 867
823 2419 2429 2248
2419 868 2426 2429
2429 2426 867 2428
2248 2429 2428 481
490 2405 2432 2421
2405 861 2430 2432
2432 2430 871 2431
2421 2432 2431 866
861 2402 2435 2430
2402 398 2433 2435
2435 2433 869 2434
2430 2435 2434 871
871 2434 2439 2438
2434 869 2436 2439
2439 2436 492 2437
2438 2439 2437 870
866 2431 2441 2424
2431 871 2438 2441
2441 2438 870 2440
2424 2441 2440 494
494 2440 2445 2444
2440 870 2442 2445
2445 2442 875 2443
2444 2445 2443 874
870 2437 2448 2442
2437 492 2446 2448
2448 2446 872 2447
2442 2448 2447 875
875 2447 2452 2451
2447 872 2449 2452
2452 2449 399 2450
2451 2452 2450 873
874 2443 2455 2454
2443 875 2451 2455
2455 2451 873 2453
2454 2455 2453 493
481 2428 2458 2258
2428 867 2456 2458
2458 2456 877 2457
2258 2458 2457 826
867 2425 2460 2456
2425 494 2444 2460
2460 2444 874 2459
2456 2460 2459 877
877 2459 2463 2462
2459 874 2454 2463
2463 2454 493 2461
2462 2463 2461 876
826 2457 2465 2261
2457 877 2462 2465
2465 2462 876 2464
2261 2465 2464 396
396 2464 2468 2293
2464 876 2466 2468
2468 2466 880 2467
2293 2468 2467 835
876 2461 2471 2466
2461 493 2469 2471
2471 2469 878 2470
2466 2471 2470 880
880 2470 2475 2474
2470 878 2472 2475
2475 2472 496 2473
2474 2475 2473 879
835 2467 2477 2296
2467 880 2474 2477
2477 2474 879 2476
2296 2477 2476 484
493 2453 2480 2469
2453 873 2478 2480
2480 2478 883 2479
2469 2480 2479 878
873 2450 2483 2478
2450 399 2481 2483
2483 2481 881 2482
2478 2483 2482 883
883 2482 2487 2486
2482 881 2484 2487
2487 2484 495 2485
2486 2487 2485 882
878 2479 2489 2472
2479 883 2486 2489
2489 2486 882 2488
2472 2489 2488 496
496 2488 2493 2492
2488 882 2490 2493
2493 2490 886 2491
2492 2493 2491 885
882 2485 2496 2490
2485 495 2494 2496
2496 2494 884 2495
2490 2496 2495 886
886 2495 2499 2498
2495 884 2497 2499
2499 2497 314 315
2498 2499 315 316
885 2491 2501 2500
2491 886 2498 2501
2501 2498 316 317
2500 2501 317 318
484 2476 2504 2306
2476 879 2502 2504
2504 2502 887 2503
2306 2504 2503 838
879 2473 2506 2502
2473 496 2492 2506
2506 2492 885 2505
2502 2506 2505 887
887 2505 2508 2507
2505 885 2500 2508
2508 2500 318 319
2507 2508 319 320
838 2503 2509 2309
2503 887 2507 2509
2509 2507 320 321
2309 2509 321 322
44 45 2512 2337
45 46 2510 2512
2512 2510 890 2511
2337 2512 2511 845
46 47 2515 2510
47 48 2513 2515
2515 2513 888 2514
2510 2515 2514 890
890 2514 2519 2518
2514 888 2516 2519
2519 2516 499 2517
2518 2519 2517 889
845 2511 2521 2340
2511 890 2518 2521
2521 2518 889 2520
2340 2521 2520 486
48 49 2524 2513
49 50 2522 2524
2524 2522 893 2523
2513 2524 2523 888
50 51 2527 2522
51 52 2525 2527
2527 2525 891 2526
2522 2527 2526 893
893 2526 2531 2530
2526 891 2528 2531
2531 2528 497 2529
2530 2531 2529 892
888 2523 2533 2516
2523 893 2530 2533
2533 2530 892 2532
2516 2533 2532 499
499 2532 2537 2536
2532 892 2534 2537
2537 2534 897 2535
2536 2537 2535 896
892 2529 2540 2534
2529 497 2538 2540
2540 2538 894 2539
2534 2540 2539 897
897 2539 2544 2543
2539 894 2541 2544
2544 2541 400 2542
2543 2544 2542 895
896 2535 2547 2546
2535 897 2543 2547
2547 2543 895 2545
2546 2547 2545 498
486 2520 2550 2350
2520 889 2548 2550
2550 2548 899 2549
2350 2550 2549 848
889 2517 2552 2548
2517 499 2536 2552
2552 2536 896 2551
2548 2552 2551 899
899 2551 2555 2554
2551 896 2546 2555
2555 2546 498 2553
2554 2555 2553 898
848 2549 2557 2353
2549 899 2554 2557
2557 2554 898 2556
2353 2557 2556 397
397 2556 2560 2385
2556 898 2558 2560
2560 2558 902 2559
2385 2560 2559 857
898 2553 2563 2558
2553 498 2561 2563
2563 2561 900 2562
2558 2563 2562 902
902 2562 2567 2566
2562 900 2564 2567
2567 2564 502 2565
2566 2567 2565 901
857 2559 2569 2388
2559 902 2566 2569
2569 2566 901 2568
2388 2569 2568 489
498 2545 2572 2561
2545 895 2570 2572
2572 2570 905 2571
2561 2572 2571 900
895 2542 2575 2570
2542 400 2573 2575
2575 2573 903 2574
2570 2575 2574 905
905 2574 2579 2578
2574 903 2576 2579
2579 2576 500 2577
2578 2579 2577 904
900 2571 2581 2564
2571 905 2578 2581
2581 2578 904 2580
2564 2581 2580 502
502 2580 2585 2584
2580 904 2582 2585
2585 2582 909 2583
2584 2585 2583 908
904 2577 2588 2582
2577 500 2586 2588
2588 2586 906 2587
2582 2588 2587 909
909 2587 2592 2591
2587 906 2589 2592
2592 2589 401 2590
2591 2592 2590 907
908 2583 2595 2594
2583 909 2591 2595
2595 2591 907 2593
2594 2595 2593 501
489 2568 2598 2398
2568 901 2596 2598
2598 2596 911 2597
2398 2598 2597 860
901 2565 2600 2596
2565 502 2584 2600
2600 2584 908 2599
2596 2600 2599 911
911 2599 2603 2602
2599 908 2594 2603
2603 2594 501 2601
2602 2603 2601 910
860 2597 2605 2401
2597 911 2602 2605
2605 2602 910 2604
2401 2605 2604 398
398 2604 2608 2433
2604 910 2606 2608
2608 2606 914 2607
2433 2608 2607 869
910 2601 2611 2606
2601 501 2609 2611
2611 2609 912 2610
2606 2611 2610 914
914 2610 2615 2614
2610 912 2612 2615
2615 2612 505 2613
2614 2615 2613 913
869 2607 2617 2436
2607 914 2614 2617
2617 2614 913 2616
2436 2617 2616 492
501 2593 2620 2609
2593 907 2618 2620
2620 2618 917 2619
2609 2620 2619 912
907 2590 2623 2618
2590 401 2621 2623
2623 2621 915 2622
2618 2623 2622 917
917 2622 2627 2626
2622 915 2624 2627
2627 2624 503 2625
2626 2627 2625 916
912 2619 2629 2612
2619 917 2626 2629
2629 2626 916 2628
2612 2629 2628 505
505 2628 2633 2632
2628 916 2630 2633
2633 2630 921 2631
2632 2633 2631 920
916 2625 2636 2630
2625 503 2634 2636
2636 2634 918 2635
2630 2636 2635 921
921 2635 2640 2639
2635 918 2637 2640
2640 2637 402 2638
2639 2640 2638 919
920 2631 2643 2642
2631 921 2639 2643
2643 2639 919 2641
2642 2643 2641 504
492 2616 2646 2446
2616 913 2644 2646
2646 2644 923 2645
2446 2646 2645 872
913 2613 2648 2644
2613 505 2632 2648
2648 2632 920 2647
2644 2648 2647 923
923 2647 2651 2650
2647 920 2642 2651
2651 2642 504 2649
2650 2651 2649 922
872 2645 2653 2449
2645 923 2650 2653
2653 2650 922 2652
2449 2653 2652 399
399 2652 2656 2481
2652 922 2654 2656
2656 2654 926 2655
2481 2656 2655 881
922 2649 2659 2654
2649 504 2657 2659
2659 2657 924 2658
2654 2659 2658 926
926 2658 2663 2662
2658 924 2660 2663
2663 2660 507 2661
2662 2663 2661 925
881 2655 2665 2484
2655 926 2662 2665
2665 2662 925 2664
2484 2665 2664 495
504 2641 2668 2657
2641 919 2666 2668
2668 2666 929 2667
2657 2668 2667 924
919 2638 2671 2666
2638 402 2669 2671
2671 2669 927 2670
2666 2671 2670 929
929 2670 2675 2674
2670 927 2672 2675
2675 2672 506 2673
2674 2675 2673 928
924 2667 2677 2660
2667 929 2674 2677
2677 2674 928 2676
2660 2677 2676 507
507 2676 2681 2680
2676 928 2678 2681
2681 2678 932 2679
2680 2681 2679 931
928 2673 2684 2678
2673 506 2682 2684
2684 2682 930 2683
2678 2684 2683 932
932 2683 2687 2686
2683 930 2685 2687
2687 2685 306 307
2686 2687 307 308
931 2679 2689 2688
2679 932 2686 2689
2689 2686 308 309
2688 2689 309 310
495 2664 2692 2494
2664 925 2690 2692
2692 2690 933 2691
2494 2692 2691 884
925 2661 2694 2690
2661 507 2680 2694
2694 2680 931 2693
2690 2694 2693 933
933 2693 2696 2695
2693 931 2688 2696
2696 2688 310 311
2695 2696 311 312
884 2691 2697 2497
2691 933 2695 2697
2697 2695 312 313
2497 2697 313 314
52 53 2700 2525
53 54 2698 2700
2700 2698 936 2699
2525 2700 2699 891
54 55 2703 2698
55 56 2701 2703
2703 2701 934 2702
2698 2703 2702 936
936 2702 2707 2706
2702 934 2704 2707
2707 2704 510 2705
2706 2707 2705 935
891 2699 2709 2528
2699 936 2706 2709
2709 2706 935 2708
2528 2709 2708 497
56 57 2712 2701
57 58 2710 2712
2712 2710 939 2711
2701 2712 2711 934
58 59 2715 2710
59 60 2713 2715
2715 2713 937 2714
2710 2715 2714 939
939 2714 2719 2718
2714 937 2716 2719
2719 2716 508 2717
2718 2719 2717 938
934 2711 2721 2704
2711 939 2718 2721
2721 2718 938 2720
2704 2721 2720 510
510 2720 2725 2724
2720 938 2722 2725
2725 2722 943 2723
2724 2725 2723 942
938 2717 2728 2722
2717 508 2726 2728
2728 2726 940 2727
2722 2728 2727 943
943 2727 2732 2731
2727 940 2729 2732
2732 2729 403 2730
2731 2732 2730 941
942 2723 2735 2734
2723 943 2731 2735
2735 2731 941 2733
2734 2735 2733 509
497 2708 2738 2538
2708 935 2736 2738
2738 2736 945 2737
2538 2738 2737 894
935 2705 2740 2736
2705 510 2724 2740
2740 2724 942 2739
2736 2740 2739 945
945 2739 2743 2742
2739 942 2734 2743
2743 2734 509 2741
2742 2743 2741 944
894 2737 2745 2541
2737 945 2742 2745
2745 2742 944 2744
2541 2745 2744 400
400 2744 2748 2573
2744 944 2746 2748
2748 2746 948 2747
2573 2748 2747 903
944 2741 2751 2746
2741 509 2749 2751
2751 2749 946 2750
2746 2751 2750 948
948 2750 2755 2754
2750 946 2752 2755
2755 2752 513 2753
2754 2755 2753 947
903 2747 2757 2576
2747 948 2754 2757
2757 2754 947 2756
2576 2757 2756 500
509 2733 2760 2749
2733 941 2758 2760
2760 2758 951 2759
2749 2760 2759 946
941 2730 2763 2758
2730 403 2761 2763
2763 2761 949 2762
2758 2763 2762 951
951 2762 2767 2766
2762 949 2764 2767
2767 2764 511 2765
2766 2767 2765 950
946 2759 2769 2752
2759 951 2766 2769
2769 2766 950 2768
2752 2769 2768 513
513 2768 2773 2772
2768 950 2770 2773
2773 2770 955 2771
2772 2773 2771 954
950 2765 2776 2770
2765 511 2774 2776
2776 2774 952 2775
2770 2776 2775 955
955 2775 2780 2779
2775 952 2777 2780
2780 2777 404 2778
2779 2780 2778 953
954 2771 2783 2782
2771 955 2779 2783
2783 2779 953 2781
2782 2783 2781 512
500 2756 2786 2586
2756 947 2784 2786
2786 2784 957 2785
2586 2786 2785 906
947 2753 2788 2784
2753 513 2772 2788
2788 2772 954 2787
2784 2788 2787 957
957 2787 2791 2790
2787 954 2782 2791
2791 2782 512 2789
2790 2791 2789 956
906 2785 2793 2589
2785 957 2790 2793
2793 2790 956 2792
2589 2793 2792 401
401 2792 2796 2621
2792 956 2794 2796
2796 2794 960 2795
2621 2796 2795 915
956 2789 2799 2794
2789 512 2797 2799
2799 2797 958 2798
2794 2799 2798 960
960 2798 2803 2802
2798 958 2800 2803
2803 2800 516 2801
2802 2803 2801 959
915 2795 2805 2624
2795 960 2802 2805
2805 2802 959 2804
2624 2805 2804 503
512 2781 2808 2797
2781 953 2806 2808
2808 2806 963 2807
2797 2808 2807 958
953 2778 2811 2806
2778 404 2809 2811
2811 2809 961 2810
2806 2811 2810 963
963 2810 2815 2814
2810 961 2812 2815
2815 2812 514 2813
2814 2815 2813 962
958 2807 2817 2800
2807 963 2814 2817
2817 2814 962 2816
2800 2817 2816 516
516 2816 2821 2820
2816 962 2818 2821
2821 2818 967 2819
2820 2821 2819 966
962 2813 2824 2818
2813 514 2822 2824
2824 2822 964 2823
2818 2824 2823 967
967 2823 2828 2827
2823 964 2825 2828
2828 2825 405 2826
2827 2828 2826 965
966 2819 2831 2830
2819 967 2827 2831
2831 2827 965 2829
2830 2831 2829 515
503 2804 2834 2634
2804 959 2832 2834
2834 2832 969 2833
2634 2834 2833 918
959 2801 2836 2832
2801 516 2820 2836
2836 2820 966 2835
2832 2836 2835 969
969 2835 2839 2838
2835 966 2830 2839
2839 2830 515 2837
2838 2839 2837 968
918 2833 2841 2637
2833 969 2838 2841
2841 2838 968 2840
2637 2841 2840 402
402 2840 2844 2669
2840 968 2842 2844
2844 2842 972 2843
2669 2844 2843 927
968 2837 2847 2842
2837 515 2845 2847
2847 2845 970 2846
2842 2847 2846 972
972 2846 2851 2850
2846 970 2848 2851
2851 2848 518 2849
2850 2851 2849 971
927 2843 2853 2672
2843 972 2850 2853
2853 2850 971 2852
2672 2853 2852 506
515 2829 2856 2845
2829 965 2854 2856
2856 2854 975 2855
2845 2856 2855 970
965 2826 2859 2854
2826 405 2857 2859
2859 2857 973 2858
2854 2859 2858 975
975 2858 2863 2862
2858 973 2860 2863
2863 2860 517 2861
2862 2863 2861 974
970 2855 2865 2848
2855 975 2862 2865
2865 2862 974 2864
2848 2865 2864 518
518 2864 2869 2868
2864 974 2866 2869
2869 2866 978 2867
2868 2869 2867 977
974 2861 2872 2866
2861 517 2870 2872
2872 2870 976 2871
2866 2872 2871 978
978 2871 2875 2874
2871 976 2873 2875
2875 2873 298 299
2874 2875 299 300
977 2867 2877 2876
2867 978 2874 2877
2877 2874 300 301
2876 2877 301 302
506 2852 2880 2682
2852 971 2878 2880
2880 2878 979 2879
2682 2880 2879 930
971 2849 2882 2878
2849 518 2868 2882
2882 2868 977 2881
2878 2882 2881 979
979 2881 2884 2883
2881 977 2876 2884
2884 2876 302 303
2883 2884 303 304
930 2879 2885 2685
2879 979 2883 2885
2885 2883 304 305
2685 2885 305 306
60 61 2888 2713
61 62 2886 2888
2888 2886 982 2887
2713 2888 2887 937
62 63 2891 2886
63 64 2889 2891
2891 2889 980 2890
2886 2891 2890 982
982 2890 2895 2894
2890 980 2892 2895
2895 2892 521 2893
2894 2895 2893 981
937 2887 2897 2716
2887 982 2894 2897
2897 2894 981 2896
2716 2897 2896 508
64 65 2900 2889
65 66 2898 2900
2900 2898 985 2899
2889 2900 2899 980
66 67 2903 2898
67 68 2901 2903
2903 2901 983 2902
2898 2903 2902 985
985 2902 2907 2906
2902 983 2904 2907
2907 2904 519 2905
2906 2907 2905 984
980 2899 2909 2892
2899 985 2906 2909
2909 2906 984 2908
2892 2909 2908 521
521 2908 2913 2912
2908 984 2910 2913
2913 2910 989 2911
2912 2913 2911 988
984 2905 2916 2910
2905 519 2914 2916
2916 2914 986 2915
2910 2916 2915 989
989 2915 2920 2919
2915 986 2917 2920
2920 2917 406 2918
2919 2920 2918 987
988 2911 2923 2922
2911 989 2919 2923
2923 2919 987 2921
2922 2923 2921 520
508 2896 2926 2726
2896 981 2924 2926
2926 2924 991 2925
2726 2926 2925 940
981 2893 2928 2924
2893 521 2912 2928
2928 2912 988 2927
2924 2928 2927 991
991 2927 2931 2930
2927 988 2922 2931
2931 2922 520 2929
2930 2931 2929 990
940 2925 2933 2729
2925 991 2930 2933
2933 2930 990 2932
2729 2933 2932 403
403 2932 2936 2761
2932 990 2934 2936
2936 2934 994 2935
2761 2936 2935 949
990 2929 2939 2934
2929 520 2937 2939
2939 2937 992 2938
2934 2939 2938 994
994 2938 2943 2942
2938 992 2940 2943
2943 2940 524 2941
2942 2943 2941 993
949 2935 2945 2764
2935 994 2942 2945
2945 2942 993 2944
2764 2945 2944 511
520 2921 2948 2937
2921 987 2946 2948
2948 2946 997 2947
2937 2948 2947 992
987 2918 2951 2946
2918 406 2949 2951
2951 2949 995 2950
2946 2951 2950 997
997 2950 2955 2954
2950 995 2952 2955
2955 2952 522 2953
2954 2955 2953 996
992 2947 2957 2940
2947 997 2954 2957
2957 2954 996 2956
2940 2957 2956 524
524 2956 2961 2960
2956 996 2958 2961
2961 2958 1001 2959
2960 2961 2959 1000
996 2953 2964 2958
2953 522 2962 2964
2964 2962 998 2963
2958 2964 2963 1001
1001 2963 2968 2967
2963 998 2965 2968
2968 2965 407 2966
2967 2968 2966 999
1000 2959 2971 2970
2959 1001 2967 2971
2971 2967 999 2969
2970 2971 2969 523
511 2944 2974 2774
2944 993 2972 2974
2974 2972 1003 2973
2774 2974 2973 952
993 2941 2976 2972
2941 524 2960 2976
2976 2960 1000 2975
2972 2976 2975 1003
1003 2975 2979 2978
2975 1000 2970 2979
2979 2970 523 2977
2978 2979 2977 1002
952 2973 2981 2777
2973 1003 2978 2981
2981 2978 1002 2980
2777 2981 2980 404
404 2980 2984 2809
2980 1002 2982 2984
2984 2982 1006 2983
2809 2984 2983 961
1002 2977 2987 2982
2977 523 2985 2987
2987 2985 1004 2986
2982 2987 2986 1006
1006 2986 2991 2990
2986 1004 2988 2991
2991 2988 527 2989
2990 2991 2989 1005
961 2983 2993 2812
2983 1006 2990 2993
2993 2990 1005 2992
2812 2993 2992 514
523 2969 2996 2985
2969 999 2994 2996
2996 2994 1009 2995
2985 2996 2995 1004
999 2966 2999 2994
2966 407 2997 2999
2999 2997 1007 2998
2994 2999 2998 1009
1009 2998 3003 3002
2998 1007 3000 3003
3003 3000 525 3001
3002 3003 3001 1008
1004 2995 3005 2988
2995 1009 3002 3005
3005 3002 1008 3004
2988 3005 3004 527
527 3004 3009 3008
3004 1008 3006 3009
3009 3006 1013 3007
3008 3009 3007 1012
1008 3001 3012 3006
3001 525 3010 3012
3012 3010 1010 3011
3006 3012 3011 1013
1013 3011 3016 3015
3011 1010 3013 3016
3016 3013 408 3014
3015 3016 3014 1011
1012 3007 3019 3018
3007 1013 3015 3019
3019 3015 1011 3017
3018 3019 3017 526
514 2992 3022 2822
2992 1005 3020 3022
3022 3020 1015 3021
2822 3022 3021 964
1005 2989 3024 3020
2989 527 3008 3024
3024 3008 1012 3023
3020 3024 3023 1015
1015 3023 3027 3026
3023 1012 3018 3027
3027 3018 526 3025
3026 3027 3025 1014
964 3021 3029 2825
3021 1015 3026 3029
3029 3026 1014 3028
2825 3029 3028 405
405 3028 3032 2857
3028 1014 3030 3032
3032 3030 1018 3031
2857 3032 3031 973
1014 3025 3035 3030
3025 526 3033 3035
3035 3033 1016 3034
3030 3035 3034 1018
1018 3034 3039 3038
3034 1016 3036 3039
3039 3036 529 3037
3038 3039 3037 1017
973 3031 3041 2860
3031 1018 3038 3041
3041 3038 1017 3040
2860 3041 3040 517
526 3017 3044 3033
3017 1011 3042 3044
3044 3042 1021 3043
3033 3044 3043 1016
1011 3014 3047 3042
3014 408 3045 3047
3047 3045 1019 3046
3042 3047 3046 1021
1021 3046 3051 3050
3046 1019 3048 3051
3051 3048 528 3049
3050 3051 3049 1020
1016 3043 3053 3036
3043 1021 3050 3053
3053 3050 1020 3052
3036 3053 3052 529
529 3052 3057 3056
3052 1020 3054 3057
3057 3054 1024 3055
3056 3057 3055 1023
1020 3049 3060 3054
3049 528 3058 3060
3060 3058 1022 3059
3054 3060 3059 1024
1024 3059 3063 3062
3059 1022 3061 3063
3063 3061 290 291
3062 3063 291 292
1023 3055 3065 3064
3055 1024 3062 3065
3065 3062 292 293
3064 3065 293 294
517 3040 3068 2870
3040 1017 3066 3068
3068 3066 1025 3067
2870 3068 3067 976
1017 3037 3070 3066
3037 529 3056 3070
3070 3056 1023 3069
3066 3070 3069 1025
1025 3069 3072 3071
3069 1023 3064 3072
3072 3064 294 295
3071 3072 295 296
976 3067 3073 2873
3067 1025 3071 3073
3073 3071 296 297
2873 3073 297 298
68 69 3076 2901
69 70 3074 3076
3076 3074 1028 3075
2901 3076 3075 983
70 71 3079 3074
71 72 3077 3079
3079 3077 1026 3078
3074 3079 3078 1028
1028 3078 3083 3082
3078 1026 3080 3083
3083 3080 532 3081
3082 3083 3081 1027
983 3075 3085 2904
3075 1028 3082 3085
3085 3082 1027 3084
2904 3085 3084 519
72 73 3088 3077
73 74 3086 3088
3088 3086 1031 3087
3077 3088 3087 1026
74 75 3091 3086
75 76 3089 3091
3091 3089 1029 3090
3086 3091 3090 1031
1031 3090 3095 3094
3090 1029 3092 3095
3095 3092 530 3093
3094 3095 3093 1030
1026 3087 3097 3080
3087 1031 3094 3097
3097 3094 1030 3096
3080 3097 3096 532
532 3096 3101 3100
3096 1030 3098 3101
3101 3098 1035 3099
3100 3101 3099 1034
1030 3093 3104 3098
3093 530 3102 3104
3104 3102 1032 3103
3098 3104 3103 1035
1035 3103 3108 3107
3103 1032 3105 3108
3108 3105 409 3106
3107 3108 3106 1033
1034 3099 3111 3110
3099 1035 3107 3111
3111 3107 1033 3109
3110 3111 3109 531
519 3084 3114 2914
3084 1027 3112 3114
3114 3112 1037 3113
2914 3114 3113 986
1027 3081 3116 3112
3081 532 3100 3116
3116 3100 1034 3115
3112 3116 3115 1037
1037 3115 3119 3118
3115 1034 3110 3119
3119 3110 531 3117
3118 3119 3117 1036
986 3113 3121 2917
3113 1037 3118 3121
3121 3118 1036 3120
2917 3121 3120 406
406 3120 3124 2949
3120 1036 3122 3124
3124 3122 1040 3123
2949 3124 3123 995
1036 3117 3127 3122
3117 531 3125 3127
3127 3125 1038 3126
3122 3127 3126 1040
1040 3126 3131 3130
3126 1038 3128 3131
3131 3128 535 3129
3130 3131 3129 1039
995 3123 3133 2952
3123 1040 3130 3133
3133 3130 1039 3132
2952 3133 3132 522
531 3109 3136 3125
3109 1033 3134 3136
3136 3134 1043 3135
3125 3136 3135 1038
1033 3106 3139 3134
3106 409 3137 3139
3139 3137 1041 3138
3134 3139 3138 1043
1043 3138 3143 3142
3138 1041 3140 3143
3143 3140 533 3141
3142 3143 3141 1042
1038 3135 3145 3128
3135 1043 3142 3145
3145 3142 1042 3144
3128 3145 3144 535
535 3144 3149 3148
3144 1042 3146 3149
3149 3146 1047 3147
3148 3149 3147 1046
1042 3141 3152 3146
3141 533 3150 3152
3152 3150 1044 3151
3146 3152 3151 1047
1047 3151 3156 3155
3151 1044 3153 3156
3156 3153 410 3154
3155 3156 3154 1045
1046 3147 3159 3158
3147 1047 3155 3159
3159 3155 1045 3157
3158 3159 3157 534
522 3132 3162 2962
3132 1039 3160 3162
3162 3160 1049 3161
2962 3162 3161 998
1039 3129 3164 3160
3129 535 3148 3164
3164 3148 1046 3163
3160 3164 3163 1049
1049 3163 3167 3166
3163 1046 3158 3167
3167 3158 534 3165
3166 3167 3165 1048
998 3161 3169 2965
3161 1049 3166 3169
3169 3166 1048 3168
2965 3169 3168 407
407 3168 3172 2997
3168 1048 3170 3172
3172 3170 1052 3171
2997 3172 3171 1007
1048 3165 3175 3170
3165 534 3173 3175
3175 3173 1050 3174
3170 3175 3174 1052
1052 3174 3179 3178
3174 1050 3176 3179
3179 3176 538 3177
3178 3179 3177 1051
1007 3171 3181 3000
3171 1052 3178 3181
3181 3178 1051 3180
3000 3181 3180 525
534 3157 3184 3173
3157 1045 3182 3184
3184 3182 1055 3183
3173 3184 3183 1050
1045 3154 3187 3182
3154 410 3185 3187
3187 3185 1053 3186
3182 3187 3186 1055
1055 3186 3191 3190
3186 1053 3188 3191
3191 3188 536 3189
3190 3191 3189 1054
1050 3183 3193 3176
3183 1055 3190 3193
3193 3190 1054 3192
3176 3193 3192 538
538 3192 3197 3196
3192 1054 3194 3197
3197 3194 1059 3195
3196 3197 3195 1058
1054 3189 3200 3194
3189 536 3198 3200
3200 3198 1056 3199
3194 3200 3199 1059
1059 3199 3204 3203
3199 1056 3201 3204
3204 3201 411 3202
3203 3204 3202 1057
1058 3195 3207 3206
3195 1059 3203 3207
3207 3203 1057 3205
3206 3207 3205 537
525 3180 3210 3010
3180 1051 3208 3210
3210 3208 1061 3209
3010 3210 3209 1010
1051 3177 3212 3208
3177 538 3196 3212
3212 3196 1058 3211
3208 3212 3211 1061
1061 3211 3215 3214
3211 1058 3206 3215
3215 3206 537 3213
3214 3215 3213 1060
1010 3209 3217 3013
3209 1061 3214 3217
3217 3214 1060 3216
3013 3217 3216 408
408 3216 3220 3045
3216 1060 3218 3220
3220 3218 1064 3219
3045 3220 3219 1019
1060 3213 3223 3218
3213 537 3221 3223
3223 3221 1062 3222
3218 3223 3222 1064
1064 3222 3227 3226
3222 1062 3224 3227
3227 3224 540 3225
3226 3227 3225 1063
1019 3219 3229 3048
3219 1064 3226 3229
3229 3226 1063 3228
3048 3229 3228 528
537 3205 3232 3221
3205 1057 3230 3232
3232 3230 1067 3231
3221 3232 3231 1062
1057 3202 3235 3230
3202 411 3233 3235
3235 3233 1065 3234
3230 3235 3234 1067
1067 3234 3239 3238
3234 1065 3236 3239
3239 3236 539 3237
3238 3239 3237 1066
1062 3231 3241 3224
3231 1067 3238 3241
3241 3238 1066 3240
3224 3241 3240 540
540 3240 3245 3244
3240 1066 3242 3245
3245 3242 1070 3243
3244 3245 3243 1069
1066 3237 3248 3242
3237 539 3246 3248
3248 3246 1068 3247
3242 3248 3247 1070
1070 3247 3251 3250
3247 1068 3249 3251
3251 3249 282 283
3250 3251 283 284
1069 3243 3253 3252
3243 1070 3250 3253
3253 3250 284 285
3252 3253 285 286
528 3228 3256 3058
3228 1063 3254 3256
3256 3254 1071 3255
3058 3256 3255 1022
1063 3225 3258 3254
3225 540 3244 3258
3258 3244 1069 3257
3254 3258 3257 1071
1071 3257 3260 3259
3257 1069 3252 3260
3260 3252 286 287
3259 3260 287 288
1022 3255 3261 3061
3255 1071 3259 3261
3261 3259 288 289
3061 3261 289 290
76 77 3264 3089
77 78 3262 3264
3264 3262 1074 3263
3089 3264 3263 1029
78 79 3267 3262
79 80 3265 3267
3267 3265 1072 3266
3262 3267 3266 1074
1074 3266 3271 3270
3266 1072 3268 3271
3271 3268 543 3269
3270 3271 3269 1073
1029 3263 3273 3092
3263 1074 3270 3273
3273 3270 1073 3272
3092 3273 3272 530
80 81 3276 3265
81 82 3274 3276
3276 3274 1077 3275
3265 3276 3275 1072
82 83 3279 3274
83 84 3277 3279
3279 3277 1075 3278
3274 3279 3278 1077
1077 3278 3283 3282
3278 1075 3280 3283
3283 3280 541 3281
3282 3283 3281 1076
1072 3275 3285 3268
3275 1077 3282 3285
3285 3282 1076 3284
3268 3285 3284 543
543 3284 3289 3288
3284 1076 3286 3289
3289 3286 1081 3287
3288 3289 3287 1080
1076 3281 3292 3286
3281 541 3290 3292
3292 3290 1078 3291
3286 3292 3291 1081
1081 3291 3296 3295
3291 1078 3293 3296
3296 3293 412 3294
3295 3296 3294 1079
1080 3287 3299 3298
3287 1081 3295 3299
3299 3295 1079 3297
3298 3299 3297 542
530 3272 3302 3102
3272 1073 3300 3302
3302 3300 1083 3301
3102 3302 3301 1032
1073 3269 3304 3300
3269 543 3288 3304
3304 3288 1080 3303
3300 3304 3303 1083
1083 3303 3307 3306
3303 1080 3298 3307
3307 3298 542 3305
3306 3307 3305 1082
1032 3301 3309 3105
3301 1083 3306 3309
3309 3306 1082 3308
3105 3309 3308 409
409 3308 3312 3137
3308 1082 3310 3312
3312 3310 1086 3311
3137 3312 3311 1041
1082 3305 3315 3310
3305 542 3313 3315
3315 3313 1084 3314
3310 3315 3314 1086
1086 3314 3319 3318
3314 1084 3316 3319
3319 3316 546 3317
3318 3319 3317 1085
1041 3311 3321 3140
3311 1086 3318 3321
3321 3318 1085 3320
3140 3321 3320 533
542 3297 3324 3313
3297 1079 3322 3324
3324 3322 1089 3323
3313 3324 3323 1084
1079 3294 3327 3322
3294 412 3325 3327
3327 3325 1087 3326
3322 3327 3326 1089
1089 3326 3331 3330
3326 1087 3328 3331
3331 3328 544 3329
3330 3331 3329 1088
1084 3323 3333 3316
3323 1089 3330 3333
3333 3330 1088 3332
3316 3333 3332 546
546 3332 3337 3336
3332 1088 3334 3337
3337 3334 1093 3335
3336 3337 3335 1092
1088 3329 3340 3334
3329 544 3338 3340
3340 3338 1090 3339
3334 3340 3339 1093
1093 3339 3344 3343
3339 1090 3341 3344
3344 3341 413 3342
3343 3344 3342 1091
1092 3335 3347 3346
3335 1093 3343 3347
3347 3343 1091 3345
3346 3347 3345 545
533 3320 3350 3150
3320 1085 3348 3350
3350 3348 1095 3349
3150 3350 3349 1044
1085 3317 3352 3348
3317 546 3336 3352
3352 3336 1092 3351
3348 3352 3351 1095
1095 3351 3355 3354
3351 1092 3346 3355
3355 3346 545 3353
3354 3355 3353 1094
1044 3349 3357 3153
3349 1095 3354 3357
3357 3354 1094 3356
3153 3357 3356 410
410 3356 3360 3185
3356 1094 3358 3360
3360 3358 1098 3359
3185 3360 3359 1053
1094 3353 3363 3358
3353 545 3361 3363
3363 3361 1096 3362
3358 3363 3362 1098
1098 3362 3367 3366
3362 1096 3364 3367
3367 3364 549 3365
3366 3367 3365 1097
1053 3359 3369 3188
3359 1098 3366 3369
3369 3366 1097 3368
3188 3369 3368 536
545 3345 3372 3361
3345 1091 3370 3372
3372 3370 1101 3371
3361 3372 3371 1096
1091 3342 3375 3370
3342 413 3373 3375
3375 3373 1099 3374
3370 3375 3374 1101
1101 3374 3379 3378
3374 1099 3376 3379
3379 3376 547 3377
3378 3379 3377 1100
1096 3371 3381 3364
3371 1101 3378 3381
3381 3378 1100 3380
3364 3381 3380 549
549 3380 3385 3384
3380 1100 3382 3385
3385 3382 1105 3383
3384 3385 3383 1104
1100 3377 3388 3382
3377 547 3386 3388
3388 3386 1102 3387
3382 3388 3387 1105
1105 3387 3392 3391
3387 1102 3389 3392
3392 3389 414 3390
3391 3392 3390 1103
1104 3383 3395 3394
3383 1105 3391 3395
3395 3391 1103 3393
3394 3395 3393 548
536 3368 3398 3198
3368 1097 3396 3398
3398 3396 1107 3397
3198 3398 3397 1056
1097 3365 3400 3396
3365 549 3384 3400
3400 3384 1104 3399
3396 3400 3399 1107
1107 3399 3403 3402
3399 1104 3394 3403
3403 3394 548 3401
3402 3403 3401 1106
1056 3397 3405 3201
3397 1107 3402 3405
3405 3402 1106 3404
3201 3405 3404 411
411 3404 3408 3233
3404 1106 3406 3408
3408 3406 1110 3407
3233 3408 3407 1065
1106 3401 3411 3406
3401 548 3409 3411
3411 3409 1108 3410
3406 3411 3410 1110
1110 3410 3415 3414
3410 1108 3412 3415
3415 3412 551 3413
3414 3415 3413 1109
1065 3407 3417 3236
3407 1110 3414 3417
3417 3414 1109 3416
3236 3417 3416 539
548 3393 3420 3409
3393 1103 3418 3420
3420 3418 1113 3419
3409 3420 3419 1108
1103 3390 3423 3418
3390 414 3421 3423
3423 3421 1111 3422
3418 3423 3422 1113
1113 3422 3427 3426
3422 1111 3424 3427
3427 3424 550 3425
3426 3427 3425 1112
1108 3419 3429 3412
3419 1113 3426 3429
3429 3426 1112 3428
3412 3429 3428 551
551 3428 3433 3432
3428 1112 3430 3433
3433 3430 1116 3431
3432 3433 3431 1115
1112 3425 3436 3430
3425 550 3434 3436
3436 3434 1114 3435
3430 3436 3435 1116
1116 3435 3439 3438
3435 1114 3437 3439
3439 3437 274 275
3438 3439 275 276
1115 3431 3441 3440
3431 1116 3438 3441
3441 3438 276 277
3440 3441 277 278
539 3416 3444 3246
3416 1109 3442 3444
3444 3442 1117 3443
3246 3444 3443 1068
1109 3413 3446 3442
3413 551 3432 3446
3446 3432 1115 3445
3442 3446 3445 1117
1117 3445 3448 3447
3445 1115 3440 3448
3448 3440 278 279
3447 3448 279 280
1068 3443 3449 3249
3443 1117 3447 3449
3449 3447 280 281
3249 3449 281 282
84 85 3452 3277
85 86 3450 3452
3452 3450 1120 3451
3277 3452 3451 1075
86 87 3455 3450
87 88 3453 3455
3455 3453 1118 3454
3450 3455 3454 1120
1120 3454 3459 3458
3454 1118 3456 3459
3459 3456 554 3457
3458 3459 3457 1119
1075 3451 3461 3280
3451 1120 3458 3461
3461 3458 1119 3460
3280 3461 3460 541
88 89 3464 3453
89 90 3462 3464
3464 3462 1123 3463
3453 3464 3463 1118
90 91 3467 3462
91 92 3465 3467
3467 3465 1121 3466
3462 3467 3466 1123
1123 3466 3471 3470
3466 1121 3468 3471
3471 3468 552 3469
3470 3471 3469 1122
1118 3463 3473 3456
3463 1123 3470 3473
3473 3470 1122 3472
3456 3473 3472 554
554 3472 3477 3476
3472 1122 3474 3477
3477 3474 1127 3475
3476 3477 3475 1126
1122 3469 3480 3474
3469 552 3478 3480
3480 3478 1124 3479
3474 3480 3479 1127
1127 3479 3484 3483
3479 1124 3481 3484
3484 3481 415 3482
3483 3484 3482 1125
1126 3475 3487 3486
3475 1127 3483 3487
3487 3483 1125 3485
3486 3487 3485 553
541 3460 3490 3290
3460 1119 3488 3490
3490 3488 1129 3489
3290 3490 3489 1078
1119 3457 3492 3488
3457 554 3476 3492
3492 3476 1126 3491
3488 3492 3491 1129
1129 3491 3495 3494
3491 1126 3486 3495
3495 3486 553 3493
3494 3495 3493 1128
1078 3489 3497 3293
3489 1129 3494 3497
3497 3494 1128 3496
3293 3497 3496 412
412 3496 3500 3325
3496 1128 3498 3500
3500 3498 1132 3499
3325 3500 3499 1087
1128 3493 3503 3498
3493 553 3501 3503
3503 3501 1130 3502
3498 3503 3502 1132
1132 3502 3507 3506
3502 1130 3504 3507
3507 3504 557 3505
3506 3507 3505 1131
1087 3499 3509 3328
3499 1132 3506 3509
3509 3506 1131 3508
3328 3509 3508 544
553 3485 3512 3501
3485 1125 3510 3512
3512 3510 1135 3511
3501 3512 3511 1130
1125 3482 3515 3510
3482 415 3513 3515
3515 3513 1133 3514
3510 3515 3514 1135
1135 3514 3519 3518
3514 1133 3516 3519
3519 3516 555 3517
3518 3519 3517 1134
1130 3511 3521 3504
3511 1135 3518 3521
3521 3518 1134 3520
3504 3521 3520 557
557 3520 3525 3524
3520 1134 3522 3525
3525 3522 1139 3523
3524 3525 3523 1138
1134 3517 3528 3522
3517 555 3526 3528
3528 3526 1136 3527
3522 3528 3527 1139
1139 3527 3532 3531
3527 1136 3529 3532
3532 3529 416 3530
3531 3532 3530 1137
1138 3523 3535 3534
3523 1139 3531 3535
3535 3531 1137 3533
3534 3535 3533 556
544 3508 3538 3338
3508 1131 3536 3538
3538 3536 1141 3537
3338 3538 3537 1090
1131 3505 3540 3536
3505 557 3524 3540
3540 3524 1138 3539
3536 3540 3539 1141
1141 3539 3543 3542
3539 1138 3534 3543
3543 3534 556 3541
3542 3543 3541 1140
1090 3537 3545 3341
3537 1141 3542 3545
3545 3542 1140 3544
3341 3545 3544 413
413 3544 3548 3373
3544 1140 3546 3548
3548 3546 1144 3547
3373 3548 3547 1099
1140 3541 3551 3546
3541 556 3549 3551
3551 3549 1142 3550
3546 3551 3550 1144
1144 3550 3555 3554
3550 1142 3552 3555
3555 3552 560 3553
3554 3555 3553 1143
1099 3547 3557 3376
3547 1144 3554 3557
3557 3554 1143 3556
3376 3557 3556 547
556 3533 3560 3549
3533 1137 3558 3560
3560 3558 1147 3559
3549 3560 3559 1142
1137 3530 3563 3558
3530 416 3561 3563
3563 3561 1145 3562
3558 3563 3562 1147
1147 3562 3567 3566
3562 1145 3564 3567
3567 3564 558 3565
3566 3567 3565 1146
1142 3559 3569 3552
3559 1147 3566 3569
3569 3566 1146 3568
3552 3569 3568 560
560 3568 3573 3572
3568 1146 3570 3573
3573 3570 1151 3571
3572 3573 3571 1150
1146 3565 3576 3570
3565 558 3574 3576
3576 3574 1148 3575
3570 3576 3575 1151
1151 3575 3580 3579
3575 1148 3577 3580
3580 3577 417 3578
3579 3580 3578 1149
1150 3571 3583 3582
3571 1151 3579 3583
3583 3579 1149 3581
3582 3583 3581 559
547 3556 3586 3386
3556 1143 3584 3586
3586 3584 1153 3585
3386 3586 3585 1102
1143 3553 3588 3584
3553 560 3572 3588
3588 3572 1150 3587
3584 3588 3587 1153
1153 3587 3591 3590
3587 1150 3582 3591
3591 3582 559 3589
3590 3591 3589 1152
1102 3585 3593 3389
3585 1153 3590 3593
3593 3590 1152 3592
3389 3593 3592 414
414 3592 3596 3421
3592 1152 3594 3596
3596 3594 1156 3595
3421 3596 3595 1111
1152 3589 3599 3594
3589 559 3597 3599
3599 3597 1154 3598
3594 3599 3598 1156
1156 3598 3603 3602
3598 1154 3600 3603
3603 3600 562 3601
3602 3603 3601 1155
1111 3595 3605 3424
3595 1156 3602 3605
3605 3602 1155 3604
3424 3605 3604 550
559 3581 3608 3597
3581 1149 3606 3608
3608 3606 1159 3607
3597 3608 3607 1154
1149 3578 3611 3606
3578 417 3609 3611
3611 3609 1157 3610
3606 3611 3610 1159
1159 3610 3615 3614
3610 1157 3612 3615
3615 3612 561 3613
3614 3615 3613 1158
1154 3607 3617 3600
3607 1159 3614 3617
3617 3614 1158 3616
3600 3617 3616 562
562 3616 3621 3620
3616 1158 3618 3621
3621 3618 1162 3619
3620 3621 3619 1161
1158 3613 3624 3618
3613 561 3622 3624
3624 3622 1160 3623
3618 3624 3623 1162
1162 3623 3627 3626
3623 1160 3625 3627
3627 3625 266 267
3626 3627 267 268
1161 3619 3629 3628
3619 1162 3626 3629
3629 3626 268 269
3628 3629 269 270
550 3604 3632 3434
3604 1155 3630 3632
3632 3630 1163 3631
3434 3632 3631 1114
1155 3601 3634 3630
3601 562 3620 3634
3634 3620 1161 3633
3630 3634 3633 1163
1163 3633 3636 3635
3633 1161 3628 3636
3636 3628 270 271
3635 3636 271 272
1114 3631 3637 3437
3631 1163 3635 3637
3637 3635 272 273
3437 3637 273 274
92 93 3640 3465
93 94 3638 3640
3640 3638 1166 3639
3465 3640 3639 1121
94 95 3643 3638
95 96 3641 3643
3643 3641 1164 3642
3638 3643 3642 1166
1166 3642 3647 3646
3642 1164 3644 3647
3647 3644 565 3645
3646 3647 3645 1165
1121 3639 3649 3468
3639 1166 3646 3649
3649 3646 1165 3648
3468 3649 3648 552
96 97 3652 3641
97 98 3650 3652
3652 3650 1169 3651
3641 3652 3651 1164
98 99 3655 3650
99 100 3653 3655
3655 3653 1167 3654
3650 3655 3654 1169
1169 3654 3659 3658
3654 1167 3656 3659
3659 3656 563 3657
3658 3659 3657 1168
1164 3651 3661 3644
3651 1169 3658 3661
3661 3658 1168 3660
3644 3661 3660 565
565 3660 3665 3664
3660 1168 3662 3665
3665 3662 1173 3663
3664 3665 3663 1172
1168 3657 3668 3662
3657 563 3666 3668
3668 3666 1170 3667
3662 3668 3667 1173
1173 3667 3672 3671
3667 1170 3669 3672
3672 3669 418 3670
3671 3672 3670 1171
1172 3663 3675 3674
3663 1173 3671 3675
3675 3671 1171 3673
3674 3675 3673 564
552 3648 3678 3478
3648 1165 3676 3678
3678 3676 1175 3677
3478 3678 3677 1124
1165 3645 3680 3676
3645 565 3664 3680
3680 3664 1172 3679
3676 3680 3679 1175
1175 3679 3683 3682
3679 1172 3674 3683
3683 3674 564 3681
3682 3683 3681 1174
1124 3677 3685 3481
3677 1175 3682 3685
3685 3682 1174 3684
3481 3685 3684 415
415 3684 3688 3513
3684 1174 3686 3688
3688 3686 1178 3687
3513 3688 3687 1133
1174 3681 3691 3686
3681 564 3689 3691
3691 3689 1176 3690
3686 3691 3690 1178
1178 3690 3695 3694
3690 1176 3692 3695
3695 3692 568 3693
3694 3695 3693 1177
1133 3687 3697 3516
3687 1178 3694 3697
3697 3694 1177 3696
3516 3697 3696 555
564 3673 3700 3689
3673 1171 3698 3700
3700 3698 1181 3699
3689 3700 3699 1176
1171 3670 3703 3698
3670 418 3701 3703
3703 3701 1179 3702
3698 3703 3702 1181
1181 3702 3707 3706
3702 1179 3704 3707
3707 3704 566 3705
3706 3707 3705 1180
1176 3699 3709 3692
3699 1181 3706 3709
3709 3706 1180 3708
3692 3709 3708 568
568 3708 3713 3712
3708 1180 3710 3713
3713 3710 1185 3711
3712 3713 3711 1184
1180 3705 3716 3710
3705 566 3714 3716
3716 3714 1182 3715
3710 3716 3715 1185
1185 3715 3720 3719
3715 1182 3717 3720
3720 3717 419 3718
3719 3720 3718 1183
1184 3711 3723 3722
3711 1185 3719 3723
3723 3719 1183 3721
3722 3723 3721 567
555 3696 3726 3526
3696 1177 3724 3726
3726 3724 1187 3725
3526 3726 3725 1136
1177 3693 3728 3724
3693 568 3712 3728
3728 3712 1184 3727
3724 3728 3727 1187
1187 3727 3731 3730
3727 1184 3722 3731
3731 3722 567 3729
3730 3731 3729 1186
1136 3725 3733 3529
3725 1187 3730 3733
3733 3730 1186 3732
3529 3733 3732 416
416 3732 3736 3561
3732 1186 3734 3736
3736 3734 1190 3735
3561 3736 3735 1145
1186 3729 3739 3734
3729 567 3737 3739
3739 3737 1188 3738
3734 3739 3738 1190
1190 3738 3743 3742
3738 1188 3740 3743
3743 3740 571 3741
3742 3743 3741 1189
1145 3735 3745 3564
3735 1190 3742 3745
3745 3742 1189 3744
3564 3745 3744 558
567 3721 3748 3737
3721 1183 3746 3748
3748 3746 1193 3747
3737 3748 3747 1188
1183 3718 3751 3746
3718 419 3749 3751
3751 3749 1191 3750
3746 3751 3750 1193
1193 3750 3755 3754
3750 1191 3752 3755
3755 3752 569 3753
3754 3755 3753 1192
1188 3747 3757 3740
3747 1193 3754 3757
3757 3754 1192 3756
3740 3757 3756 571
571 3756 3761 3760
3756 1192 3758 3761
3761 3758 1197 3759
3760 3761 3759 1196
1192 3753 3764 3758
3753 569 3762 3764
3764 3762 1194 3763
3758 3764 3763 1197
1197 3763 3768 3767
3763 1194 3765 3768
3768 3765 420 3766
3767 3768 3766 1195
1196 3759 3771 3770
3759 1197 3767 3771
3771 3767 1195 3769
3770 3771 3769 570
558 3744 3774 3574
3744 1189 3772 3774
3774 3772 1199 3773
3574 3774 3773 1148
1189 3741 3776 3772
3741 571 3760 3776
3776 3760 1196 3775
3772 3776 3775 1199
1199 3775 3779 3778
3775 1196 3770 3779
3779 3770 570 3777
3778 3779 3777 1198
1148 3773 3781 3577
3773 1199 3778 3781
3781 3778 1198 3780
3577 3781 3780 417
417 3780 3784 3609
3780 1198 3782 3784
3784 3782 1202 3783
3609 3784 3783 1157
1198 3777 3787 3782
3777 570 3785 3787
3787 3785 1200 3786
3782 3787 3786 1202
1202 3786 3791 3790
3786 1200 3788 3791
3791 3788 573 3789
3790 3791 3789 1201
1157 3783 3793 3612
3783 1202 3790 3793
3793 3790 1201 3792
3612 3793 3792 561
570 3769 3796 3785
3769 1195 3794 3796
3796 3794 1205 3795
3785 3796 3795 1200
1195 3766 3799 3794
3766 420 3797 3799
3799 3797 1203 3798
3794 3799 3798 1205
1205 3798 3803 3802
3798 1203 3800 3803
3803 3800 572 3801
3802 3803 3801 1204
1200 3795 3805 3788
3795 1205 3802 3805
3805 3802 1204 3804
3788 3805 3804 573
573 3804 3809 3808
3804 1204 3806 3809
3809 3806 1208 3807
3808 3809 3807 1207
1204 3801 3812 3806
3801 572 3810 3812
3812 3810 1206 3811
3806 3812 3811 1208
1208 3811 3815 3814
3811 1206 3813 3815
3815 3813 258 259
3814 3815 259 260
1207 3807 3817 3816
3807 1208 3814 3817
3817 3814 260 261
3816 3817 261 262
561 3792 3820 3622
3792 1201 3818 3820
3820 3818 1209 3819
3622 3820 3819 1160
1201 3789 3822 3818
3789 573 3808 3822
3822 3808 1207 3821
3818 3822 3821 1209
1209 3821 3824 3823
3821 1207 3816 3824
3824 3816 262 263
3823 3824 263 264
1160 3819 3825 3625
3819 1209 3823 3825
3825 3823 264 265
3625 3825 265 266
100 101 3828 3653
101 102 3826 3828
3828 3826 1212 3827
3653 3828 3827 1167
102 103 3831 3826
103 104 3829 3831
3831 3829 1210 3830
3826 3831 3830 1212
1212 3830 3835 3834
3830 1210 3832 3835
3835 3832 576 3833
3834 3835 3833 1211
1167 3827 3837 3656
3827 1212 3834 3837
3837 3834 1211 3836
3656 3837 3836 563
104 105 3840 3829
105 106 3838 3840
3840 3838 1215 3839
3829 3840 3839 1210
106 107 3843 3838
107 108 3841 3843
3843 3841 1213 3842
3838 3843 3842 1215
1215 3842 3847 3846
3842 1213 3844 3847
3847 3844 574 3845
3846 3847 3845 1214
1210 3839 3849 3832
3839 1215 3846 3849
3849 3846 1214 3848
3832 3849 3848 576
576 3848 3853 3852
3848 1214 3850 3853
3853 3850 1219 3851
3852 3853 3851 1218
1214 3845 3856 3850
3845 574 3854 3856
3856 3854 1216 3855
3850 3856 3855 1219
1219 3855 3860 3859
3855 1216 3857 3860
3860 3857 421 3858
3859 3860 3858 1217
1218 3851 3863 3862
3851 1219 3859 3863
3863 3859 1217 3861
3862 3863 3861 575
563 3836 3866 3666
3836 1211 3864 3866
3866 3864 1221 3865
3666 3866 3865 1170
1211 3833 3868 3864
3833 576 3852 3868
3868 3852 1218 3867
3864 3868 3867 1221
1221 3867 3871 3870
3867 1218 3862 3871
3871 3862 575 3869
3870 3871 3869 1220
1170 3865 3873 3669
3865 1221 3870 3873
3873 3870 1220 3872
3669 3873 3872 418
418 3872 3876 3701
3872 1220 3874 3876
3876 3874 1224 3875
3701 3876 3875 1179
1220 3869 3879 3874
3869 575 3877 3879
3879 3877 1222 3878
3874 3879 3878 1224
1224 3878 3883 3882
3878 1222 3880 3883
3883 3880 579 3881
3882 3883 3881 1223
1179 3875 3885 3704
3875 1224 3882 3885
3885 3882 1223 3884
3704 3885 3884 566
575 3861 3888 3877
3861 1217 3886 3888
3888 3886 1227 3887
3877 3888 3887 1222
1217 3858 3891 3886
3858 421 3889 3891
3891 3889 1225 3890
3886 3891 3890 1227
1227 3890 3895 3894
3890 1225 3892 3895
3895 3892 577 3893
3894 3895 3893 1226
1222 3887 3897 3880
3887 1227 3894 3897
3897 3894 1226 3896
3880 3897 3896 579
579 3896 3901 3900
3896 1226 3898 3901
3901 3898 1231 3899
3900 3901 3899 1230
1226 3893 3904 3898
3893 577 3902 3904
3904 3902 1228 3903
3898 3904 3903 1231
1231 3903 3908 3907
3903 1228 3905 3908
3908 3905 422 3906
3907 3908 3906 1229
1230 3899 3911 3910
3899 1231 3907 3911
3911 3907 1229 3909
3910 3911 3909 578
566 3884 3914 3714
3884 1223 3912 3914
3914 3912 1233 3913
3714 3914 3913 1182
1223 3881 3916 3912
3881 579 3900 3916
3916 3900 1230 3915
3912 3916 3915 1233
1233 3915 3919 3918
3915 1230 3910 3919
3919 3910 578 3917
3918 3919 3917 1232
1182 3913 3921 3717
3913 1233 3918 3921
3921 3918 1232 3920
3717 3921 3920 419
419 3920 3924 3749
3920 1232 3922 3924
3924 3922 1236 3923
3749 3924 3923 1191
1232 3917 3927 3922
3917 578 3925 3927
3927 3925 1234 3926
3922 3927 3926 1236
1236 3926 3931 3930
3926 1234 3928 3931
3931 3928 582 3929
3930 3931 3929 1235
1191 3923 3933 3752
3923 1236 3930 3933
3933 3930 1235 3932
3752 3933 3932 569
578 3909 3936 3925
3909 1229 3934 3936
3936 3934 1239 3935
3925 3936 3935 1234
1229 3906 3939 3934
3906 422 3937 3939
3939 3937 1237 3938
3934 3939 3938 1239
1239 3938 3943 3942
3938 1237 3940 3943
3943 3940 580 3941
3942 3943 3941 1238
1234 3935 3945 3928
3935 1239 3942 3945
3945 3942 1238 3944
3928 3945 3944 582
582 3944 3949 3948
3944 1238 3946 3949
3949 3946 1243 3947
3948 3949 3947 1242
1238 3941 3952 3946
3941 580 3950 3952
3952 3950 1240 3951
3946 3952 3951 1243
1243 3951 3956 3955
3951 1240 3953 3956
3956 3953 423 3954
3955 3956 3954 1241
1242 3947 3959 3958
3947 1243 3955 3959
3959 3955 1241 3957
3958 3959 3957 581
569 3932 3962 3762
3932 1235 3960 3962
3962 3960 1245 3961
3762 3962 3961 1194
1235 3929 3964 3960
3929 582 3948 3964
3964 3948 1242 3963
3960 3964 3963 1245
1245 3963 3967 3966
3963 1242 3958 3967
3967 3958 581 3965
3966 3967 3965 1244
1194 3961 3969 3765
3961 1245 3966 3969
3969 3966 1244 3968
3765 3969 3968 420
420 3968 3972 3797
3968 1244 3970 3972
3972 3970 1248 3971
3797 3972 3971 1203
1244 3965 3975 3970
3965 581 3973 3975
3975 3973 1246 3974
3970 3975 3974 1248
1248 3974 3979 3978
3974 1246 3976 3979
3979 3976 584 3977
3978 3979 3977 1247
1203 3971 3981 3800
3971 1248 3978 3981
3981 3978 1247 3980
3800 3981 3980 572
581 3957 3984 3973
3957 1241 3982 3984
3984 3982 1251 3983
3973 3984 3983 1246
1241 3954 3987 3982
3954 423 3985 3987
3987 3985 1249 3986
3982 3987 3986 1251
1251 3986 3991 3990
3986 1249 3988 3991
3991 3988 583 3989
3990 3991 3989 1250
1246 3983 3993 3976
3983 1251 3990 3993
3993 3990 1250 3992
3976 3993 3992 584
584 3992 3997 3996
3992 1250 3994 3997
3997 3994 1254 3995
3996 3997 3995 1253
1250 3989 4000 3994
3989 583 3998 4000
4000 3998 1252 3999
3994 4000 3999 1254
1254 3999 4003 4002
3999 1252 4001 4003
4003 4001 250 251
4002 4003 251 252
1253 3995 4005 4004
3995 1254 4002 4005
4005 4002 252 253
4004 4005 253 254
572 3980 4008 3810
3980 1247 4006 4008
4008 4006 1255 4007
3810 4008 4007 1206
1247 3977 4010 4006
3977 584 3996 4010
4010 3996 1253 4009
4006 4010 4009 1255
1255 4009 4012 4011
4009 1253 4004 4012
4012 4004 254 255
4011 4012 255 256
1206 4007 4013 3813
4007 1255 4011 4013
4013 4011 256 257
3813 4013 257 258
108 109 4016 3841
109 110 4014 4016
4016 4014 1258 4015
3841 4016 4015 1213
110 111 4019 4014
111 112 4017 4019
4019 4017 1256 4018
4014 4019 4018 1258
1258 4018 4023 4022
4018 1256 4020 4023
4023 4020 587 4021
4022 4023 4021 1257
1213 4015 4025 3844
4015 1258 4022 4025
4025 4022 1257 4024
3844 4025 4024 574
112 113 4028 4017
113 114 4026 4028
4028 4026 1261 4027
4017 4028 4027 1256
114 115 4031 4026
115 116 4029 4031
4031 4029 1259 4030
4026 4031 4030 1261
1261 4030 4035 4034
4030 1259 4032 4035
4035 4032 585 4033
4034 4035 4033 1260
1256 4027 4037 4020
4027 1261 4034 4037
4037 4034 1260 4036
4020 4037 4036 587
587 4036 4041 4040
4036 1260 4038 4041
4041 4038 1265 4039
4040 4041 4039 1264
1260 4033 4044 4038
4033 585 4042 4044
4044 4042 1262 4043
4038 4044 4043 1265
1265 4043 4048 4047
4043 1262 4045 4048
4048 4045 424 4046
4047 4048 4046 1263
1264 4039 4051 4050
4039 1265 4047 4051
4051 4047 1263 4049
4050 4051 4049 586
574 4024 4054 3854
4024 1257 4052 4054
4054 4052 1267 4053
3854 4054 4053 1216
1257 4021 4056 4052
4021 587 4040 4056
4056 4040 1264 4055
4052 4056 4055 1267
1267 4055 4059 4058
4055 1264 4050 4059
4059 4050 586 4057
4058 4059 4057 1266
1216 4053 4061 3857
4053 1267 4058 4061
4061 4058 1266 4060
3857 4061 4060 421
421 4060 4064 3889
4060 1266 4062 4064
4064 4062 1270 4063
3889 4064 4063 1225
1266 4057 4067 4062
4057 586 4065 4067
4067 4065 1268 4066
4062 4067 4066 1270
1270 4066 4071 4070
4066 1268 4068 4071
4071 4068 590 4069
4070 4071 4069 1269
1225 4063 4073 3892
4063 1270 4070 4073
4073 4070 1269 4072
3892 4073 4072 577
586 4049 4076 4065
4049 1263 4074 4076
4076 4074 1273 4075
4065 4076 4075 1268
1263 4046 4079 4074
4046 424 4077 4079
4079 4077 1271 4078
4074 4079 4078 1273
1273 4078 4083 4082
4078 1271 4080 4083
4083 4080 588 4081
4082 4083 4081 1272
1268 4075 4085 4068
4075 1273 4082 4085
4085 4082 1272 4084
4068 4085 4084 590
590 4084 4089 4088
4084 1272 4086 4089
4089 4086 1277 4087
4088 4089 4087 1276
1272 4081 4092 4086
4081 588 4090 4092
4092 4090 1274 4091
4086 4092 4091 1277
1277 4091 4096 4095
4091 1274 4093 4096
4096 4093 425 4094
4095 4096 4094 1275
1276 4087 4099 4098
4087 1277 4095 4099
4099 4095 1275 4097
4098 4099 4097 589
577 4072 4102 3902
4072 1269 4100 4102
4102 4100 1279 4101
3902 4102 4101 1228
1269 4069 4104 4100
4069 590 4088 4104
4104 4088 1276 4103
4100 4104 4103 1279
1279 4103 4107 4106
4103 1276 4098 4107
4107 4098 589 4105
4106 4107 4105 1278
1228 4101 4109 3905
4101 1279 4106 4109
4109 4106 1278 4108
3905 4109 4108 422
422 4108 4112 3937
4108 1278 4110 4112
4112 4110 1282 4111
3937 4112 4111 1237
1278 4105 4115 4110
4105 589 4113 4115
4115 4113 1280 4114
4110 4115 4114 1282
1282 4114 4119 4118
4114 1280 4116 4119
4119 4116 593 4117
4118 4119 4117 1281
1237 4111 4121 3940
4111 1282 4118 4121
4121 4118 1281 4120
3940 4121 4120 580
589 4097 4124 4113
4097 1275 4122 4124
4124 4122 1285 4123
4113 4124 4123 1280
1275 4094 4127 4122
4094 425 4125 4127
4127 4125 1283 4126
4122 4127 4126 1285
1285 4126 4131 4130
4126 1283 4128 4131
4131 4128 591 4129
4130 4131 4129 1284
1280 4123 4133 4116
4123 1285 4130 4133
4133 4130 1284 4132
4116 4133 4132 593
593 4132 4137 4136
4132 1284 4134 4137
4137 4134 1289 4135
4136 4137 4135 1288
1284 4129 4140 4134
4129 591 4138 4140
4140 4138 1286 4139
4134 4140 4139 1289
1289 4139 4144 4143
4139 1286 4141 4144
4144 4141 426 4142
4143 4144 4142 1287
1288 4135 4147 4146
4135 1289 4143 4147
4147 4143 1287 4145
4146 4147 4145 592
580 4120 4150 3950
4120 1281 4148 4150
4150 4148 1291 4149
3950 4150 4149 1240
1281 4117 4152 4148
4117 593 4136 4152
4152 4136 1288 4151
4148 4152 4151 1291
1291 4151 4155 4154
4151 1288 4146 4155
4155 4146 592 4153
4154 4155 4153 1290
1240 4149 4157 3953
4149 1291 4154 4157
4157 4154 1290 4156
3953 4157 4156 423
423 4156 4160 3985
4156 1290 4158 4160
4160 4158 1294 4159
3985 4160 4159 1249
1290 4153 4163 4158
4153 592 4161 4163
4163 4161 1292 4162
4158 4163 4162 1294
1294 4162 4167 4166
4162 1292 4164 4167
4167 4164 595 4165
4166 4167 4165 1293
1249 4159 4169 3988
4159 1294 4166 4169
4169 4166 1293 4168
3988 4169 4168 583
592 4145 4172 4161
4145 1287 4170 4172
4172 4170 1297 4171
4161 4172 4171 1292
1287 4142 4175 4170
4142 426 4173 4175
4175 4173 1295 4174
4170 4175 4174 1297
1297 4174 4179 4178
4174 1295 4176 4179
4179 4176 594 4177
4178 4179 4177 1296
1292 4171 4181 4164
4171 1297 4178 4181
4181 4178 1296 4180
4164 4181 4180 595
595 4180 4185 4184
4180 1296 4182 4185
4185 4182 1300 4183
4184 4185 4183 1299
1296 4177 4188 4182
4177 594 4186 4188
4188 4186 1298 4187
4182 4188 4187 1300
1300 4187 4191 4190
4187 1298 4189 4191
4191 4189 242 243
4190 4191 243 244
1299 4183 4193 4192
4183 1300 4190 4193
4193 4190 244 245
4192 4193 245 246
583 4168 4196 3998
4168 1293 4194 4196
4196 4194 1301 4195
3998 4196 4195 1252
1293 4165 4198 4194
4165 595 4184 4198
4198 4184 1299 4197
4194 4198 4197 1301
1301 4197 4200 4199
4197 1299 4192 4200
4200 4192 246 247
4199 4200 247 248
1252 4195 4201 4001
4195 1301 4199 4201
4201 4199 248 249
4001 4201 249 250
116 117 4204 4029
117 118 4202 4204
4204 4202 1304 4203
4029 4204 4203 1259
118 119 4207 4202
119 120 4205 4207
4207 4205 1302 4206
4202 4207 4206 1304
1304 4206 4211 4210
4206 1302 4208 4211
4211 4208 598 4209
4210 4211 4209 1303
1259 4203 4213 4032
4203 1304 4210 4213
4213 4210 1303 4212
4032 4213 4212 585
120 121 4216 4205
121 122 4214 4216
4216 4214 1307 4215
4205 4216 4215 1302
122 123 4219 4214
123 124 4217 4219
4219 4217 1305 4218
4214 4219 4218 1307
1307 4218 4223 4222
4218 1305 4220 4223
4223 4220 596 4221
4222 4223 4221 1306
1302 4215 4225 4208
4215 1307 4222 4225
4225 4222 1306 4224
4208 4225 4224 598
598 4224 4229 4228
4224 1306 4226 4229
4229 4226 1311 4227
4228 4229 4227 1310
1306 4221 4232 4226
4221 596 4230 4232
4232 4230 1308 4231
4226 4232 4231 1311
1311 4231 4236 4235
4231 1308 4233 4236
4236 4233 427 4234
4235 4236 4234 1309
1310 4227 4239 4238
4227 1311 4235 4239
4239 4235 1309 4237
4238 4239 4237 597
585 4212 4242 4042
4212 1303 4240 4242
4242 4240 1313 4241
4042 4242 4241 1262
1303 4209 4244 4240
4209 598 4228 4244
4244 4228 1310 4243
4240 4244 4243 1313
1313 4243 4247 4246
4243 1310 4238 4247
4247 4238 597 4245
4246 4247 4245 1312
1262 4241 4249 4045
4241 1313 4246 4249
4249 4246 1312 4248
4045 4249 4248 424
424 4248 4252 4077
4248 1312 4250 4252
4252 4250 1316 4251
4077 4252 4251 1271
1312 4245 4255 4250
4245 597 4253 4255
4255 4253 1314 4254
4250 4255 4254 1316
1316 4254 4259 4258
4254 1314 4256 4259
4259 4256 601 4257
4258 4259 4257 1315
1271 4251 4261 4080
4251 1316 4258 4261
4261 4258 1315 4260
4080 4261 4260 588
597 4237 4264 4253
4237 1309 4262 4264
4264 4262 1319 4263
4253 4264 4263 1314
1309 4234 4267 4262
4234 427 4265 4267
4267 4265 1317 4266
4262 4267 4266 1319
1319 4266 4271 4270
4266 1317 4268 4271
4271 4268 599 4269
4270 4271 4269 1318
1314 4263 4273 4256
4263 1319 4270 4273
4273 4270 1318 4272
4256 4273 4272 601
601 4272 4277 4276
4272 1318 4274 4277
4277 4274 1323 4275
4276 4277 4275 1322
1318 4269 4280 4274
4269 599 4278 4280
4280 4278 1320 4279
4274 4280 4279 1323
1323 4279 4284 4283
4279 1320 4281 4284
4284 4281 428 4282
4283 4284 4282 1321
1322 4275 4287 4286
4275 1323 4283 4287
4287 4283 1321 4285
4286 4287 4285 600
588 4260 4290 4090
4260 1315 4288 4290
4290 4288 1325 4289
4090 4290 4289 1274
1315 4257 4292 4288
4257 601 4276 4292
4292 4276 1322 4291
4288 4292 4291 1325
1325 4291 4295 4294
4291 1322 4286 4295
4295 4286 600 4293
4294 4295 4293 1324
1274 4289 4297 4093
4289 1325 4294 4297
4297 4294 1324 4296
4093 4297 4296 425
425 4296 4300 4125
4296 1324 4298 4300
4300 4298 1328 4299
4125 4300 4299 1283
1324 4293 4303 4298
4293 600 4301 4303
4303 4301 1326 4302
4298 4303 4302 1328
1328 4302 4307 4306
4302 1326 4304 4307
4307 4304 604 4305
4306 4307 4305 1327
1283 4299 4309 4128
4299 1328 4306 4309
4309 4306 1327 4308
4128 4309 4308 591
600 4285 4312 4301
4285 1321 4310 4312
4312 4310 1331 4311
4301 4312 4311 1326
1321 4282 4315 4310
4282 428 4313 4315
4315 4313 1329 4314
4310 4315 4314 1331
1331 4314 4319 4318
4314 1329 4316 4319
4319 4316 602 4317
4318 4319 4317 1330
1326 4311 4321 4304
4311 1331 4318 4321
4321 4318 1330 4320
4304 4321 4320 604
604 4320 4325 4324
4320 1330 4322 4325
4325 4322 1335 4323
4324 4325 4323 1334
1330 4317 4328 4322
4317 602 4326 4328
4328 4326 1332 4327
4322 4328 4327 1335
1335 4327 4332 4331
4327 1332 4329 4332
4332 4329 429 4330
4331 4332 4330 1333
1334 4323 4335 4334
4323 1335 4331 4335
4335 4331 1333 4333
4334 4335 4333 603
591 4308 4338 4138
4308 1327 4336 4338
4338 4336 1337 4337
4138 4338 4337 1286
1327 4305 4340 4336
4305 604 4324 4340
4340 4324 1334 4339
4336 4340 4339 1337
1337 4339 4343 4342
4339 1334 4334 4343
4343 4334 603 4341
4342 4343 4341 1336
1286 4337 4345 4141
4337 1337 4342 4345
4345 4342 1336 4344
4141 4345 4344 426
426 4344 4348 4173
4344 1336 4346 4348
4348 4346 1340 4347
4173 4348 4347 1295
1336 4341 4351 4346
4341 603 4349 4351
4351 4349 1338 4350
4346 4351 4350 1340
1340 4350 4355 4354
4350 1338 4352 4355
4355 4352 606 4353
4354 4355 4353 1339
1295 4347 4357 4176
4347 1340 4354 4357
4357 4354 1339 4356
4176 4357 4356 594
603 4333 4360 4349
4333 1333 4358 4360
4360 4358 1343 4359
4349 4360 4359 1338
1333 4330 4363 4358
4330 429 4361 4363
4363 4361 1341 4362
4358 4363 4362 1343
1343 4362 4367 4366
4362 1341 4364 4367
4367 4364 605 4365
4366 4367 4365 1342
1338 4359 4369 4352
4359 1343 4366 4369
4369 4366 1342 4368
4352 4369 4368 606
606 4368 4373 4372
4368 1342 4370 4373
4373 4370 1346 4371
4372 4373 4371 1345
1342 4365 4376 4370
4365 605 4374 4376
4376 4374 1344 4375
4370 4376 4375 1346
1346 4375 4379 4378
4375 1344 4377 4379
4379 4377 234 235
4378 4379 235 236
1345 4371 4381 4380
4371 1346 4378 4381
4381 4378 236 237
4380 4381 237 238
594 4356 4384 4186
4356 1339 4382 4384
4384 4382 1347 4383
4186 4384 4383 1298
1339 4353 4386 4382
4353 606 4372 4386
4386 4372 1345 4385
4382 4386 4385 1347
1347 4385 4388 4387
4385 1345 4380 4388
4388 4380 238 239
4387 4388 239 240
1298 4383 4389 4189
4383 1347 4387 4389
4389 4387 240 241
4189 4389 241 242
124 125 4392 4217
125 126 4390 4392
4392 4390 1350 4391
4217 4392 4391 1305
126 127 4395 4390
127 128 4393 4395
4395 4393 1348 4394
4390 4395 4394 1350
1350 4394 4399 4398
4394 1348 4396 4399
4399 4396 609 4397
4398 4399 4397 1349
1305 4391 4401 4220
4391 1350 4398 4401
4401 4398 1349 4400
4220 4401 4400 596
128 129 4404 4393
129 130 4402 4404
4404 4402 1353 4403
4393 4404 4403 1348
130 131 4407 4402
131 132 4405 4407
4407 4405 1351 4406
4402 4407 4406 1353
1353 4406 4411 4410
4406 1351 4408 4411
4411 4408 607 4409
4410 4411 4409 1352
1348 4403 4413 4396
4403 1353 4410 4413
4413 4410 1352 4412
4396 4413 4412 609
609 4412 4417 4416
4412 1352 4414 4417
4417 4414 1357 4415
4416 4417 4415 1356
1352 4409 4420 4414
4409 607 4418 4420
4420 4418 1354 4419
4414 4420 4419 1357
1357 4419 4424 4423
4419 1354 4421 4424
4424 4421 430 4422
4423 4424 4422 1355
1356 4415 4427 4426
4415 1357 4423 4427
4427 4423 1355 4425
4426 4427 4425 608
596 4400 4430 4230
4400 1349 4428 4430
4430 4428 1359 4429
4230 4430 4429 1308
1349 4397 4432 4428
4397 609 4416 4432
4432 4416 1356 4431
4428 4432 4431 1359
1359 4431 4435 4434
4431 1356 4426 4435
4435 4426 608 4433
4434 4435 4433 1358
1308 4429 4437 4233
4429 1359 4434 4437
4437 4434 1358 4436
4233 4437 4436 427
427 4436 4440 4265
4436 1358 4438 4440
4440 4438 1362 4439
4265 4440 4439 1317
1358 4433 4443 4438
4433 608 4441 4443
4443 4441 1360 4442
4438 4443 4442 1362
1362 4442 4447 4446
4442 1360 4444 4447
4447 4444 612 4445
4446 4447 4445 1361
1317 4439 4449 4268
4439 1362 4446 4449
4449 4446 1361 4448
4268 4449 4448 599
608 4425 4452 4441
4425 1355 4450 4452
4452 4450 1365 4451
4441 4452 4451 1360
1355 4422 4455 4450
4422 430 4453 4455
4455 4453 1363 4454
4450 4455 4454 1365
1365 4454 4459 4458
4454 1363 4456 4459
4459 4456 610 4457
4458 4459 4457 1364
1360 4451 4461 4444
4451 1365 4458 4461
4461 4458 1364 4460
4444 4461 4460 612
612 4460 4465 4464
4460 1364 4462 4465
4465 4462 1369 4463
4464 4465 4463 1368
1364 4457 4468 4462
4457 610 4466 4468
4468 4466 1366 4467
4462 4468 4467 1369
1369 4467 4472 4471
4467 1366 4469 4472
4472 4469 431 4470
4471 4472 4470 1367
1368 4463 4475 4474
4463 1369 4471 4475
4475 4471 1367 4473
4474 4475 4473 611
599 4448 4478 4278
4448 1361 4476 4478
4478 4476 1371 4477
4278 4478 4477 1320
1361 4445 4480 4476
4445 612 4464 4480
4480 4464 1368 4479
4476 4480 4479 1371
1371 4479 4483 4482
4479 1368 4474 4483
4483 4474 611 4481
4482 4483 4481 1370
1320 4477 4485 4281
4477 1371 4482 4485
4485 4482 1370 4484
4281 4485 4484 428
428 4484 4488 4313
4484 1370 4486 4488
4488 4486 1374 4487
4313 4488 4487 1329
1370 4481 4491 4486
4481 611 4489 4491
4491 4489 1372 4490
4486 4491 4490 1374
1374 4490 4495 4494
4490 1372 4492 4495
4495 4492 615 4493
4494 4495 4493 1373
1329 4487 4497 4316
4487 1374 4494 4497
4497 4494 1373 4496
4316 4497 4496 602
611 4473 4500 4489
4473 1367 4498 4500
4500 4498 1377 4499
4489 4500 4499 1372
1367 4470 4503 4498
4470 431 4501 4503
4503 4501 1375 4502
4498 4503 4502 1377
1377 4502 4507 4506
4502 1375 4504 4507
4507 4504 613 4505
4506 4507 4505 1376
1372 4499 4509 4492
4499 1377 4506 4509
4509 4506 1376 4508
4492 4509 4508 615
615 4508 4513 4512
4508 1376 4510 4513
4513 4510 1381 4511
4512 4513 4511 1380
1376 4505 4516 4510
4505 613 4514 4516
4516 4514 1378 4515
4510 4516 4515 1381
1381 4515 4520 4519
4515 1378 4517 4520
4520 4517 432 4518
4519 4520 4518 1379
1380 4511 4523 4522
4511 1381 4519 4523
4523 4519 1379 4521
4522 4523 4521 614
602 4496 4526 4326
4496 1373 4524 4526
4526 4524 1383 4525
4326 4526 4525 1332
1373 4493 4528 4524
4493 615 4512 4528
4528 4512 1380 4527
4524 4528 4527 1383
1383 4527 4531 4530
4527 1380 4522 4531
4531 4522 614 4529
4530 4531 4529 1382
1332 4525 4533 4329
4525 1383 4530 4533
4533 4530 1382 4532
4329 4533 4532 429
429 4532 4536 4361
4532 1382 4534 4536
4536 4534 1386 4535
4361 4536 4535 1341
1382 4529 4539 4534
4529 614 4537 4539
4539 4537 1384 4538
4534 4539 4538 1386
1386 4538 4543 4542
4538 1384 4540 4543
4543 4540 617 4541
4542 4543 4541 1385
1341 4535 4545 4364
4535 1386 4542 4545
4545 4542 1385 4544
4364 4545 4544 605
614 4521 4548 4537
4521 1379 4546 4548
4548 4546 1389 4547
4537 4548 4547 1384
1379 4518 4551 4546
4518 432 4549 4551
4551 4549 1387 4550
4546 4551 4550 1389
1389 4550 4555 4554
4550 1387 4552 4555
4555 4552 616 4553
4554 4555 4553 1388
1384 4547 4557 4540
4547 1389 4554 4557
4557 4554 1388 4556
4540 4557 4556 617
617 4556 4561 4560
4556 1388 4558 4561
4561 4558 1392 4559
4560 4561 4559 1391
1388 4553 4564 4558
4553 616 4562 4564
4564 4562 1390 4563
4558 4564 4563 1392
1392 4563 4567 4566
4563 1390 4565 4567
4567 4565 226 227
4566 4567 227 228
1391 4559 4569 4568
4559 1392 4566 4569
4569 4566 228 229
4568 4569 229 230
605 4544 4572 4374
4544 1385 4570 4572
4572 4570 1393 4571
4374 4572 4571 1344
1385 4541 4574 4570
4541 617 4560 4574
4574 4560 1391 4573
4570 4574 4573 1393
1393 4573 4576 4575
4573 1391 4568 4576
4576 4568 230 231
4575 4576 231 232
1344 4571 4577 4377
4571 1393 4575 4577
4577 4575 232 233
4377 4577 233 234
132 133 4580 4405
133 134 4578 4580
4580 4578 1396 4579
4405 4580 4579 1351
134 135 4583 4578
135 136 4581 4583
4583 4581 1394 4582
4578 4583 4582 1396
1396 4582 4587 4586
4582 1394 4584 4587
4587 4584 620 4585
4586 4587 4585 1395
1351 4579 4589 4408
4579 1396 4586 4589
4589 4586 1395 4588
4408 4589 4588 607
136 137 4592 4581
137 138 4590 4592
4592 4590 1399 4591
4581 4592 4591 1394
138 139 4595 4590
139 140 4593 4595
4595 4593 1397 4594
4590 4595 4594 1399
1399 4594 4599 4598
4594 1397 4596 4599
4599 4596 618 4597
4598 4599 4597 1398
1394 4591 4601 4584
4591 1399 4598 4601
4601 4598 1398 4600
4584 4601 4600 620
620 4600 4605 4604
4600 1398 4602 4605
4605 4602 1403 4603
4604 4605 4603 1402
1398 4597 4608 4602
4597 618 4606 4608
4608 4606 1400 4607
4602 4608 4607 1403
1403 4607 4612 4611
4607 1400 4609 4612
4612 4609 433 4610
4611 4612 4610 1401
1402 4603 4615 4614
4603 1403 4611 4615
4615 4611 1401 4613
4614 4615 4613 619
607 4588 4618 4418
4588 1395 4616 4618
4618 4616 1405 4617
4418 4618 4617 1354
1395 4585 4620 4616
4585 620 4604 4620
4620 4604 1402 4619
4616 4620 4619 1405
1405 4619 4623 4622
4619 1402 4614 4623
4623 4614 619 4621
4622 4623 4621 1404
1354 4617 4625 4421
4617 1405 4622 4625
4625 4622 1404 4624
4421 4625 4624 430
430 4624 4628 4453
4624 1404 4626 4628
4628 4626 1408 4627
4453 4628 4627 1363
1404 4621 4631 4626
4621 619 4629 4631
4631 4629 1406 4630
4626 4631 4630 1408
1408 4630 4635 4634
4630 1406 4632 4635
4635 4632 623 4633
4634 4635 4633 1407
1363 4627 4637 4456
4627 1408 4634 4637
4637 4634 1407 4636
4456 4637 4636 610
619 4613 4640 4629
4613 1401 4638 4640
4640 4638 1411 4639
4629 4640 4639 1406
1401 4610 4643 4638
4610 433 4641 4643
4643 4641 1409 4642
4638 4643 4642 1411
1411 4642 4647 4646
4642 1409 4644 4647
4647 4644 621 4645
4646 4647 4645 1410
1406 4639 4649 4632
4639 1411 4646 4649
4649 4646 1410 4648
4632 4649 4648 623
623 4648 4653 4652
4648 1410 4650 4653
4653 4650 1415 4651
4652 4653 4651 1414
1410 4645 4656 4650
4645 621 4654 4656
4656 4654 1412 4655
4650 4656 4655 1415
1415 4655 4660 4659
4655 1412 4657 4660
4660 4657 434 4658
4659 4660 4658 1413
1414 4651 4663 4662
4651 1415 4659 4663
4663 4659 1413 4661
4662 4663 4661 622
610 4636 4666 4466
4636 1407 4664 4666
4666 4664 1417 4665
4466 4666 4665 1366
1407 4633 4668 4664
4633 623 4652 4668
4668 4652 1414 4667
4664 4668 4667 1417
1417 4667 4671 4670
4667 1414 4662 4671
4671 4662 622 4669
4670 4671 4669 1416
1366 4665 4673 4469
4665 1417 4670 4673
4673 4670 1416 4672
4469 4673 4672 431
431 4672 4676 4501
4672 1416 4674 4676
4676 4674 1420 4675
4501 4676 4675 1375
1416 4669 4679 4674
4669 622 4677 4679
4679 4677 1418 4678
4674 4679 4678 1420
1420 4678 4683 4682
4678 1418 4680 4683
4683 4680 626 4681
4682 4683 4681 1419
1375 4675 4685 4504
4675 1420 4682 4685
4685 4682 1419 4684
4504 4685 4684 613
622 4661 4688 4677
4661 1413 4686 4688
4688 4686 1423 4687
4677 4688 4687 1418
1413 4658 4691 4686
4658 434 4689 4691
4691 4689 1421 4690
4686 4691 4690 1423
1423 4690 4695 4694
4690 1421 4692 4695
4695 4692 624 4693
4694 4695 4693 1422
1418 4687 4697 4680
4687 1423 4694 4697
4697 4694 1422 4696
4680 4697 4696 626
626 4696 4701 4700
4696 1422 4698 4701
4701 4698 1427 4699
4700 4701 4699 1426
1422 4693 4704 4698
4693 624 4702 4704
4704 4702 1424 4703
4698 4704 4703 1427
1427 4703 4708 4707
4703 1424 4705 4708
4708 4705 435 4706
4707 4708 4706 1425
1426 4699 4711 4710
4699 1427 4707 4711
4711 4707 1425 4709
4710 4711 4709 625
613 4684 4714 4514
4684 1419 4712 4714
4714 4712 1429 4713
4514 4714 4713 1378
1419 4681 4716 4712
4681 626 4700 4716
4716 4700 1426 4715
4712 4716 4715 1429
1429 4715 4719 4718
4715 1426 4710 4719
4719 4710 625 4717
4718 4719 4717 1428
1378 4713 4721 4517
4713 1429 4718 4721
4721 4718 1428 4720
4517 4721 4720 432
432 4720 4724 4549
4720 1428 4722 4724
4724 4722 1432 4723
4549 4724 4723 1387
1428 4717 4727 4722
4717 625 4725 4727
4727 4725 1430 4726
4722 4727 4726 1432
1432 4726 4731 4730
4726 1430 4728 4731
4731 4728 628 4729
4730 4731 4729 1431
1387 4723 4733 4552
4723 1432 4730 4733
4733 4730 1431 4732
4552 4733 4732 616
625 4709 4736 4725
4709 1425 4734 4736
4736 4734 1435 4735
4725 4736 4735 1430
1425 4706 4739 4734
4706 435 4737 4739
4739 4737 1433 4738
4734 4739 4738 1435
1435 4738 4743 4742
4738 1433 4740 4743
4743 4740 627 4741
4742 4743 4741 1434
1430 4735 4745 4728
4735 1435 4742 4745
4745 4742 1434 4744
4728 4745 4744 628
628 4744 4749 4748
4744 1434 4746 4749
4749 4746 1438 4747
4748 4749 4747 1437
1434 4741 4752 4746
4741 627 4750 4752
4752 4750 1436 4751
4746 4752 4751 1438
1438 4751 4755 4754
4751 1436 4753 4755
4755 4753 218 219
4754 4755 219 220
1437 4747 4757 4756
4747 1438 4754 4757
4757 4754 220 221
4756 4757 221 222
616 4732 4760 4562
4732 1431 4758 4760
4760 4758 1439 4759
4562 4760 4759 1390
1431 4729 4762 4758
4729 628 4748 4762
4762 4748 1437 4761
4758 4762 4761 1439
1439 4761 4764 4763
4761 1437 4756 4764
4764 4756 222 223
4763 4764 223 224
1390 4759 4765 4565
4759 1439 4763 4765
4765 4763 224 225
4565 4765 225 226
140 141 4768 4593
141 142 4766 4768
4768 4766 1442 4767
4593 4768 4767 1397
142 143 4771 4766
143 144 4769 4771
4771 4769 1440 4770
4766 4771 4770 1442
1442 4770 4775 4774
4770 1440 4772 4775
4775 4772 631 4773
4774 4775 4773 1441
1397 4767 4777 4596
4767 1442 4774 4777
4777 4774 1441 4776
4596 4777 4776 618
144 145 4780 4769
145 146 4778 4780
4780 4778 1445 4779
4769 4780 4779 1440
146 147 4783 4778
147 148 4781 4783
4783 4781 1443 4782
4778 4783 4782 1445
1445 4782 4787 4786
4782 1443 4784 4787
4787 4784 629 4785
4786 4787 4785 1444
1440 4779 4789 4772
4779 1445 4786 4789
4789 4786 1444 4788
4772 4789 4788 631
631 4788 4793 4792
4788 1444 4790 4793
4793 4790 1449 4791
4792 4793 4791 1448
1444 4785 4796 4790
4785 629 4794 4796
4796 4794 1446 4795
4790 4796 4795 1449
1449 4795 4800 4799
4795 1446 4797 4800
4800 4797 436 4798
4799 4800 4798 1447
1448 4791 4803 4802
4791 1449 4799 4803
4803 4799 1447 4801
4802 4803 4801 630
618 4776 4806 4606
4776 1441 4804 4806
4806 4804 1451 4805
4606 4806 4805 1400
1441 4773 4808 4804
4773 631 4792 4808
4808 4792 1448 4807
4804 4808 4807 1451
1451 4807 4811 4810
4807 1448 4802 4811
4811 4802 630 4809
4810 4811 4809 1450
1400 4805 4813 4609
4805 1451 4810 4813
4813 4810 1450 4812
4609 4813 4812 433
433 4812 4816 4641
4812 1450 4814 4816
4816 4814 1454 4815
4641 4816 4815 1409
1450 4809 4819 4814
4809 630 4817 4819
4819 4817 1452 4818
4814 4819 4818 1454
1454 4818 4823 4822
4818 1452 4820 4823
4823 4820 634 4821
4822 4823 4821 1453
1409 4815 4825 4644
4815 1454 4822 4825
4825 4822 1453 4824
4644 4825 4824 621
630 4801 4828 4817
4801 1447 4826 4828
4828 4826 1457 4827
4817 4828 4827 1452
1447 4798 4831 4826
4798 436 4829 4831
4831 4829 1455 4830
4826 4831 4830 1457
1457 4830 4835 4834
4830 1455 4832 4835
4835 4832 632 4833
4834 4835 4833 1456
1452 4827 4837 4820
4827 1457 4834 4837
4837 4834 1456 4836
4820 4837 4836 634
634 4836 4841 4840
4836 1456 4838 4841
4841 4838 1461 4839
4840 4841 4839 1460
1456 4833 4844 4838
4833 632 4842 4844
4844 4842 1458 4843
4838 4844 4843 1461
1461 4843 4848 4847
4843 1458 4845 4848
4848 4845 437 4846
4847 4848 4846 1459
1460 4839 4851 4850
4839 1461 4847 4851
4851 4847 1459 4849
4850 4851 4849 633
621 4824 4854 4654
4824 1453 4852 4854
4854 4852 1463 4853
4654 4854 4853 1412
1453 4821 4856 4852
4821 634 4840 4856
4856 4840 1460 4855
4852 4856 4855 1463
1463 4855 4859 4858
4855 1460 4850 4859
4859 4850 633 4857
4858 4859 4857 1462
1412 4853 4861 4657
4853 1463 4858 4861
4861 4858 1462 4860
4657 4861 4860 434
434 4860 4864 4689
4860 1462 4862 4864
4864 4862 1466 4863
4689 4864 4863 1421
1462 4857 4867 4862
4857 633 4865 4867
4867 4865 1464 4866
4862 4867 4866 1466
1466 4866 4871 4870
4866 1464 4868 4871
4871 4868 637 4869
4870 4871 4869 1465
1421 4863 4873 4692
4863 1466 4870 4873
4873 4870 1465 4872
4692 4873 4872 624
633 4849 4876 4865
4849 1459 4874 4876
4876 4874 1469 4875
4865 4876 4875 1464
1459 4846 4879 4874
4846 437 4877 4879
4879 4877 1467 4878
4874 4879 4878 1469
1469 4878 4883 4882
4878 1467 4880 4883
4883 4880 635 4881
4882 4883 4881 1468
1464 4875 4885 4868
4875 1469 4882 4885
4885 4882 1468 4884
4868 4885 4884 637
637 4884 4889 4888
4884 1468 4886 4889
4889 4886 1473 4887
4888 4889 4887 1472
1468 4881 4892 4886
4881 635 4890 4892
4892 4890 1470 4891
4886 4892 4891 1473
1473 4891 4896 4895
4891 1470 4893 4896
4896 4893 438 4894
4895 4896 4894 1471
1472 4887 4899 4898
4887 1473 4895 4899
4899 4895 1471 4897
4898 4899 4897 636
624 4872 4902 4702
4872 1465 4900 4902
4902 4900 1475 4901
4702 4902 4901 1424
1465 4869 4904 4900
4869 637 4888 4904
4904 4888 1472 4903
4900 4904 4903 1475
1475 4903 4907 4906
4903 1472 4898 4907
4907 4898 636 4905
4906 4907 4905 1474
1424 4901 4909 4705
4901 1475 4906 4909
4909 4906 1474 4908
4705 4909 4908 435
435 4908 4912 4737
4908 1474 4910 4912
4912 4910 1478 4911
4737 4912 4911 1433
1474 4905 4915 4910
4905 636 4913 4915
4915 4913 1476 4914
4910 4915 4914 1478
1478 4914 4919 4918
4914 1476 4916 4919
4919 4916 639 4917
4918 4919 4917 1477
1433 4911 4921 4740
4911 1478 4918 4921
4921 4918 1477 4920
4740 4921 4920 627
636 4897 4924 4913
4897 1471 4922 4924
4924 4922 1481 4923
4913 4924 4923 1476
1471 4894 4927 4922
4894 438 4925 4927
4927 4925 1479 4926
4922 4927 4926 1481
1481 4926 4931 4930
4926 1479 4928 4931
4931 4928 638 4929
4930 4931 4929 1480
1476 4923 4933 4916
4923 1481 4930 4933
4933 4930 1480 4932
4916 4933 4932 639
639 4932 4937 4936
4932 1480 4934 4937
4937 4934 1484 4935
4936 4937 4935 1483
1480 4929 4940 4934
4929 638 4938 4940
4940 4938 1482 4939
4934 4940 4939 1484
1484 4939 4943 4942
4939 1482 4941 4943
4943 4941 210 211
4942 4943 211 212
1483 4935 4945 4944
4935 1484 4942 4945
4945 4942 212 213
4944 4945 213 214
627 4920 4948 4750
4920 1477 4946 4948
4948 4946 1485 4947
4750 4948 4947 1436
1477 4917 4950 4946
4917 639 4936 4950
4950 4936 1483 4949
4946 4950 4949 1485
1485 4949 4952 4951
4949 1483 4944 4952
4952 4944 214 215
4951 4952 215 216
1436 4947 4953 4753
4947 1485 4951 4953
4953 4951 216 217
4753 4953 217 218
148 149 4956 4781
149 150 4954 4956
4956 4954 1488 4955
4781 4956 4955 1443
150 151 4959 4954
151 152 4957 4959
4959 4957 1486 4958
4954 4959 4958 1488
1488 4958 4963 4962
4958 1486 4960 4963
4963 4960 642 4961
4962 4963 4961 1487
1443 4955 4965 4784
4955 1488 4962 4965
4965 4962 1487 4964
4784 4965 4964 629
152 153 4968 4957
153 154 4966 4968
4968 4966 1491 4967
4957 4968 4967 1486
154 155 4971 4966
155 156 4969 4971
4971 4969 1489 4970
4966 4971 4970 1491
1491 4970 4975 4974
4970 1489 4972 4975
4975 4972 640 4973
4974 4975 4973 1490
1486 4967 4977 4960
4967 1491 4974 4977
4977 4974 1490 4976
4960 4977 4976 642
642 4976 4981 4980
4976 1490 4978 4981
4981 4978 1495 4979
4980 4981 4979 1494
1490 4973 4984 4978
4973 640 4982 4984
4984 4982 1492 4983
4978 4984 4983 1495
1495 4983 4988 4987
4983 1492 4985 4988
4988 4985 439 4986
4987 4988 4986 1493
1494 4979 4991 4990
4979 1495 4987 4991
4991 4987 1493 4989
4990 4991 4989 641
629 4964 4994 4794
4964 1487 4992 4994
4994 4992 1497 4993
4794 4994 4993 1446
1487 4961 4996 4992
4961 642 4980 4996
4996 4980 1494 4995
4992 4996 4995 1497
1497 4995 4999 4998
4995 1494 4990 4999
4999 4990 641 4997
4998 4999 4997 1496
1446 4993 5001 4797
4993 1497 4998 5001
5001 4998 1496 5000
4797 5001 5000 436
436 5000 5004 4829
5000 1496 5002 5004
5004 5002 1500 5003
4829 5004 5003 1455
1496 4997 5007 5002
4997 641 5005 5007
5007 5005 1498 5006
5002 5007 5006 1500
1500 5006 5011 5010
5006 1498 5008 5011
5011 5008 645 5009
5010 5011 5009 1499
1455 5003 5013 4832
5003 1500 5010 5013
5013 5010 1499 5012
4832 5013 5012 632
641 4989 5016 5005
4989 1493 5014 5016
5016 5014 1503 5015
5005 5016 5015 1498
1493 4986 5019 5014
4986 439 5017 5019
5019 5017 1501 5018
5014 5019 5018 1503
1503 5018 5023 5022
5018 1501 5020 5023
5023 5020 643 5021
5022 5023 5021 1502
1498 5015 5025 5008
5015 1503 5022 5025
5025 5022 1502 5024
5008 5025 5024 645
645 5024 5029 5028
5024 1502 5026 5029
5029 5026 1507 5027
5028 5029 5027 1506
1502 5021 5032 5026
5021 643 5030 5032
5032 5030 1504 5031
5026 5032 5031 1507
1507 5031 5036 5035
5031 1504 5033 5036
5036 5033 440 5034
5035 5036 5034 1505
1506 5027 5039 5038
5027 1507 5035 5039
5039 5035 1505 5037
5038 5039 5037 644
632 5012 5042 4842
5012 1499 5040 5042
5042 5040 1509 5041
4842 5042 5041 1458
1499 5009 5044 5040
5009 645 5028 5044
5044 5028 1506 5043
5040 5044 5043 1509
1509 5043 5047 5046
5043 1506 5038 5047
5047 5038 644 5045
5046 5047 5045 1508
1458 5041 5049 4845
5041 1509 5046 5049
5049 5046 1508 5048
4845 5049 5048 437
437 5048 5052 4877
5048 1508 5050 5052
5052 5050 1512 5051
4877 5052 5051 1467
1508 5045 5055 5050
5045 644 5053 5055
5055 5053 1510 5054
5050 5055 5054 1512
1512 5054 5059 5058
5054 1510 5056 5059
5059 5056 648 5057
5058 5059 5057 1511
1467 5051 5061 4880
5051 1512 5058 5061
5061 5058 1511 5060
4880 5061 5060 635
644 5037 5064 5053
5037 1505 5062 5064
5064 5062 1515 5063
5053 5064 5063 1510
1505 5034 5067 5062
5034 440 5065 5067
5067 5065 1513 5066
5062 5067 5066 1515
1515 5066 5071 5070
5066 1513 5068 5071
5071 5068 646 5069
5070 5071 5069 1514
1510 5063 5073 5056
5063 1515 5070 5073
5073 5070 1514 5072
5056 5073 5072 648
648 5072 5077 5076
5072 1514 5074 5077
5077 5074 1519 5075
5076 5077 5075 1518
1514 5069 5080 5074
5069 646 5078 5080
5080 5078 1516 5079
5074 5080 5079 1519
1519 5079 5084 5083
5079 1516 5081 5084
5084 5081 441 5082
5083 5084 5082 1517
1518 5075 5087 5086
5075 1519 5083 5087
5087 5083 1517 5085
5086 5087 5085 647
635 5060 5090 4890
5060 1511 5088 5090
5090 5088 1521 5089
4890 5090 5089 1470
1511 5057 5092 5088
5057 648 5076 5092
5092 5076 1518 5091
5088 5092 5091 1521
1521 5091 5095 5094
5091 1518 5086 5095
5095 5086 647 5093
5094 5095 5093 1520
1470 5089 5097 4893
5089 1521 5094 5097
5097 5094 1520 5096
4893 5097 5096 438
438 5096 5100 4925
5096 1520 5098 5100
5100 5098 1524 5099
4925 5100 5099 1479
1520 5093 5103 5098
5093 647 5101 5103
5103 5101 1522 5102
5098 5103 5102 1524
1524 5102 5107 5106
5102 1522 5104 5107
5107 5104 650 5105
5106 5107 5105 1523
1479 5099 5109 4928
5099 1524 5106 5109
5109 5106 1523 5108
4928 5109 5108 638
647 5085 5112 5101
5085 1517 5110 5112
5112 5110 1527 5111
5101 5112 5111 1522
1517 5082 5115 5110
5082 441 5113 5115
5115 5113 1525 5114
5110 5115 5114 1527
1527 5114 5119 5118
5114 1525 5116 5119
5119 5116 649 5117
5118 5119 5117 1526
1522 5111 5121 5104
5111 1527 5118 5121
5121 5118 1526 5120
5104 5121 5120 650
650 5120 5125 5124
5120 1526 5122 5125
5125 5122 1530 5123
5124 5125 5123 1529
1526 5117 5128 5122
5117 649 5126 5128
5128 5126 1528 5127
5122 5128 5127 1530
1530 5127 5131 5130
5127 1528 5129 5131
5131 5129 202 203
5130 5131 203 204
1529 5123 5133 5132
5123 1530 5130 5133
5133 5130 204 205
5132 5133 205 206
638 5108 5136 4938
5108 1523 5134 5136
5136 5134 1531 5135
4938 5136 5135 1482
1523 5105 5138 5134
5105 650 5124 5138
5138 5124 1529 5137
5134 5138 5137 1531
1531 5137 5140 5139
5137 1529 5132 5140
5140 5132 206 207
5139 5140 207 208
1482 5135 5141 4941
5135 1531 5139 5141
5141 5139 208 209
4941 5141 209 210
156 157 5144 4969
157 158 5142 5144
5144 5142 1534 5143
4969 5144 5143 1489
158 159 5147 5142
159 160 5145 5147
5147 5145 1532 5146
5142 5147 5146 1534
1534 5146 5151 5150
5146 1532 5148 5151
5151 5148 652 5149
5150 5151 5149 1533
1489 5143 5153 4972
5143 1534 5150 5153
5153 5150 1533 5152
4972 5153 5152 640
160 161 5156 5145
161 162 5154 5156
5156 5154 1536 5155
5145 5156 5155 1532
162 163 5158 5154
163 2 164 5158
5158 164 165 5157
5154 5158 5157 1536
1536 5157 5161 5160
5157 165 166 5161
5161 166 167 5159
5160 5161 5159 1535
1532 5155 5163 5148
5155 1536 5160 5163
5163 5160 1535 5162
5148 5163 5162 652
652 5162 5167 5166
5162 1535 5164 5167
5167 5164 1539 5165
5166 5167 5165 1538
1535 5159 5169 5164
5159 167 168 5169
5169 168 169 5168
5164 5169 5168 1539
1539 5168 5172 5171
5168 169 170 5172
5172 170 171 5170
5171 5172 5170 1537
1538 5165 5175 5174
5165 1539 5171 5175
5175 5171 1537 5173
5174 5175 5173 651
640 5152 5178 4982
5152 1533 5176 5178
5178 5176 1541 5177
4982 5178 5177 1492
1533 5149 5180 5176
5149 652 5166 5180
5180 5166 1538 5179
5176 5180 5179 1541
1541 5179 5183 5182
5179 1538 5174 5183
5183 5174 651 5181
5182 5183 5181 1540
1492 5177 5185 4985
5177 1541 5182 5185
5185 5182 1540 5184
4985 5185 5184 439
439 5184 5188 5017
5184 1540 5186 5188
5188 5186 1544 5187
5017 5188 5187 1501
1540 5181 5191 5186
5181 651 5189 5191
5191 5189 1542 5190
5186 5191 5190 1544
1544 5190 5195 5194
5190 1542 5192 5195
5195 5192 654 5193
5194 5195 5193 1543
1501 5187 5197 5020
5187 1544 5194 5197
5197 5194 1543 5196
5020 5197 5196 643
651 5173 5200 5189
5173 1537 5198 5200
5200 5198 1546 5199
5189 5200 5199 1542
1537 5170 5202 5198
5170 171 172 5202
5202 172 173 5201
5198 5202 5201 1546
1546 5201 5205 5204
5201 173 174 5205
5205 174 175 5203
5204 5205 5203 1545
1542 5199 5207 5192
5199 1546 5204 5207
5207 5204 1545 5206
5192 5207 5206 654
654 5206 5211 5210
5206 1545 5208 5211
5211 5208 1549 5209
5210 5211 5209 1548
1545 5203 5213 5208
5203 175 176 5213
5213 176 177 5212
5208 5213 5212 1549
1549 5212 5216 5215
5212 177 178 5216
5216 178 179 5214
5215 5216 5214 1547
1548 5209 5219 5218
5209 1549 5215 5219
5219 5215 1547 5217
5218 5219 5217 653
643 5196 5222 5030
5196 1543 5220 5222
5222 5220 1551 5221
5030 5222 5221 1504
1543 5193 5224 5220
5193 654 5210 5224
5224 5210 1548 5223
5220 5224 5223 1551
1551 5223 5227 5226
5223 1548 5218 5227
5227 5218 653 5225
5226 5227 5225 1550
1504 5221 5229 5033
5221 1551 5226 5229
5229 5226 1550 5228
5033 5229 5228 440
440 5228 5232 5065
5228 1550 5230 5232
5232 5230 1554 5231
5065 5232 5231 1513
1550 5225 5235 5230
5225 653 5233 5235
5235 5233 1552 5234
5230 5235 5234 1554
1554 5234 5239 5238
5234 1552 5236 5239
5239 5236 656 5237
5238 5239 5237 1553
1513 5231 5241 5068
5231 1554 5238 5241
5241 5238 1553 5240
5068 5241 5240 646
653 5217 5244 5233
5217 1547 5242 5244
5244 5242 1556 5243
5233 5244 5243 1552
1547 5214 5246 5242
5214 179 180 5246
5246 180 181 5245
5242 5246 5245 1556
1556 5245 5249 5248
5245 181 182 5249
5249 182 183 5247
5248 5249 5247 1555
1552 5243 5251 5236
5243 1556 5248 5251
5251 5248 1555 5250
5236 5251 5250 656
656 5250 5255 5254
5250 1555 5252 5255
5255 5252 1559 5253
5254 5255 5253 1558
1555 5247 5257 5252
5247 183 184 5257
5257 184 185 5256
5252 5257 5256 1559
1559 5256 5260 5259
5256 185 186 5260
5260 186 187 5258
5259 5260 5258 1557
1558 5253 5263 5262
5253 1559 5259 5263
5263 5259 1557 5261
5262 5263 5261 655
646 5240 5266 5078
5240 1553 5264 5266
5266 5264 1561 5265
5078 5266 5265 1516
1553 5237 5268 5264
5237 656 5254 5268
5268 5254 1558 5267
5264 5268 5267 1561
1561 5267 5271 5270
5267 1558 5262 5271
5271 5262 655 5269
5270 5271 5269 1560
1516 5265 5273 5081
5265 1561 5270 5273
5273 5270 1560 5272
5081 5273 5272 441
441 5272 5276 5113
5272 1560 5274 5276
5276 5274 1564 5275
5113 5276 5275 1525
1560 5269 5279 5274
5269 655 5277 5279
5279 5277 1562 5278
5274 5279 5278 1564
1564 5278 5283 5282
5278 1562 5280 5283
5283 5280 657 5281
5282 5283 5281 1563
1525 5275 5285 5116
5275 1564 5282 5285
5285 5282 1563 5284
5116 5285 5284 649
655 5261 5288 5277
5261 1557 5286 5288
5288 5286 1566 5287
5277 5288 5287 1562
1557 5258 5290 5286
5258 187 188 5290
5290 188 189 5289
5286 5290 5289 1566
1566 5289 5293 5292
5289 189 190 5293
5293 190 191 5291
5292 5293 5291 1565
1562 5287 5295 5280
5287 1566 5292 5295
5295 5292 1565 5294
5280 5295 5294 657
657 5294 5299 5298
5294 1565 5296 5299
5299 5296 1568 5297
5298 5299 5297 1567
1565 5291 5301 5296
5291 191 192 5301
5301 192 193 5300
5296 5301 5300 1568
1568 5300 5303 5302
5300 193 194 5303
5303 194 3 195
5302 5303 195 196
1567 5297 5305 5304
5297 1568 5302 5305
5305 5302 196 197
5304 5305 197 198
649 5284 5308 5126
5284 1563 5306 5308
5308 5306 1569 5307
5126 5308 5307 1528
1563 5281 5310 5306
5281 657 5298 5310
5310 5298 1567 5309
5306 5310 5309 1569
1569 5309 5312 5311
5309 1567 5304 5312
5312 5304 198 199
5311 5312 199 200
1528 5307 5313 5129
5307 1569 5311 5313
5313 5311 200 201
5129 5313 201 202
