59937.473273802396
37197.23491813603
37644.2040751525
46061.94316428132
62959.71209935398
61265.11830026118
57522.115460503985
53116.9815597628
52146.91153800048
46547.917933959514
40179.01171160268
36267.54228760561
33604.382816163554
32890.446935876396
34081.36922960859
35807.603778278484
37487.781577055765
39444.36840065247
39342.80569671924
35361.788071675575
32074.271674093652
28802.844903739227
25361.032994347195
23162.71621196664
23312.179847671367
24587.0703414825
25843.261910676305
27567.334515136965
29799.544659820698
29890.74520468692
28383.510721599454
27505.425427209586
26966.51843361114
26653.70263386216
26748.573065929682
27265.63261756077
27540.853533076446
27405.956040579054
27559.551863494584
28238.427994965667
28859.65611185971
30952.349447322085
34700.447637110854
42179.09873725322
45841.619922359685
38231.752062123924
34431.310922116754
30206.53590019491
28056.945624070064
27673.820275985832
27540.002290764063
28344.953536587946
29654.328795296125
30962.54709110053
32603.59934160606
32240.347621151206
28310.420849795315
24825.08653610311
21511.396076844634
18428.39128958729
17576.53116660234
19807.744076921772
22190.082907445605
24553.15988893786
27101.53577184542
30529.84436170992
31409.00742843517
33304.44294022607
35843.63526090385
39024.443258572894
42570.737341953485
43281.3118237764
42093.41066151418
41544.67882172433
41988.16944835086
42577.229454960696
40852.482267177475
37254.97456884004
34191.79472029575
31682.128486735728
32111.861807291716
37120.57330163123
41543.50564556558
44589.09876172575
46669.780480457295
42408.39616862116
46890.64360322614
52981.77255003893
56780.06185193667
49582.484385164425
45105.05198382796
60268.87090650958
50531.350032179456
50152.439727780846
55082.24885672523
49070.01388084001
46145.070677425676
48116.23238856632
43201.03476220145
40250.63400235142
41864.10547392796
35694.06040853592
36764.34103384275
38432.18950716684
33923.334777984346
34546.0086862639
36819.369449699545
34948.87765253269
34771.84379366023
34656.29241595212
35103.20787922672
37159.338339147725
31974.08864848488
33667.52312232109
42318.10489072207
31560.750918890946
32977.7394420837
45355.484250046225
34234.349370982934
36870.16430045949
41281.620560080344
36476.30576439538
38375.444728521295
40757.590629987935
37727.51008990602
39178.57770805853
41587.485043283814
37683.9749634364
38137.73654169044
43865.989744926504
36759.83634823713
36312.70123206009
43794.8487158168
35241.94443562121
36307.953381335705
38631.918333691254
32630.035360794172
33783.47304247215
35164.48396655788
29535.107695149643
30987.1017335064
32347.671801698627
26300.740809817264
28722.901573915675
29838.156816049966
23701.29434295082
29144.203874336294
26865.322329598264
23655.86497455981
25305.249280951422
25851.15150943328
24098.648382245276
24043.618623167396
24123.111939290342
24536.755775913276
23119.148082177147
22229.706174380088
25331.57215741018
22077.395982259066
20143.889180339524
27295.08252465837
20591.65058475176
18064.024996433258
27224.890210686674
21424.853293713473
18913.48573245999
26384.019374277384
23587.21138639715
21860.641323358577
26401.02437499503
25335.18756841716
24814.018170169795
26470.675675883147
26695.612968530382
27662.87284303824
26451.009129485046
26559.690721220068
30624.31470275501
26843.908011227377
27819.36933842102
31108.842105140506
27606.265835648934
28688.63922392665
30148.423593259635
28063.447583643097
28768.30541193659
29441.09917439846
28638.923193160757
28253.030287524212
29336.170571132105
29010.505314923557
27561.09522422954
29131.108118201224
28793.35044702477
28732.110883550682
27763.482839961067
29533.725765983523
31062.710271275828
26153.323128400712
31219.83287764661
38251.79549784695
25265.778057811334
39016.51295147451
41935.996993540626
34366.69557266847
