15880.700762891347
56861.12341519923
43409.4616495669
23741.59532039819
18203.289224851676
23952.94132211816
25128.561833648964
23046.056838446646
21102.089848077016
19890.259559855906
19894.10968102002
19742.12911842178
19158.183291656685
20037.206617509848
22983.66492245966
26146.14133085027
29273.87985450663
32452.62344020037
34089.714347811794
33878.23496097482
33507.06194721589
33470.05420767147
34120.96164808304
34565.58967817132
35316.32130899519
36221.358211826824
38770.38565336508
43497.51527770051
50600.34883796376
47422.97758137416
38346.52803013635
32131.16007004915
27796.38873435136
24568.28891982649
25333.016758816593
28648.636626156425
32515.52994618709
36790.51638885631
40093.44330425307
41793.00737257974
42058.95568878468
44146.95705464938
54186.30036403173
53745.32332764307
47665.12001172427
43212.7765897624
48212.911090484566
53728.26560711829
53347.19846758854
48484.30495580363
42273.31793381942
37337.67332555135
32784.6907327311
28395.09541318984
24589.240613191818
22371.358168664683
21557.60676925398
20558.41015381315
18928.418267461602
16926.330171910755
16848.01491661129
19712.998964112772
22472.084535647307
24623.57062894359
26471.14010095255
28199.506229935705
28897.58755047996
29716.91984675458
30774.369315149204
31977.533037094287
33515.30185731243
31751.997061308986
27925.20993528908
24607.997669023585
21252.620982823082
17553.250633102954
16944.662514245312
17690.90972361058
17557.94104927688
16917.742053623617
17528.553950899342
19378.402119232345
21336.313692689873
23573.191499232824
23251.10585002059
22763.784130351436
19952.38503459513
17261.658467558387
19891.484296212642
21564.56851278409
22142.679406723477
26777.369119582294
24925.2556572279
18411.5009187744
26545.139603527314
24334.279395878024
19787.305714670787
23177.439295600947
23030.772997391665
19819.50252001764
18402.51720209001
25293.930594209363
16667.947471939468
18399.653878704477
23031.541879775556
16874.549780685273
19683.53713537084
20105.21959755043
18373.057122050912
19825.15826823435
20441.026503137407
18972.217312314664
19258.336046594235
23877.986558782282
19265.786009658776
19751.6752617659
26965.47438918816
20025.81151670444
23448.60001217934
24752.527801801018
23012.78395163629
26284.2815796269
26301.37975572798
25572.38269714905
29265.508508326704
28686.99661472076
28420.1785927553
32357.12667685146
30628.651615259587
31018.399604991675
33797.4084806197
32003.11741932747
32349.168072621676
33609.8404945331
32504.30108856746
32306.5622472875
32926.22642962114
32016.99784600753
31376.584264471287
32327.87834444046
30948.14496397065
30119.005401587398
31863.180816258522
29464.718344086265
28462.730970489174
30904.49921764304
28872.489033412574
26464.406500942554
32039.568517148215
28533.108799929556
26612.685798075247
32902.1182706845
28984.685259335954
26098.92797992349
34479.69856490368
28886.68930014122
24604.42787248967
37364.733841293244
28049.19420849302
21926.31073163502
42432.67391787346
26061.318192582694
18063.23309161606
39790.44668397797
25633.37033142047
18322.034880786898
33284.69798854923
25924.550256705523
20846.8733010388
29085.344133835937
25335.065550450858
22171.210970975804
26150.473039336408
24922.800656726526
22750.36571736946
23599.77919301523
27170.63778591354
22340.759460004403
24969.15719555171
27697.343449339227
24890.3827862503
28787.503912078275
29427.962922221697
29015.684741089965
32967.12488283451
33469.15543829626
33836.22495691427
37901.53461393997
37752.4968386956
40947.31300678451
42781.26997044009
42858.447769068705
47956.54929604361
45857.818522212685
50373.30378813617
52288.49396922183
48437.19554794462
58694.109463218876
60077.35190436317
49928.2040516215
63683.49772832944
63524.396885990835
54699.11258551172
53694.2062708817
50379.342990015924
