22863.586828202606
30337.33590223244
38860.60965048047
32781.4726022799
23164.575747427152
24603.40263157575
26020.921918510623
27629.4257249741
29192.919336872805
30138.029170489717
31259.689790613353
33104.64761465724
36147.04961597755
36892.949039277184
32984.942341449394
30362.26038188141
28340.891097982378
26782.89035973148
25590.154956360806
24327.73326423826
23253.077617455132
21989.665571756563
20587.43401235155
19666.15555028377
21488.700873678812
23872.771194478653
26167.584867063888
28232.93452164519
29730.087023341657
30088.302048985
29299.863280248912
28485.093234737207
28165.547219031127
28713.14329926361
27587.480787373344
25727.52343409893
24552.16247687333
23635.877709527173
23971.340222043633
25519.22718542234
26667.08015946686
27293.979269562602
29381.969811577954
34532.06532779891
37249.265839642656
40038.061611491765
36158.828090351315
30439.92933158646
29666.733139842552
30817.218690018657
32763.50708649816
31776.21381422272
29321.467824350562
27948.492854191933
28719.663198339767
30226.584764766034
28935.190492359863
30695.72445700276
33180.30597710269
36809.40889327004
38402.63112956839
35397.104448314596
34022.41109766303
33455.95206102326
34063.03189273791
38958.92359860809
31816.12399559396
29042.665456909155
27305.777782442026
25832.085283774555
24060.2784799425
24476.793154674575
26155.91211514713
27268.32857617805
28273.880699760994
30398.429256459385
29363.84561113904
27280.094732430756
25808.112319794105
23895.572426105082
23833.49130120262
27525.075857306176
30665.958726979894
32964.279713244534
33582.28063806189
24634.270849328026
21371.357520732803
22294.531689575168
23023.868835947407
23271.719728648968
26494.919929096795
23915.957839932333
28227.958842712764
30330.092519316364
26453.299375443166
29182.6176865235
30071.75517393979
27667.017934093852
28217.473733543073
28183.172018009318
27735.398334638277
26840.476060721474
27347.45377194394
28617.711068481713
27246.505731417088
26590.34708606837
29635.72438764744
27872.394143925256
26548.524316226365
30627.298229293563
27936.872419303534
26759.111925484638
31500.883849316266
27324.631823702664
25385.488251819956
31453.50018669628
27257.748601381223
24461.190704977198
30394.060902901463
27712.587454724504
26923.272640494262
28906.662634356486
27569.093493296354
27004.743986024445
27271.39548562516
26835.05759006441
26412.273370801668
25193.481317360525
26116.906850776693
26040.520815544347
23884.437909277167
25289.535657178283
25824.064001919098
23962.268710361575
24744.338499373156
25397.899030216613
23300.127844645882
24199.39193318349
25652.22333405024
22148.756237973645
23491.33905339965
26008.998809255925
20621.55227262035
22406.812880709054
26143.714702380486
19995.056994738563
23150.248497229444
26843.070157983806
21769.792872191603
23850.74622344566
27965.470363827597
24579.955581974562
26491.66857594108
29711.459228506843
27116.52101661488
28681.916658286456
31130.421224146754
29366.79584013121
30210.03917463026
31975.510909138033
30847.689881222428
31213.189400619514
30047.16105377963
31021.75987084631
30762.39572636958
30522.398958667276
29430.0742648339
29288.866297353772
30361.87193186855
27668.72863791268
26959.42572605581
27908.463950519304
26150.63953424189
23625.74299466036
24169.07003537252
26019.954033424125
19998.707704093245
18757.458927838146
24895.569675240644
20030.21119288892
19603.93328222358
24109.50795658985
22627.119860620667
23714.949554295803
24017.524819224847
24477.671388786497
26234.72388403174
23695.57837980456
26108.345747425687
27458.16468269456
24455.53669817238
27694.212298681887
28036.99652071102
26917.8909896529
28372.541001721052
29304.624760288516
30493.0337443347
30508.253875534767
29644.70051185912
34822.806121212045
33394.11810430062
32207.63384628421
33978.51172960967
36008.5455392858
37410.990531101415
