15790.325204148648
22290.599771484343
22573.0791007782
25542.678004146423
18651.98032246454
28193.296781993355
30334.772335493046
31047.981016787217
33494.96378357311
32605.97394632734
29963.781381094814
27646.029389003474
25687.952315310384
24566.845209451785
24765.261620134275
25416.9744865104
26712.812112371772
28745.21903081273
29964.761619941026
28679.422531300163
28185.400534495762
28071.914496406956
28099.158775139527
29911.02219800993
26810.879483081644
25485.184995807384
24213.100912883343
23119.897196959733
22410.92515987533
23545.10130352788
26301.402536426718
29383.7553779651
32595.03858498762
36899.90429743943
35529.1641752524
31877.078223647404
28777.72528098063
25358.333541713422
22852.16887526472
22553.94424130769
21487.24481610502
20174.440608967783
21617.181847346328
19754.863037250096
22026.912203123153
20656.95368176583
21002.588832780988
18994.576021102097
19630.788579138585
21410.16987398897
24184.88610317166
26048.6031633069
27673.357141027325
29992.811567156663
31654.420857083067
31178.49196136544
28882.87476772847
25387.36195208931
21740.18503140269
18116.947304298916
16480.48841647631
17710.883823416414
18506.484271570254
18844.677128278603
18548.719316379873
16469.66216800079
18963.15636483403
19596.203255799614
19458.430480015835
18673.211966354447
17803.160498479414
17071.890032208838
16644.295278183694
15844.184619806485
14353.991267111385
12073.658957343565
13521.81630451318
17279.428185959725
20390.511209174663
22249.83521560845
22205.098690100283
20512.7010029449
18207.142883721943
18027.299790270532
22547.50723404682
21101.825977928238
16934.79306887816
17331.728390150947
17743.828958625705
15660.564517986482
18362.136722752217
19048.350039809193
15192.73413869178
14549.604740012815
23374.21953854953
18463.92725830389
16908.134362765213
27113.74241765533
23736.044878523608
21674.069450840114
29748.854787450975
27168.446547397503
26625.401707497127
29954.203434577994
28254.719008228712
26643.249253256494
28074.892180437804
25911.31919428821
23153.730429366795
25726.579136292577
23045.8013586085
19797.55068768579
23909.982924616274
21198.34707048993
17073.349056167965
22739.854424275487
20294.923543545443
16082.196359050075
22434.83127258021
19504.36454683233
16377.074296431554
22764.821520372912
19797.263676415525
17229.522840600497
23682.161708737025
20280.96376642805
17574.715336214293
25152.62570775954
20796.715768723097
16927.65730543883
26223.70588096898
21518.792634446414
17235.042334892816
25739.201729735873
22292.544793955407
19474.08636231228
25801.48353507002
23110.345911167653
20792.95801016844
26066.357095640276
23769.7648924583
21383.35445252996
26326.18212419092
24517.363879490655
21566.496827532137
25362.334214477465
24655.064466441712
22026.09802826604
25233.043730452453
23684.393430046533
20991.649092778516
23932.288141367437
22242.679534297276
20343.398864855735
22683.388981413937
21165.568076449672
19602.55161241087
21662.083020958158
20545.493959991003
18827.283939300825
20898.161760594005
21439.186132697454
18055.30405607809
22244.98434606629
22391.845835951095
19646.976644281767
25255.56834434307
24410.532480107147
22938.611206179557
28549.844144991486
27859.86806446648
26767.46070319816
31495.312414315813
31889.806482105752
31149.80976549442
31221.685001139875
36576.58433328643
35848.900070635034
32078.96674385386
35675.73432630839
35335.33028261786
31428.063027844517
31607.221841096252
31237.535600991323
28915.574894493853
27651.05971555896
27148.73599750637
28173.87988062081
23394.77081681202
22566.373582467073
27003.894458946284
20952.46208003615
19880.09552915882
22720.749784631502
20614.313744288578
19961.64959886232
22288.237193915073
19763.14688075578
19043.441823606758
23065.092641373954
19088.145984397714
18437.196282010635
19918.773039426127
20775.213722093195
19480.024864062398
