18596.11825421572
19008.18556077005
19408.140525686984
21022.318496901862
20919.663101960636
27199.198659530728
31439.76843227899
34701.77091904367
38915.54784108491
38418.07952202268
36217.151609145214
35188.26197604946
33987.46723239986
34451.501857945674
38309.404770623965
41818.15528344305
45751.8990680295
49660.458190936144
50430.483532821716
47177.7271100009
43594.310421178336
40971.03914786911
40171.72373640411
41859.22013526225
34647.552536735646
30134.574632927008
27109.176718322058
24794.625457452003
22937.12891222197
24151.077744892045
27491.66895909924
31406.060902559755
35708.29149179936
39368.41709832632
39029.99463847426
35372.35132788429
31250.16343276352
27131.80435962814
23840.355440548476
21331.62275234667
18486.47947766908
16947.621319368947
17755.39909056276
21265.61060873185
21687.5384096814
19159.2555808409
17704.272785016743
14904.67690076415
18222.837800789654
23359.47475510667
28167.24723988031
31555.694288913706
33732.15112499533
35950.716123782855
38542.76452865663
39037.05300426581
36619.21206658146
34564.44108653742
33100.56792910711
32717.44301667926
32156.256726433385
29784.335904515297
28823.873244951785
28495.20431555376
29102.84340217007
33198.182685555345
32050.81021343003
34328.22443794396
37284.0720584098
39857.1181339419
42088.24627669664
40858.17004303909
37978.569274210786
34287.6776868956
29836.454343340796
24670.301363269497
24568.727937393334
27085.093315686823
28780.845213793942
30542.13302068777
32693.35244683642
34757.896568047516
37268.411386955326
34813.521303502974
25803.437530466847
25808.410407971056
26656.535715018734
18192.073346047786
21151.91403905915
30447.560693842846
31215.621406932925
26729.381735867806
34468.57400708996
39058.81576847326
31682.08263671713
36129.70882387715
39926.40616238334
34092.7770008338
35065.159654057534
35447.92228087739
33225.059808693724
34758.72224452803
30461.997113011672
33754.352949473534
33273.05643019552
29511.821472913678
34657.033143939596
32613.33385689991
30097.68167468763
35354.171995311604
33521.62533403383
29768.03913624583
37571.19217319302
36201.888583020365
29465.449556698666
39365.2490677432
38171.83867802812
30819.6737647488
40056.460513806596
38641.096007965665
33752.307476668844
42740.83914723662
41214.9286302585
37603.6432141322
47344.24515093939
45690.67883563685
41349.37804173964
53372.38957778324
52026.216237369365
43148.68636309813
54878.514387763746
53875.61473757532
43051.87345761482
48355.601790445595
46473.51594324838
42254.772609327556
42729.11254119676
40541.96695927295
38411.15638542325
38108.88035305381
34679.90709341773
33562.73687436391
34758.422955374655
27817.123864160058
28202.429207429424
35681.61061479234
18892.4827223621
25753.504533416857
29626.77000871276
23708.960828607997
24696.73342231256
27491.85793044886
25411.947334076714
25986.514428191582
25765.41263351127
25337.502339149123
26526.09050029205
23994.281062094677
24336.128551885937
26600.585417619404
22706.86087168194
22708.261651062327
27264.279559843344
24003.00347997256
24404.60534016991
28268.263799703924
27587.8788328172
28440.34220114088
30576.315011853643
31919.99232456625
32321.992285903783
33321.40088205781
36852.887207914566
35663.68285130166
35779.76951386208
43767.73513597442
36684.304525171705
36887.29053681194
42266.72720100382
37298.442559530304
37193.56080684547
36826.297122696626
36352.518909698956
36131.93572793419
32710.991828971084
33848.77281887451
34162.55891403606
28605.70842387598
31533.72617748257
32033.700948096597
24973.99899991394
28614.07338652107
28977.538822759478
22736.57462645256
25039.55406094987
24947.778875732274
19771.097427351615
24068.06716044956
22564.73107021692
18224.955243204546
24369.229884121065
21299.44665927446
20093.958962883364
21949.951508854374
19209.674492169877
