33619.3301797382
66008.37937055841
88874.34209057881
28579.19781911828
33491.04417460883
33846.05869602287
29253.914977913548
24423.104041168517
20444.192148960028
19289.202456763054
19780.682730501925
20360.661019929456
21449.13297668277
21417.418160399953
18660.38100545708
16644.68487295125
14587.350361422727
12678.439738813759
12209.211878101434
13386.679473409313
14682.546429256763
15544.328293997014
15973.477486353659
15541.80411861856
16342.61112723656
16385.76169094476
16071.720212470627
15173.982737668095
13076.372280608271
14257.290600766988
17066.535627304445
19156.0028850522
21235.744206131254
24085.97360595805
25477.166548609952
26405.150837100737
27869.483496239984
29286.744384154375
34306.72559448529
46651.78945440329
60111.52508749699
69841.88241017045
69101.88468987217
74616.92386551359
89601.30184965508
94494.05832202005
80873.6729573533
59270.66033130215
52247.014070476886
49622.0379021964
47759.295114257184
42404.35655837996
36916.19203123198
33556.66810753755
32611.681626220525
30769.008269978778
25187.048008460777
22056.474820116295
19345.513868541086
16354.764672538917
15341.722156581369
17247.652299284917
18592.30537840882
19583.64953153678
20432.80371022132
21645.543831286468
21050.505601147477
20913.174087616022
20942.25043658868
21369.359010611995
22730.048206456813
21936.69921687578
20241.92350499066
19188.357438376584
18201.27085322657
17207.65251525544
17240.345006486536
18101.480592834654
18561.76960836092
18790.046488124102
19858.213899384227
21712.194878462356
23726.491610375182
25212.12754935112
27323.59205220107
34735.518582689576
36065.30684128741
29595.91043550886
29353.515778905326
34053.11594619433
32927.431158381834
29137.92013528464
29206.222251818057
27794.248315298737
26620.28588182687
25925.754145910978
25173.572522326067
23322.03563936478
23140.95097971936
22212.288710790646
19373.746912451916
22278.48521683424
19412.255978446592
18428.405648459135
20201.76410793617
18349.371268820578
18856.397462800793
18648.83862156375
18265.263276412545
18764.938002755804
18179.282670566085
17846.770428505544
17562.69423083965
18130.97010622211
17213.931170412605
16493.672490958194
18051.204793803026
16967.046354333903
17134.73645331829
17083.94985150154
17374.44074483659
16037.172195261459
16404.4411985984
17577.914919125826
14225.878454840586
15354.61230009541
17596.02599043931
11950.012326412301
14230.24922168353
17465.931804820815
11328.17808424458
14197.409284900343
17533.75026490779
13403.804818641782
15160.399856841319
18089.6899819455
15017.560676511053
16388.583609588954
18567.13537269651
16010.680329511995
17297.61860230546
19039.45478205708
16260.694034866105
18066.382174627823
19300.583438512745
15017.087973054693
20511.42713506672
18625.485535581778
16663.411081453047
18292.884052781737
19144.224297625653
17003.2404562032
17945.05490565332
18752.78489712927
16994.360406137752
17889.165405487653
18241.587438786126
17124.248758168855
18458.653661976707
17779.08301212134
18002.61493746537
20420.502912453463
17271.32684455778
18284.674011683623
20465.085844297406
17959.173123245477
18465.835722353375
19513.18017013366
19271.00988845592
19297.260271099483
19672.062048752952
20523.020723923
20288.526681689684
19740.935712113445
21422.399579306904
21324.30338812531
18746.602125765025
21038.32845839968
23378.47367091887
21456.814626671643
24081.236333728946
26042.60151716798
26414.425160263887
29067.32148583516
29037.154001914678
30994.87857383844
33455.3260669423
32628.39421121997
37032.02590883545
37200.25231352545
39318.249793437586
45142.52649489674
42491.570427075065
51879.09584577197
54064.561921989414
51334.912019059324
68793.08182362927
70039.11490599594
59719.48962717896
81862.19849793924
87241.57349638848
72061.78615524893
79682.61674223379
91746.42787423587
89922.3489857436
