46325.55479711785
23499.827298010456
15555.62472681544
41922.20341309728
43770.06677819112
36189.75308939183
29849.89196759502
23454.5473262169
17338.06945778005
16382.127956946642
18255.90203518183
19615.267802760776
20299.21843094625
21397.56247056
23830.17331253462
25940.263062873244
28167.21504871627
30318.786431758635
32892.83495035716
36911.86675653396
40689.50711735639
44666.609013347035
48911.5411836049
52696.12063458875
44671.372381855705
36959.16554838237
30379.789417988162
24934.51544567118
20929.680805141816
20744.506605506424
23506.14535284859
27207.484883698562
31752.000142301513
37033.50244474035
36669.10630401599
32557.168728844154
28441.255979671256
24226.47269685104
21944.080187969652
22306.882694603082
21823.762753086496
21104.46775994586
23151.541476171504
15989.57777979345
13867.307029085776
12882.501600165615
18198.852147847814
22848.812999469894
29001.969548744924
33304.47655701723
36260.22169950434
36784.17791580279
34822.59949206244
32338.203487909366
29812.61882904065
27709.442472592003
25633.4898730375
23388.241444417974
20978.195861127926
18744.185923280074
19100.311230556254
23397.102224011218
28645.856313522763
34582.450649865226
41044.10830950862
49420.83740160859
46041.190428279624
44012.13990373389
42002.81319893641
40088.65290880423
37346.513625634754
34136.66006639064
29943.53053974653
25660.948710483088
21890.06112724641
19366.479608103116
19574.747049140915
22212.38642559653
26141.961459188067
30717.483531043545
34440.921610004145
37544.1096906716
41053.62030523788
44791.51942795884
42984.21494913218
37994.42147295261
40104.098564396176
44378.60250259102
42734.6825659404
39053.17462302168
38409.50612550637
39661.6739594663
35639.328076982434
38285.073962466515
32366.79978278224
33702.815668231146
37199.97492938614
26179.438182906204
30847.116704559172
35467.66057484216
20814.108517067507
28282.091050330855
34609.41687443953
19168.495728327158
25172.04356919683
30363.90302765002
19731.06258191418
22374.40435585218
24764.940630255158
20502.881549075755
20597.300576318576
20620.559962650856
22830.119699888826
19818.53247512313
16458.688332188198
24942.237984413412
20507.5312044123
15668.733200560957
24279.3209884167
22537.09447450009
20801.41181926909
26165.86444604861
25837.206825810754
25444.139655909123
29022.84485950879
29811.678242223992
30429.338600080366
32403.478363545557
33789.093050511
37021.581398431445
35866.47155793786
37287.77351416714
41927.56796444874
38890.546830235784
40588.920127294325
41706.79297936724
42334.032970301385
43271.7341295998
43272.42545420195
45960.93921524243
45995.127121750586
45293.57606366619
49497.114586606695
48230.39280004302
46484.89841877972
53418.02047726569
49985.07797930115
41662.03351423701
44496.65353126545
42849.84353389033
41132.681351724605
36765.11396030819
35881.611476062084
35039.61823503073
29835.556729956286
29203.199395970674
28661.738743356
24198.101324077365
23736.410686129548
22998.08001143816
19913.935263905063
20566.240661952696
18712.573414103714
19806.435371850435
19880.07058273734
18285.017606049114
22437.712800534595
21563.908681640896
20723.720608952277
26031.159191741852
24647.440198791028
23597.159992856235
30414.3428885176
28061.489718380963
26367.735517648147
35956.729720405216
29790.177458217742
28525.6075181754
36013.664383995
32181.81762760146
30857.819393715996
33122.95795675264
33172.90890038966
33020.73270795093
30094.3542117377
33033.452552325776
35409.12608417063
26294.771928295206
32724.74279090574
39835.45212666659
24108.84493285924
31698.78103070901
40772.16301328461
24227.277510372878
29212.08396724897
34181.69047168924
22486.645230493257
26047.06064963614
32366.229059928846
19586.442324299765
20531.018194521916
29158.03642278262
17043.590417338564
15890.218867631353
16487.88559259459
