58024.53335372342
26596.87875043347
31093.970221161988
70731.81936610123
62267.182756160095
67507.46525706713
64849.56541918854
61443.04020972469
56450.556177829996
50989.06972634829
45807.94702653291
41275.109888636136
38487.65165805501
36262.04132770642
34488.55191979483
33931.843998409575
34326.962551746146
35580.56486492039
36723.6708778062
36961.311794686284
38021.262374415935
39642.83660711588
42509.712086667314
49896.45724399622
42586.7177478933
40024.38574380143
39246.55967344891
39928.71093835125
42712.09830816884
40699.39016231052
36453.75452308247
34159.9118717991
33115.60101262475
33664.26855919415
32530.92389423017
30887.513679094718
29851.490089761723
28617.667337051917
27310.693794217703
25495.253902779674
22669.803168099395
20796.763151455627
24677.36563866288
22910.275364870853
23960.108090911934
28216.915620286287
29991.756043143912
26601.53665050949
27969.692882014257
30510.411100961042
33133.478790773705
33363.51368793454
32339.758256406498
31366.51759684195
30714.94161908993
29867.158408617197
28103.07191005386
26628.718661254963
24888.08741036325
22302.041292347254
22022.381159408367
25563.872825546117
28316.334355398292
30614.333404618697
32903.35554907587
36619.08523535561
35704.10801557186
36373.75282225239
37546.70940407969
39325.609774663804
42815.16736436758
40680.11780748272
36143.53632537154
33127.04815386262
30943.55438640698
29726.612447230924
32083.33534233457
37338.169335391794
44044.03164918006
53051.17231575479
64473.03783105526
75967.24727443552
91803.40010069252
96658.54564514937
83766.1382333355
64238.770260862446
72338.79346725153
74763.0224153446
78787.30368058498
82142.10287577771
78976.64710539285
71589.0267394474
89676.88966791579
96847.6410681075
71644.84159182376
85615.36751592168
94776.36688440815
69354.49195772204
75899.33801383653
76706.1087117302
64741.25739478627
70033.76227476048
57258.73088579773
56498.39361633378
58061.80425559955
48620.03314383693
47012.45724638266
46015.1284621836
43685.49567343773
39946.87510174939
37650.944408818286
36826.92215972254
35584.24170433716
30222.17565650929
30921.99305551168
33477.77973826627
26976.771587465115
28233.99165307362
32123.498725984715
29698.874473819502
29796.558491512737
32502.656994307927
31572.7593159463
31955.556343195636
33031.97744282537
32856.9839437626
34160.271716084055
32879.39005023405
33710.83640309191
35330.71559813306
33327.99429723851
34847.812580114565
35677.459486566804
35574.36968517352
35581.87449085837
37129.6650036747
36673.65178242297
36074.29991474456
36637.0955331329
37068.53783768314
35568.78033597737
35679.977679729986
36316.321179613995
33872.7947666641
34350.425827122046
31947.022416789463
31252.470449897148
32246.761625718973
35741.49335292394
32532.010937385974
32194.040048553165
36097.32594666708
32867.0689682753
31223.40507769979
35746.341651635834
32204.66446568981
29695.146661383144
35423.311261754134
30899.820188040307
27806.97908021091
35318.14010338874
28430.9858920491
27349.445630165777
34200.47296249129
28397.108723826925
26391.305104241004
32774.340179663515
29068.439128937513
26516.509022145787
31449.324044989284
28880.750283317753
27312.167987939796
30160.725023308067
28098.366615949133
27838.864424593026
28243.47316568033
26505.388716403388
28965.98097129351
28730.253925489076
27437.861377526388
29475.80585772257
29956.31282531359
29815.497315583816
30625.284752652886
30410.0134786951
31769.867630511413
32157.242246394606
29400.955966481215
34762.127223618234
32808.57247529483
27941.510997014957
35264.62141598538
32010.042738764743
27938.149310549983
30853.61030185705
30818.084193492337
27117.208656319803
29376.018102390684
28603.069499635058
27226.480635698368
28523.53008667227
27662.076050426396
23278.41982181338
24625.906165836037
27812.700328390143
