13217.773460203389
29085.68161995015
49630.355622054834
16263.104016443365
12877.24997245313
13272.743525357142
15189.84848810187
16933.657191471168
17847.330944440713
19299.671271950792
21061.234934199834
22105.281526739607
22632.564236091795
24330.935561688937
27253.13837447451
30582.21935597417
33907.94766830887
37495.92913821253
37927.547670871616
34107.72255328523
30598.3593907456
27563.52593848722
24812.277360408625
22647.191323301922
22346.58134770156
22312.529599660586
22133.09207065336
22051.33161650841
23191.619228501113
24287.80445390952
26366.259431365255
29647.500904866076
33490.780515019665
38077.133658708335
37796.32736863363
34461.362107353874
31125.209245780552
27316.185274923675
24118.508163015642
21432.071190682207
18066.24066657284
16993.56365341956
23897.55063354628
26746.299994347726
35987.79551012192
45612.375734497546
48323.18120288588
40514.749928983874
39900.47578172434
40378.61972655308
40313.63160495387
41485.750319179766
41667.02876382331
41620.849860058275
42420.3734762356
41327.54213601565
37118.93875268814
33770.35222360477
31501.125292176836
31144.050411569435
30291.712933216306
26809.723027229713
25503.41368778803
24921.615004298532
24508.451987087166
23457.248843856738
25643.612486210473
27102.14788007591
28385.462048467125
29560.86663376162
30589.659276285834
31589.274707393844
32428.130252021794
33418.59868874773
34621.22443332162
35657.8585838498
34519.08608957674
32008.59500880493
30064.98421479057
30103.765485900778
28566.148806646062
22832.06134132153
19217.611870574106
16307.65133182618
16093.316876017903
18268.50590939096
18611.108676204116
16692.88221893522
16619.807179752395
18747.615563764743
18230.757760802997
17741.469367652928
18611.259539579067
19361.214766175108
18012.663246788365
19105.013620368896
19616.085204018393
18418.97525739525
19322.270227056088
20201.367261468098
20079.85668072776
20291.892708736123
18750.822731200074
21191.462945325497
21725.560764534122
21683.297672804627
22253.010077223145
23925.1122488907
26350.560676711983
23361.09490926281
26331.265879426
29642.704593581293
23389.639259309293
28575.190017635796
33809.017640054706
24375.136939565586
30099.96323378919
36465.54484985916
28368.564913784834
31335.691475762942
33922.36120970113
31342.649895868104
32238.60583732314
33066.32327507179
34152.450257097335
32869.160083243
32333.71935015475
37534.3124368866
32238.90004777428
31307.822740712225
37745.55720941499
31353.88449129383
30687.001705503346
33711.99148913172
31134.973117967522
29782.21617789196
30341.213868773935
29506.676889195172
28767.894539560333
27488.38154593541
27665.412312429646
27469.440350391764
24562.60635919084
26477.75118070853
26339.685862664053
21222.506389227165
30317.26193158164
24456.385519763982
22015.773109810747
24058.23648962592
24498.39659069013
21950.620138836042
22663.114281779697
23761.42416648396
21156.477417324124
21488.548091221157
23203.903578506062
19742.306181957498
19731.887968466875
22640.854305797606
18258.659373210856
17407.48166216707
21860.396479469928
19864.060883583934
19323.74460067945
23787.00809227429
24392.665731672696
24524.164592428384
27477.594209169347
28863.227287792826
29241.357814423176
31283.731928711444
32783.02953153246
32963.76501072034
35133.43083512813
35087.45041614545
34852.61566851985
38797.11368725164
36442.6684921719
36751.62579854376
40427.078636855425
35872.54729442289
38006.18872554241
40705.778237944935
33785.1703719457
38102.39627647496
41849.5842599638
30358.72611170554
37511.05091938546
45778.84613579139
27232.02529122784
35302.76573562474
46026.917059997104
25019.75225484302
32527.419600350462
39813.50081684462
21736.548225259052
30260.352499381042
39736.75970440106
20223.705929430977
30236.661293650628
43790.92316595554
23395.462257743675
33397.63185150664
45006.410504959655
