11323.111071442727
26136.83482640835
16143.67401322057
9136.721348650959
12850.590293861584
17527.589238459856
20470.765665138897
21797.95917382957
22495.721811958523
22066.233121724094
20735.798274258137
18816.946533888033
16494.204920053307
15552.114136602133
17073.008702411018
18365.23181026942
19582.719250702874
21189.799406072907
22881.775726659078
23560.72502064381
25079.770439108415
26657.95292723568
28305.75804258052
30288.089984193804
32220.835694760757
34803.06937381861
38159.27036759804
42737.11013414418
48983.65244904706
47651.42356148658
42066.97659025024
38157.39385786981
35443.598462962735
33015.9464703647
33672.00216003551
35853.488270336944
38548.24789234492
42388.5965188412
43351.06247289593
39451.31388741522
37211.45501870103
35101.49405734626
29334.861167226987
23275.213444455283
14700.394887532428
17092.898521579886
20059.500672355534
29975.265124962378
31872.621655411203
30054.124691528996
28567.412165984773
28707.012722208223
30608.92934431477
32505.798258701026
34304.33687792106
34457.60689659411
32000.912441953657
29537.371679832275
26814.99955262721
23863.689176470496
23190.79394330445
26093.251322222757
28840.998870378233
31404.9348079369
34316.95362139922
35315.881500545234
31957.43104937233
27178.978006024045
23269.974213897265
19667.206771649042
15516.829622822777
15422.748960662957
17114.721501562886
18145.25066778126
19090.058390315804
20365.060752194553
21297.82709522092
22361.788583137557
23496.90125855431
23785.083596645563
22482.063791203676
19729.813415425895
15336.797720634342
11574.11416750868
9423.846627383246
14244.956088839319
16633.483475606583
14499.34262665004
15970.196286844668
18242.104333941934
15016.507311098141
18369.057892778823
20351.495367886517
17686.76912969455
21305.142601726126
22375.32959107664
19847.99461431714
23035.31138355583
24503.024761246637
23035.230072663457
22697.456440478174
28425.05125383786
27429.486302514124
22813.458662672412
27425.367644114456
27352.471353184905
21856.750338854014
23723.734873317026
24363.610187185797
19554.290950133192
20889.1727744651
21963.713205397908
17353.470236188827
18533.40925796971
20107.181359403447
16521.899111715502
17265.471219149345
18868.780572099462
16946.564124634027
17477.04770201457
18295.693204519186
17792.057894342557
17796.489216794005
17978.699240105863
18398.122921668208
18274.195641077677
17996.77096201766
18141.029727930894
19186.54123040079
19304.16979432123
18818.379640973882
20433.121920297202
21008.29533163908
22009.280205153376
21883.371317033285
21347.891854118498
24218.961963402027
23917.040764129022
23742.320460526782
26008.690827863935
26000.051836029023
26871.849372739514
27509.044714313306
26986.25081753097
30765.580753176946
28447.22507690793
21153.15908216136
37671.51139186312
31123.76802577608
30062.559285347397
33527.25884853104
33503.629866633935
32239.866567126457
31930.018278785992
36121.489591424644
33056.595095435856
30426.85611672516
39532.84571873589
33429.76696423169
28229.169016597556
44282.03251811763
33829.04021194463
24751.62309618947
43324.4710135582
33752.809757758216
25702.742618183307
39135.61668076494
33728.77662140372
28995.643038494218
36435.701363120475
33681.488461887246
31173.82940740003
34767.47168333701
33442.19606220139
32850.4681391726
34508.23003038034
31959.55746930625
34661.516715622754
34417.19581953418
32759.182886361596
34482.36530449521
35162.804444806156
33899.47725919979
33138.62873625471
36866.366350142496
34259.90278775398
31626.26263254549
38192.635572310945
34971.53942711715
28991.03761835647
37490.01490158908
34884.33970666311
28095.37968729977
35910.108176730326
32554.820243207185
30409.611222255233
31895.332282617856
29083.09314149677
30816.432363244712
27655.250904252272
23503.630301723788
27348.508869946687
25252.531932648024
17418.297628180422
20112.813319862897
