17909.632151923597
19507.834080319055
32375.459477083983
20094.306972440703
18113.049062507784
18420.058502722288
19065.825858551736
19982.343721857942
21565.107109018227
23886.16445836336
26468.05299415393
29272.916386062283
32222.49437770237
34973.52929322152
36727.3470499556
36677.27289372806
35898.28415299
34940.69064597515
34080.010107621354
33429.31575460306
33038.25305399243
33071.4134291298
34133.32773555092
33858.55852103892
34068.339174536944
34889.89301579249
36012.26308054665
37388.39685994212
38996.8219988955
40934.830591798105
43382.11213342864
46757.69529836692
51375.19356348811
48899.11222649269
45102.51345425982
42481.985847652395
40409.05577000904
38572.60453941776
36789.16301392282
34931.21168765069
32893.42138203846
30603.772064611225
28121.974721643135
26454.158661697027
27019.879363579887
28276.711461184845
29215.83662539551
29764.48016096184
29960.979780620524
29865.05182630962
29508.768993173486
28906.1217732328
28112.72655753186
27262.136968308463
26361.394679906844
27085.369412425785
27473.765925589192
27755.48727842281
27854.449758310584
27775.770808901267
27529.76523966394
27100.78848108209
26441.215585121376
25507.797619917998
24850.784524254468
25278.719592567075
25534.31344690078
25587.828910126445
25558.71558870677
25566.91201990109
25748.549920892372
26293.789687403296
27360.337574811078
26613.685273658753
25752.32991480768
25307.67635392258
25013.339622864685
24596.25765535569
23600.93623861775
22726.183244227108
21832.428394052204
20303.91074576107
18851.040133455568
20434.20419111871
22943.631457781143
25935.436410186998
28312.95941451677
29107.282502398462
28756.18966575034
30545.025872967795
33394.6603081954
31529.57022731402
29849.47509995978
28011.33489372596
27300.66827840305
27721.681591735378
27794.70243844312
27777.439312016922
27952.273866683012
28561.357973328042
29126.975412139607
28275.3287743886
27925.966855983967
27987.72684424776
28309.70020222706
28791.67862600857
29391.668785300673
30050.38802320023
30304.08459307446
31400.058450450793
32280.970261746
33113.280231628305
34065.002308766576
35154.96932578073
36402.91576077205
37831.11497485915
39498.22462221258
41388.339512464845
42878.72572421763
43084.41108227018
42384.87894800656
41765.25142001487
41438.0262345272
41381.709234371025
41583.3392393487
41992.987947224414
42540.36146411103
42917.12629117834
42443.22411986217
38271.53246323755
42425.83440476857
42859.55627812764
42388.681279824414
41688.17802523333
41000.8936443933
40438.74511629277
39979.46174194715
39656.745465209715
39450.01753523093
39534.673265970225
39807.44823938316
37876.23531070619
36697.1109771214
35651.06511317288
34666.60274926248
33746.448687695265
32920.155515033955
32272.38777837991
31959.952608150237
32236.322791638864
31995.902529619005
29766.117245320955
27971.843750299926
26572.876865906557
25273.437758295844
23918.168168133383
22428.226278597744
20811.342196984126
19355.598209023796
18586.14454775601
18167.426220910886
17588.761955855945
16840.946522729748
15978.580551565932
15007.423089812115
15188.169886255655
16595.652594122468
18254.36168684085
19935.16576522179
18863.481429801202
16087.780204004812
13098.836876161504
12070.577856179181
13223.708104779427
14856.894422942574
16427.741620398258
15424.150236705696
12452.856733730434
15060.969384985165
19007.119481186393
16579.803720450327
14486.723421951165
22390.631176922932
19301.8150296607
16410.799095761016
27490.295233418066
22780.63928023139
18936.678426812687
35610.50527465647
24898.10300503004
20892.16020494585
36602.04483841261
27624.376387185224
22967.95490301958
32952.54424361874
28676.867740385416
25259.858860953103
30913.45414654769
28108.553510683334
26485.956439157988
29561.71502309267
27214.400782141747
26077.252588760115
29959.644920992545
27910.837719447056
26401.03184254987
32476.833434071297
30773.779696673064
30691.34780124722
35299.174484563344
33704.16526425813
33348.066481135655
37837.57340437385
35841.156741541876
35516.61919808584
38657.90135250008
36699.71736259641
37292.544977908015
38818.87222019165
37527.21700664627
38550.68880964954
40342.41098787272
39486.006033441576
39797.06707904243
39484.553954341274
40587.242605661144
41149.862207968334
37989.963007738275
41946.60345030764
43551.75515229243
35654.90205893885
45026.50929423769
48545.83498604926
30597.404238749143
51334.00916276155
57103.71261049118
33781.189028268825
43794.86266395279
48065.118989523224
34121.59455291743
39779.2791537298
42916.609354743516
33588.41725376713
37965.35125499541
40887.91860470134
32664.842342945558
37597.9242955939
40581.90334662944
30164.657099860353
40085.97792516159
39721.378931706204
30256.131932172426
37697.680270100216
38854.78460455248
30629.960812638103
34253.6811232559
36663.67983921731
30075.290302776844
32536.058894553033
34290.60705868354
29509.733878915307
31477.05886077124
32447.440517649135
29338.977269265786
30998.614630709235
30281.243065644157
28018.918208403924
29274.944683093963
29043.785913181368
26169.919891072874
26785.273640934865
27599.088156217542
24560.56682653127
24318.517762984797
25793.580685794273
22909.007328129956
21399.95248998617
24060.866430115482
22695.441552829277
21002.25615801984
23893.0985054915
24573.706586667482
24321.14476665586
25890.19229001418
26620.08975913356
26905.224243590274
28740.356984085858
27284.631298299115
27521.700447750605
32482.465335172943
24068.189011906063
28833.126404594823
29539.333676599268
16995.553270737535
14786.288965510448
16499.67927447793
13734.417116103526
10465.837973949201
12990.930694211776
12951.84937500484
15998.982399133503
11749.850796747098
17185.63061384546
19202.077210274834
18893.961161061925
16784.734617281483
17882.344856686046
17357.736485086007
14345.023038136376
15447.030212221493
14250.792910623672
14652.975921486266
13911.624816478748
15382.270778885122
15823.895977824128
23140.290208834293
20960.108644613556
20593.973617279633
21040.855261463872
18288.14109600649
19209.003310786247
17413.201115746946
15082.383525614752
15315.384281295133
16071.545391819549
15530.086824001635
28729.71466393663
24635.05313227034
25740.283810844856
25359.483980439592
20968.742470916437
22976.690903346476
20533.582031886
17760.248690292927
19085.24047397765
17961.877284576534
17052.844014571336
35620.74906444495
31107.371863529665
32153.778181800848
32292.93886812009
24428.311666413607
28276.380972679177
22512.254179209016
19888.925204196472
21689.92093093363
18873.75621075663
18615.606726769674
37119.023073523764
38485.393901779345
37610.689377466144
33249.920271967116
23792.11618787804
36793.860209868195
24761.846099809904
22332.54223675213
23709.736267522247
21291.28669126101
19017.960552797696
34285.836691793185
34479.148722057485
35678.10185926392
30949.409412395507
28565.06909694313
31871.984184125682
26698.56241921717
24182.452158011878
25965.61539702933
24350.535420750763
22974.114351846605
32275.00209400508
31819.884026385393
33154.80926443646
29477.812124784534
28481.978309334118
30179.01486397878
27042.146830931102
26030.540689435886
27033.04045036541
26421.643418427426
25482.47475029593
30907.892589572468
30162.08332303821
31581.413598276842
28433.775554179836
27630.769449288164
28850.465218540106
26119.958318378096
26586.627023329354
26732.458989140032
28253.802519726603
27263.136104136698
30901.09973532155
29662.712371474387
29335.048322616392
29017.019418610358
27222.31218006836
28417.38290745607
26747.185297334006
23810.892110732246
25900.935527137186
30281.26460971641
30567.402342120207
33648.71176206261
31105.713851676806
32401.06587070149
31505.32955091739
29214.005402279785
30107.396904822246
30433.271695806703
28974.86010663402
28622.657647952612
31483.47653156402
30597.426225891002
36377.61452586738
33885.522451962526
34955.80498789061
34363.095477966854
32309.103179961236
32962.803818133485
33375.48293347443
32096.40324741962
32000.291360029456
33523.845825305856
32490.21692878251
39514.09342505416
36651.055846315074
37889.39984411289
36540.19898569983
34899.11187933155
35596.77034114419
35585.87703927627
34481.62551326105
34564.12800278478
35558.63295813438
34553.245041996575
43167.13135127662
38655.90879671014
41254.40288604383
36487.11338272659
36460.33414022572
36952.12436745714
37745.91894484544
36467.98251313828
36520.936731038324
37132.56456794366
36489.183662016934
44414.67211733278
37434.51591796664
44562.301090543304
36669.35981152714
36267.72875904133
35126.60022061349
39689.18443491946
37342.40121693346
40760.93631554223
38224.591983573555
37037.431362144394
41581.20910562006
40107.72467413706
42945.27450248623
39571.27704147955
38672.69740653706
38598.400653267745
39702.55290044635
39258.758371755575
39282.65568820301
39767.592184651105
39205.22614469196
39010.597283036695
40027.68640735336
40291.963346677665
40014.97477112878
40075.030952445835
39930.808525606786
41004.92805292332
40406.000830768986
40305.604183851574
40940.271064787106
40299.182950787406
36227.94151966022
38797.657253410995
37693.69381819975
40039.65875602708
41150.17141230022
40014.72900168798
43226.52380512036
42145.596050817105
41921.05227954098
42919.6301276373
41793.7845414998
32340.87011025047
36997.45139202282
34498.766063994415
40344.935670007115
43171.7617378931
40147.42562056952
48040.71886755276
45582.4954651938
45168.200291258836
46394.85433800076
44427.05105548235
28350.08916774833
33658.00922303605
29738.13909774452
40915.1707661955
47749.90400413539
40605.53982385443
54167.11587331501
52676.94547340101
51813.182958515594
51694.84932942965
49022.87007531486
30228.233106118194
32750.48301651987
28736.44881358941
38755.02761165383
47087.32254235829
39795.6973549508
47200.5327296676
52413.35132045514
51356.885286043915
46231.894751097076
48927.34207002338
31631.574154127753
34137.32255523042
31182.923131164247
36996.8346639243
41428.39550195022
37811.242744711024
41880.07816074927
44972.98892405453
44016.287304214995
42851.45132913611
44265.22519486249
31538.33073716418
33907.39190369415
31715.68607687139
35828.39196961827
38673.00175073158
36345.2448903516
39720.184563300216
41625.10868793142
40521.20610439052
41431.44371353599
41923.3326575187
30502.373236375144
33180.70442242669
31134.94729771896
35244.999669041674
37610.89161977517
35458.6614190912
39292.38300938695
40593.86993431695
39350.37154668271
41512.25631957846
41303.57441046389
28600.394499263042
31865.837712834065
29594.348030436362
35810.503620509015
38135.346648603096
35291.20969313845
38689.54040963618
40566.69030130847
39327.65416544411
43575.90194109045
42076.00574073923
28319.170236769736
28128.904439151403
28208.46865326422
34452.68485175739
42463.68190434323
36120.97235303864
37790.46143255829
37868.67163793895
37042.125480916584
41225.06157545653
45652.75457331628
28991.11219410554
30710.706509045587
28770.899767823405
32515.045513454927
35550.27160519932
33309.305390181864
35604.09725078562
37958.2025236148
36829.0928995576
37461.98679024006
39093.54153007188
28835.05203316214
30382.253759555173
28989.581307910783
31360.4308289818
33297.41962821596
31882.157828218395
33519.69774792017
35404.05644903286
34480.42924761015
34839.56418228716
36051.34674179057
28186.893784935997
29769.407377655345
28566.653862841522
30694.9668126334
31925.44930148257
30940.984026555616
31971.85213785081
33322.57640235439
32703.54994169868
32877.3778275925
33787.852196532505
26757.2825292556
29360.066538679384
27641.12033566546
31514.348894681887
31187.876755063073
30764.75277412756
30076.27303980882
31552.353381078123
31189.112713404676
32101.114720990845
32162.972627918065
26241.851739779893
28976.57366487167
25937.848085769183
29411.53581363155
30410.647364977405
32067.152524350397
28752.258533603595
28622.110843174814
29042.306000063698
30054.46036662193
32706.542347395185
25820.638863771965
27030.434493287314
26137.138032102597
26510.05188620538
27990.43860927864
27752.79406163397
27106.98248439201
28429.871234982198
28069.42916553811
28210.31340166439
28992.6746441195
25080.336995009275
25364.473871467242
25440.552678443415
24244.216027756804
25589.09673105801
25390.09974313323
24856.02199287842
26704.831317834614
26026.85794713828
26926.32522150049
27518.817335261992
24809.98390259328
23735.7662485959
24827.522677466393
21563.12527990857
22908.83266597185
22984.71244153051
22171.926560797063
24894.070205826705
23571.948275139242
26411.765208839803
26512.65716162038
24906.31830379012
22390.904246222184
24905.48234617808
21069.499983173606
20408.708082100828
20015.56618876137
21706.466849464327
23595.72601638647
20683.931294585887
26541.508275734515
26593.018996763134
25022.380224220076
23601.952269082736
24832.32054116321
24242.614422408973
22632.79672443851
22723.48102309547
24920.77090785676
24807.06667929627
23349.556250613685
26917.06762276854
26547.807510960527
25764.182805243392
25559.612009191493
25361.269053471402
26838.444754302203
25811.24482101391
25610.41044679864
27791.627112163365
27117.362236487184
26410.321123581285
28186.617958436513
27512.953632701152
25532.41682253759
27660.494981456126
26322.62875041681
28147.60462704133
27038.97858134137
28070.978325960026
29222.20721063374
31966.251251284037
28608.14760829498
29043.338409813077
28342.09413366466
21560.7176691813
25606.757985411365
23524.384522010427
26786.710619262532
28402.69163954812
27287.05948990435
29639.236806826746
30491.043123896736
29608.026300645113
30518.80107922947
30118.610143670336
23002.9823289095
19717.81912184367
29517.604555641454
26622.237907827322
27430.075407686578
30309.22991719
30712.350487427142
