38871.95767263681
22708.835654730203
22550.844180664215
29294.593223809752
38417.0913851098
34878.92494411758
30601.160501841845
26002.737576659594
23811.442672656547
23876.54206380337
23397.252397151708
22802.1942162304
22224.713736922888
21682.43080717185
21291.616764708524
21965.307166551378
22557.205321461515
23235.167023942107
23994.08704735284
24837.731766389697
25779.412422872803
26824.112746477913
28206.110279938315
28734.942244101105
29325.77230911669
30032.870352899463
30814.85893923237
31668.368787557447
32590.56974597269
33586.647853360926
34682.639839683616
35995.032052051385
38483.73527887752
35183.83735379183
31739.53223845352
28787.94592591846
26043.37221672652
23433.338351259663
20936.37904373832
18529.602078905882
16244.144837948308
14108.028619043886
12149.160450376363
10464.357401328705
11126.929663397987
11892.187524061475
12646.724866918621
13386.229505564972
14088.388812101084
14710.897389522104
15318.16402441876
15961.239479723452
16685.597677342754
17692.52917793485
18607.451747030183
19060.337675170347
19729.600093327637
20693.134039323308
21864.029148191916
23197.368355209903
24662.415805845932
26206.771666697856
27724.405330633268
29018.612442128284
30156.916777198883
31728.440086063274
32888.110210426974
33814.90884704409
34599.7288101115
35231.14068375607
35603.58485950855
35443.64543490854
34388.514653483966
34921.22928089998
35114.10314512949
34466.93097876868
33190.34898850613
31212.873011218428
27971.232551023157
26365.690197114345
26048.24671269926
24670.397438533757
23171.09945788669
23021.542619193966
24040.452975406577
23341.972557744753
19779.16583892464
19467.725630812427
20955.640015384884
21797.240922357094
23638.321738355007
26776.19998528854
30624.87243296502
34622.00155181579
37593.91861887733
39163.11970447258
40115.68130952134
40798.08902327862
41207.41674970441
41007.45142325928
39715.40771777395
38566.74933187016
36295.2989262505
33720.96407403136
31005.949016118564
28178.161133224734
25193.99163491081
22039.676932311922
19158.842242723735
18484.430975540654
18661.996077439107
18497.85147107269
18010.552971816916
17266.243901600857
16375.135373991288
15399.96570197542
14409.545225929141
13478.501181208345
12730.475514357155
13106.066635570878
14024.602636206524
15053.943354067987
16191.627061389254
17432.616100713265
18808.803774090837
20366.12028014769
22228.818192420884
24590.773169006567
27867.457104795023
32675.767911996576
29597.40835601685
27842.044589926478
26894.786408246353
26379.847451542493
26104.95637176274
25948.303955664338
25815.200364401604
25620.581042632177
25287.385077719744
24838.22245167027
24622.762056966058
25593.18313036512
26467.21503345084
27155.482907530313
27679.82795835491
28095.957467138036
28470.786005525573
28873.612886902454
29391.747893171054
29912.668127022076
29223.917651309457
26778.234505779168
24035.761108468098
21534.39757229345
19209.924644115017
16959.841160578926
14680.754862575333
12399.467825468571
10561.092752462648
11408.889305100116
13440.193283461733
15475.813205254653
17404.23491798046
19295.329648440762
21416.68914477664
23281.378797855443
24908.013700479714
26720.47177402332
28024.691319276306
30849.645351410443
30761.5284213921
29605.650282532348
32078.347445102496
34549.92897392012
37825.32599446896
39760.29876589573
35038.528239136824
29938.945864848967
27808.142789744026
29949.60565487744
27479.08020568287
23228.489610392473
25568.819945117786
23852.990268446818
20345.59621238891
22595.097818453316
21297.610873551017
17761.686907759224
20684.001794540753
21783.88066786156
15726.646554950508
20954.128115788106
21134.1215393725
16058.044818264983
22134.18890389538
20825.600738029912
18518.946312068165
23479.78720177401
22136.75136227053
21675.48938176982
25481.367970841733
22689.263344617415
24959.624927871966
27767.307699066718
23643.4836193095
27165.652141191145
28786.843610616183
27588.270373812844
28258.444605271277
30509.63765781332
29296.84784143633
28590.66875898656
31930.772420987592
30151.2616436892
28461.933650764615
32276.68924648368
30296.56096108136
28085.051681792695
30580.673070994177
29006.32077024422
27475.205238808874
27559.23766050883
26710.359638497357
26016.488750235814
23224.623517841817
23671.38501601582
24704.894776378598
18744.8563917966
20356.43757176054
23229.263764993193
14433.516952890333
16900.137934391445
21586.958080493474
11564.589599122875
15040.339929724123
19164.037178628154
12072.064498530439
14219.775401219533
18558.696196301215
13277.682769904224
14520.14805354446
17125.027497530875
14104.648771188959
14325.532525795204
15493.954350074688
14551.779082335179
13753.760429061876
13745.238106434896
14757.269499832473
13480.57865553323
11623.436553593088
16264.331673672465
14459.54720265061
12661.785852893325
18816.94853243516
16918.032491939743
15520.844819088688
21972.121639775487
20179.775641094704
18282.648502834643
26066.808624355413
24356.706344536753
20959.185164710598
31202.476134637825
30575.754518099566
24114.629927792324
34223.39179841425
33603.099872606996
27407.794462400114
35836.12592051756
35397.31586362506
31868.811933316694
38473.790690258495
39231.62338076094
37116.89253280754
42442.36109895304
44039.126558007454
42708.7609623652
43882.45078214597
45901.49508242234
45280.71652811514
40668.93179838754
43841.2393944219
43626.757626784965
38980.84212793673
40723.78350982373
40999.29151926544
35835.03424070298
34672.061839995025
35679.67621684337
28021.600663827237
24675.231400735065
25511.50856612167
36050.68831690874
38033.38436169118
40470.29716213752
32513.51548053644
31987.86300159847
33003.822865238326
27618.931876779578
30895.250401582965
26056.85993018973
27747.9655181045
30702.374110736233
29437.96250354834
32356.686848171797
32063.295645558806
30358.85446676406
28840.529388323335
31157.713256858704
24847.317444105032
25562.762813507798
26671.854034547625
22524.70693930378
25136.30364527188
24880.416680916944
27658.176793914492
27116.187922846057
25326.929566584644
25730.25839768511
28369.92770122026
21936.51782227611
21491.617121722156
23195.725752452876
19471.836505296236
20664.870317522444
22714.91941772885
23808.9004064729
23654.88880095819
22222.427193848966
22293.17382999818
23413.227847282906
19688.076118488087
19088.45107271692
20685.306494941724
16203.744849471192
17938.72043672841
21621.809390362225
21688.82344045212
21975.95258976405
21204.46918415208
21036.623984905003
21563.98660004069
19792.867334996277
16552.45474074202
19252.598468029926
12093.341250572237
14276.963975691444
21582.660628406353
19633.898955860932
22142.193208289456
21094.666317630363
22762.332450770045
20938.0958745943
19353.67349332714
15703.023016443747
20572.425737947404
13162.422163544405
10729.171755805233
22676.762387047616
21577.530876065626
22050.0428392
21564.004715707877
20608.66945563163
21228.94655126548
19768.479214452636
17145.826740317185
19185.155162464445
17466.491992241623
15388.359196723784
24193.25156518963
22759.736971648235
23389.394383712926
22742.08248172341
21421.46377617089
22105.981403499034
21795.72379887986
20059.351030399805
20723.50824648756
21626.84026976652
19512.9421933783
26029.325000324756
24319.638100296008
25099.441316146243
23932.504271826972
22692.269345093508
23365.24479422754
23483.927472693387
23344.490498304353
22767.590772692565
26682.295352181005
23932.634728960198
27664.51875520443
27886.793480600576
26047.890257094576
25638.106139682077
21177.797713083623
24778.3693171637
25375.59409727221
25414.51639904902
24782.07625822409
30170.99704627316
30832.53694057205
29478.111388780104
27996.503079768172
28696.113352881843
28041.28918190283
26094.582794598216
26857.794805226484
27716.081242076612
27917.619269232826
26642.40304960318
28776.671817774637
29176.903651836248
31148.381463903384
29665.755805048808
30297.068941681326
29854.987507698956
28590.813124506145
29037.317404316775
28881.13739972607
28480.69896279419
28427.792176633528
28349.44510080595
28552.90919609082
32843.522240512575
31279.085927063687
32006.61663466092
31023.772212784526
29801.375930028968
30519.09765671721
29301.024582690407
28583.9000479029
29156.516137776176
27705.215517179167
28084.103322228708
33863.71433879369
32363.865058919706
33560.458752941115
31552.7087050491
30356.781537665636
31357.28615242947
29472.220558375528
28251.058524698994
29368.768540747627
26277.303548911208
27149.60727156627
32265.841939378464
30712.022720933288
33309.531551288324
30552.526940411502
29064.315656518913
32528.058576049225
28726.31848570532
28689.13145751696
29859.639619713573
25168.352858447142
24236.17355352453
28180.815677825147
29430.993543334975
30507.33528244497
27086.40869926097
28075.316924960298
28772.512008919268
26376.39117139385
26627.084013754473
27475.1401316992
25704.304533482304
25674.51030056137
23264.943695392176
25435.788090039416
25722.545713062165
23357.785125841685
25229.481853040852
25269.888842985434
24137.25821120134
25387.807883606994
25280.387056576983
25326.426585910594
25556.239476300205
18469.9943817554
20989.50355858025
20844.867166254662
19371.36155751789
22048.97823824353
21384.528700102557
21667.117567136313
23981.215179189985
22934.929309454827
24881.849935033315
25081.11159666102
14042.022224154884
16535.288620760613
16181.797233178371
15361.855097726895
18619.288334190394
17346.22701094848
18927.928993720532
22451.334046957607
20334.19441128067
24849.020326508522
24790.58801966826
11156.638586180208
12608.052869939947
12193.457538835213
11612.09152304846
15394.704392551423
13475.028993689333
15845.467142675516
20452.250060853134
17426.212547926498
24085.536622053896
24948.918519319024
11741.037330053354
11491.374962105725
11135.941230228087
12861.708375951006
14119.792049197058
12301.292819812326
16082.822228477587
18968.81659996438
16060.528953299397
21658.698837798456
23314.71705189589
13179.23773429092
12698.537745985648
12470.139596559922
13725.108175158604
14418.743486823001
13337.97446757837
15668.496553400546
17890.81254660947
15953.330309350518
18755.284185667602
20115.88154288341
14307.602916916454
13744.255223974167
13787.919162898652
14105.636884303713
14485.010382895434
13994.443411189242
14800.42855662193
16320.642954782736
15282.080314871499
16396.776807871163
17532.52550527807
15214.882426525284
14351.746730154555
14773.95344730707
14084.668205290698
14077.977284013119
14121.94947830926
13601.486491867283
14637.964157040904
14232.102549382475
14245.505283342374
15306.948366099332
16227.673217266329
14713.684946878977
15679.221996638946
14177.894819773199
13484.798320129477
14060.240856273154
12504.538946749499
12799.063107132293
12994.119923485126
12630.254763876907
13244.3571157492
17680.19514989246
14953.792314526932
16745.436126472952
15363.443778675024
13845.31868148034
14657.813502001494
13393.930575939712
10549.607432275589
12781.49847051065
13037.71832220516
13323.645964088788
19795.61459971678
17497.021744554346
18643.03819767783
17843.559082411233
15535.786778517628
16482.484655062945
16102.356671914971
14132.165483609804
14667.704940518215
15295.536426386661
14095.043929532492
22651.928476556364
20292.141993635665
21132.62733388652
21136.812394583503
18459.239755256785
19384.538528906796
19185.37767807981
16920.481005083813
17598.177217817665
17610.827932184224
16487.943024435986
26235.85672537271
23880.700775240213
24359.779380861713
25487.98634539195
22109.870493571252
23139.30184412903
22741.46694442885
19628.07543430918
20875.92960290662
19413.73126937694
18609.62368281923
30179.50670756592
28544.527250446416
28218.985106845397
31483.693275604543
27090.94507877287
28293.240018437973
27198.0855319538
22307.09270260219
24892.988368530874
19774.71770973295
19905.416940058636
33055.28348837389
33397.231826149844
31902.644085639844
34611.93596403403
33918.96168526492
33873.89321206841
30769.438563236028
26848.789138450662
28779.559160123994
23736.076605103663
19845.294629634107
34971.856127354135
34938.18150070404
34041.287254745745
36050.961633785075
34197.185941414304
35119.95537805585
33888.70048098614
29485.998809683475
32148.791947633035
29819.26151825006
26898.769672925424
36965.002361186205
36999.78094683264
35942.28283553771
39288.657528943695
37098.3294545003
37454.450263616076
38437.271438318676
34421.40338263566
36004.10715904246
35478.52324161806
32653.6687488916
38839.42902432576
40260.32739778612
37981.43600120366
44343.99723837642
41664.88762863606
41565.571295652204
43476.97752544018
39933.55334926674
41021.154455937816
41403.22925186077
38346.9213794137
39198.78740969165
44594.567221194884
39487.83532777629
46521.53007790205
45018.18756547094
47930.29508894442
45756.61658394581
44180.47743357252
45597.26581682387
44645.258358403575
45704.79854928191
37593.5839413065
42106.577061093376
38561.64151962474
42836.77005960355
45163.676591126554
44436.14716135347
44014.532901983854
44686.394728752755
45150.975529119925
42551.75050679692
43453.5822963473
35302.36455168426
39594.735645099405
36464.63181565408
40739.198932730746
42409.890758429
41616.670593862946
40470.43308478275
42409.23164528624
42554.19588949421
40727.97665117958
41643.55835804884
32320.400814624954
38653.57573712335
34645.19745742141
36728.26236830394
38392.66839321321
40115.90888631936
32923.708640334895
39581.98126985495
36642.74394042123
36162.82275426703
39717.38897486606
26164.555567393363
31248.97239147474
28853.567616043394
27677.240862948183
29845.307551195157
31415.12548040084
24160.874644192598
30076.57833786525
29113.599572412237
26355.096735059262
30794.793101106814
26031.535942835195
23604.94588113785
18683.400320141496
27384.829060375803
22820.888004025437
19890.704586473865
23159.566547104856
