34628.43011853558
25024.966999105964
31156.388136402864
34990.43544851501
35791.47679950019
38153.112247424215
41228.13824104743
45011.29086260622
46724.989250479906
45939.08310329679
45665.78635528376
45403.38981914926
44926.01696042146
43981.95052579424
42889.49805285164
42754.110362107094
42013.64499292495
40894.84503405121
39602.33617087365
38261.995908102086
37001.981751719046
36073.98706167254
36079.50270935091
33892.82622018987
31903.7835386216
30509.87831194539
29326.598877631837
28252.303312230575
27254.740274851778
26333.112529004044
25539.08864656403
25109.099428664074
25664.941942689133
25101.76543131514
25074.579347451057
25649.75841125683
26431.453419467507
27324.63691524217
28327.802059443187
29471.4673361206
30807.64110997484
32430.323719362135
34537.35939447714
38029.53514681863
33861.70640787284
31150.96643280804
28977.68174334221
27141.54580070052
25554.346655758774
24175.00143616132
22988.001701750683
21984.108273019672
21110.99835387282
20063.58996853552
18655.556954225645
19281.9858766391
19047.167661305848
18724.202078001308
18418.16984704252
18085.67677672253
17619.725413284134
16958.242424175336
15941.187284153297
14464.896609741307
13515.188507515502
14399.37325345583
14938.362565607284
15007.581640335029
14738.043582131595
14262.525258556192
13604.665675711065
12762.150134010388
11908.264885929148
13108.289737484018
15096.806620888026
17007.88123432138
18765.056145942963
20151.694501679194
20364.939697020032
21525.28661794003
23485.099622646074
24136.630946522495
24447.25120114883
26165.02154408489
28943.38419398323
31723.677782938867
29530.679453488567
27580.23782833814
29483.46203866355
31146.383252757725
30806.406270999425
29349.511098088904
27650.629675981567
26986.104151111063
25809.47954400083
23965.918340556498
23139.99347142883
22429.22823544478
21721.51606619577
20894.883553415893
20154.37148755348
21246.653327584303
22044.892505133706
22942.277392033087
24005.38766746198
25212.97915284238
26548.680436154147
28111.71265894656
30541.095679143044
29006.843584759466
27027.928607501715
25450.595100071718
23951.21314815152
22494.945717072682
21105.559617885592
19795.83959393581
18610.357795122687
17628.383498389026
16954.46797292057
17039.0563202548
17510.364311112826
18188.707168512832
18930.832121047526
19656.475016449025
20341.91641341493
20969.7017802169
21540.613479335552
22135.9100721938
22780.809679786536
22929.74271337244
23337.251379392354
23241.366227166138
23199.81491200115
23178.27168833996
23113.24235860381
22980.497739487433
22778.997166412144
22541.61586285394
22355.019217310855
22516.057743407422
23370.354598324702
23112.582189904628
23824.485965278367
24775.189862830957
25817.936910374974
26920.947329119408
28085.578077223898
29311.48751182416
30528.328994910014
31321.47539122241
32015.727294836524
35496.3084786962
38114.553409857006
40698.13847621554
43459.60980239528
46456.11444648444
49733.119932602414
53527.89730694995
58619.952079113136
56346.72023470703
53193.61611784996
50804.48829004293
48807.70952583818
47291.81809262562
46084.467666382945
43940.82484770815
40913.6377031916
38086.9456384572
35457.64907193382
36264.40058076965
37713.62804370216
38122.381237690206
39034.02688084605
38086.50539504139
35668.922950106586
34463.67260787407
38806.54574503253
40937.77572839953
39499.99842268382
43333.54802329806
42743.22439326951
38744.12512268218
46006.677442605425
45326.84275776643
44528.139991000615
48015.19599600139
49088.33725415548
49726.06667412196
50198.88799687404
51507.80070120828
51904.156663875794
48046.1231686994
50042.64384845465
50706.15781879429
43326.717658006775
45195.67332141845
46266.768075720276
38810.344339152805
39996.95321375289
41170.988688970865
33965.24858725923
34757.64240941881
37656.59402310986
30428.16971119342
30624.453825054847
34154.37470193735
29105.56388727133
28980.21283340583
29635.991208958607
27090.17385122637
26618.43184879041
26646.381627411727
24845.70496930897
24396.33464634582
24048.093486110618
21903.477539870393
23496.43137134829
21087.456608838307
20635.46472048381
23519.246822247536
19929.388860188
23594.24274910077
22776.942792368754
21874.85904196023
25280.63786843783
23683.79267085155
22852.055310480526
26755.062446133634
24299.19460839947
23155.70826654727
27912.73906760322
23923.114319584198
22529.147294057053
29937.016844937407
24396.21071839494
19498.148372691685
26743.316493164573
22814.982485034932
21429.21422257783
24549.820930444977
22079.58496935059
20910.649416640626
22299.245856933063
20380.353265565478
19457.6257709064
20501.902019407204
18120.992135405068
17457.815166967914
20645.821297588984
14711.532535635273
15543.44842129321
19476.320155392008
15467.812503031764
16073.306723824802
18646.81880108093
18069.726318998048
18477.894986987227
19021.695865213496
20064.853056466472
21172.52712565152
19513.20456526723
22133.5427235354
23751.083275281184
20640.28550619502
24438.23828738593
25180.296810017797
19419.10220273144
23472.56221383513
24938.97399120814
17533.165756662507
20606.48891156344
23069.856667345455
16070.27534912497
18402.515121102693
20914.34398338039
15575.844912924065
16642.9882724517
19756.123159335795
17024.83417017921
16997.124465807807
20013.471342855744
19595.19546216457
20990.252896463742
21457.84895229259
25642.864745077495
26555.905033188366
22693.566051912083
30754.9803489051
31574.314816319646
23451.189191762252
29720.326836048545
30137.64346037325
27865.396262735743
37922.975908792985
36061.236174859485
34933.87009973153
40547.80158976723
41533.046184170606
40243.76282444974
39909.47695217012
39694.074192705644
38510.02542181403
38824.31802513615
37267.33538722944
42574.821658541565
41113.992373767745
40819.360908991235
43403.056583394704
41286.93196111862
41688.406457325254
39395.903882311075
39708.0225349545
39943.06920994877
44336.73427092952
40798.35896386526
45901.77036867727
44989.19361529087
44176.967309564694
46013.25668367793
44184.20015928137
44888.55732779413
44174.76139563357
40180.76200321204
40735.04984521792
46577.48877929585
46438.69220358727
46807.09462597697
47040.555479531264
46476.30764010801
48786.15235232677
47202.440489703265
47329.503915474685
49296.34453366735
47434.794621226145
47010.974469029155
50417.84041577816
48355.623970974586
46789.00929287088
49046.32144249893
46972.83394903831
51982.29129919092
50726.07061292077
50313.47540923892
52481.50195206413
51383.23860580052
51050.64539474328
53034.648164985345
52275.93563999854
45207.781238275136
50414.336701756256
46131.11806851257
49743.1499176885
50426.33830910322
53028.20919737659
50693.546297755456
51345.769376663724
53450.234111830214
51737.241212866225
51441.313142057326
42097.315719925224
45623.72916213465
43781.433230484545
44384.05633078782
47789.99635483647
46980.04605050616
45813.0413303959
48795.867934186754
48359.47856433717
46541.113541634564
49378.981981928395
38492.17887627421
41070.786402914615
40321.43767205237
39328.89951727436
42581.685830471266
41842.59924548494
40711.41704417589
43632.758891263395
43208.642820369874
41154.33801467178
43732.55798202132
34584.45614616621
36469.72394244332
36612.98418755213
34301.205578480294
37458.79965376498
36783.043165911346
36455.68741560058
39106.66915624373
38428.457095055506
37402.0026357006
38952.20978750789
31313.849706480203
31305.999678106757
31792.615096083187
30863.637624189396
30965.02090790306
32881.99409719415
32922.13782939589
35987.25368942274
35491.50318466817
34216.35431486656
37901.742731528204
29709.085616967433
29897.53275059889
30676.983275248786
28869.525531638807
30051.112054946876
29769.727333302133
29340.359499308943
31633.085425561127
30932.783014350727
29599.19145537979
31450.54281194565
27603.356227259537
28144.017336867335
28666.443278050592
26768.028454506322
27807.818744491735
27858.22931432802
26592.258528436272
28040.01670917684
27912.28782467439
26757.312559959155
28091.672121202417
25430.196111467183
25989.18796786019
26530.468290372795
24589.269691047364
25457.68706876281
25656.75683798965
24153.429028388644
25339.659832695917
25340.64809133081
24266.09338147431
25503.284211742815
22834.811268475154
23585.895760758707
24237.569944388517
23255.435744496805
23604.23695899757
23683.338791774044
22018.170682363863
22674.84031375675
23049.385748943456
21545.212817856496
22979.029168031397
22036.376559267737
18832.814981597425
21404.29711035642
23165.268561337925
24817.537466757145
24301.918871757538
21167.65067202353
19420.79040778632
20732.11379955316
20422.58151081465
19971.48029239964
24427.14771471243
22493.12896281222
23342.927968441814
23186.650667766426
22680.22170065185
22800.986366812092
22227.241850740713
21065.505045485726
21725.444943201383
22004.191632167625
21339.54744338138
26280.280174297914
24474.46971822717
25371.65700621271
24404.34728588558
23205.614626971277
23782.19192783885
23151.83309501246
22445.160040032337
22722.060642646924
22806.70466098887
22474.44714403223
28178.94037822844
26042.210340550828
27205.74855506509
25406.203014432067
24079.896752020257
24967.18841997472
23538.199721898836
23096.97535363913
23444.93769041628
23078.469285205123
23008.5455097489
30322.802646845543
27395.588049460224
29222.282884400254
25660.37426846926
24264.437213513127
25661.3353149667
22761.236550809474
22991.394477446454
23348.342849182085
22974.974493089925
23038.227188950736
29920.629206472193
28339.477485030886
31181.44593228494
23330.5652455588
23467.568817718595
25221.1958662279
19898.962798274144
21581.55080272394
21614.075775414443
25550.945662269936
23280.099872932835
29099.954884090883
27741.692628568897
30554.585789079676
24528.52085930317
22919.893911655916
24656.755895654733
21666.238986499426
21050.89998508463
21087.842093752
21860.082926131152
22715.836538858584
25933.93205565494
25684.312799177438
27461.854581588348
23202.641423949422
22593.788312720197
23981.11609576084
21299.09411202566
21316.326656626115
21680.575891631066
20838.189330726003
21361.512130723717
23306.951033475376
23404.148664531658
24545.849613831233
21269.585499140292
21316.232362274073
22276.75772226798
19764.08083768755
20273.644652168914
20634.59548035138
19441.89148282753
20200.479650077705
21458.478302334108
21296.468068600523
22250.842013740214
19216.304167432998
19313.752253261955
20235.25793532429
17554.286043942975
18502.59189854723
18727.286922662475
17694.655034512383
18591.813292183062
21501.73146655815
20145.531607067696
21108.72910785699
17355.649493384433
16699.014020737734
18236.657659907905
15419.00323153057
16421.94236075411
16317.887541519409
16104.664037554941
16826.253596072576
20114.082165989304
21262.903082619297
21899.068762501214
17225.689235695932
12958.00555810255
17062.385020929665
15682.126563711266
15072.605941628368
15735.17436111563
16685.222791444823
15931.67269828451
18790.146188982395
18761.29113449736
19191.99729971763
18313.82339753705
16946.63745586987
17749.426580583495
18124.45552795698
17193.116210558383
16847.34498159107
19067.796395180623
17797.776123151216
18495.252687616354
18788.0094536352
18612.16551585646
19542.20951112562
19081.153389979012
18919.639935841777
20587.778974036177
19823.13009395108
19365.87966068132
21818.274415247535
20415.035988517942
18033.544642037596
19260.99360815335
18330.552709481577
20978.843067387585
21066.979648033925
20215.554191240335
23004.904318378045
22501.919627062212
21802.71338642764
24582.611146648753
23229.550388468673
16401.05793216706
19856.997721815773
17460.36715947684
23094.025290624362
23299.461235205446
21928.486433068025
25209.87512065345
24737.740990450657
24153.46668438206
25918.975751309637
25692.247742906908
16213.13336134169
21491.354240527
15327.648679810318
21911.659206964225
24733.75818886719
23406.07442184077
24447.894989619756
25310.82227564464
25637.30682601303
26038.02216729305
24880.795466815707
16065.2435648276
18362.357138139745
16315.330466762502
19135.37504083339
21972.082668986677
20371.733492307252
21903.595236665216
24172.08802635778
23173.45411619996
24187.800889375892
25313.965661253955
15024.496622396084
16769.504289863115
15585.159953970626
17210.097428119916
19425.293731971724
18098.843913987137
19664.37462392778
21928.27561880311
20712.936565227792
22020.733025068643
23037.479517987686
13807.859742614171
15526.050427842947
14394.613953090895
16008.154079342457
17504.333982023374
16493.775800192197
18150.855251513538
20147.381756168983
18792.99123275013
20973.864440595815
21255.436719335383
14360.141922492518
17855.250099674595
12877.397311521803
16667.49152451302
15722.57609070966
15322.251431622239
18539.09159070113
19412.933072274984
18143.37424429044
21280.39433568014
22161.827267714103
18244.60093103473
17662.10906843422
16219.727048797875
20519.73245476906
18905.266133868558
18375.86059085516
21229.681104448027
20607.618992306012
19717.32595400761
21839.78004442048
21300.42851185883
23104.382917908035
22272.670135327182
20535.64224195361
26898.047656613457
23469.939152277846
23321.144830921203
24822.21318151495
22303.372070842037
22932.94707889438
22299.877749079555
22335.18574186676
27798.022392593586
29154.312690154864
26515.336637966604
32794.943347158216
30105.733377253615
31149.873096739175
28430.695484305405
22287.61474351521
27220.655227860134
22029.448539498426
20783.692173302315
26360.89058046549
30288.70548255727
26949.19002477577
32147.888521204794
30816.372790142763
31901.338431948145
27636.80257308493
26118.927392975093
28270.23171236362
28814.57025707125
25977.74668319225
28658.349594654668
25221.283737316637
29381.956755975167
35590.93800431655
29638.707562075666
24970.893267711377
31478.319699314237
