39796.54201020259
12111.069337827275
19249.770935990877
29738.48211690184
40982.333806733244
37148.552692972546
33996.55757811937
31662.412589900763
30628.194877945592
30792.08009747774
31361.564025853404
32234.476308580644
33402.351560093986
34522.300157228965
34652.723747892116
34470.72781839154
33415.8811534425
32376.843526900855
31425.578954258734
30515.26303444232
29670.62417960279
29256.617804191694
30977.284602292242
28849.96405394055
27596.40493346605
27281.36175417234
27064.643193525502
26809.867287874305
26522.949236287022
26247.23663208512
26035.72506327688
25863.431823425904
24385.374559997792
25361.246404145906
25340.927467406065
25200.0306354293
25182.748052003306
25266.389537142684
25418.062614437913
25601.689988024184
25753.54752895186
25725.792339009236
25239.93668047261
25809.299825072027
25880.837167576996
27020.308100459883
27675.030425721452
28093.378150560522
28401.604719342915
28623.89865132863
28750.843162710436
28763.122717166625
28664.906905397016
28546.203353786193
28550.912132182973
28677.09815832687
28872.83099004246
28984.640354046795
28968.805501357514
28843.18868761854
28648.459151216575
28445.45431145066
28345.044301422327
28585.64079303889
28860.37012737734
28012.583232902063
27655.810739740504
27485.352352096717
27319.978384823386
27047.38169473229
26570.29837778358
25775.36689390003
24412.54859883722
24181.778742356957
23733.709206437346
22926.701603662677
21918.664972598403
20749.32329713333
19111.550032995794
17249.592925085846
15304.072683201091
13507.465790911147
12609.513828857213
10214.780651865229
9398.163906194633
9780.408675348754
9120.737855286547
9346.626373527652
11366.70625544692
15481.461639846199
20748.04032854915
19777.743410157113
19667.21670631197
20174.667996472745
21224.351076240604
22683.083101692417
24125.75457834938
25601.823554917824
27063.474613527294
28580.671143443127
29886.817256829883
29805.798053223203
29825.594224767312
29768.36053950475
29598.20701631221
29352.882930253356
29096.272334282858
29032.03700596768
30066.71370410551
29760.82420436898
30135.092032846347
31063.04125960619
32158.439741054346
33376.06487909031
34721.18462537882
36205.533560543736
37800.84204532369
39322.004689812784
40444.858980954334
39369.847188779764
37452.37948329312
35287.05772874193
33185.04471387009
31202.85092690817
29318.268737492093
27488.55184178934
25663.62539399051
23780.54874686656
21743.25373717511
19685.763974915608
20591.614087849237
21361.59773870062
21870.446894430966
22200.552526378335
22402.457665603375
22508.72619854933
22540.922128852126
22519.13467726027
22467.909688152038
22405.12347201957
22599.05542518909
23367.91988875506
24232.493766672265
25140.405279489325
26084.460447900816
27063.520283469283
28072.49059436149
29077.76358076777
29964.96981205944
30473.71581021363
30550.173957122242
30458.742554261262
29828.23214588165
28916.52845349812
27887.83775612456
26760.21042677232
25441.181086121687
23699.537736161994
21419.324945147284
21848.87615499518
22574.678780018876
22737.32442835599
22665.989597643886
22592.08170331439
22702.53535074758
23618.57297693123
25319.201833722647
27057.253156881325
28221.5102391584
31950.55023405607
33325.22672598508
32804.69309409626
33273.65865499671
32702.903624509177
33071.501848610795
36883.282256158855
31124.179744274727
30036.99725992314
29538.750187447637
29935.83327334255
26336.30633657454
23793.96353800733
28484.3131789704
25384.396804074484
23182.04964822556
29712.722539556293
26804.29203258961
24923.27279007406
32045.782528049807
27020.02313881332
28881.871596658835
32343.085310514933
28724.596079790674
29421.80315828095
31139.55588619524
30025.33282474246
29027.45860074536
29453.09195880501
30263.21053763523
30468.381467807103
25983.9986717967
30987.366564278906
33181.89267341956
24346.459797426796
30990.5255916526
33832.84888034756
26429.568731138632
28402.614382333508
29775.642338888603
26485.05046235297
26826.268096077703
27193.443313378215
25893.358377870893
25322.20023745577
25155.9715323087
25505.991535495494
23428.253412468264
23345.325010483208
24969.66028287256
22235.525874763935
22259.932971340048
24680.081352326484
23465.092894985224
22763.55794633909
24832.062664752546
23963.202542251427
23044.053267112824
25546.80528041609
24666.068767600107
23237.182488427836
27238.39882017253
25888.316860628966
23452.86155043487
34074.93976414287
26885.574152164543
25219.365286034874
29048.92450623998
28126.69944412641
25901.65771210966
29003.521265701
29158.17410543807
28407.07958825812
29696.301805714003
30815.969273036935
31407.080356147297
30232.087883681404
32779.75612380459
35001.77233048824
29585.433507105685
35015.69834024961
39655.98654679362
30013.916572018155
34604.76990488742
38912.37009130708
30370.88249442596
32847.44980047275
35297.51203388131
29598.218229267473
30953.658627037636
32399.594195103236
28266.56542554939
29112.171848209753
29912.92076146075
26146.33443718685
28070.983093036535
27494.89663850508
26423.469821598694
27764.91483660555
27484.143745400914
27774.54244351438
28455.4441286761
28777.44774731302
28618.726480700403
29905.359327149625
29765.150472412737
28751.89678147632
32503.233349015238
29478.0594486209
26992.941123101336
31803.41067443651
27525.97881455677
24144.00390808113
24929.565682111523
24851.001205276403
20552.495990052834
19484.205217639457
20543.795399291434
16397.784201270326
14721.962389182538
16312.864738978695
10940.288261397316
10163.677898215281
12427.599996213234
34416.073204065695
30171.33462828675
36880.966855811195
30157.28217269627
33201.287320037794
31285.766954039886
29484.052740388608
33669.641420482425
30675.43173236727
28567.14818481328
31353.75686500669
30002.031219860513
30349.804865827653
32195.284373730417
26791.292342756653
27778.206771560057
28731.505885054285
24233.17962478244
26351.09751318185
26867.863201195785
23830.457895223404
25893.120959828226
29644.281454565215
29303.746941823854
29111.00689654896
26808.10558430556
25558.139929764744
26064.583940864053
24029.479900193608
22768.058562352246
23273.946388168493
22785.080175251802
22822.288275535808
31243.68864130851
28896.77902270409
30254.920766468305
28049.84405238505
26023.588724589237
27388.86377781086
25923.20207964915
23938.446628627582
24880.072726343475
23715.475046794138
23181.73541906775
35317.52231930198
30758.82025955402
32758.739051819066
27913.70786754491
27374.467953806346
28440.82943560915
29544.352130978594
26366.20349513572
27304.534919573416
24647.32213566317
24276.694890653773
34667.55913596243
32932.23742347816
37980.10899000272
29384.435426404023
26024.08674998374
27286.707352063113
30101.928384114006
31370.176600064493
32068.261177289183
26187.89496658339
24922.834340727433
31872.61059216702
31737.40316824375
32992.092736451894
30446.526222611064
29698.026152993792
30316.542620186883
29703.38267895234
28824.01063515742
29620.604905203283
27920.56342229948
27080.660153152494
29749.444083276998
30420.242444377865
30867.606558833322
29729.33989724012
30157.254583563692
30200.56621676564
30608.103094082006
29617.347642978544
30046.076633035
29823.486238101
28825.956944893947
26040.52580895699
28042.05263937635
28287.691962354253
28138.711296417998
30465.339641984465
29039.561179968652
32592.44810978912
31614.360768657265
31450.120466889217
32004.75863533879
30915.044232761
23673.846520886233
24600.07895027523
21122.537861742083
26999.204007417153
32775.128710615005
26606.33518159127
32569.838411213535
35769.83356204968
32874.404810212545
32163.902229068313
32387.178701082168
26478.883345577087
25658.40820863613
25753.64153504789
27232.18884193948
29401.469665530385
27256.60898365969
29361.51320008905
31510.29913915169
30921.454671308762
29600.844061763215
30959.824016457336
26566.054714025537
26618.796953529647
26658.900262378163
26593.980927317123
27585.27567422032
26992.022475750724
27060.985965831973
28379.29638823589
28112.598828795137
27184.11212254558
28335.26901089523
26159.503874582308
26202.88652192626
26356.40639511028
25558.404212267153
26080.859153295
26101.682623872304
25216.024596785635
26135.221718946417
26111.676437642192
25123.9581335709
26122.87751759793
26743.94985187654
25658.18960196952
26150.33259384493
24290.07649886489
24504.43543463252
24960.84372953075
23877.729875874145
24242.987767174953
24385.992813962344
23275.70090629741
24167.72508651116
27182.649671409763
24322.41744208839
29269.565059513025
23731.86044151016
20785.197524171148
24494.652021479407
23583.78752455843
21280.339847072493
25560.703043697686
22440.741268603753
23342.11559565441
25131.57113470312
24859.845514555625
25620.457979457024
24031.323618692913
23132.472127513614
23836.736904535785
23078.60749012602
22623.20117935248
22974.067887196405
22558.949694850467
22431.194435252466
25109.001992886442
24681.86663738216
25024.912205519242
24433.506401096973
23710.48679862776
24205.80773448731
23477.98178062932
22911.459447687346
23271.850128497754
22704.2251065881
22654.960087677173
25624.69087501804
25114.643009773703
25317.43198719321
25230.44706168574
24266.067173999207
24759.119335888296
23961.618977324215
23150.884060528548
23700.76885019597
22612.65004961929
22694.23423353515
26405.966471815344
26194.93581121587
26010.593682797484
26964.58314207974
25206.658279937517
25924.979539284246
24677.445209640784
23318.270771171592
24281.152794356836
22206.49186004456
22449.016693627513
25719.69253040145
29294.83285322207
26462.534671416714
29144.282537617604
26540.57168647074
28392.592707786236
25288.571911671424
23872.595611243538
25104.443384199203
21942.70235712746
21937.69621836829
27940.133684414093
30240.19172179805
27230.61637944384
29017.2551304418
27660.715906479534
29444.18557023757
27050.78878239724
25082.790773310524
26280.692109468844
24657.909488540165
23122.522034635796
28568.55013105519
28846.07659481219
28276.84429137272
29225.52600263652
28563.745834769343
28953.447581831
28855.831817650025
27079.295132852647
27886.567151101703
27909.274983029012
26267.689368646075
29118.898723457507
29325.129444846312
28856.812045698516
30289.113887459418
29922.138633282986
29703.632309147975
31205.828332630204
29843.60985802916
29963.07055989705
31397.38624526719
29607.11429424461
29340.847891414873
30028.95951707234
29303.573965538817
31448.984651748964
31786.062062950223
30895.287987174477
34010.93915765169
33114.39932464318
32568.187633572496
35462.7885467492
33329.821869366315
28780.31753514957
30157.61632578411
29160.73847449256
32101.389176411776
33765.125801351365
31869.02382021625
35929.719336782015
37111.745061187445
35409.50093216916
40481.27213004121
37854.17478408398
29043.401793930218
28995.48906120006
28634.75719552684
32182.966632353106
36567.088560922566
32005.86064728037
36269.215349800914
41859.7434955208
34769.740304439474
39930.49305099964
41943.02154933781
29528.39563731997
30407.15446482051
29415.163686727512
31524.78184394596
33718.5925478212
31948.12155246828
34164.34457577338
36976.83366749229
35410.72884734169
36004.58031602525
37840.972888012424
29143.062373379835
30069.101302027935
29418.48634131078
30219.239517820723
31915.547143004977
30927.928444293975
31712.09428443056
33778.81450712036
32908.963591476364
32960.45706837937
34404.17723677222
28281.904360006716
28992.230680927918
28753.833172806157
28577.440124597837
29998.78586671998
29429.971024748505
29589.90491573081
31119.98207461527
30588.11979595918
30367.94693524167
31644.656839632236
27215.987561012993
27354.29690171819
27754.938591424183
26576.676148529477
28413.187769462173
27644.897886482067
29029.83936155731
28724.474030808837
28892.069019226557
26931.30968425966
28965.166317000192
27117.181308579944
25384.519405414438
26825.082847924277
26745.768473961612
27921.345773787303
25919.492870093032
28297.452850476664
26859.423833674624
29699.25575482941
27358.474549550978
24962.78839834504
27586.75768618764
27211.460575951736
27369.29688363707
28098.569602903848
27959.223776185434
27463.073794169326
28677.709315482723
28173.40638006895
28240.83944556139
28967.011318451296
28365.230314289776
27761.027007637804
28230.11386124474
27732.438113765133
29433.349285468783
29110.697050980907
28736.092350917756
29932.16151308539
29323.951135263294
29279.258283725096
29694.575354453675
29408.85556494863
27177.238339365973
28889.511149082296
27592.079782023306
31294.61309813721
30933.982370269623
30259.79675482011
31034.353978173116
29942.976830329688
30577.189687924896
29353.678615787314
29730.922987303562
25810.557115472133
26839.39668297373
27414.189331420028
30249.415312689223
35213.470307912496
32481.149876728545
29498.200673147086
27813.791865863048
30610.230613545908
27711.43511409516
28431.973310310146
23522.065837974988
25894.97943970867
24695.78820672793
24676.773405936925
27962.548685491834
27318.169178349417
24872.38820522323
26613.55508718443
27344.49525835755
25126.323569134613
26629.069444107292
21143.978830078162
22314.46127550728
22259.698390420224
19648.43838079249
22172.586281432537
22196.8201628469
19634.29848786722
22750.973616966454
22312.205618541117
21770.053773497704
23421.61932247039
18182.54137960766
18919.83209691797
20615.747172691114
14141.885181020141
17248.450842792772
16465.02973239504
14313.759465334968
18366.122177877707
16561.20544063449
18951.995899996513
20580.084759371628
11865.1003991367
13392.530695704405
14511.830148108738
10793.021120692854
12168.744087132609
12444.891680697958
10404.086445626373
14367.695359781912
12566.598408455515
16253.109436640454
17163.189053092123
8624.169524615187
9921.266678506963
8390.209341105308
10830.0024919339
10477.720368901852
8531.248387409662
16251.65553795862
