24726.602237323415
19180.09832853506
32645.59467457389
37124.89966607029
23961.832889020927
25377.593919078936
26708.165191699933
27440.301263823545
28111.446488539117
28825.204830418304
28921.40532188926
28669.688896032843
27967.463999670832
26619.25016963883
25741.19249771935
28554.31668802906
30714.876594684727
32275.39326887088
33358.651802091954
34028.47983213347
34308.78837951684
34133.34446574717
33569.28494440092
33850.28698643872
34214.10313949391
34194.65801138448
33895.32217934203
33432.88146134111
32868.02437769482
32263.621289254228
31661.616399027953
31186.374364870906
31227.563878406036
30224.98369644201
29415.494083438578
28863.378237090892
28360.937181567322
27848.876575765444
27306.07199650597
26692.13061077818
25931.742630886572
24868.519495600936
23278.575164847825
22159.13377645485
22591.931978062697
23456.40012915963
23798.722354142534
23866.356703870042
23831.206460348763
23781.86726614925
23756.12626960455
23746.776829436207
23691.536767243408
23569.80093893549
23565.472475691473
23837.284359757476
24087.738308395365
24183.379275069277
24167.280516083418
24053.10850934783
23818.628977707187
23448.492513558413
22991.51570464758
22819.95670945938
23064.654625749983
21685.583242749974
21202.973084682442
20770.530529199237
20294.65053587982
19873.65907117492
19693.96412491928
20000.10959732479
20226.47062802143
20041.575041964763
19323.355017223603
18936.393826074993
18659.107044095308
18203.585848267612
17371.14365911863
17274.990352296874
17882.84517931107
18333.499951258964
19018.187403945354
18317.567355873456
17787.539914291738
19917.442672062323
24230.346141537193
25266.40937513119
26207.97207616945
29782.00144207479
34881.01108350446
34222.79548494794
33769.37974046146
32533.04527731664
31614.15307841983
31053.41376040776
29398.334813934853
27558.041796432437
25963.98009196935
24568.849181589023
23520.922345191713
25128.45083706173
26635.57664408298
28723.17350027094
31537.05159802126
35142.45556662118
39665.191243395006
45092.75034135143
50011.39880099517
48033.783495371244
42744.87423748382
37898.325231442155
33799.435343939644
30262.80111155626
27122.238020831865
24280.755256964254
21726.01080966362
19592.2868830451
18286.09796582118
17883.285070003512
18322.559255395732
19108.970946472284
19942.348014250176
20711.43734198117
21386.717813542025
21946.667540538965
22357.50130150915
22603.23701812164
22657.824662604326
22275.724266568406
23805.25222818064
24952.22468268663
25964.031108030846
26874.434768490926
27725.769011078635
28558.30708924718
29404.481099168384
30276.228658137297
31100.048515889575
31504.91906724049
31947.175579795214
33373.33364855906
34334.38577606801
35104.38811870921
35917.73938208368
36804.467139123444
37724.86949844073
38599.27602973593
39310.32043641674
39979.060294250485
41072.1856978879
41219.17957928016
41881.56165342151
42348.74116085208
42622.15117947692
42705.790367916365
42472.388087367464
41701.191830411175
40613.454691921084
39207.52609364934
37660.82756627405
35644.184492310436
33405.88216375148
31305.311562172672
29645.531578915707
29913.14076880365
32018.337413236743
34588.88238395269
37377.835188168916
36695.281921413145
36941.73837960685
37824.99079565776
34240.07413415083
31618.395992209815
29393.776533734046
26495.4195846117
29987.9442415276
34024.136602157996
34643.180957288016
31261.27909721675
35155.78472497267
28001.054950451347
32849.90335555856
34829.55357708272
31412.494833381592
34278.148227824466
39080.06378239198
38318.583331129645
36080.02591524516
47978.850137150795
46174.64891332511
37731.96706194297
48903.352150692896
48106.80981206129
38673.10529063541
44899.152655951715
45763.6568488482
39459.93783212361
44180.11865013323
44714.91512677178
40316.59621077765
45861.944781425605
44935.03940247261
39877.42650706473
45217.11157758995
44070.13184051733
37698.89940969844
40570.294544263525
40385.701509923674
35438.959475109885
37101.92318886914
37545.41122210964
33317.82645345399
34586.86963075756
35527.134950651845
31041.280971150874
32208.230638804063
34983.4503052904
29398.729285736437
30422.713585249257
34084.594900198776
29133.543443697705
29833.826288331344
30645.899389354054
28472.133354754835
28942.662052073698
28967.13910473792
27962.452955257548
28416.316925159896
27727.947105980355
28275.28681089653
28630.526996922294
26566.306858291526
31222.49917671676
26537.63556973487
25209.702989163976
26405.223753078775
26369.710899087986
24153.29508206196
24416.74349151202
24016.433493077053
22763.712710796823
23516.149132640017
22444.90012866046
21114.44739699373
23553.757980934824
21542.927005503356
19029.24153562302
25418.86893201904
22345.27433184922
15908.301868731916
25228.455868214107
22727.627595935905
17848.74521781222
24497.38299142551
23904.991493121277
23160.121926179745
24589.853838111576
25931.103754612053
28087.910105330175
24058.537313377637
27206.859390181176
33281.6710133435
22351.15535803824
25905.41758299123
38514.425393392
21421.134352080415
25195.741418298636
36314.07979475592
20665.12277265129
23412.67143373302
29559.448767254507
18347.464308971634
19347.102015371514
23993.9669250818
15158.573857225645
14349.037114894745
20868.371856602967
14603.568324042402
13902.134678573897
21245.921454405503
18579.052565011934
20887.22889534703
25338.35051706237
21199.67946684317
29512.17225762718
33382.75697725013
20936.439215796683
34747.6917273334
37680.74170397118
18813.452602238885
27354.48559038048
30580.336886049685
27314.539458855375
30123.69086363726
25990.55277565406
32064.17225159886
33198.314061373705
31741.64285514497
35764.681801644794
35519.85501655067
41320.26549958663
34188.90324603851
35842.754530352206
30928.127802641073
30720.94982769084
28789.575006249946
33156.366936967985
33747.564713469
32579.50750743337
30832.81165826077
31640.300436239697
32914.92150281428
29815.202157028645
31627.45127038155
31103.95513389331
31926.49194709651
31792.92375646045
34366.8174723409
35607.39141016913
33714.36853764501
33084.86683714451
27807.553079058496
30847.871412907163
31172.351945098962
29667.044513662433
31221.286748327606
33462.00156155377
31149.842825970256
37178.86561240528
36312.06015244662
35401.057422013386
39387.35585430082
34764.070685165854
35845.98326822753
36821.75234200216
33896.072917136524
30781.586327929035
35249.23061020513
31080.844017687115
42543.79625939086
43036.48204740786
39655.655712825246
50233.453330132994
42205.43366142938
44007.912687261945
41127.853672033794
39521.646613730234
32431.280827820945
36401.50788705573
31513.811833455125
43784.13531165019
51074.58910552348
44661.07878710275
50884.11496805051
48716.644983206206
55394.593827341705
44038.68866472087
41442.31621807456
35170.5363414314
38282.28078589136
33983.875664078136
42182.708800874636
46459.23524076311
42825.72282308489
46131.25176391397
46848.069706460665
47904.519259486384
44378.88869518724
44581.360915552636
36581.75047777653
39038.175688618125
36004.449245601994
42181.81405599693
44189.94983764425
41966.309368631795
45030.47547156194
45042.5677660704
45235.599918302774
43639.957909804216
44001.263620911515
36765.647647037746
39901.95048697895
36868.248941564954
43754.394373650925
44799.570269892574
42786.86228769993
46712.22611984318
44693.36315904096
45499.98443865361
42063.45997077177
43154.21741421863
36261.98356139397
40342.83546714976
36194.45675536257
43527.441011495954
46135.54206825184
45216.25679417216
46423.80527041407
46086.59724907308
48804.603389377364
39858.43437645241
38514.217879986434
35835.97760369317
38851.83421086124
36262.903435429515
39413.447417445816
42864.6036902782
41302.64679058903
40897.28815564045
42060.30576757369
43270.33119468962
39449.38769158395
40255.14797793548
34416.6395557581
36548.518824167055
35179.16076668841
36381.90163532655
38672.09586321294
37787.49662421864
37507.04576169216
38866.93908393588
39026.25977332121
37274.29468226999
38361.626999236534
32743.5744715357
34370.242700972354
33599.5220718735
33956.323967910575
35771.98943643676
35121.13420248522
35148.919916012404
36421.479957489224
36230.06903987775
35499.483955048905
36298.45227586203
30728.880038757474
32238.9111081681
31823.112197470156
32025.274283175135
33449.2121557853
32868.07704551593
33020.99351938201
34942.051686181694
34180.27541401465
34851.110425825864
34954.962806901494
29187.779932748308
29375.12694841822
29154.89285924143
30815.833800977067
30680.354332335402
32407.15522391299
31012.137754645453
36527.52025879301
30618.27775439054
33709.49420810485
35784.87798241089
28928.739656442125
29386.049968525476
29202.05420375797
29469.853612690196
30241.36463148309
29902.82728304697
30268.17821600038
31912.252270246503
30908.791853692248
30634.546288067228
31896.974790421067
28151.145834859515
28808.946562944806
28558.74279109001
28752.639777774464
29372.641026043915
29094.43448027766
29017.703741118436
29722.136032754737
29604.36243961116
28799.78917640237
29646.05534941458
27317.564511847046
28170.001106329342
27736.009423388477
28374.66093507027
28608.850447625577
28487.722021375317
28152.357076493954
28318.46157293577
28535.521733123533
27269.589458019458
28023.957324904768
26288.41304779235
27938.78673568501
26870.87862676314
29205.82723905821
28421.723042059515
28537.223858150835
27606.963138253952
27158.850126001387
27862.744977251805
25625.227322837753
26483.856670182515
23400.62407520615
29360.250638445956
25191.26452002789
34331.376702929214
28676.10261832794
30875.04449151882
27264.68934994365
25927.559608861135
27273.3490997442
23721.219926020756
24696.338454635417
24674.415689688085
28385.901104318476
24393.723825731628
27102.912989408058
27531.54916065477
29769.8372743544
25243.07863688439
24730.607233257717
26089.648599440767
23220.749246136907
23513.747049885893
24165.163459433916
25212.489572684994
24466.740250435694
24393.250135302995
25084.120537645966
25480.61557336531
23405.846349822124
23495.19485294725
24317.779095240345
22244.894254386774
22803.07952424705
23716.480844098445
23866.673458548456
23897.54200323696
23091.984861442146
23150.512086104798
23623.153474388393
21721.116932014538
21974.55323439145
22544.340005257036
20760.872433715085
21560.475899496683
23726.637286601846
23388.41336649054
23656.463699023378
22861.109704612267
21897.04160465747
22801.60584386711
20052.99980200455
20153.960691478434
20906.91541221596
18753.114596717704
19832.464338455728
23522.358321679483
24139.54066047644
23846.34969557863
25022.691181621434
21543.576998285975
23511.011061162993
17759.396394015846
17613.58521096
19075.40058810015
16399.377829961846
17539.50853461574
24123.811709240752
27057.50067805042
22370.19330466324
24965.995944372047
23837.6049973983
25994.061297702287
19419.494452211482
15248.180495296374
16842.30015393931
18238.174676840845
16298.208345414929
24355.040292467605
24649.861981650087
24349.03262209775
24373.043746909912
23066.907301073294
24321.96966393194
23358.21297752871
20596.70413768531
21474.332388666557
23505.420131677813
20796.15303463272
24228.30363524704
24540.509210974516
24325.16295050176
25154.827647709742
24922.919938308863
24743.914251883143
26926.156234266567
25622.56169299776
25172.535588727853
29266.00756144565
26306.621439381815
23469.634470935925
24476.503755235244
23978.610130236466
25288.88868494771
26760.631557136934
25393.381586388838
29947.553777598296
30629.152484727063
28569.584243413457
36260.73231664172
32516.505029842425
20751.905337415257
23257.882002537466
22560.071258534892
24105.50299429828
27002.101670718235
24774.539836910968
30108.023362066695
36011.035302054974
30713.251193589385
46918.37905025706
40858.738551626375
20590.135392815202
22198.495951453777
18529.288345987374
23036.20315459895
24786.377474178986
23602.829333709476
29373.709916824235
39067.928407133724
28710.1899576709
43000.802991162236
50581.26946934979
20458.044322140835
21239.5628593417
20815.71665206103
21600.515859729705
24714.24209375106
22518.798755885844
26162.144419088865
32864.857814275376
28209.520276873474
32825.479465421005
37246.578267655575
19042.002064229982
19669.121936406802
19807.801770461476
18328.589762099873
21560.330135623408
20186.47562980824
21371.834103043482
26569.236272031667
23793.98160301133
26593.527109658382
29326.1745711765
18530.78974399878
16820.519362272178
18409.87199934299
13448.60557076092
16894.425083322407
16087.300145835328
17136.204433274233
21994.66726530018
19081.920482033438
23932.699036614296
24685.152374578658
19199.690404728542
13003.357510920168
21478.029924316816
12685.343112560227
12355.829866392647
10950.882124295958
17107.476857799193
20613.91898376917
16056.735446345652
24499.94102791178
25669.883576544467
18665.871900676302
16684.016281481578
18350.14414162756
19230.59420361538
17163.623016697846
16025.343262224109
23165.01074169793
22684.81996707257
19693.76751953271
26811.656419817104
24924.929632592026
19161.774271233222
20200.880461780667
19093.460638106517
24820.582558491755
24950.933099168207
22229.547194515344
32740.588307553262
28992.910694969218
27461.130410445225
32526.17228413936
29495.6314164413
18714.853206486914
21113.488690706894
18926.77537429898
26136.70556729652
34654.12429555924
26169.892036907557
39226.528086085826
37168.68152398788
38966.31579663147
36411.97890975812
35765.49301505356
18161.054214839176
20511.437536889123
18551.779582103336
22148.00256443128
30320.155670518172
24704.471303169958
29596.957570810046
34721.536431891334
33888.55604491518
32806.08175708355
34585.2987897261
16443.28626118845
17983.23286000169
27980.097732277995
18858.69361343411
25776.540735363647
26169.12181674925
31517.55009668588
