16183.02831025493
51494.15707295859
28029.32943196945
21187.101790393877
16159.400449152861
15864.470869155035
16414.864749106528
18194.919558880127
19070.81129575601
18697.613747384632
19323.742980409494
20480.96681875061
21937.201547878114
23717.529362125904
25405.433139133413
25804.55484358241
26380.80725935161
26976.92392335318
27461.473501014032
27791.05707426759
27935.33526595515
27763.141631026796
26702.75831035344
28147.009730541213
29652.59617976873
30725.27591281459
31693.99922678357
32646.414952585474
33622.8459447756
34653.171257844166
35784.987535428176
37197.492177984146
39281.07933076673
37548.208429619204
35307.39011117794
33543.874020664734
31946.346964183664
30448.639429847823
29009.54937393661
27635.975227000206
26337.458462112296
25191.545305794723
24348.734833035443
23400.411913796976
22807.00822967942
22089.429807877917
21600.303051307223
21179.11298410546
20730.949230280774
20234.26325972626
19676.561818237536
19064.9475284948
18362.79239641937
17547.110406716372
17387.92063805383
18622.362349304
20033.158561377877
21410.150974014483
22830.601905677224
24325.614913726386
25952.864790171905
27804.449538383407
30068.255639056686
33122.0264976715
35522.23514405987
34084.45123843658
33434.88205201108
33450.41068614835
33958.13738803654
34967.756826221994
36582.75709985355
38943.663010691474
41859.095859247594
41529.16996415645
40420.299068847904
39954.31970983468
40040.28635766926
40631.664818266574
42050.45519107248
43871.02886397057
46335.243126501664
50322.13588869151
55527.59110840582
45861.187201726025
39290.842590018474
35529.954866851236
29484.599361054563
28446.94167353776
28692.973059238684
28075.25323405734
28761.03517200159
31985.79762694363
35824.71219925292
39615.96119128946
40225.6933349133
37343.71232381186
34149.85723225843
31105.994327491404
28541.884145406337
26576.707587484787
24858.024776313094
23917.34206142348
23147.266065299664
22755.068842684348
22526.932616295533
22319.180540255846
22055.301805813975
21649.73048707945
21188.575063623943
21320.54425957745
21691.24030951279
21921.048979118284
22067.561515695223
22172.909260210618
22267.682497121677
22403.53767266913
22703.267555093193
23454.360993248993
24985.62950932235
24151.52586659618
23190.253273148875
22907.24172861678
22926.8569226929
23085.013679830743
23317.400096145706
23600.598697389647
23912.516757471338
24196.90481374763
24281.53510165486
24182.094849053006
25229.878291435456
26106.361253659947
26772.386601781323
27394.531219603337
28010.522932055665
28631.597411430615
29244.700937976642
29839.785672874437
30363.485885020433
30491.67514290744
30361.33344285073
31428.968888284257
31795.384622457845
31961.85172016183
32092.702622926074
32208.78294155906
32315.57733598422
32426.83294134168
32583.171560969982
32838.98649220952
33042.88831841223
33330.47233731812
33656.857538643555
34129.941079663564
34734.08782579392
35488.55137043213
36449.2507544566
37682.35549558583
38814.78701278491
35232.73290610398
30540.69582436476
26581.06468510987
23336.661568081763
20781.20283701466
19008.45943371425
18285.85134492004
18617.295824299494
19784.672134055407
21643.93458961312
18188.527168517594
14933.365764280761
13363.653333606406
12490.974084200874
11862.248913561005
12263.133820922094
14076.682926149067
10824.108034785413
10676.266422331204
13544.009856851291
9469.27161857054
10511.27416897061
13534.713470320992
13097.872476492259
13201.830294110852
16357.354331041734
18049.202848786997
18501.020947256853
22141.036544131475
21186.548389203836
22234.80496704857
28743.075483135075
24943.174849521052
26764.386615031013
32551.60790332397
27828.29635567478
29858.389407572216
32992.09550493693
29424.12883378754
31188.76473823763
32813.07690036604
30835.963460731677
32347.15798205375
32103.506671996558
31748.147206175825
32997.930803163654
31466.723188590462
32159.719681958282
32752.84756121018
32531.4339674855
33080.15318817623
33044.73768965311
32680.307801300813
34243.37604239097
33436.88989778989
32749.605104454487
34705.29386837411
33209.81940727144
33041.33201126804
33571.538022053195
32263.335994834975
32791.08130779948
32516.45154031804
31344.136046151616
30622.705950108102
29899.385533441833
29409.29366378252
29044.36298883773
27119.93754741972
27284.35913429081
27556.02076044043
23893.00388133531
25326.51047855876
26559.401406185658
19240.08249665508
25825.56510751661
25449.01741242854
20944.524292536145
22515.716029467458
24100.36072733888
20843.629533658663
21522.166238887818
22648.247728143157
20036.78263423718
20520.77515857225
21590.941144360382
19008.531760717855
19441.595398900055
20354.008252616004
18113.208932614238
19471.4303589263
17680.37043380146
18797.686619672564
19376.966372804454
18520.247491343303
20595.740381164404
20249.36062046824
20609.375940526614
22647.639127856128
21535.843430643137
21428.501134589107
24541.27282796419
22230.077959305163
21744.151783267742
24981.919848740497
21326.107011697924
22863.24108744828
26903.688402386804
22655.557205832927
22603.70756963282
28468.584527946274
24260.508284310163
22489.368324661722
29495.424121009335
24202.502025258367
22111.173018043708
30996.33906102376
22951.034000418247
20546.83675544007
32743.429173955963
24524.11363901802
22035.549734984128
34729.2615497128
30368.77505461743
29804.327131482307
35942.22614162414
34986.535838422154
37863.71956370067
37342.21357358985
35547.92325079242
41318.826817409295
39473.46716032622
31834.220651438707
32459.9650126244
13092.190550377643
10780.584945133129
13401.48634993453
10132.495230916466
11551.196333851189
10393.046217786667
11752.182798333195
13268.034772213112
12245.024691596058
16672.960705048117
17919.70237509068
13704.466028768711
10427.4731081581
13155.160850089349
8906.761496157027
10288.973926390117
9620.14225919023
11507.437970953415
13392.206174705909
11526.91863724581
15521.77325521506
15893.70416006404
15689.788057201098
10208.168723177942
14560.226158927982
12372.554315957705
11462.218757737843
9648.574822811537
14549.407203812778
14476.640771565573
12436.373062847171
18458.514634376297
16327.529186404412
19047.63697361909
15696.361310827544
17299.332782597456
17852.32963000412
15767.603534762684
15185.236423630602
20016.685593472568
19017.956432830266
17132.358634893222
24486.794375277812
21173.095702872877
22165.606611366526
20065.981529154287
20698.326643155775
23536.334343437215
21001.381840659367
20350.152015340023
25873.72565910906
25556.753347795395
22909.22657207539
32812.2067254876
28394.1460645031
25021.190294189477
20784.96699091589
23958.22416805379
26526.992060309763
21485.902695566867
28695.753074717766
29540.158316581554
30342.732591418066
29682.47937907775
35806.34034892357
36414.66563529298
27274.119997102327
26666.59814314769
26313.39980696685
28697.240524863584
28736.5084189645
27569.378879491112
31343.764351220492
32939.092739650514
30630.990372096207
34495.45828506115
35103.73666419091
28552.58891943452
28707.10369918813
27992.073279402604
30314.992505429836
30615.77069106113
29588.40540349889
32016.35360787378
32932.446229232366
31758.644724187274
33559.40498997124
33983.62051144151
29689.361672173123
30099.39286933812
29036.253387314107
31670.843643714616
31723.36893698623
30987.742834011944
32470.58159891097
32608.980882207732
32215.984086808778
32829.254014984566
33161.03409292239
31028.278360127937
30987.258283887262
31910.387596963916
32486.185633107933
32913.600853218966
32386.462164001055
32893.79119823699
30136.983305642007
33542.95816879311
32602.562994636166
33387.55712532708
31494.73261645451
31922.31790445403
30957.677910542356
32585.1590914832
32789.526831726165
32499.614315338906
32686.358004711532
32306.22619565676
32646.55498760021
32461.608903091677
32431.353307441957
32911.97644230942
32568.17659739362
32169.00735501821
33123.884899186116
32858.923869559585
32801.44171217136
32883.6933791574
32623.19475001854
32775.168790135605
32453.41201959172
32468.154737065484
34518.69437044578
33660.39732120298
33706.47221943711
33889.70441895836
33261.41376713538
33505.35918625163
33024.41243986546
32722.061759989498
32985.120607410754
32421.898865328476
32430.21401691596
35705.50382383523
34731.37556102272
35263.19348946975
35220.024443464885
33481.404898505796
34317.35719364701
31983.329292504342
32789.292189680134
32849.97981687644
32935.718588734315
32508.240427414763
35226.888552379365
31891.589938204197
35790.84771548283
35660.09625355832
31855.85907263699
39290.59937546674
30536.863965417484
34375.85263925404
29293.44195866363
32765.776414956956
34426.85265767662
33061.27910847045
33582.16127512031
34356.493065042996
31980.46242887191
32057.298950796743
33249.00084376771
30845.93762122136
31472.44376094667
31245.414079446942
30328.70285510801
31265.121634256393
30188.583764425082
31237.22448242099
31634.951418728106
29635.22454807841
30426.065261990123
30826.26278952248
29220.143816508542
29833.5590054602
30089.02361897482
28851.08641003944
29567.018881468408
27323.374507871216
28534.094866834635
28754.284648874724
27118.675803645576
28349.903785618655
28400.85890540662
27471.411587422474
28273.212553625133
28327.08114409924
27511.812443506533
28162.004961111626
24478.531756867687
25610.581544469118
25886.188499838587
24217.410137167877
26249.472468709268
25756.184604978404
26226.432204988105
26956.458713600125
26729.52466122553
26438.8606935038
26925.147448057793
23139.260018708235
21750.587708634575
23344.992130030398
19680.139726233872
24814.442951094385
22279.893591726093
26127.718082901498
26354.332317904387
26109.28387500868
27325.41101068205
26164.166360278952
21426.130112667146
20342.139093096746
21843.88063812477
21340.739599023364
23405.970883366936
20901.68047841036
23550.647037349063
25112.590371946702
24755.114333598398
24245.7572989338
25059.124326692858
20904.03094280636
21035.766573253903
21195.90186489446
21066.748294483972
21993.87346134508
21318.78651608097
22094.143407905307
23282.74135143002
22720.237357989048
23148.687352019588
23646.75442759296
20041.682137849013
20486.397448148302
20510.165904923364
20203.002474090023
21045.09997097033
20672.33928952111
20989.909478625006
22110.68202163805
21535.918132468545
22317.075467828145
22713.03491808537
18895.240152209546
19515.834115320096
19488.776569443893
19238.41381517714
19980.592369456182
19695.83079932289
19691.994014854794
21041.89674858733
20385.790988560726
21553.203305244868
21939.496130836054
17743.697931875322
18535.951415272284
18254.169871192258
19097.350937258863
19096.3028557803
18983.509063347505
17575.788587049552
19353.433721354817
18817.935090123658
20976.89290131503
21184.00797429419
18512.445656039403
17732.339183548273
18235.980960014527
19355.794550692706
20640.625924970805
19318.587298642597
18287.061870544472
16423.35941382978
16600.906406062102
20943.08943148201
20990.828945175526
20910.831508963158
19644.085222531652
19677.96661667363
20397.64590535987
19615.35171376283
19718.95878026608
20241.545158603152
19840.083750989023
19410.48656929637
21416.36245186576
21166.61914511557
23458.58568238363
21615.819906385637
22166.535789710844
21988.007734566563
20934.694427303057
21199.46581220378
21350.392668158158
21108.259950814085
20878.569968115647
21727.94261689997
21608.311198123396
26216.1716518695
23642.21317422418
24802.730141472475
23174.396794725395
21998.70148313277
22667.149438644145
21805.13387664063
21625.603322061866
21664.828909775966
21778.362006327443
21777.937000607122
29385.911245585914
25206.06416640544
27717.619595755183
24210.58346191705
22123.464816918742
23487.18788968103
21285.006571754893
21940.752643345426
21729.835928252982
21600.108355819495
21766.020211110197
30647.257910756365
23896.109639369628
30973.71961250815
24899.039420309364
20403.59911423202
26067.530833648452
22118.549441552226
24491.098781591798
20867.243060451823
21960.946946951888
21071.839795352804
31072.612718473698
27892.059719239307
30775.823798510264
26101.57753100805
23720.65800674174
25523.47408441701
23086.829015076884
22427.593469787942
22773.396002329944
22268.88858415106
22147.931774697492
32455.185493834942
28955.41953163322
31605.72861773554
26596.956639475924
24412.306583594403
26443.99030254659
22661.66936252141
22423.84742329498
23070.958422612224
22280.73742420918
22314.13234321169
35686.95574393853
30182.37870234921
33753.93279757789
26887.74550225202
23643.172849386698
26661.740909884647
20056.31915630739
21485.297994845787
21739.955201907254
22830.048344249364
22292.672255407324
38164.60561093825
31125.34209277176
38467.23458776783
28766.090194410615
23360.617672296252
27862.067844288118
20742.415847100165
19491.98057873016
17218.119130587456
25740.123142925106
25612.789718288856
37525.444092902704
33845.48698795712
37578.881722723265
32202.525786024806
27300.09959452694
30340.69883713629
29544.786135559218
25863.87201024907
25453.773470712535
30580.199402133196
27495.906096798295
38044.22448884101
35490.05399854599
37753.53066333248
34681.24437099769
33053.01398683583
33794.53854396374
36570.04683061927
33801.21295904691
33228.05402282131
37973.26794625591
34210.088704616486
39478.107200662314
36474.099662731474
37981.26373721073
34770.84616689202
35651.614719185636
34387.80052841536
38884.687680775096
41956.80955002975
39356.066578975326
40061.03894806524
40637.652872025574
45183.09014536262
38585.2435585281
42475.54141924066
35879.25090566633
34534.44787022726
35708.7809582309
31583.803565913415
36501.06763912323
35385.51611368295
32256.064209712018
36458.61386977779
37234.36500961511
47205.07585003778
26364.93475944127
39057.09912790647
30214.813566103083
28909.33040372242
28774.364846877586
