22513.25407169333
31921.29968311494
35485.26548073694
27013.041722826427
22102.935731208076
22435.318883492153
22842.568481564467
23340.74874825152
23801.70847839615
24186.02254475482
24657.653538871746
25000.138514174563
25165.2376118549
25142.45780789982
25744.441309114132
28352.624520846894
31150.70019780675
33922.18456362375
36726.14743339723
39597.36228911479
42517.399676928566
45262.49307715763
46604.685843813546
46962.78291502309
45561.88361065867
43600.03530043537
41645.7623396145
39818.127847917305
38156.47245006193
36676.15156951797
35406.89537681855
34457.36664668274
34599.66698218991
32844.51792750027
31798.335969059764
31127.342746214148
30622.56682216474
30198.292565461576
29826.835574655037
29482.03485566208
29091.903809146155
28485.42360294648
27201.14268601699
24861.580107500078
26483.002775565925
27019.329675663128
26896.08475947597
26577.563692318327
26248.274830129154
25983.04701378855
25818.041397949404
25778.000325893787
25888.971808420807
26218.77126856132
26437.04561012877
25690.18941484636
25160.17285363287
24749.268698297812
24381.13610229206
23984.31663190044
23466.377999993652
22731.606683008184
21663.910613516975
20141.418681437426
19009.550040699734
20193.299506166593
20836.24012324286
21057.83890433405
20969.950195322537
20666.29487531828
20237.074351869407
19748.90278697
19447.25529419353
19949.897628517916
20900.46125909717
21863.648480261636
22742.06835022779
23537.289901095384
24497.583584704073
25960.767848115578
27880.479409298518
29638.854316178316
30676.921357954416
34555.336216530486
38051.47630665476
37948.8809114003
33168.298676931685
31759.276671822787
30527.24255495434
32682.66138011058
37193.51783211976
35718.31060825979
35154.74210367246
34583.092146312105
33060.93810276335
30588.59067329503
27761.397196104306
24987.552053370604
22309.61927779491
19644.421304575968
17876.310619072498
19614.40433942729
21166.725878218083
22649.148615364647
24113.53544106381
25526.287334532026
26775.093471007305
27589.28963682313
27593.605443564207
27922.60402952578
27742.27800895887
26896.279617981672
25736.598189059652
24442.275997428478
23095.92246626646
21723.020533732517
20337.958274652505
18971.380192831282
17723.6230085118
18166.65514372398
19149.992846602883
20147.140488616253
21080.53410944039
21937.66013416861
22712.80556076673
23417.087569433592
24092.28067452299
24880.89479659484
26123.233007283834
27250.835674216705
27088.064640153563
26785.42952556855
26955.14572054069
27275.859773662734
27600.903974810164
27886.14927477425
28120.237229190483
28277.307353498145
28279.743341869278
27940.99181409835
27776.802503813036
29075.728992450066
29999.6507023729
30660.782583211418
31152.729181273466
31494.81113162172
31630.15895188685
31457.609773516953
30796.266655618558
29443.78636562768
28622.102762775285
30327.971007246633
31484.849703166074
32051.35321380982
32262.326712880436
32247.706236963582
32070.45291147258
31627.247797880995
30114.25053711364
29028.439204454593
27073.028004863743
24783.879006953677
22488.422493174116
20290.45295002135
18624.02117507951
18832.23165478259
20921.520924290122
23687.258555839384
26702.024829552327
25955.306661262093
24703.948603214623
25028.56217588621
25006.66011745903
24114.767127887084
23179.93341570761
22558.24011670011
23175.9799920608
24449.765565097638
22688.54071792014
24469.66475552201
25353.47910460632
20104.539259146673
25079.438975307046
25381.543769107597
21731.887008181136
26269.036809818863
27102.451733194437
26029.69667286146
28391.14337964632
31561.90597672025
30985.000081038448
31410.279453772186
34157.439571578056
33830.38548829616
35679.7328026809
36337.535605598765
34950.367830809504
41079.19724325752
39915.429123363545
36366.00833080905
47390.52109029415
44003.78555465394
38456.03760610183
48896.34688319446
44681.9529877358
39330.41721800304
44212.82497340019
41489.695597672835
36600.351155782475
39567.14472811269
37822.389997577564
34794.26520261704
35715.2137491887
35010.21430098529
33309.772954927575
31643.95777197169
33562.44077888172
32701.865978127564
29439.334822923585
32631.852646978004
31791.300907038105
30094.391483969943
30253.94965071144
29778.349913211514
29929.65114477387
29429.208813476485
28653.345613021425
29977.570672492388
28936.161603861743
27554.77682604939
31504.17335728481
28739.58144910948
25267.71423011275
34503.25033575589
29736.529838854804
19784.929529034467
29724.357627838323
26853.00641281883
23416.316045748747
26632.70267976572
25180.30573997779
23615.109638693884
25147.868887480123
23729.789930430274
22439.29032382226
24369.709675472455
22407.01345178807
20883.60302021532
24347.938651618584
20694.075927569756
20013.57132237049
24229.4021678228
21494.803519862464
20383.521585116116
24337.194604927325
23458.774773538804
22468.31229983272
24923.121515844417
25628.002476996044
25354.72700843893
25555.18851291209
28630.335987298284
28867.795507789288
25317.085295853
33288.46715377676
33423.48396270097
24900.72178335663
31351.632066623304
31695.80535793132
23626.362417380824
26489.569699780463
26970.957542967975
22028.955870403865
23641.3744940105
23659.894367742854
20715.356052190833
22789.480594657864
21869.555766609396
21030.810418200486
23488.573899043127
22285.540408074976
23090.12530988085
25291.63470344157
25869.147740961962
25280.142999084102
29137.384094430483
31071.462014427714
28154.211666313684
32733.65068967422
34209.40533980444
35242.96755441121
33285.440124434186
31865.4901489051
22504.650589398985
22859.472580845195
22055.09799217524
24032.568878752638
25219.054975259274
23877.648941618056
23761.082412068125
22885.861621671986
24833.961605710163
22930.933734808128
25159.54291373797
22562.302992618737
23671.967010401837
22866.249283141868
25212.60585418892
24464.234596134378
24453.826974312058
23457.621922055616
21387.88974498397
23246.626492425763
17488.12585784789
20388.918410042836
24303.244267532013
24965.686108637572
22974.77801797039
25651.697455400135
25699.4791513597
25619.102163147974
23924.739631867917
20171.379831944792
23690.74417314312
20198.662771361986
17342.482780913968
25487.096649607665
25583.962256678198
24985.356158944258
26940.725312079285
25900.369769924764
26040.63151355677
26690.942902796156
23774.15624453604
25029.421337843447
25350.318780081114
22790.217009749325
26050.83825487777
27149.775100515963
25870.096776343467
30073.829299660018
28875.953590786277
28334.077080143474
29965.032320070877
28471.2539904276
28603.677958219305
31583.27920687767
28105.282083439724
29397.63036485457
30350.237633661764
26545.036925156604
33134.964819021785
35156.94104597434
31285.59607963006
33450.75689561019
33067.82596158661
30148.50304679324
33729.61810398541
35297.38938107165
34799.10274925539
33392.911405498024
32094.10784274585
36270.69729937413
34998.021651462106
34514.84307753546
35848.99925655944
34388.304583267156
34794.509024159364
33716.38375111968
33551.34753148952
40630.85090659958
38233.88846444471
37617.14243664113
40839.26974947889
37978.857211344926
38395.13308326469
38396.088442010776
35613.96132954667
37015.11563085441
34103.243532597604
33939.95993535977
47646.116730606525
44226.32107632096
43910.219250740935
46338.06332838573
42050.06073410205
43545.51221425395
41820.071353106745
37236.47108756895
39985.23141781528
33646.60416932794
34073.7607695377
50479.33066873303
48002.43301516657
53360.07779325735
48083.917120177626
44098.576742703066
49876.314968040875
42801.588225477375
40860.783259946285
43766.769174481014
33095.017231907994
32332.874502047314
44359.36924859656
46869.51181553233
47034.66961083076
43193.52248754815
43452.72391859693
45599.10420052547
39264.06352997184
37662.14836719513
40943.01350549109
33797.431355072375
33756.604369184824
39874.780756686
41756.11974603429
41981.89343760707
38873.27168951041
39560.76512638826
40917.334944633345
36436.690705759174
35674.052730426076
37763.591753515204
33074.99474943697
33528.08651938425
36207.70820212462
37587.89102945108
37965.96031897277
35354.61250312686
36308.32976728361
37039.111841143895
34380.05969736019
33981.46190654072
35288.792146604304
31969.083515769402
32541.67121330425
32909.50415443839
33789.08822757265
34527.48472636643
31596.7980532317
33998.19259871669
33660.464279560736
33809.92022091179
32850.872176681914
33828.67635644967
30846.596432559563
31407.903235918668
30924.156428461472
29852.60425189579
31698.957452403374
29104.15875540068
35287.608163358556
27799.859882185872
32814.74496925573
32795.65683139105
33729.9336830353
29871.74149192276
30582.26466898938
30536.724210259126
29902.74428987577
30721.98757536306
30041.42306901584
30984.643102825386
29987.323918434777
30238.53079866892
30631.832853032676
31290.21449894115
29024.45260736483
29431.581056892494
30089.076801393134
30046.150693954445
30314.824215619836
29715.744251130935
29780.853801237943
29890.337173255193
29063.355605144872
29157.675545073052
29562.933711088066
28244.32762391877
28634.699854105034
29849.76357675749
29868.178875089634
29916.43350230261
29661.215677652464
29150.990419244758
29607.8065272959
28124.464215818007
28155.74126046751
28622.526287812456
27317.8904179597
27821.227974655045
30202.948827493277
30434.689135655124
29936.323255823154
31061.432328360304
28789.47358022925
30035.29981252492
26194.467529304227
26683.320161497322
27417.05755323059
25942.80480847925
26685.2684545562
32297.388982953806
33437.182820472044
30645.33691457976
37201.029442906314
28923.030538843184
33351.11238187751
20481.199151819754
22897.666953932767
23926.587936569747
25703.438164555384
25407.31509895359
28584.025140663907
32501.921766086103
29816.365324135753
29185.223664411795
27968.770137268843
32357.403449201596
24344.98185930749
22029.449933087493
23052.588219786212
24050.338709098818
24468.17600423182
26738.82474810205
27858.157096989864
27557.822767978774
26085.342393454448
25972.02256804448
27308.000195833807
24246.867746051656
23804.96105184354
24561.969530735667
23381.23542532845
23791.579920441185
25652.066755493055
25776.341964030442
26113.34656866719
24480.259899423152
24436.578155437892
25192.44294128348
23016.742049631917
23115.629812149833
23686.294895692216
22076.60304373632
22797.76196027485
25179.79887933932
24682.852529101445
25340.637253626464
23395.308170215438
23057.553726695958
23889.253498147664
21576.456177269185
21671.940867721038
22294.286127621148
20348.11582896218
21247.955422011524
25123.14912746332
24237.146403965133
25160.984393874012
23019.65089479703
21733.485948597263
23027.44731200472
20646.575130553894
20197.84187679235
20951.185355201957
18295.11806854917
19396.087975417664
24971.02244859791
24487.212103887698
24724.45081166354
23055.40079727786
19537.454770607168
23624.65127729097
21060.600347175383
20622.213149873667
20966.8192580566
19227.685218862553
17348.4664267335
24604.603776671673
24188.3677889314
24765.63696543658
23939.47159653131
22527.782274438454
23391.382023027996
22972.717956212568
21251.403323642437
21885.201812407668
22011.62613397307
20616.561141286376
24419.252754729598
24599.131052979537
24508.646586982137
25368.73390597928
24472.2809669424
24598.39728463316
25621.42059018842
23847.95363988351
24215.435832546194
24917.268195962668
23438.688020750014
23913.925052197348
25261.14933626185
24255.600132888034
27308.502350955925
26984.10556384145
26262.40361670213
29150.193627885375
27014.014651821097
27241.445089508965
27979.813720321883
26439.50112847305
22493.791835133197
25695.59221244588
23280.53511129331
30033.944859482886
30680.21861599196
28551.701356939844
33314.03955752634
30950.461287038735
31368.187632111476
30545.80838497429
29453.380253315165
22107.829174554037
24292.961363709925
22465.8137208808
28621.62244075693
34866.402886266216
30759.163116786673
31985.57457253699
35136.01405422872
33175.05433849848
29701.878566258954
30514.641797731798
22136.537297242634
24385.98437801399
22273.259667719896
25225.303510620444
28627.59844372364
26772.98570673395
27087.4767541963
29149.72261926524
29399.60930516768
26333.83632739373
28072.38168241522
21218.248146385486
22815.995186645087
21749.691572570136
22921.624344078966
24841.29896065642
23946.52632598857
23913.590641933723
25138.916964576994
25256.142227788667
23126.48319875243
24662.591376306198
19948.13783713248
21295.94637371399
20601.85538240611
21522.77174096708
22925.98397419438
22142.53178845716
23217.08514799284
22569.34664140192
23137.35361640354
20599.474806817743
21741.293491653232
20019.314616125022
20978.335526570678
19106.51844622061
21697.249791334227
23213.537556385647
20594.370571262763
24363.944009129973
20600.56100092372
25193.954692051127
21101.693964515267
20948.415656114514
22259.772236137775
21933.363598818036
21177.84135048802
24203.979883240965
24080.246122604745
22942.27355911473
25911.876110818648
23914.696175397352
24549.72575673738
25428.26983645594
22978.718674730513
23924.787946239176
24238.61666445395
23213.767039862403
27277.966304244197
27018.955726323904
25646.21561431141
30521.22537532523
28315.847036074472
27966.548538298466
31222.661058135873
28183.050075753574
25974.417272413775
26203.152667488765
24219.802230079116
31138.1529445969
31236.746632711656
29284.391561798235
34703.60660142608
33142.668208759525
33619.23508788943
35976.53926211796
34800.83017052123
32003.214510184873
31384.058841420323
29233.391398794076
35926.63856194883
33414.23679556673
33018.0150976042
32344.87044150359
33843.43819935434
33592.745553130706
33659.59800291687
34756.3313662639
39374.6612376866
33452.94259164106
30213.586178652095
41521.085870285184
28196.63662430989
32716.38752189301
32612.199922102092
