15922.479353350584
36445.59125925895
44890.370696122634
19208.39750434154
15243.165866554498
16886.40543488652
19140.745507282525
22299.139241777702
22940.543654579436
20726.119521193763
19460.636754131712
18635.43937613707
17982.122765919423
17336.888140232488
17140.261512586658
18185.162590342527
19346.045007864497
20597.2855652667
22016.49394675435
23628.398046232778
25442.248357008706
27409.724170049754
29634.197485284203
28964.50474234341
27590.27404777758
26376.986521609197
25358.77184146209
24600.93729734717
24134.781805317038
23985.148079371615
24202.02338441676
24848.587097864318
25362.168057398907
25632.548798575684
25368.70697133729
25436.17261469867
25851.265668018044
26528.24846079218
27407.706036985895
28453.414385560303
29649.788125392297
31021.871366769257
32829.90366552678
35340.957252782384
33403.34528066986
32109.394022316195
31187.421790060704
30357.75013189556
29558.065444966975
28757.478932013568
27924.818189682595
27017.905012960677
25978.996287062335
24802.976558182763
24566.840043255128
25562.999990997836
26899.672536151233
28061.293102173062
29081.487517887574
29982.49987433715
30772.541460078206
31450.343032171113
32096.94727675919
33124.64664072802
34705.477598239595
35744.11493549976
37632.50111635793
39721.6799962433
41769.05785171544
43696.54626047464
45406.53405220498
46668.03341217063
47099.59042216825
48095.7528321189
48510.583340889454
48086.34777784737
46990.351965776295
45161.23891260997
42742.72746217064
41096.90312667704
40237.48097993162
39093.5160490386
37843.6723886457
36723.18663885334
36751.92856628284
36603.6819487158
36481.43903464507
37654.56903936262
39979.8642828824
43315.32903221619
47978.43851226104
48014.599361033506
48123.999518584365
47587.04031656675
48299.239137716635
50328.72694699798
51050.98589180311
51174.811526081845
50823.76654637844
49681.2783264411
47982.94638028502
48681.13966021292
48166.78157783582
47321.816028345595
46407.73599771611
45475.64808993803
44452.65026003226
43220.19430257426
42168.47646248933
40314.86308410487
38563.60120107838
36701.500582742025
34751.33358034709
32830.46514437816
30969.829364285775
29131.176636688982
27204.153602391536
25063.733370220998
23113.953177229283
23408.315541519652
24654.29415024919
25596.94332132351
26280.95108722493
26814.75415383738
27263.08301028291
27654.317899517304
27997.461197742028
28292.651879623387
28531.314466655647
28610.88628308168
26829.733447505903
24952.159449944884
23063.41156887266
21152.97279884432
19223.344462532696
17274.323149707747
15309.856908103626
13340.282847110506
11390.813829829245
9565.530885948663
8662.430268731141
9193.733178195116
9951.36543675763
10500.088903936132
10913.288795016128
11072.16183409051
11004.578487792813
10666.778489250966
10210.830312844791
9745.198976094396
9635.314068806356
10329.38474782052
11196.964611556807
12049.687663446
12754.84704803051
13351.60667856836
13884.11004783104
14330.114323232237
14604.258109630171
14639.124743412762
14441.051991343362
14189.86863391555
13891.258688516791
13451.111059957057
12932.381721014637
13454.655737262587
15114.623931638338
16772.476303454605
18583.216721902056
18459.13574923766
18388.968129050452
19899.237803621956
20085.825365341945
18721.00089024176
17170.583404356115
15880.918520725789
16227.70525938075
18445.731994822192
16932.089614343353
13647.985600263288
17202.01059219102
16021.496091502902
15371.405262248882
15347.438071332905
14631.86349786896
16095.412729360689
14363.856230152796
14024.97252123247
16545.89731888965
12785.604248272854
14024.04658448828
16916.81005965792
13511.952158126878
13799.21126692708
18099.65540797452
15267.16759554734
13678.921312591308
20508.335233879658
16254.824707628253
13016.721246722382
24151.092535573287
16852.576110355145
11041.425717803919
25490.661006973874
16798.648718747238
10156.95039108177
22389.66483203618
16657.24917086288
12163.675467372
20589.148885898037
16071.409911983756
12591.933862246828
19743.327049420805
15356.597257646183
12047.978453862945
19471.72410471527
14813.014005215207
11080.10499519162
19820.147274435156
15325.54817178231
11586.158231036672
21671.33983735301
17830.590501622493
14779.123200639835
23667.807576646308
20735.21905000427
18458.282915427313
26019.745764818537
23725.00637818323
22133.637413161894
28206.545077520488
26182.7189720918
25605.776682731885
31797.669334403876
27718.09250285075
30939.51263540416
30056.275871638358
28763.02066668456
28746.615340257536
29600.776640590615
28913.943621622817
28359.745714959605
28754.869052441958
28665.883822165742
27897.052923822965
27910.62216465997
29058.200893194564
27761.61908525307
27344.118511662873
31881.11464435631
28866.163666942884
27888.918925806494
31813.423184330655
29519.32473313568
29605.324510704253
31396.146429100743
30877.90516259511
31499.67505664948
33376.40442882941
33822.49647500862
33182.963747334376
37042.58023783967
38355.037062702555
32678.26710539154
42677.03429946411
44891.24432049342
36898.134120277515
45678.290278025066
47571.29108371963
42971.927222456085
47168.03475831473
48094.58760659846
48052.2603802837
50903.916384665165
50605.97466528796
53943.77377471381
56026.73732536621
54914.48485978462
57278.732985649665
59187.67028614036
57777.535448711365
55659.449935883735
59635.00511378946
57388.87978301314
54993.53236166379
61318.269857327534
58035.25846645223
51223.4697098949
58267.60645054008
55924.43525525593
42391.55005138823
44056.71415350945
46245.88737743032
16016.617946319391
16700.10767605868
14906.095914025527
17260.818561803695
20376.910090401645
18188.24396324014
18294.49848113916
16571.166177860083
20189.893926936515
16470.431445357564
17283.51539705157
18042.948943546864
15523.751569800443
17062.022846303713
14449.888388586163
17253.441985954676
15992.745684542173
17133.577191352586
16395.02553121006
17387.484688104883
13875.313318301769
15343.63848797397
17952.68468293732
13517.537549422748
18335.887168200254
14832.16173303759
16636.75116782789
14089.399897211679
15332.844388901303
15417.118901444483
16461.541870274003
13734.736973170246
13305.329160261392
17304.206314302195
16010.462712036739
17635.62682156316
15093.192358685385
14808.414565105122
15123.491208363192
14049.222306810087
14253.904279072467
14575.288378175748
14085.177181035217
13954.162861717488
16638.885040056717
16138.109652545867
16992.457395109166
15316.220884505346
13775.117889756077
15008.417289875775
12279.69818855534
13851.114792315371
13378.191879463237
14690.476320116577
14274.631007174601
17409.94728703569
17130.851008870668
16490.409011315423
15540.958610862745
11977.301739119752
16232.81208651142
12911.972276036064
14683.004609672695
11292.911228907731
14320.620511791136
14915.908728138053
19408.22271605159
17281.960951864094
18330.443813593425
16643.434745653765
14541.871523625108
15942.72331987958
14251.939423517742
13724.071287577344
13793.464192340627
13417.431707573378
13834.018234823452
22251.57349034193
19180.681633157827
20708.06641172732
18434.076182901605
15819.425324672437
17480.162485219545
14346.223408269008
13460.022165742645
14422.713191461047
12257.02556139799
12950.63342411592
25748.598272156807
22150.205913858834
24022.91973787953
21315.52919413194
16614.35398820606
19609.879733504124
13379.396418120816
12207.745606147866
14012.8949252145
10285.57726005307
11348.195711064418
26691.956094488167
26108.974909866556
26030.744989863844
22738.488607742678
16066.774166279092
24598.110761631273
13108.231811369158
9158.663583584585
13284.622657511864
9661.61448321862
9665.259806426398
24639.751678338835
23796.158137285587
25900.450755815295
19633.005055440975
16898.19294943642
20750.982846311534
14054.91345848385
11392.700507875823
13610.04561630735
11100.632851694545
10399.758143585805
22747.285167507853
21345.508915855993
23551.0998092629
18291.25459376542
16377.007788349973
18875.113941978667
14121.598283392848
12527.080215623773
14193.942114406
11575.032323910818
11472.960090992216
22014.256344366808
20071.131502703036
22231.853709348172
17456.014262614277
15712.132659342324
17832.26065823066
13520.287703452997
12402.288235369226
13877.520056439462
11021.792213801247
11402.929453893901
22820.15730999169
19590.416772589804
22139.141330636103
16910.115733835926
15062.404962432513
17160.785572276654
13214.933960165281
11529.710253454226
13210.152054892498
9502.988071552898
10350.130068540377
23993.539823714065
18373.353051234575
25059.145648144106
17512.50691919445
14086.079822933756
17299.368400573585
14278.832099713822
10487.52448617628
14641.349369389343
9822.44201754412
8870.469391165665
23715.314756187294
20853.297873717387
23461.278229315212
19646.74433203458
16555.576536261127
18497.26271117392
16205.317454980039
13091.609452166254
14874.827693128498
13762.389194489344
11768.016817328002
25167.71669526502
22604.33457267269
24326.220489911288
22155.97718859604
19240.67638195625
20866.310804930403
19483.134391785003
16596.238169555578
17799.86102584612
17713.238907558254
15745.295647313873
27281.658589397528
24825.110450068867
26170.38647594518
24802.681246355653
22252.07738138855
23486.032451546376
22837.331454708736
20314.01115742173
21184.757708118406
21576.869998355716
19658.662857231022
29547.490265377506
27178.388532183882
28444.003786680558
27062.649671107796
25075.26678024445
26023.988128818764
25748.81456604824
23895.059241250758
24386.50217657217
25330.473447704302
23468.81388263833
27109.264429384053
29140.015245544986
30113.371607622386
27793.420732485007
26910.967719909695
27838.94173687272
26263.44804443982
27456.06574195163
26699.15004992883
26695.730991783854
26991.83627552737
31004.59742715482
30075.004341760596
30853.30462995362
29295.86648351249
28193.411336081066
28953.76035557781
28639.95633993487
29049.27056055798
28137.52563143294
28621.15060220434
28656.933026089628
29992.30817304063
29915.037199810016
30569.123907664318
29232.796177147036
28954.85580202144
29362.643122289854
28638.567524139165
28574.641083334456
28726.048000014434
28032.640322459778
28349.281679313073
28729.18609119486
29191.716636527683
29376.475897827528
28766.827302161328
28778.139056981352
29000.01834531908
28374.45393766941
28118.284939319972
28488.46273351807
27335.88843470382
27694.905216827905
27291.086438919727
28325.520574556685
28045.561698551737
28627.754760790674
28704.41218086137
28615.752564153576
28780.07543702869
27753.63952968274
28414.554566809322
26501.666584073708
26949.76269560495
25269.54084003663
27511.894987137835
26392.74145989583
28812.95601377557
29969.47677823988
28825.19906463009
31573.816398963423
28034.473158424247
29751.69600427818
24709.949423481223
25864.65645112607
26170.538262752514
27977.90623398333
24750.790015031744
29662.682647037516
34060.52003338461
28095.632841617276
31764.222458549717
30185.29304241381
32755.52614660323
26413.97652496346
23849.628869758668
28664.766160160307
28703.762290291277
27512.972622586884
30641.35205511853
31191.917576829415
30091.223472399917
31492.951861459434
29954.338751622057
31188.446081800714
29929.512342144953
28288.834616650973
30615.214475615932
30539.461327036817
29689.80903738919
32505.692596963476
32164.607593494417
31456.10621374801
33847.877556842184
32173.294940534153
32425.402628665714
33412.06166038359
31599.969037313735
31983.72735444046
32428.705154058116
31412.116608669552
35065.86928555802
34979.4715433371
33733.0481170805
38297.72577798
35856.97806252238
35762.59554655457
37608.026949279054
35421.93327613597
31960.574497889607
33475.62187899191
32192.396232694646
38003.04161569158
39696.701689400055
36428.34419381263
47214.96627269419
41394.94413658857
41812.61631967883
40962.905730893646
39743.83340191265
35507.21612721536
32033.56491336788
32547.269631951855
41206.481321061285
44288.72956048621
40419.68777587895
48859.93356855552
47479.76774148343
52443.44767476225
44637.79045253178
41255.208545997266
41126.34408987061
40257.05125096526
38488.35952604582
45174.44427915845
46128.82192445776
43140.652516791175
48262.40465430033
47596.09027475902
47899.94600235479
46976.489363850786
46029.51335934009
45895.65098001191
45501.9030600867
43564.11052421594
49817.23715871551
48792.581262654436
47365.490396810346
51189.554708611286
49112.15846926035
49435.21474260973
49207.02794192704
47984.07361470093
50379.749771953764
50824.25477569309
48194.49037272509
55769.01588204295
53418.070833510974
52624.096432112
55722.36810430986
52538.57537406159
53388.88324117571
52546.82995689158
50679.220836530425
52698.96906146793
57476.16013688093
52133.20502600102
59264.332909666446
58046.8224655499
58925.118015965614
58634.11347295338
57233.890501908434
57550.13571464131
55015.23174646467
55892.522963074945
51862.990880662706
56279.648145516665
52476.707176596596
58471.79334322727
59445.6620780325
58694.08077443685
59174.98255774437
57434.45310134404
58956.14394267623
54523.17915928271
54543.906676433384
49109.21681820302
55295.90445995905
50872.33932282034
60213.74229880405
60247.69836339989
58856.15613179181
59997.265180476024
57634.91796334987
59624.03888818424
54618.020805480235
54568.707212968264
43727.387935790735
54022.56371063585
45777.34708840465
59771.90554778148
61790.85622344
63474.52322089282
55872.638637149525
58391.31458841772
58919.735119569006
53532.50145630405
55141.765928441164
40627.22465283978
46828.8482890212
42744.53560766498
43679.414251307324
51187.188056445644
50466.31478997077
44785.797476426895
51010.75044807501
50885.626010095926
47976.96998775106
50261.77387361983
38786.12044673125
38454.34841691218
37917.92356631685
38972.10327425081
41581.147627161765
39512.08024099872
46505.04510020913
