18266.004534639917
65258.08551493219
45119.4779682298
30479.94120255816
17479.333432699223
16999.1178745161
17093.98567713795
17210.053050133578
17264.50282724755
17253.46637828415
17192.258347152554
17114.868845340116
17171.299596932055
18070.964150497428
19193.317126579157
20368.44303693049
21564.37190112826
22764.90704787349
23961.459769592362
25147.863496662478
26323.458653351263
27483.35563753945
28628.39360251615
29791.421867847766
31063.8627249685
31931.442401012857
32151.534157930488
32474.39819111924
32812.19049996306
33131.528029128705
33437.67009173028
33736.145740321794
34047.01429745975
34402.14336714676
34803.82842507833
35286.63301046188
35866.34816996793
36580.35924270597
37440.90505802278
38462.29349546977
39599.254732191155
40615.82119595982
40597.00510801619
39606.60161902904
38521.15493632447
37560.925220997524
36766.287139121756
36130.46493511814
35637.42251244709
35251.84849688564
34953.16211458921
34732.28324186253
34556.24400284463
34405.720085340516
34258.677107174575
34088.29916031848
33867.422204541814
33550.435353214474
33066.04399603079
32354.42638329757
31327.63586066317
30095.223668552982
30192.420871331477
31333.618661514352
32221.29343560636
32802.514033209765
33155.02959241277
33357.60852407096
33461.60196554221
33509.7643706804
33532.79575120357
33554.13015152066
33593.01345240574
33666.45683711055
33790.474499571224
33980.78256816147
34267.938957601975
34658.75015643102
35175.837883441476
35844.60540719422
36678.47515089943
37661.44663644053
38754.50931315119
39764.582024950316
38109.80866902693
36411.649184517584
34846.446540699995
33466.491595575106
32265.40755969669
31234.52473875378
30352.320418222233
29595.16969799642
28942.681281550296
28386.971798167957
27907.10186489442
27501.15049440704
27157.62940802207
26875.30755441536
26653.292683998858
26491.044454981256
26390.012100334236
26347.29669689969
26342.249286509643
26305.471787650346
26092.55575351223
26043.647480311934
26278.262702162006
26320.399592898757
26318.760801665914
26353.046776421827
26449.021506509886
26611.99986260997
26841.93703088746
27140.194794378698
27508.949311318578
27949.116582212955
28472.570240749694
29077.541313243113
29777.172415311245
30570.585442135416
31450.900361892192
32397.40463732839
33359.427639442205
34238.95095376117
34923.56114717563
35925.46647967648
37323.91057497622
38534.63132916767
39659.071120678775
40806.09111833807
42044.535460034116
43433.5620663766
44964.491010137004
46695.87781881509
48617.22291318845
50751.08210140032
53123.34271955246
55779.59077021388
58755.52051919527
62118.946060373484
65961.46434867504
70100.27027589834
71123.65355745525
69789.62740635092
68715.93571880291
67992.89073784008
67603.82854107105
67446.67239575996
67504.00960413576
67750.14803692568
68180.38459579243
68800.7604855625
69624.06848742742
70644.62066434768
71558.88278710446
71077.09874018407
70536.84158247881
70086.87951235872
69727.76553050964
69374.22631322803
68967.59194291792
68434.88219802298
67045.59395704503
65861.0111119145
66108.93252509803
66227.92139536791
66456.6516886743
66727.67816932766
66425.03799815504
64858.37859859795
61643.09960644987
56798.22507379109
51675.66733455856
47613.602539497224
45156.08385428644
44455.5155183374
44813.28148877362
45253.208699293435
45881.64713799601
46099.7464295682
44941.6843542829
43853.015159048366
42948.56342747691
42162.65815511878
41404.73431264052
40587.59410285881
39838.78849561393
40534.75412131455
41351.86593787397
42066.76190117585
42736.740901379904
43353.92932630196
43917.69307872695
44461.62808810764
44966.434631994875
45495.08853870299
46028.2192675602
46630.66066257673
47183.77210007675
46457.58459713186
44086.05521468067
41723.50380705186
39486.52647616682
37362.09407091014
35331.575941661264
33377.89345755779
31488.792648503135
29657.95945189727
27885.660742006232
26180.124559979202
24548.53655739627
23012.366317427703
21582.953449416993
20296.224909025746
19168.261518721494
18198.514333348965
17571.461370980018
17256.006911306293
17059.06384620597
16946.381983750427
16892.165894631016
16871.76538498184
16860.218716186366
16839.756920590662
16798.46337050631
16728.864841907063
16626.744340045567
16490.096623439786
16318.276523591794
16111.18313611701
15847.641914533606
15523.212595652001
15150.267440167829
14664.854510747178
14050.748186865401
13078.948596013066
13223.989474564296
14141.025554742737
14743.324265747264
15211.136834860059
15580.361890012262
15901.130885920322
16153.411770144865
16354.95502507982
16518.87157311539
16644.295536574966
16730.49891624626
16777.36221716122
16785.732200735667
16757.66193344957
16696.507172374007
16606.754823468993
16493.503844617047
16361.481480911902
16214.385757789096
16059.130130605105
15928.871659004555
16085.11748204824
16571.5227543953
17385.332358834276
18267.189024861014
19169.808109412632
20087.197586296807
21017.11451261298
21954.140288885355
22896.340045347046
23839.455224784953
24778.636648781907
25709.336826572417
26627.01405892393
27526.674803772657
28402.21247066489
29245.347076000322
30043.61394575565
30784.884108112245
31431.21179212383
31915.367618475124
32141.73504559263
32022.5471807351
32103.087912420786
32499.150673771772
32561.82181817346
32343.57674984706
31951.658080958074
31466.329836706205
30907.852567003305
30311.747442892723
29683.055388206594
29033.013556913895
28378.241356900056
27719.977871185478
27071.854800129575
26447.473070260843
25858.498738205148
25321.755267184133
24847.20376474287
24423.90513468544
23983.00804869845
23380.459428372633
23409.386671192657
24163.763179248195
24758.937894162802
25332.720968391535
25961.805111054284
26660.967293012807
27421.156047750417
28227.39686226041
29066.37243405948
29929.647601159028
30808.961943569982
31694.167515554393
32574.960683358913
33433.936622152905
34236.125581235414
34912.95708589803
35306.17465508517
34690.525629097305
33261.75324077603
31635.29108424778
29948.562463729973
28271.90911269183
26624.372281889526
25021.287600697757
23465.616902403297
21969.612842500734
20530.180717830823
19200.898005134186
18093.083826131166
17610.234277155774
18575.00360443861
20159.28910035819
21977.977522151738
23903.570245981566
25876.206322240294
27817.37565663299
29532.91484211826
30313.50695547952
30824.135690834974
30840.88113929636
30586.637335824336
30219.59697784024
29816.02668475506
29246.054597331167
28328.024478436684
26928.754949131857
25090.847190740602
23341.093364670516
22139.14501187751
21262.62208592323
20342.383539810897
19396.25033140381
18645.566417028524
20249.805949891583
25260.585302777836
26533.676450101957
20036.57354811203
24418.591247994416
21477.106710724434
22633.852487367643
24531.178450836473
22005.60822726358
26404.813798018855
27325.859691388116
27088.80972072048
31072.958613062787
31803.27866612164
33066.87335497157
32966.489892055004
33133.10195534598
34178.51572448037
32815.56275640139
31619.097935191952
31168.206751441845
32346.920347888692
28746.37772458798
27366.20391455327
32370.165107772373
24595.46657066411
23517.656657227395
32384.256873929822
23367.202186398128
22573.123541479035
32518.715605060424
27861.12609266257
25956.093566753596
33610.69039647958
31506.260262669653
29633.359766127327
35636.31638530746
35145.27689493287
33244.08618187922
39404.98587751996
38765.610025772185
36851.675245881175
40548.99608725348
39082.14145294999
37476.72248152644
35536.298246694234
35114.86267834725
32916.36331516407
32778.36893342737
30932.53719938367
28650.409511113747
30867.754872671954
27094.350409606857
24392.702615791633
29655.73848359679
23013.4997672096
20273.820356112505
29951.481089032295
19282.591453467827
18763.229541536733
26833.64065302371
20148.162449284333
17391.551031193827
25214.969149442066
20829.5714164832
18038.491946617167
24104.397181138862
20749.829590403027
18197.723037195607
23307.662369758305
20377.490477226384
18037.334121136726
22665.00365967334
20148.206269891936
18514.90871592617
22762.97764636155
20052.633698384598
18221.684797898983
23456.934578291395
20397.948519243415
17961.313482799327
24569.704411133775
20811.606069188463
18017.90673591599
26831.332982854256
21137.302668114666
17487.614639017535
32277.985194015917
21237.3149211328
16190.965649421287
35447.05341024882
25061.051133819063
19731.55604651405
38715.187780199194
31851.266648450546
27366.160601299576
45063.399762375644
38599.72242363023
34914.756722388265
52306.349245093894
43640.57652593877
41512.90018578713
57959.51639526369
48198.010865169585
46126.65527936397
61747.34563765762
54029.19172924902
48230.78276274094
64613.709556335336
58620.714647409826
47874.6281359588
66903.44395861181
63863.06381056189
45951.237529886916
69781.48408658247
63291.854329131595
46125.03421310323
18273.992921718615
20882.20302301563
18414.188399139548
22546.502601612472
27484.29163886983
21739.74666316149
26531.474145612367
29265.78382033479
29176.64162761448
26284.734942767587
30124.914616074486
18000.034281044213
20259.75902009401
18164.34758775916
24604.41339288519
24287.081935007925
22922.226780776884
22115.721589804456
23360.16815310195
24130.984793374548
18516.83479875556
22238.729046864657
21044.859433428457
20732.819731131334
18892.174888337162
24442.334095799386
24531.31853652989
25199.427922131938
23318.307823870884
21075.939227840587
21816.290370097566
20681.63390213916
17987.226317227836
25678.725005459517
24396.617946023485
23367.844965879194
27036.470727591015
25566.423296732886
25347.352049473804
27273.168307292508
24307.09586817291
25070.948055986068
26857.251544647723
23641.525941817657
29748.16626927164
28589.934062022854
27938.375608092123
30764.364146716616
29428.715892345674
29058.76671894049
31188.06888778488
30073.2109277953
29609.136476246164
33976.06535729767
30330.543209785636
32495.970051468328
34055.33311314845
30266.07831536889
32821.5872521646
34504.11894669854
31067.2778143891
33026.00052573617
35515.612863518865
31080.17028418828
34878.41151209856
36162.29763617892
33380.99845774295
32949.77856030799
33078.01013957629
32172.242916135867
32559.35541000119
32725.367694779656
31282.585998386574
32830.86478021693
32545.778956798167
31080.020052592954
32980.300189015295
34106.64626731076
32577.283844684553
33663.80177656947
30402.844452362726
30331.242676924634
31374.30083452236
27726.876919857776
29321.345205765523
29643.708857981394
27366.40417311163
29193.409247823656
36376.598359694544
32256.84664047737
34922.63482966248
28334.99666175818
26848.96740529025
29324.230258402225
22963.635835702185
25382.59053038732
25518.437999085545
24752.68940219797
25744.456835100173
37439.40634208375
31815.452584335384
38823.1897358793
28134.748505029092
21945.091904532404
28559.70590135535
21610.837121996123
21687.858700124474
20468.510498527983
24663.894972716065
26026.052970502984
34721.8966335
32400.744062326026
35664.322636663914
30031.30818851894
25770.67985842609
28851.977119707968
26484.92477043999
24174.399536723304
24180.800199307836
25874.583227518237
24722.649142844097
34342.18896560902
32936.25204802412
34345.91603485936
32608.890028786205
29732.147434945015
31288.946691754154
30483.3595353711
27798.809747859123
28546.583119550243
28943.706773802405
27361.056139488246
34946.636712605046
34499.43928514542
34577.82181533406
35711.666728838885
33288.20927782712
34047.04091882724
34251.424443718104
31448.64173043426
32377.06438603199
32110.841376454213
30542.531473638584
35646.760381497275
37152.358840030516
35366.07824755774
40323.62910080407
37051.132811939446
37733.91381907081
37036.740921315424
35013.5514053005
35985.562315985604
35286.72506057983
33663.41612346357
35483.67320045298
42849.13134028906
35647.26071708004
41378.59134697152
39990.087643756335
43134.84062495877
36602.2756440187
39482.07983804287
35524.86814199007
35705.83730988027
37207.70857938079
34509.79127426093
37554.52436450069
35117.4578856312
35758.6623534621
37276.08171227184
38263.86400863093
34068.286747007056
35064.18345194895
35950.79291020215
31555.818296199814
33543.71686534367
33292.93802393775
34010.815320475405
33861.353056200576
31969.087624416134
32962.76294954277
33722.321751250594
29790.260773969036
30782.319206275897
31929.531838698484
27579.592315343714
29581.857474095705
32653.509827010632
31739.228841707503
32862.41445474986
28915.16522762868
28997.706051459274
30399.59002824995
25577.10547754586
26522.041948507882
27681.91405455004
23506.83288143664
25550.253362707925
33362.35167283638
30167.24211721089
32762.568879841936
25846.197083588337
25131.858722838835
27441.244990477215
21269.250798073313
22278.67605067782
23441.182121335092
19538.452349518986
21480.185917085742
35851.697415949464
29420.478522119425
34632.56027416933
21165.876934258067
20743.311575660297
23896.139238456104
16697.883886801777
18724.62717363837
19083.673240963373
16301.84416063577
17786.956654992875
30692.72432824885
27994.387622595405
33242.977353252885
22988.135141714825
19384.975053257444
22517.285449296447
18393.707215540973
17332.928064173466
17720.304451140237
16688.713845054746
16418.704394839384
27562.72740957346
25942.78428657804
28868.802431531258
22875.00509179148
20623.47760289248
23028.416582160527
19215.570533840415
17740.348406890535
18903.031907578654
17225.263444028154
17004.510166072687
25871.053410936926
24609.50738608194
26595.653300817212
22352.421905444833
20848.813806134527
22632.365530346917
19356.388398623414
18183.743567107405
19352.653247289483
17281.401981439827
17323.42324473853
25010.228368394477
23675.904384828777
25342.03551332522
21695.547041247675
20581.949080266677
22052.230010536743
19211.92093238524
18121.53565688953
19283.002276110892
16854.445383844242
17116.027475492516
25657.414582843405
22972.37318175733
24977.02890843946
20021.164656128072
20164.62749000779
21167.080278546273
19477.063358298074
18088.410856924354
19257.17300760669
16506.19106140068
16577.364996779437
25197.30552981772
22598.865810582178
26780.23319182667
20616.552566120015
20664.555380384118
18676.368097454324
19328.837201717975
19049.212987124465
19436.364207655577
16459.93314992683
16658.66443126069
25125.119550401
23086.87585621195
24913.5833342238
21829.603703954657
20192.69096058627
21390.12867267735
19134.893549959103
17962.499690593253
19139.802535731214
16901.49038891606
16636.98751292483
26377.848622377584
23930.669526931633
25617.728379064407
22650.491536482597
20606.78865575231
22213.437288328292
19228.34462660335
18022.19726390243
19197.675992646255
17185.263709885425
17102.519560411954
29032.210290378498
25479.100449598627
27473.08000989282
24017.943959037242
20998.38894770144
23217.8410994452
18858.452024924743
17859.725703120646
19146.936624214413
16927.65287406479
17127.61701393218
34269.75520560724
28945.019856166648
31247.085496935455
27265.333455652817
21210.243716390025
25247.599444209227
17185.453318280866
16891.837667087035
18240.00194286804
16695.393067360834
16662.61033306439
37861.58652231372
35437.43233654242
37222.56560554907
30617.43448683565
22048.44869863378
29649.537386539094
21136.54985721337
16599.750613070435
17116.553530986712
19831.495558805917
17728.846723035946
41518.663239901434
36538.995035529886
39270.069510744404
35280.94081899758
28408.360715852414
32595.55243826172
29108.19191277855
23490.73126581968
25197.905349440596
26497.590585048216
22954.718316826722
48338.085306220644
41645.59861807872
44559.63168283372
41629.096424536925
35302.177663078575
38380.36253548533
36348.46824604319
31202.46806094966
32852.46340161761
34047.11068787288
30225.551717152768
57913.60520067975
48752.34413534052
52826.92398658044
47485.14623787001
41485.12812783025
44745.076194687994
41637.6733448081
38406.2685516449
39386.784490787024
41969.08685285824
37959.859173349614
64553.29334042179
55102.82510150294
62147.86968937405
52715.601501105964
44981.11070561284
50082.647484069385
45908.295016945995
44368.56048422435
42756.21511150098
46814.52378078828
45352.389905378266
65268.23605390664
60124.32034167728
64870.14315789813
57810.63879496863
51492.30100230391
55456.14371445469
50779.66688530061
47483.669645619404
48821.88449327341
46251.891572536
46686.54920203577
67276.83090783829
63242.165526303
66076.83714215974
61914.46580141365
56183.512850984014
59893.44025703559
53161.0667437011
48403.523281083086
52115.528407032616
44512.7942222603
45542.70773122976
69549.24934765373
65528.964651095346
68587.51202348043
64863.2314464222
62867.10929384605
63323.10783436456
54450.10451657543
45907.22509020516
54016.26394738525
43801.47193357663
43966.52851579329
69951.89533957731
68732.63900383859
69983.02011937434
68768.88599076217
62207.50138412264
66706.0666136656
53328.08708054536
47361.304132178535
54263.845474991096
44342.99395758131
43982.624905963356
68741.95827514293
68912.39038119357
67341.62450304694
71257.71529693763
42086.24005004821
50855.759342614554
44684.63980143634
17269.95343435349
18809.40673203189
17829.775696564873
17564.158350863327
18301.728501593607
17445.064876902292
19220.56567119657
20394.50022466081
19731.29328034863
19392.70409150337
21010.60871023864
20010.77954790061
21079.0799438835
22470.000378664186
21488.02827281956
21316.485637759433
22332.106818128552
21185.013485549283
23964.24184854346
26170.47841261454
24564.75255634502
24243.910096511972
27345.826735108647
24850.927709446292
28473.78147901225
29476.655807960695
28691.1393170464
26125.182335808386
27900.17349957606
27339.99124292697
26612.84005899061
28085.08159143578
29251.329957045356
28059.69140837903
29999.48615680304
29796.48030567258
29648.648508015798
30818.670889938767
30412.506648205846
26416.75291143408
28311.40134217264
28198.467365274377
26105.59540213562
30156.641204765885
28208.85655194839
30834.027719799564
17549.722195386013
18240.48773850561
17596.896916125446
17323.6295638168
18048.23544498136
17442.894052361193
18718.332090596996
20248.224982602733
19073.609543851257
18938.25989712337
20236.27982266498
19145.789386207784
21631.969259992973
22670.12913261098
21439.815152465348
22490.878883403675
23484.403381782256
21967.831789555363
25012.278345048926
24213.34256585728
23841.32815088216
24229.984602907294
24640.283019189286
23792.530033765357
24328.78040598651
25254.88100623091
25117.59900199467
23232.10436910433
23130.393773630978
23719.044538690323
21805.357689987657
22121.29912751703
23811.142091313755
22675.574080828294
24893.37130186011
25151.36357817179
22780.459953237703
24235.255576945467
24557.80993166865
20037.16879341403
20329.664230659593
21215.767210881164
18091.38709650143
21948.85337173253
19959.278505424976
24005.11755737679
18250.30664984181
18360.37365669754
17290.24142034968
20585.885517066636
19893.58501134995
19388.492858042726
21724.585312425028
21778.165064701156
19521.538589595206
20635.591324908153
19389.316472637365
18704.471947804865
23173.239150938192
26387.592584995804
23084.26810710648
23645.31566880483
24520.173516041803
23294.177892048345
24744.8476963809
24395.35157900389
25364.674139111485
24856.577521906038
24859.18046870479
25694.54535832425
23118.524975154076
20964.403620072488
22958.722978758928
23981.833914142895
22592.6673153715
23497.881975801418
22671.206426946028
21234.40813548088
21429.02641051654
21931.709413211
21871.804850256107
21293.570040247763
19543.760772094294
16998.760622087604
19439.45475486257
21284.09618177348
19300.89841664577
20233.106380519836
20408.54992139463
17552.36411987688
18943.201353577522
16714.76641749034
23003.63661491171
22208.418048844786
21797.66583565077
25378.402288621724
24524.307062457745
24195.44160429968
26032.362702458428
25371.79174340362
23849.672172878727
24930.768306976384
23487.218972867784
22786.34840188106
24930.456746165353
24759.534744357607
24203.31107218916
26752.195205424796
26125.874679464396
25791.060080398023
27232.103073317983
26380.39563738216
25567.431482876873
26327.95129601746
24934.795606245316
25014.28517614667
25379.36172985753
24131.853187461424
24600.37558588531
27329.440767324973
26128.049647803648
26300.837769881753
27187.8870840207
25658.278355535575
24698.601981403466
25903.05164995733
23070.806908624952
23609.148435652554
23937.903291232185
22131.019372433006
22544.458708723047
26977.821933380594
25218.619693336157
25420.626463396016
26734.9883754388
23475.839527374228
25079.7965930451
21924.634122897725
27680.4294953508
26823.957277090718
26545.54235841378
29716.813058591637
28966.377625065266
28751.192581061223
30452.54602356258
29745.183105686898
28267.79697063336
29374.026946382968
27481.40207479681
27148.85571901374
28842.482713126607
28031.211322241743
27780.52171582592
30881.400258969858
30035.424918917335
29898.120501514113
31337.657036762033
30541.194037333746
29270.792369758365
30318.75629335486
28355.123645730986
28228.281072092028
29512.210631280286
28458.01501517569
28418.410519745834
31487.543300692625
30602.610397610115
30551.47618879105
31872.271152727168
31571.828582698807
29809.016173033964
30981.668923304736
28572.364425711174
28511.3791177385
30278.531639265362
28561.703091214265
28600.648922772685
33799.40302894615
32155.207739764566
32007.954476786723
33806.98999793161
30212.398614501486
32013.634362170924
28447.41552282329
31447.3678019291
29817.82504416139
30649.409458187125
32449.694815003284
31800.56945200104
31939.19876093845
32761.360520670823
33152.77907215451
32167.125555066366
32529.329872957227
33041.512808998654
31457.174861007676
32240.9234570482
30748.09944861677
31648.508124530686
32889.08432958784
32396.24945275945
32711.3975240827
32987.4300148851
33511.697005017035
32863.69907621725
32999.19073865467
33632.496591660674
32280.050807154887
32832.91819989978
30878.930358230165
32299.89132865318
33037.03891460181
32573.820266659197
33022.62739785626
33472.05544804436
34756.06378052079
32743.099841856274
33357.32765211773
34751.122232957
32301.50236156577
36176.56825376145
35537.27266118224
35510.03203861031
34710.83354365249
35732.02817074368
35558.37851777917
34712.22692789212
36110.70564568848
35541.82710989936
35441.831690329454
33116.62983775913
32853.77513208392
32826.77256276007
33591.1889921361
33243.98283753886
33363.96305622785
33115.19284447204
32901.41971088557
33026.82476461167
33086.73162441342
32959.31104738565
32922.82457790868
32840.80627814599
32859.10161867474
32912.73037127107
32496.150967081343
32488.455453392406
32697.21742143805
31872.907859653165
32135.226077897238
32630.82811455672
32295.979329200964
32875.67664058454
32863.53651498234
32518.73852818238
32932.273551587146
32864.410436697435
31419.205270205017
31970.218855415886
32020.95792984249
31205.700735466184
32027.031656317293
32663.505406108503
31981.043816326594
33554.81226180747
33187.54465982886
32961.41621393678
33934.67043088407
33844.482530072135
31137.523972287032
32028.844181225715
32059.531786610736
30972.456749491535
32851.735973937575
31909.00655637901
33793.54975476695
34082.225367631545
33513.817139540464
33822.13099795838
34787.27384407848
33852.07123091676
34400.23980201121
33279.84015722325
32453.169730266607
33149.15717468482
33192.21953799975
32703.028323549894
33129.9128128752
31967.8286280732
31797.94484620922
32248.98154848446
31367.539260949674
30903.323580081716
31674.139124219095
29511.887518582276
29576.025655988717
30815.547834370096
30192.365868361
31009.422432335978
31379.856420940017
29934.592672545517
30501.086194171112
30717.96299693468
28145.98517590927
28718.729016051308
29078.576793498447
27478.147895892245
28353.195708910287
29444.928469254337
28484.65603342971
30262.503100258094
30354.87968460632
29246.850045731644
30133.64892134098
30197.9763892977
27344.67781913076
28266.729424473375
28291.933688658166
27397.129835629174
29137.954673544198
28250.45731662457
30047.486652565207
35909.74140558672
34458.32880483587
35282.21155631277
37752.97995635162
35554.72781085092
36722.328568100085
34456.096596699266
32297.277148390345
33674.336605071745
34013.00128953228
32275.954482501933
33433.804458955245
30778.21807560151
29869.158625117932
31060.593137550277
30356.848932375076
28788.745708344217
30534.096523010056
26312.158019133218
25768.588327071888
27978.516122334466
27147.767974162616
27839.44477586911
28771.895591454802
26016.88708168464
26663.161582110857
27128.922408998224
23466.315063369577
24283.55369293376
24797.192373056416
23014.525961063708
24423.71028650969
25331.652197881307
24192.870653170256
26370.834902325936
26426.971815204328
25558.822153282294
26513.716800991155
26423.417282030627
24245.02391388896
25120.659136459224
24803.541248461588
24829.231659032353
25875.77211564752
25272.60076377925
26596.424034107993
40437.78036057135
37448.49035875204
39033.58873219078
39021.33551240415
38761.8635537344
40390.37037014618
34926.203096422556
31876.709651881465
35196.070866321286
35203.20585494205
32338.92784395303
34901.71527306083
30403.21428352513
28131.031803332742
30295.780896979195
30316.209332275517
28512.359570385037
30401.06661366331
25573.579037567866
22014.891202587492
25009.936798573148
25023.87607613062
23327.60884888591
25549.28747252778
20928.77206598178
21614.62784196127
22079.113874889743
22100.850457269993
20494.23814098968
20954.790577887165
21781.6205218572
21704.634361611257
20821.574064571352
20826.415850133784
22653.332388510415
21818.11965050109
24193.175024494725
24876.086625997068
24019.589844964055
23861.85509760988
25855.735490081544
24124.37515383611
24364.855237423046
24226.94791069622
24188.065148119094
24556.00711112634
36832.72877162487
36425.6230747549
37799.53858533997
35548.925796546384
35104.34919542094
36093.8516294527
33691.58374386846
32419.799430771403
34125.32245870947
33846.95898708962
32432.761250089727
34515.47230925905
30620.24474610079
28370.30243722587
30406.467714834755
31273.86016367486
29427.783708581326
30914.18982482937
28871.648205345246
26850.62346474708
27184.729095937793
28036.80129004305
24611.941714919165
26340.491305422973
24752.603140233656
22911.048690050848
23455.15182802731
27056.724222765133
25370.923179757636
25949.78456675622
26132.44682091158
25049.657032235817
24021.36829841889
25094.293768602238
23351.655117938484
22910.30281136781
24474.127350062234
24458.92659482821
24008.749168166945
25891.391834840742
25230.93154579031
25131.070168653285
25866.186374615638
24824.400555128344
25291.247769977657
24509.693984736958
34866.97324133835
34477.85381398446
35145.539619756935
34580.67051873186
34306.58886591077
34687.73657179395
34011.07581863045
33246.51341860759
33693.03735682761
33819.251740926185
32694.381200571042
33645.28464538745
32122.069116462233
30656.043988720063
31678.808244503598
33131.394426849205
31934.10035062035
32609.804495753386
32053.359467083763
30624.11871981191
30478.887189407396
31265.040067137357
28816.310854228963
29684.175377226595
29081.134097036884
27538.0913136382
28094.08465187471
30971.695220592148
29524.470189517462
30035.10088619847
30032.083785733794
28718.49196738215
28121.981512553066
29084.16272028703
26876.183400507914
27139.956301302416
27553.444432225537
26596.193525257302
26708.1902204489
29272.04132911427
28147.531119166528
28411.031469037116
28648.840606564256
27203.81944200825
27919.09652760308
26513.069757738056
34512.1081407069
34437.16624745155
34528.00879211775
34513.33030698444
34751.694231878224
34514.36634505508
35348.78554393766
35024.94823650141
34580.30321917209
34933.25752220245
34021.06665358206
34271.10270522522
34322.421481959565
33309.70374035869
33702.507083114004
35762.49598394324
34844.875385913285
34997.06621872216
35495.299964248596
34205.57633937472
33700.04618639011
34574.223059542506
32390.871557605627
32862.52679285723
32838.319182681225
31432.27400118681
31903.785137325987
34720.67819402087
33318.9330944658
33778.68446265369
33759.49757075542
32349.244316729273
31907.284200286093
32837.9712799405
30543.300778292578
30971.743104650424
30987.249045368884
29744.990206782742
30131.537533075934
32696.239611058743
31332.009681253716
31843.545279290014
31510.77117257443
30101.669435771513
30814.749291811182
29379.44751788875
34379.42433567073
35159.124665771684
34481.45917355995
33696.39838715353
35539.975036141026
34145.78014899305
37742.36456441032
38151.42953591635
36353.71933468938
36975.457752259834
36333.23498207588
35813.971169353856
37632.59623951886
36665.983200103874
36627.93496869317
40267.852876755955
38941.857509653746
38825.61469811792
39737.90450121724
37957.29829857926
37508.648629709205
38602.98095708455
36100.82872263167
36471.8634353493
36517.49945809266
35154.7106189961
35646.9981700912
37733.31104017509
36674.019833914324
37252.94771821039
36874.88856161551
35907.975130312174
35515.61232668758
36280.09591212951
34131.80117661115
34660.09308202667
34415.98173489575
32885.441190738326
33549.21570998853
36382.65543052595
34454.86883570443
35332.85865017363
33867.300988216964
32811.27503812721
33393.70762835364
32177.24315061898
31564.255543743846
35652.4502661303
32880.2582478459
32853.55157341414
35572.123005890186
31703.077265178264
38367.08650654167
42531.43225555225
39703.74623688488
39530.98270911335
40970.621345816486
38692.12958833755
43392.90338724801
41802.98316998171
41926.39857770423
41490.56697762504
42900.88880816501
43173.783081448986
40474.324006255134
39826.55882508971
41710.08656745533
41549.85107427883
39425.6440537554
40856.10851375294
37525.69936450578
36806.29049194643
37805.85381770761
37554.36272923733
35656.239523048585
37466.95912046226
36846.47357956758
39131.428103229104
37002.173139898936
36932.76347525212
37957.54620040297
37166.3605971919
39158.71144382387
36188.96730663011
37700.3029153486
37159.009069889784
36930.17594773091
38876.373281744665
33727.94886868748
33760.91153029069
33725.04418842771
34107.15237261064
33818.19982356068
35351.83797516767
33510.48026621006
33897.47556951105
34826.763020264494
33917.636939673874
35083.68696397066
36460.30635775537
36466.48907670577
35732.05039637931
38884.90953560787
37324.250503877316
38168.64898044002
39755.85445663406
39708.517117731164
35768.70744615308
36933.810392881824
36873.162087512945
35524.668547221205
36211.641798008146
37907.04299815408
36685.28054714482
38250.01528568147
39188.0218006263
36564.61752387428
36555.65794427312
37249.40140648269
34616.22613170259
35075.63023882284
35645.78358708254
33513.02566676282
33983.449065327884
35506.75225294803
34546.81556260236
36194.44344879394
36317.480846784965
34441.04777167218
34588.72746810866
35672.51776185914
32269.72269138213
32541.456797025086
33330.93394015315
30798.294173473554
32482.548904327246
31664.621607726564
33207.3956809812
33692.97023916123
34180.305765000594
33811.182811847706
33450.40432213378
33565.67596729972
33566.625483623604
33068.60032858294
33370.58587523559
33978.899947869766
33507.43024398743
34731.13928996289
34510.5004369409
33928.7585199801
34695.90679675907
34799.030926926054
32412.24599074629
32818.52435914593
33139.75346167103
31476.900186419298
31932.838295863905
33394.27171167662
32413.400465914056
34024.65777148473
34428.85481593176
32472.954436165084
33005.18908044683
33546.416892057256
30369.093706817086
30855.79547905873
31412.25083898372
29214.767809865138
29715.713803462997
31367.592455594273
30289.039808419744
31849.5740854251
32445.958229723874
30184.826421422928
30571.552838092983
31225.211237819916
28101.953938954386
28584.561276907727
29144.195979240852
27084.716351690324
28979.11391636463
28039.735032802335
29900.496524253493
33309.420020070174
33052.69253394473
33359.82971039119
33388.75078554229
32726.061252911582
33313.84612518742
31801.56704255583
31283.929745695983
32338.222244787976
32038.791844665167
32236.757327492007
32682.417791084394
31084.135821073953
31168.336304392382
31728.88723079679
29892.052061263083
29651.59165907462
30477.849620946916
27973.158427511404
28047.53595023011
29697.07297610337
28833.44967658563
29956.67141479478
30574.81577357088
28324.996892927073
28733.29833793467
29341.764853663994
26293.667563919473
26631.506330484008
27311.651280601665
24945.76208756109
25457.4249144824
27078.83843887883
26013.107398375796
27586.134815905065
28145.257056224316
26011.51622233786
26567.73698350544
27057.708389912663
23915.967265049727
24528.994356677493
24963.81545133772
23169.066101400538
25139.498510919464
24155.665404188803
26116.92240817483
33820.16109594792
32659.70063640226
33551.28460170164
34794.68747528677
32983.17497052857
34227.26162540247
31608.578351111377
29884.18749661558
31524.123900866864
31511.08861884715
30497.997359106776
31626.3890054908
28780.071530130528
28184.06549440344
29331.211358036853
27675.80874832578
26669.081568666643
28233.24248168392
24281.772854803487
24097.397576705403
26212.353034506003
25277.33872758672
26126.60580588658
27105.206007715897
24210.70078883555
24514.4588347877
25262.69031886923
22020.45972774734
22357.983474472603
23131.045820732328
20714.356887498132
21250.84253112746
22806.50472880347
21746.85645419907
23330.734721174915
23875.812966357797
21840.969019270065
22488.275544865537
22872.253466415907
19885.921780892768
20492.483584361813
20836.921881923263
19290.772776990856
21205.88110078329
20240.050565637805
22184.07402342104
36459.88992634604
33906.88126201746
35546.92345393788
37481.90418271112
35409.93512136576
37365.164031074455
33126.88394870602
29550.089918060345
32259.843662598934
32845.71699665633
29489.566868617403
31844.070221207134
26436.561782824945
24940.203510961965
27086.772931801926
25029.40962906962
22615.551342065162
25688.04728184498
20223.35914961257
19770.66235724238
22072.917206174894
20956.25872569075
21879.295267939142
23211.019073461695
19725.675655261177
20180.28041888575
20876.950856197032
17983.274664311728
17917.680652231655
18656.819849440293
17521.08324699339
18447.62299045169
18854.355545093298
18092.423925213177
19397.53307515235
19737.391542281825
18331.635951511205
18633.31768457046
19031.286154687405
17673.91852142511
16991.308415699124
17917.465781388633
15391.579908776397
17418.62828173123
16432.270633505235
18356.20193428388
35125.319002560114
34699.61153623322
36684.1649926536
32255.562374884692
31869.43826660487
33598.860614988735
28843.950988016928
27366.133839092938
30837.919866262495
29747.811041657293
28829.13854900639
32121.24306839842
25034.731872797947
21950.240813592627
24995.51141428666
24825.48461619189
22830.912325015976
24966.01544165588
21416.862531190785
19786.191263135886
20706.638078515807
21114.731813003582
19111.271844631963
20287.913470497882
18370.927926963705
17254.744836074166
18009.79880579323
19151.70962322085
18088.11911363083
18784.794198407108
17838.608530434984
17283.920555187808
17473.10572541942
17627.652404586534
17754.120436628524
17408.15074002715
16957.55815838759
16310.151780333494
17223.059469979362
17023.415056556678
16542.100655349295
16923.852790660607
16460.554981496098
16084.558708430466
16287.749412758243
15783.577642216782
30148.007142467606
29702.429725475115
31112.271929463528
28634.86657083055
28164.347863202733
29331.64624955545
26409.352806304676
25561.35374509203
27445.143849309665
26890.293856802986
26364.723543359076
28087.061114151278
24444.530556641606
23042.01399351551
24645.221759086155
24024.193896310706
22968.09917705436
24235.11016414759
21802.187721175
20754.988284844214
21742.398591076493
21797.4830833413
20423.983183916665
21621.378795660083
19678.99871282543
18667.925035898417
19445.94495024296
19970.881137457724
19085.1330582351
19852.329914563725
18569.38660771778
17906.205898680775
18260.117051187477
18432.391450372168
17559.877926939218
18061.83068370605
17319.615582518873
16848.436071134074
17165.501195506597
17580.07942594899
17127.434210100226
17462.439022968865
16959.47061865411
16756.072759731593
16872.45323933974
16616.83472858343
27526.934207100923
27043.15455293627
28036.8253974565
26711.839923445747
26207.134554763656
27086.724159916033
24995.879944843495
24345.46438257576
25614.700425569597
25286.023640648935
24898.98279528706
25986.771839844507
23606.938988595608
22760.623740519397
23812.905930898647
23216.978129732423
22495.26415243658
23408.17431898773
21526.077670255338
20810.60307826251
21707.34029625875
21624.61777036482
20857.766545528077
21768.944120255306
20065.500683227867
19303.54442572197
20038.388252988334
20031.37792511814
19368.118720079092
20060.91566377939
18747.29600360498
18205.458388977186
18727.265481436894
18751.98438599547
18128.557951664963
18667.5207791376
17713.46255915064
17291.70530368251
17664.841355511573
17705.216377692857
17319.56699733297
17726.00750545526
16935.639623248506
17023.060990713264
17000.586100841396
17010.461998447503
26133.70709629329
25583.351893640458
26395.10033262828
25786.240937389786
25148.73279033515
25928.981731173026
24172.017108002536
23485.642776398705
24515.37531630492
24325.278426500972
23881.842992315473
24738.909123510937
22848.259678555827
22205.081061713365
23032.572391597023
22467.706762676025
21884.958787827974
22662.688857957743
21009.497358039203
20482.881703575134
21293.460437487167
21159.764038916706
20672.093270205674
21415.200676622095
19919.37031750645
19325.044608581367
19982.496325490032
19790.498651696715
19240.94315549494
19852.28837199976
18623.484504486783
18073.30324291425
18682.495529895306
18644.743842305317
18166.848414204607
18720.85346053133
17586.217712833284
17211.99602321887
17656.166295160143
17426.883085977075
16999.751164437796
17505.33786020861
16323.612083449949
16693.925187676876
16523.085853989192
16832.53545468193
25735.04514560529
24941.85836315249
25716.0024691108
26086.393926503893
25177.169430043403
25861.443762241728
24435.270835646203
22807.91081137854
24030.988523858527
24121.310608762502
23138.033640516678
24065.76577640106
21968.73698954378
21467.528536995967
22246.74869558823
20984.140754188804
20720.008883112972
21568.614427280496
19979.96149950436
20093.81503778537
20596.610986442905
20313.26123986431
20268.716774998557
20824.134271834875
19735.240429053047
19211.702704668172
19745.79655826874
19934.820988129428
19356.910435337282
19785.71904985193
19056.58953559616
18234.92490125589
18710.9389154749
18856.918558404075
18033.6456104719
18638.323594745954
17358.831185072955
16707.679166589904
17369.236233557865
17643.132152249353
16493.166761005832
17434.493320398946
15238.83266104633
15830.027396015943
15527.931750521373
16099.083925058372
26248.971264113094
26618.06102149365
26256.7945697933
25863.876759479135
25732.960218626864
26103.583272196178
24123.304935201362
22634.80361221761
25070.785046759203
24481.562773591555
22601.390932561764
25008.770694822288
20140.938076264807
18869.61498223612
20223.638319276935
21478.941555989364
19882.495280078732
20872.809280390404
20238.858618796192
20150.674246464667
19642.251509606926
19912.452497903152
20571.258069834275
19672.36870658267
20178.370585292963
19467.32475999739
20162.346967535515
19754.974566635352
19461.40661200082
19935.596072203472
18835.019507578672
18537.76258841619
19214.598693237913
19055.64315577583
18985.81361713399
19212.68902603121
17985.390315820197
16646.70771621228
17959.183727587682
17416.95217770725
16501.211432308715
17658.33883234355
15470.660493864718
15207.791564870917
15197.93367052274
15164.74323012464
25686.25719156285
24965.04816052853
25718.53294079852
25898.316108343974
24978.30660152423
25751.413105924745
24302.502165837956
23262.848757683274
24029.907164523505
24136.72353320696
22920.5090056793
24006.54807610871
22179.6544028174
21082.188446911638
21890.660190900224
22622.485187627837
21626.31795924051
22410.50939504386
21091.024116231758
20294.216468663195
20743.18586507349
20930.367275503046
20101.434975659573
20517.674855985337
19669.482206743553
19207.03209034597
19678.693384113365
19751.406976998678
19121.25044007847
19699.471099531027
18529.70950819976
17942.800529886517
18565.18666156743
18528.059596194402
18045.734216983747
18662.872111785862
17300.55645681985
16523.19256304846
17313.03714354372
17399.32881230147
16769.422560509804
17338.65477492621
16451.0668022444
16037.158834622
16256.400180179426
15764.914323485544
26405.926141042546
25339.615428427052
26117.66844461067
27197.22914956158
25961.492662443252
26763.751726404356
25497.644885692964
24223.934883062135
24787.078199399562
25110.64403719441
23676.768349726226
24519.175959539476
23066.8159266264
22022.408293538138
22837.034276112456
23612.858734930753
22419.849093404795
23320.104213630468
21708.257347776478
20710.38866953816
21388.92003716508
21543.646819488764
20502.322578838503
21239.89380839705
19878.31165289726
19164.826264733434
19813.877002593737
19984.301922022496
19222.185767092542
19937.414178597348
18566.78187913759
18033.30875542031
18571.63939847539
18581.22020590077
17994.624423478628
18549.850894051477
17515.459091353452
17017.910420599725
17463.06158589271
17544.083897232133
17160.02552552792
17545.393607837494
16918.9050065798
16753.174590081497
16854.237236666202
16617.784606328514
28324.15897332492
26875.986172982746
27713.795628523716
29869.56809666851
28184.215197812606
29036.961390638564
28023.84019585051
26084.3519081377
26522.12156636085
27199.31396398903
24983.241381107357
25962.336624919637
24365.76555883894
22914.762191678212
23958.086019416096
25475.66153043799
23577.724234531284
24862.602118314375
22537.430589257747
21074.292904675982
22080.170331121615
22292.70957585863
20908.431816349956
21886.68802873902
20011.435408482466
19206.555667109275
20011.085835587433
19892.084691516735
19038.739897700092
19976.107271718
18065.39070308418
17702.181326647602
18424.043411759543
18276.19372253278
17963.52817239285
18517.7170928082
17422.844644387667
17174.834555296184
17504.765909813403
17128.69811979104
17045.725798335574
17296.6070248834
16847.586737444817
16939.559810743496
16902.983148416
16946.69844638133
31900.703798393388
30044.478487516593
30825.985701442158
34232.19865878206
32653.90998330468
33064.778201714325
33703.366948224175
30440.003324847305
30290.829136645196
31831.60273122602
27766.096767715768
29037.46411959879
27229.97388234902
24559.30725856363
26246.9348638869
30057.31506014293
26130.232432537843
28488.931825231535
24159.64407722818
21220.302749961756
23174.52524049987
23605.931904523233
21183.609674155552
22826.855459350958
19525.871864194225
18595.081574570573
19746.67399735006
18859.01130444209
17766.834481221667
19223.17056791001
16362.967103096951
16518.358790361297
17371.71924233975
16903.902574968946
17217.973702667583
17761.500467845173
16680.435829200855
16788.239157938686
16919.32959339922
16380.61009421571
16601.459550861364
16473.980200678074
16975.770754648358
16762.382958701855
16803.60932441257
16791.287151744873
36197.60071151258
36105.04746718057
35176.553171426305
38274.16317587144
37455.78644708348
37362.65144456204
36978.49355556101
35370.77423339332
36850.20639091825
36876.600318725345
34346.52450216053
35748.18584350006
32794.18599188813
28696.840315673144
31781.399444142713
33266.78714452487
29992.909976718653
32991.830422191815
27766.055748075803
23477.63138519951
25679.950189604897
26641.46688370382
21330.703080528532
24854.55988180229
19287.33093535853
16550.54734847385
18639.66683774756
22790.791618051167
19084.92789095459
20900.7951466442
20152.89970921099
18032.26333850297
16543.907775076794
18205.069098359214
16038.191545226351
15990.948019504602
17154.01250039527
17101.962914711195
16539.270147954918
19686.447561627934
18587.457128679805
18247.544091407523
20044.716939228507
17944.60967954586
18872.888579749655
17310.810927715553
40149.98364910718
38465.352118045805
39165.202356724534
42586.216370078575
40289.84471996285
41283.59724063973
40219.999399650405
37514.98031578546
38073.605678750915
39027.887425958266
35831.745075157574
37386.4732659295
34675.95335709122
31497.203350608448
33826.31239348476
37037.62403180596
33866.75808709156
35762.48763871797
33520.38119494153
30122.112163925325
30449.105928389068
31944.136726009805
26715.18650270287
29043.17932642482
26624.364282699426
23183.9798598977
24716.1058367712
30365.13052041315
27172.700150018092
28507.791693580264
28111.19904487806
25427.077979348644
24163.147741118162
26150.485590701413
21578.62712868891
22157.586397026524
23116.626309064934
21312.902906833868
21339.120958743817
26841.058813158823
24691.970027623196
24960.364793565623
26290.129486718975
22935.418773044883
24569.655925976258
21408.87403823999
45740.034844399
42935.1661196833
44060.1678819925
49688.92370638066
46358.28685874621
47612.582644946844
46767.80161453811
43309.91199521287
43173.34690325852
44896.40762192199
40098.36142243889
41611.255363908385
40014.37588581627
36793.58347781258
38477.18185268302
43331.11336991
39993.00755923449
41652.813589045414
40024.27339398336
36976.3851657386
36783.27224986236
38427.57929943397
33585.61982517213
35136.89653035742
33976.323682815484
31001.712386930703
32191.50520240346
37365.66143608849
34642.97299322195
35714.003286798215
35542.691163777745
33078.44118253561
31928.243071321685
33769.36550231148
29294.765271000197
30038.861764045265
30646.28972111822
28346.791616203227
28740.774434323244
34439.71709926917
32126.502060635685
32548.401460052162
33710.739381180225
29905.603473680814
31785.918128987032
28072.10400296532
54536.908939865534
50498.73322177092
51977.51118584565
60516.72392941273
55325.634622052065
57360.24389905826
55027.79148405833
50584.451759454285
50839.84413431425
52962.855106467796
46892.41885457978
48757.751250480185
46691.40962540529
43220.02523829689
45013.261637971285
49795.40500596531
46164.76273667001
48293.11230836276
45389.73814222839
42670.2499013786
42979.80659628401
44266.60289443962
40107.44290199532
41567.56944423271
40276.565307927005
37935.959317200126
38895.16684080115
42370.216245000396
40635.04842478958
41450.39568622402
41410.616405713416
40006.13148109429
38781.736663875745
40187.482112168276
36699.337813724276
37220.81110322017
38160.986801155894
35989.65293034057
36313.27126773324
41736.7814824922
39957.766828027416
39972.41931379212
42051.441006004876
37721.695435184505
39836.034520588764
35685.48554170928
68207.06689715013
60426.087907516994
64077.8492210327
67991.31638802614
63656.262612741455
69181.63611576713
60999.252180201205
56525.76383652554
58113.1671573681
59573.50059605182
53824.756243190604
56822.42617191792
52583.57975787549
48739.88553462196
51204.23848489295
55268.009509687734
51392.299759347494
53924.47501984899
50281.28454663667
46332.302013294466
47389.345205376114
48697.745332862534
44394.21568858468
46386.19969979543
43635.8359668303
42349.27433269954
43020.903920934994
46720.574790464176
44038.45818573342
44889.52254274003
45823.22379315332
45386.165486803984
43320.27313865376
44476.959091398894
42907.62686241759
42430.04235984966
44750.52881782542
43900.62268053585
43373.50533081687
46450.412089539466
46376.9912556163
45779.44362874672
47087.05449966492
46883.47969645009
47625.08687318944
44406.97008460188
66791.32952464034
64772.64562105365
67243.75140063903
66587.88494248773
65009.90578185013
66588.9051974878
63615.15526789469
60960.01486550586
62564.88815713582
63081.121090938555
59154.48126056059
61924.14403705729
57736.9256040037
54108.106580043095
56560.074859258246
59785.90565028305
56684.764867115875
58802.533188083595
55876.516472951305
52840.613575044015
53344.35601064472
54676.973249639996
49932.824031974385
51863.216741493
49961.42370669648
47509.03241777116
48468.23317691025
52329.19455029137
49896.06430148483
51242.32784972798
49420.12720420475
47924.55190680478
48014.811090102725
48810.66271535889
46869.07802680091
47020.77298875136
47065.85384603937
46813.0614813279
46838.759949452506
47190.92547344541
46499.90844512104
47184.12458006951
45356.95889183463
46191.69209622462
45779.341345093024
46625.16123730078
67104.55137788289
65626.88422380535
66764.80539253484
68271.57584148555
66645.75559093882
67617.60122511111
65984.71260935915
63951.14746714711
64761.525705269574
65386.71661580099
62504.359660705515
64162.320519969246
61613.500203996795
58868.371697831346
60716.814846782996
63237.476445677545
60910.658581412616
62470.36494409974
60502.72962819881
57304.402045064846
58093.575433175705
59238.230007628976
55124.450212461554
56992.4878272157
54163.71160946941
51509.64817914444
53280.95587554784
56085.37417342926
52665.99408700851
55059.96878219659
50299.47132040811
48247.32822833459
50162.164189084826
50324.52435415848
48391.56154170577
49858.96386524105
46862.118780609184
45931.138302007064
47083.15544301221
46003.470971005925
45047.10476667275
46512.807056898164
43185.453664714216
44381.74222653598
43804.421516870396
44889.403992393876
70123.8646277695
67945.11662732152
69089.93710762291
70809.21139855207
68910.12652804986
71261.52653798278
68205.72339361282
66033.32085857674
66999.50955934008
67483.17131400488
65122.015503519455
66558.80771207799
64077.407034557735
62818.85311844826
63817.1407907695
65614.83352247773
63139.4643143615
64395.80947107193
64957.40914336116
66451.28778042892
63629.77936555135
64928.7043591699
60352.54844002838
61950.220541763905
59005.211429043666
53635.29130447385
57386.978929745404
59731.3367693582
54246.244370576555
60234.41495557655
49559.10631803186
44115.60591094511
49380.08405707566
48942.77921121371
47178.62374611312
49993.14803762063
44773.58826936982
44015.103204206396
45400.747080330824
44662.78359759961
44911.57768592285
44442.37010347382
41909.88515457207
41945.60546729182
41230.88250602543
42566.77337683423
70262.37572496396
69829.19869033755
70485.40435031697
69848.92592501464
70047.75337876388
70064.35859646025
69875.1774528115
69389.8372679564
69450.32135748303
69797.24792536173
67882.04051802972
68898.42905041088
67856.5225318601
65898.43094713725
66853.0331816202
69578.27135021085
67618.05451122296
68750.79664284858
66791.54972387324
62456.62108716852
64937.99625505256
65602.6395987592
62605.46580799171
64773.424164019525
58469.90745203405
54434.55802821324
58905.71863530532
58462.177442088374
53917.08293184068
58343.5597701603
49008.363908262894
47068.078456959534
50377.96469296653
49985.11918480699
47013.57748429929
50212.889173047646
45332.846352020744
43731.902418673635
45069.43013145591
44736.15427174183
44219.30012811252
45248.94612829725
44213.04097253225
42974.75167628278
43559.472177086325
42442.4990633104
69141.80158563182
69623.97658031854
69563.9538524648
67724.83906176031
67721.15731069197
67884.3288684422
68644.60162496213
67609.86763360992
69701.95040365345
69531.9032484335
70270.6264247524
70106.4943310594
70206.239956992
69465.20272891117
68955.0818515187
64973.03851781445
69794.88366045506
68165.12600735963
64839.43052261419
68497.40547302741
59004.325030653
52347.133518912204
58774.96233287748
51131.93557412959
58195.12661984987
43191.104426885526
45825.23213396169
46209.39800343745
44441.416935404995
47421.381652607335
42781.36337129267
44445.77036313381
43777.48575245929
44726.32427189843
43253.818589957744
46367.80288634026
45974.778927848
45103.006022670095
