16211.741616013127
15317.478094304635
17132.561042082336
20046.3221492375
15641.15024775964
15404.99201132507
15710.16593525156
16176.890480323173
16677.74673661654
17188.761413677155
17659.269869474465
18053.836338664736
18273.478968843498
18459.651070857035
18496.796803457866
18448.14474317324
18377.014257854848
18309.447665344862
18250.918933013065
18200.330361139906
18159.86827474449
18145.30818309752
18202.701665340082
18438.326779187988
19018.54925324413
19249.349626528932
18878.198506682107
18836.035887904945
19003.858135067425
19239.24872371059
19499.267500414608
19758.45825308829
20006.92505246314
20228.784803265164
20443.662616902147
20657.506386295754
20878.25045668465
21110.2435165214
21366.879558796805
21678.032249935077
22077.149815540422
22579.95627931211
22846.9428868833
22902.27373222377
23071.698640026978
23332.870238140495
23663.472125880548
24047.8920246461
24472.612364113513
24940.06740707543
25445.098907327054
25989.98883932603
26576.940152161296
27209.63461185171
27895.433900237353
28649.529632604776
29487.1103275621
30434.747984728965
31528.363569468507
32808.27851410268
34324.3853142323
36168.13580098947
36584.15797674054
35942.07204290372
35580.89884358876
35410.231053192
35401.04378216502
35515.73371476612
35719.129906505834
35982.68782050565
36304.4006515102
36650.69268363026
37007.64616222711
37390.553726929764
37764.07061659464
38129.2054106351
38484.0996518068
38798.52062087898
39062.59624186867
39262.85724097784
39357.47794064749
39336.41227212338
39371.00506734353
40537.56603223695
39524.089785774224
39639.70594769904
39804.47712259435
39850.172879238955
39787.395339265466
39639.82833548657
39425.995740340346
39158.62723193642
38858.14921434371
38533.875216865184
38177.84999640054
37809.68710407404
37434.82872343314
37048.59437901587
36688.25510180157
36356.14905419288
36089.5222963565
35967.49968345945
36132.63553803603
36868.22883448168
38668.80545453982
38957.48893715189
36960.448930451385
36079.64051806006
35826.96798472002
35881.1221714442
36091.68579264997
36388.264328934034
36718.792437061
37063.65708913557
37425.38329863119
37774.132180827764
38112.73833725825
38445.26566417342
38749.81908495853
39022.555813654435
39269.278081161894
39451.158190125105
39548.43031458288
39578.21687369558
39677.5733319635
39466.86894140168
38885.01194066372
38405.1196150054
37866.92305284563
37274.79929171101
36645.42766158863
35996.788261549045
35369.601119556726
34750.55960647155
34157.52247632831
33602.541210756375
33080.05280311668
32609.300536414266
32169.464807654662
31738.772050917138
31218.54693018408
30471.57233713314
30267.9750015333
30372.001800844013
30256.97188207626
30070.6749755224
29893.375740018288
29745.114709785237
29625.333906604814
29531.494183598043
29465.469755745085
29441.7519732813
29494.239187909596
29642.763613687155
29418.00090328421
27063.7180311392
24593.140135796435
22346.88114182989
20287.87678350663
18390.54796882847
16692.15035011648
15353.475861415503
15060.178799963001
15014.057542475763
15138.35218447772
15652.13331449707
16360.824799759699
17080.174421299955
17700.30266210525
18177.9209896407
18356.81525089951
18190.035543440776
17905.27709218237
17759.33485365576
17733.015668444597
17678.0291435551
17536.737566331165
17330.616523608667
16828.77323960975
16470.543444864445
16086.880513503793
15584.903787394975
15008.697493570528
14264.112725331706
13374.278540644631
12368.93188626192
11635.737303508178
12607.348621686022
13993.671856750481
15250.151057391098
16370.836180844703
17355.351625718322
18225.737593598435
19002.644152628698
19673.398723106944
20255.204625687744
20696.6033721914
20924.918742231333
20861.79963847582
21407.858466474478
22949.57611761566
24276.879835494394
25413.994243067835
26448.26840520638
27435.553261195273
28405.637778850967
29372.603110074742
30341.04717170848
31308.715588727107
32266.388882350846
33195.019980565135
34058.92710958117
34804.2972782047
35314.6197121098
35410.24678800461
34968.806972353705
35759.60679697195
37655.2537665441
39039.31950014763
40038.70304340222
40822.35955124129
41495.599494198555
42115.03814604148
42747.0938864967
43410.192998684564
44122.072218108384
44920.012852807115
45828.28565141414
46864.4228967614
48064.22305202118
49484.48479883856
51143.03381951537
53126.00106586619
55511.632963858356
58389.26113145107
62026.41293583907
61801.65905301673
58759.08775270521
56419.232209788766
54545.628758409985
53033.46369222782
51849.23461790258
50910.00143924735
50187.3279919645
49641.02787729559
49235.58782350739
48954.26909396669
48800.41520733414
48744.33737239497
48781.714629598784
48909.140193602856
49139.405829902
49476.958316459844
49903.80232016278
50438.810067790066
50947.4154311726
51170.57844564756
50779.5555726624
50250.51149971665
49116.07541763035
47707.99690742728
46297.80594133184
44969.5128827622
43756.655600390644
42624.778653500434
41564.49140327834
40567.21716098003
39626.40483989077
38737.437518576575
37897.2506662582
37111.62257805238
36380.6406175287
35693.354289252085
35048.02552443161
34452.290719452954
33866.234737096296
33269.792190380336
32570.946777580335
31422.123810458055
30498.18382615692
30160.43517937279
29286.99785244334
28303.406677064966
27303.127169818992
26319.18929557631
25364.07135121856
24440.16838101978
23545.27862695753
22675.864417313125
21828.897874978247
21002.78020076573
20185.56559389941
19386.49283465659
18611.569865802972
17872.192322602303
17166.07320906155
16511.27961224193
15961.921422381349
15509.152969605091
15438.328798493214
15756.812605732759
16199.160011029699
16715.47881128497
17287.80864588755
17900.522640209212
18520.96916054361
19167.300975144954
19813.978209727356
20460.238257093857
21111.240311023197
21748.75068792764
22379.676718190734
23009.84587049738
23651.843243174542
24382.741063260393
25255.192110952135
25109.793330334192
24268.793966493726
23586.188702381703
22993.72365457819
22429.89682802806
21898.35520553106
21394.249089155266
20946.234767523896
20554.574646549627
20260.356853224668
20087.94790294577
20064.5454642177
20109.233169452917
19784.339146197577
19541.122641390924
19420.145851425892
19361.415839690984
19302.515799379787
19184.882562483384
19031.114896448835
19429.382955687863
20219.688767649684
20663.013440383787
21074.27553963568
21098.052868463663
20723.72164042673
20503.72810843874
20747.731144396326
21036.04947284075
20880.50365318037
20228.252019601627
19178.91658119116
18017.47269583702
17038.36256793751
16380.858231526665
16131.11547389957
16969.81060058124
18350.951194716494
18930.22778770676
17146.838977774994
13954.094596357896
16301.961001036096
16958.65514609207
15275.559687063062
17176.62259498676
17288.087987282895
18170.14193551998
19859.766363157993
16345.624977999578
21153.449849237488
22311.233217765875
17432.440410461986
21236.93420083441
22343.09718053425
19035.84398827439
19672.685092454114
20331.823346389392
19355.675805758146
18444.574688973007
17921.14680836558
19408.387199808938
17839.021528013945
15336.52053314689
19978.60457895047
18553.383619802127
15053.615265347195
21862.755947205893
19803.978430396422
18302.197180239906
23865.398985392276
22239.954012897426
21598.088156826117
25818.223208944357
24382.701552381353
24992.96375861415
26982.375170689604
24703.4542324534
29648.45659583199
28876.861654611308
26064.476125805893
33674.36592267925
33124.93016664553
32515.896621905747
34574.23588811659
36359.53874091954
36594.86111806642
37503.09473715688
39135.35923857546
40041.96281023408
41022.58162397333
41902.721298148026
43099.67567838456
44451.15135980505
44259.66429761186
45342.393581637065
43488.64869210412
42987.54566260618
44939.043782169436
47198.1158474462
41087.72095559662
43550.66656913126
46474.55945373226
38790.03601815509
41442.22846231146
45580.537797144614
35472.23949625041
38394.26144090201
44945.99802512336
30249.96328660132
34320.78128482609
44195.8674376921
31424.44221204825
34870.71759783993
43659.88451924911
35796.03556291713
38143.589530376834
43220.74445847728
38540.749521013335
40376.86638220749
42844.225162070565
40366.816864725406
41767.31262504002
43318.92158886448
43077.125384146784
40630.1711800779
46374.306630628824
40294.30087537767
39204.269447643805
42054.72210919494
36298.55789340561
36023.721411510545
35191.46699247021
33068.80682292811
31985.31515254237
30831.29160431899
30561.5105335899
27703.13250179555
28579.927258042546
28971.496636369826
25124.764985408758
26530.18055411335
28266.31139702075
26029.028112161468
23064.693119058455
27276.711533647613
26523.856224912917
22364.792495114416
23463.603227679163
24889.530070778837
22700.418941146032
19003.02984469943
20709.880414902465
18635.750394088074
16132.164077908561
17118.222601678055
15218.953871690395
18054.738175844377
21187.634547035963
20332.433605979524
18207.090421366003
21262.06865767906
18692.792050967386
19200.452384476426
20144.277005518416
18310.45571130736
16817.986654349665
17105.32291299553
14670.647074254935
16048.746134439723
16252.966993617301
15023.592485952344
17395.51315215454
16483.00268961572
17919.415677056106
18426.877307790484
18000.027006913046
17222.4708785027
18630.948308386305
15686.114455273073
13684.517982671894
14486.33654069547
15944.780714539049
16225.915444959863
14829.766027802936
18715.194509603403
18003.531499510413
17538.250123864873
17123.38073797858
17720.85472245758
17547.318595688557
16782.338174436223
16703.62283019886
18968.078145422092
18454.855225152627
17416.43378420044
20868.06961102518
19704.24399539431
16180.015379114893
17148.327029110296
17146.756165081533
19019.64142955054
19565.87683851265
18253.690911245227
22250.021961715836
21216.2576830182
20552.896453605557
22528.740667321763
21987.04345154071
17278.249260680874
15662.676928234077
15209.345979845588
19406.786007991555
22194.568205085092
19887.81724936329
22194.57387284124
22944.491686526908
23304.66073243387
22631.132149497374
21923.728654853396
19191.966629592294
18501.81821734547
18472.753639084825
19270.349734256957
20363.510959763174
19353.064000391125
20038.309648360053
21445.51699759116
21065.980541953682
20676.794147393906
21846.2364072137
19950.950097358786
19260.43819651836
19634.108115000494
18888.36955927723
19050.35371028476
19099.4686795241
18077.647212492207
19146.825839393892
19054.192599785263
18079.969807573747
19393.876577160347
20413.275726686574
19409.980489013426
20200.521076099987
18898.620656071584
17965.071312007287
18753.438832394357
16042.868581397131
16637.18173180446
17093.699254620406
15514.145991003385
16749.316806764702
21248.82962317016
19124.205708332214
20566.621201617963
19657.46900167509
19038.189383869652
19418.77507816087
15722.756223077728
14470.396610968839
14422.525185489536
15246.984030763988
14686.902216505516
22946.030803587542
20959.77427826335
22084.81667206429
20840.97624413023
18830.226002532832
20045.905506075433
18861.61461382654
16617.187343300706
17374.241900628316
18247.73798476426
16628.148304808354
24923.092768586648
22835.467086500976
23887.32585129441
22943.980669538425
21004.81809116982
21859.71749233521
21794.203088063747
19965.505634734076
20332.420779867138
21622.87736732594
19926.395385541928
27246.681509029517
24888.39600071014
26042.770611584296
24776.226834469824
23408.59836907158
23965.517218442605
24580.46537987259
23252.388206698026
23215.60453793585
25272.641666555133
23381.26537220335
30166.590977475957
26554.190089497493
28577.526566377703
25007.961041252787
24959.494811508896
25173.67679021458
27386.981391975976
26996.813609501565
25909.269227938377
30043.76868459898
27436.645205746438
32912.861814446514
26556.392189694445
32516.540675850356
26845.18705352852
22299.03259890482
25451.665995955445
30625.91585582758
33187.61357794693
30226.442611166964
33905.060747200725
32671.686937221377
34384.311839384856
31184.535210540664
33478.979183839445
32364.946392154437
29846.487105893153
29732.114147395005
33495.276515088815
33708.07546008646
31803.93750495849
35106.94678575815
34300.88932341384
36507.12528934311
34827.860695954194
35426.375535987114
36359.01810486733
34683.41505092234
34517.76485157591
37021.01190835391
35910.68321988284
35257.929815546515
37826.28995161815
36325.45144947832
38626.57778103513
37776.900988531
37582.39222941987
39616.96118713997
38366.07411791255
38020.72709782648
40515.238649600375
39225.786623888016
38787.05400597105
41452.92491872344
39548.72770226326
40378.7672470781
40492.63702285243
39598.90376578304
42954.92206054727
41645.54744007644
41203.173507924825
43244.15143604457
42829.63119375091
42093.962092980604
46007.05761396267
43562.202524010914
41129.10331612981
43471.17877737006
40634.19932131693
48876.53401172906
44378.77624551227
45320.52964063199
41817.945831500496
45330.64378861489
43251.90585517192
56929.181513599426
49511.65220037628
41173.63995225037
44024.186438840086
41034.47359635283
44409.911792510065
45312.851547084625
46063.40600811092
45518.93429146177
46702.956969349805
44379.39617786946
49252.733836008425
51168.21114995393
40027.13771066965
42041.5188031861
40736.797168440564
42274.36358789257
44346.917837655994
43291.87836836047
44948.72913861462
46930.693350420304
45484.19139739121
47853.914432681886
48368.78701105667
38137.333172625666
40023.951783781326
39162.24446927641
39879.39829621598
42586.41782399523
41167.867687364305
43400.97933008171
45984.478544494945
44233.536782541225
47653.51380173755
47616.62309922928
35518.2190088172
37300.709955643375
36936.87512816411
36500.03237329767
40057.02578404683
38338.01470700141
41220.40272712152
45240.6796112951
42430.60976700079
48864.872111344936
48024.24981017045
30909.849370226475
33176.69032383762
33702.83235967062
33528.97898802977
36432.095103543856
34550.06042955044
36963.99031522367
44616.49777761498
39554.79927333139
52262.75693125491
50310.42662359022
32188.986966685967
28368.689512203608
28240.234004015474
33444.4266262802
33032.606259263564
34473.03436280102
37737.558625666454
44194.20317786063
34849.44880140753
50459.82907556015
52753.68602210698
35806.401010374
33886.4750257823
34308.78682333705
36603.19889081022
36623.639868108046
34875.655913662624
40405.4250429933
43494.29928965676
39411.44463543862
46027.71004095746
47911.8185137365
38057.472182586665
37313.63085033611
37019.71334721825
39303.87116564588
39382.89914921927
38089.233741756514
41640.12113669608
42967.499241570535
41077.39135358575
43731.16066530613
44688.84106786445
39745.08640795503
39541.28848649634
38952.90508080211
40902.62262487586
41180.86399473829
40254.80896101387
42833.62287995704
42911.04988597389
42188.041904219055
42736.673075313556
43082.198786173736
40566.78417122399
41179.50393285602
40440.11046086022
39701.382077848706
41838.17255926213
41006.835033525495
45017.45777579231
44349.41195491336
43696.24558369482
43172.76385866159
42707.83723711776
39363.134480496534
45905.27399066209
38956.500673763825
38775.456013821386
38767.303792210834
37240.48812649146
41563.117751087586
46694.12350164224
45607.62051760321
39317.83795705877
43419.57223471555
36262.262347837255
38055.7184929691
37829.865682074524
36151.68793594858
37951.673968469
37809.95167131524
35842.4282380351
38135.26626406876
38470.077670375045
33887.75710610624
36400.17609109752
33480.02175622487
34635.08045581406
34794.10934849492
32508.77024436293
33981.648857194275
34332.5850575231
31523.851253557663
32808.19237309006
33548.73163110115
29723.63204222455
31677.99646733739
31896.35583178664
31682.978789471097
32421.970188358806
28853.913068405673
29983.12351955369
30689.918587081775
28235.957221918783
29319.33799991475
29751.902465961684
26838.316465178796
28064.586853482764
30955.185716224485
29157.029576303325
33085.058856294505
26912.869587707035
24427.16748932532
27676.476341751862
25981.517143151344
28920.352859297796
27155.39410415896
24256.309006697054
26547.067763087383
29200.498945522857
28546.572209133075
29715.049829127915
27152.138080468452
25817.652109461465
27023.36751305088
24781.38611477358
24310.73148371143
25217.360252401897
20917.107425664686
22375.289491196367
28320.20912476163
27977.09005998849
28851.55848670338
26999.68202239314
26233.47053100713
27171.168054133817
25401.23663860689
22390.3089057068
24764.86882435571
18053.225617483677
19545.456240959436
24767.990413030726
25357.427512220005
27063.020583511414
25062.251261093625
26203.27294961562
26759.531421098713
25689.54099892409
23633.010955325568
26896.16272733659
15712.66382629368
16164.16290166284
18069.148685380012
21545.04027454771
21573.36501886567
20210.098627202762
22765.951904217993
22352.993240426687
19938.37614240874
20012.239343962872
22275.752275143175
16991.596997615077
16520.317619162986
17085.04872423945
15020.784262416264
19826.572871065142
18700.894833745137
17976.244657620347
18022.113431385053
17435.603109908974
15081.86248215217
15613.975011317052
15404.256511865555
16048.308712836662
15635.14314429176
15493.716797608347
16446.85794311051
17069.18402145969
16018.430492757461
16184.056856387555
17518.084657093154
16361.026141883622
18784.166327367777
20460.096871887738
19074.762417449252
17544.24388716156
19138.54436696612
18170.22322962078
18324.27483469154
19657.72704483262
20859.656906247328
19640.87397239614
21291.963553314414
21151.13544187038
19896.210152771208
19642.920145950422
20420.6404714605
18223.316227113413
18757.61150713295
19142.679420823533
18495.483852492187
19916.515868897954
19678.93624550417
19189.261067523013
21291.189292063482
20250.93433824316
20977.193722789398
20433.775151773407
21190.571343524778
19175.43977354307
19656.508830046514
20041.94911659777
19183.46195208529
19130.251315689995
19235.481265568815
19624.343558472843
17135.891105122344
16602.24319865361
16581.63976912747
18187.073772420437
17655.341471707223
17676.754323110807
18008.007509232535
16889.090260925386
17021.859317664756
17417.727393067384
16865.086088413944
16711.878245887463
16528.775510682186
17106.56190929231
17012.486155636907
15820.938515226455
15450.075848409633
16143.200448592073
14097.936870354008
14972.522462355735
16077.795316644479
15054.024229479444
17166.37402600859
17150.933584241982
16185.30331877363
17376.20947953132
17212.478091880792
14352.150492419192
15652.57733980435
15203.040744466574
15659.319385597417
16785.61771813751
16916.697550098797
16200.507313493476
18115.549731249102
17702.636006730034
17917.11831980218
18784.422120656865
18481.187698032918
17031.790872150203
18146.883627117655
17422.621286825386
18983.34024374737
18946.100594654617
18896.424013390108
19062.084532279
18561.768077607852
18986.714086965294
18484.79148491663
18264.942709797077
18255.447430104497
18427.979167303583
17550.678894461253
17002.963969186298
18212.102003952332
17795.729747065452
17622.736324650254
18487.527708626585
15745.309700092332
13996.005871269705
15621.40598659101
16271.730197900402
15117.94313877124
16002.914298558919
15333.512901523534
14470.81095673962
13866.131573568735
14584.433594183995
13053.881956836833
13521.148007189848
14136.7565124845
14712.714508226141
13902.513240599215
15493.327432318147
15286.113609948781
14755.883686067667
16504.341997567433
16633.251525937798
15521.911631935767
15939.322888014296
16043.73610143683
15410.716591744484
17024.894420607532
17686.30497881885
16803.109758251092
17921.50976477149
18324.128741640725
17424.28984459844
19521.218547125027
19170.478657219748
19266.540543905125
19266.025157172055
18029.5622619856
17827.256693906325
18131.29577596387
17841.820386310075
17637.566014844553
17938.44143405505
17347.343450029723
17224.59889055868
17411.759795087244
17394.26703111075
17022.167194185342
17445.784388413267
16872.016450230396
16220.054529876586
16568.49008021661
17359.719177596002
17152.22849650443
17140.918817931102
17830.256885063012
17479.893746805217
16667.481952349903
17264.439330787016
16057.38644088363
16041.076959458189
17046.423858264494
16659.704442540453
16268.955542912165
18547.044788026516
18189.041653279244
17796.780756913176
19394.69660305685
19154.928438707437
17906.524298956872
18641.66291661847
17792.231924332955
17183.706993170832
19072.282479417136
19181.30101165804
18463.26419693754
20347.174881781826
20274.59969426587
19700.468437231473
21391.53098957227
20340.306884931408
20850.55838387619
19894.89289486534
17581.25456851229
17386.387731312498
17725.36307258919
17323.75456751778
16757.899228236205
17424.112035404276
15800.477202100637
16850.63914605446
16982.73009916581
16516.718854359824
17275.95032233372
17226.567109090658
17610.50565075181
17921.114978983256
17522.197745744477
17585.340046596197
18594.258649923006
17620.35258823492
20214.90644504648
20333.508262102958
18940.010572192954
19534.56543496828
18856.801852372017
18374.026683015734
20115.459306452507
19747.14012286984
19314.67986738057
21827.099871862603
21390.70549746474
20959.2212391543
22391.749802978993
21810.128679081245
20910.631167205484
21654.990965095327
20551.90303723303
20155.170550340437
21550.822669415124
21448.702930925752
20984.374290410677
22190.717829226538
22391.27737687868
21997.821222537325
23481.802251547917
22494.814123870437
23009.716543759077
21952.760949504118
17712.132408543897
15302.508595172134
17508.083757012493
18014.641351630187
16392.22791780476
17677.92586107542
17049.76633378301
16613.78791602648
14870.413492412681
16009.004390045553
15678.660967391104
14896.245872502026
17752.423348713906
19618.20316303076
17611.05144438145
18323.489998328714
19537.97866546043
18003.55345965912
20416.71075890615
21746.928680812867
21118.847710644677
20793.859332069125
21940.692826643717
20893.957933782665
22807.96341868323
23065.37458636089
22586.323815517062
21830.864765727456
22786.33805784152
22402.877251474063
22340.77458214975
22651.657208370758
23236.746404762394
22848.86896247168
22776.30668222154
23055.798412246
22074.238897812967
22071.865180173223
22057.59802436813
22364.284152169745
22620.03899283668
22375.007283562358
23161.845253789143
24200.048167180103
23612.72046992754
24050.727674829715
18798.148989659174
17963.032386192623
18407.257991907474
19432.930384233885
18881.215446315535
19142.816552716486
19057.424929247827
18818.471701028237
18362.780574577908
18763.408981730892
18064.173163404987
17813.1257690669
18866.264204550018
19369.81429954785
18627.78591667547
19115.627538692177
19323.53482742004
19027.217178976065
19466.500235102867
20012.04622405054
19883.580866732096
19668.914247515797
20769.87445227899
20122.92728317208
20763.066049949888
21611.672743451418
21271.09440469897
19867.056918403585
20536.74725414234
20298.55199604129
20185.908853012883
20907.41412543396
21277.394437010666
20732.460285466877
21939.640018992035
21815.77959213485
21621.62439825543
22319.07792475611
22077.602210485893
20491.76267897615
21284.719959799128
21085.157263920337
20888.14081748264
22113.668936005917
21511.747428867755
22665.218537866305
19913.220163666454
19434.82052751363
19687.505255981632
20290.7243833416
19802.615539590188
20110.441109413194
19631.802244849936
19317.333918429405
19416.295415878216
19535.469507319613
19171.91256998074
19262.158189002374
19159.174749097423
19193.711459398903
19155.052761641826
19115.274572281232
18996.500957116285
19141.52980340471
18662.686323394046
18739.392962681824
19066.897515752775
18860.46664622644
19354.13901058248
19266.427522744143
19045.263525004713
19535.764880497172
19444.883721714155
18243.234931581603
18557.341276651845
18635.171216249706
17964.6328450737
18531.750687849708
19084.862163835413
18518.92700964454
19743.751692693768
19632.008127243585
19248.28497372127
20049.39060018324
19881.697111224283
17962.488946973113
18737.328445101964
18603.55695972276
18266.811203266578
19583.763811766832
18931.800871605763
20241.13258036521
20649.8961335238
20081.127859646476
20467.828848461155
21072.82234339663
20312.41158930567
20847.139401214354
19834.661702480473
19424.84248602254
19781.536614786153
19829.060024877566
19385.13611684227
19713.21768871249
19086.2941142163
18800.302108893513
19093.064463697603
19140.14228445015
18775.351740046714
19102.55922293503
18508.312169974124
17821.15647248525
18382.659308025017
18364.972132859664
18181.353635374275
18495.21730443238
17496.811548019472
17578.370184150976
17864.554221571518
16911.247610860293
16576.379728621803
17177.549335518168
15507.323715350005
15999.591725795817
16791.17300846683
16175.615103481256
17283.26716411203
17378.481634211064
16629.797927819276
17405.822133241374
17294.405245701757
15363.182352527027
16116.407906405537
15992.356195525485
15796.240676978041
16983.659418585525
16357.133239559666
17610.28655147278
21754.16030376054
20499.46182141346
21354.133133063948
22143.910456561247
20824.044044762064
22011.078462593923
20467.48371059549
19351.82420923511
19661.434059316827
19905.954164260347
19320.627563813672
19767.84662443303
19240.098362068173
19131.23362868961
19183.73638409291
19774.973823780183
19592.680937731227
19436.408954084338
19365.52820056888
19119.463242161466
19486.27794597519
19630.599478553817
18152.69839864612
18906.03042286005
16684.098740317408
15363.411314296085
16720.499659128036
17105.414447266496
14587.827478312087
16812.68809672928
15117.205832478341
14557.563806940017
14138.601704733403
14249.91868792945
14770.982151429405
14797.49133901357
14600.121030916665
15035.405646190839
14874.56888607319
15118.327831120278
14770.916722012777
14683.596405025277
15510.253631848745
14972.447313851826
15046.578201375214
15304.448373691432
22719.774728610108
21665.146571335867
22394.14659226845
23501.044419023514
22504.544222939854
23094.06407132411
22392.354901399915
21402.43206557861
21479.142148675637
21938.61241148591
20491.072075678763
21007.672893741954
20495.303502025294
19790.048340786107
20130.301793587336
21346.848127102356
20398.86944138822
20905.0605652455
20323.407292132884
19270.055485290446
19498.812731094287
19862.968399373716
18542.989123795756
19309.166373818145
18077.21502551599
16598.0493508009
17535.55236710779
19299.775971164447
18125.066459424877
18663.429720510463
18515.617666763184
17460.431759378804
16887.537966324497
17708.85995164159
15792.774842441733
16031.305321231855
16547.124617032343
15896.699554140869
15773.836041288752
18216.878309265398
17422.984999910328
17373.426824875904
18382.831971794938
16843.04934422735
17592.705122661915
16141.11434953089
24418.995742294504
23402.97902110914
23945.655618922887
25463.584107783827
24393.139265157013
24926.150229412826
24383.883364967092
23345.723589456597
23354.35860996031
23862.926135202113
22337.873834168116
22865.690940119075
22333.983770007297
21331.8260786918
21829.02119619422
23379.549507050935
22399.210789153047
22856.536667736513
22558.89742910155
21620.62624623474
21409.869238708983
21990.18213151549
20386.263229503573
20851.933497435573
20634.442896940378
19594.277392617096
19966.989159899476
21987.80563164013
21070.37125061084
21312.551476908564
21665.87275310537
20780.906993485703
20108.562014229985
20891.09995022929
19138.05916013389
19314.81356242213
19903.591865438182
19086.17050909567
19063.85665768908
21585.514509626824
20769.163759659503
20741.631771089673
21705.401852630574
20025.552536626303
20858.22178139778
19196.700115941127
26638.69760906657
25472.795639142183
26033.71511776016
27974.81236141168
26633.16581327533
27283.321069962418
26509.04290243113
25371.014021130497
25449.568240260145
25982.321810281617
24382.021502047868
24915.405757628338
24385.419102822285
23468.303802973132
23895.57524026112
25227.179435780054
24407.52877001786
24836.214347099707
24492.516024655393
23931.45824632573
23636.751914510576
24105.536785508222
22840.80032576477
23117.163307198778
23273.419974212196
22509.70732130034
22639.73657832895
24426.641143139845
23906.076914618207
23873.389314148386
24787.15881975566
24104.671607636174
23215.218297363124
23994.973647889314
22420.068524024362
22440.186607200027
23311.090276342922
22491.28914221604
22439.542804550052
25159.49240481129
24303.368622102236
24211.822923350057
25335.584335450316
23459.016716985323
24377.384471665868
22570.78463649182
29578.480346319542
27889.432338660295
28733.398783338416
31672.559097863057
29326.488515871584
30544.247627281737
28495.460162837306
26816.303709682263
27531.004037788913
28021.265853128218
26217.134376006874
27024.576388895857
25745.001283508762
25042.092583696205
25536.762669334094
25845.36065829738
25152.49603333226
25840.87824849423
24506.409905595123
24982.6921147018
24897.504439907887
24824.880367769656
24738.802717737053
24770.413602034176
25335.942881882336
25245.604977246432
24921.5980422454
25803.808627449955
26599.967791079587
25643.257766473973
28777.510859314243
28210.27856356342
26509.933939471775
27530.34082691683
25943.637056480093
25614.921227966148
27307.98464569544
26309.079826679386
26179.958380922813
30018.332018451823
28678.349344252405
28581.834203734805
29778.510499690117
27416.390184301817
28558.126385522944
26344.915492602995
34032.43870650261
31160.91019845217
32964.06292215493
34672.76901321292
32995.85367391642
34645.715370475846
30763.320345877182
27307.609483140055
29342.048497488413
29959.55489670853
26976.783195301367
28925.970999515885
26106.151235646463
24927.14573921254
25856.263859765768
27751.75642949585
26014.702241346993
26730.699132189387
25967.870785128114
23245.183609966025
23428.47478935019
24137.119741942926
23926.0007018039
23945.324679751564
25698.966657165714
28454.526467980282
25777.818543698017
27940.349708997004
30801.64534324756
26448.968120137717
32644.412539136818
33894.855545680184
32286.43175861352
32974.01173062317
31345.496235278213
30398.757502053293
32897.18072945492
31497.546675282974
31558.423074497503
33950.089412626185
33516.71935302469
33699.06348049622
33526.37483240089
33143.262663350164
33746.77223114029
31141.319325567885
34568.38224211655
33128.874346766985
34545.77081739974
34994.760020786955
33901.00638618664
34731.89940323145
33730.936436773234
32188.830627181054
32288.732881560707
33011.79251667553
30099.275697435645
31543.878450156422
30310.404076909348
28249.641877167538
29015.95863856429
32651.01835047487
31113.558038637973
31530.8274800266
32314.000449921616
31267.063659755928
29537.768452616638
31009.3006061243
28168.331920779456
27850.928148321545
30677.0695210952
31081.02111774185
29385.637156549776
32932.62257694696
32630.055916651287
31847.926736548216
34070.133786229904
34054.67233327248
32893.154818655225
33419.45901452681
33574.003977176624
32596.798375990416
34164.50594719447
34066.33661818729
34013.18364700019
34921.44651918476
34648.31231506272
34473.30237104728
35138.12591904197
34169.07522539247
34620.90418308587
33791.497657074826
35729.361687728786
34891.62167151265
35342.03671049684
36588.56987621741
35958.45409527404
36146.170536323625
36424.126126814226
35612.678567766445
35107.948502042345
35774.2465291294
33998.82750539569
34431.18358893218
34621.51195572653
33491.345638767976
33676.23872082668
36332.70226806197
35467.45850816569
35502.53474212349
36446.77419204333
35661.854520629684
34538.05406622427
35520.80902461806
33642.8207688876
33478.29434985457
34931.83923269268
34374.71995119138
33955.06960264356
36792.22754653938
36140.61212275629
35874.75605516147
37271.790504858654
36686.36838161395
35601.75183987837
36425.66080158721
35201.54208886271
34809.88293305315
36161.04785320574
35675.36133140869
35499.91550625974
37693.031638578796
37040.446032507454
36895.78058673182
37894.852714084394
36395.52030220163
37114.08017660499
35733.22292643239
37489.29461304539
37039.50713510602
37029.46981684844
38375.07229612585
38104.50942295162
37930.719810862094
38879.14694732518
38464.69059103854
37676.260693922304
38284.456428691985
37073.632880403915
37049.92969442105
37889.69244038869
37206.54671139502
37122.67483081658
39385.973454291074
38824.89286662238
38644.608062586725
39831.38604486598
39215.318248870375
38182.079280594204
39008.936195266855
37493.83766675226
37330.44492449551
38570.13048259988
37905.44353202802
37689.79439527562
40272.09096661967
39659.93169655144
39432.59203279462
40769.5640140632
40118.60899330897
39005.33076805393
39890.061414291595
38351.83024108302
38133.55594313647
39412.4218853341
38664.45016255212
38533.84235895557
41267.146806087476
40477.88781829941
40324.615501108696
41556.373664811224
39622.34392614063
40561.9668448367
38733.75825688649
39172.94051164915
39120.87374338395
38790.24021702607
39736.10102310288
40017.334502895676
39504.681183930195
41136.430095131655
41182.165701641534
40040.75507860231
40609.046484662795
39810.175673273065
39473.20352719491
40881.33625512553
40404.843979795376
40123.05823062006
42552.28876590027
42037.18984332526
41682.70693286617
43113.93950845618
42397.22236200588
41450.01189429272
42265.28106149664
40856.21681331633
40643.00085414957
41841.56853346448
41336.48031570342
41077.12193764587
43081.14782339478
42759.01994291826
42529.84698891343
43701.14824931711
43684.27580630215
42436.27476451825
43146.9899423402
41932.950367086814
41627.494738936104
43233.20659801579
42477.91470540249
42237.269783126474
45316.00878919936
44725.22937215046
44256.20530138738
46348.9309313065
43742.958204034374
44966.945656670694
42612.660860699405
39589.225963827084
40603.69571126655
39808.4088685803
35791.71049864176
40530.87971716761
38663.06505633881
42918.331703161
44138.21701879216
42062.52989491272
42521.07037529469
42674.476890830476
41631.22029835358
44689.659746386395
44012.49393102277
43539.31871327854
46852.90997768519
46978.31636189634
45965.635168810026
47047.45912862331
44914.67465186478
45102.04554563289
46276.69158881359
43765.8334935326
44040.39158787334
43605.85142604629
43452.22263591091
43467.01500975326
43535.140837638406
42604.31522671896
43526.28619621436
42420.56697297012
44911.53213842711
43754.532239014065
42967.79254644556
45042.4485789997
43953.75656039465
47700.54397946973
47538.51438328401
46442.3104077685
50365.02245952035
52491.45808034393
49172.778718087146
52414.950996912405
49752.39917981601
51678.476287732905
47914.28074845623
39931.14795866961
40733.629736287345
38832.58141132911
40422.7785425645
41208.920093659006
40332.35003575527
42067.72702697156
43508.22598050719
42552.75934139866
42343.581322180515
44429.933468827694
42761.05431689155
45345.87324747922
47373.917114275864
46309.09135443094
43808.457068409996
45121.389845925056
44503.89018231846
44757.759623284306
45155.96440331041
45944.36726598997
45296.502969834546
45392.763124452795
46705.89714995175
44632.34582860554
43153.60870555567
44026.204430305705
45133.607852017594
45146.51695638508
44996.664359827104
46203.964295782906
47110.30877293787
44984.250457084476
45832.61276698662
45597.86699622572
43586.76695007648
49222.12959368109
53346.64522105161
49939.71973005948
48316.82466773147
49978.1082196264
48705.63310966403
49788.65316082294
51519.62965701807
50531.704264356216
52576.2438288288
40146.93889695274
40993.480286103666
40340.332392449236
39574.782626820845
40411.35008907277
39884.06250879233
40545.93148526919
41581.061518067574
41383.60809636222
40971.8953839148
42518.320335078715
41748.92477386046
42696.272321481665
43815.95326932621
43223.60316365479
41673.371816682185
42784.46454556612
42183.98851825174
42893.17513495327
43960.867742896975
43829.877641168976
43377.143089319514
44674.62071281445
44285.01468310149
44874.721469496115
45594.5917711948
45069.710922660626
44231.96058378673
45254.260672500335
44590.760892667095
45710.832353357604
46714.682454022986
46172.305192015716
45962.53052526601
47109.26275979885
46278.71815273866
47700.17734302537
48744.69238715625
47980.22552789664
47200.633627487245
48069.63999264253
47439.14705583757
48396.81843598593
48857.06947196637
48583.81446383128
49251.95586875092
38821.390794092964
39620.29947974337
39214.54918766313
37941.17475790672
38673.52941433694
38401.15698586151
38417.6242629239
39439.9334804029
39567.36968748148
39007.026329629414
40582.181172258635
40067.76036954286
40568.142687039464
41740.01147763816
41132.78393911394
39278.65503345998
40556.955201122146
39943.99892847741
40607.10589627619
42029.46632481981
41841.26249112102
41251.414050325344
43080.877825373755
42392.06546320148
43386.831070933564
44613.686699908896
43826.66085027981
42378.877773132044
43827.88497321216
42897.02985801059
44480.93904076171
45775.112520667186
45108.355808861736
44797.54019405959
46226.79330155073
45421.98949870017
46837.36902817448
47704.11869916123
46992.21162975576
46654.254246124765
47597.39208956428
46722.54138794131
48529.86021282927
48278.588993352365
48354.98154687061
48294.24247536915
36956.002120472964
37566.8668565767
37468.51221025166
35885.39685050099
36263.14268538442
36435.90622283531
35356.13509709556
36435.92293277274
37037.21860575638
36247.02075083734
38077.223060642675
37761.09016971486
37730.57840534383
39143.396993179675
38543.72209310671
35861.43989568188
37453.64014715201
36836.22486818331
37341.91470116965
39267.05855121839
39112.019743921286
38262.28390195234
40783.69939028895
39891.596232654294
41169.50784160597
42928.659431805936
41802.14462012339
39680.24526307476
41861.185052763314
40471.44780938096
42993.663635665565
45089.81014751483
43799.99758407361
43428.75007291632
45402.6982842986
44144.43328064335
46680.10526497043
47792.498299629064
46638.42948815331
46948.910325945544
48388.20060145714
46783.014082304166
50546.05358929973
49225.22830379484
49791.86951781847
48809.94212835592
34782.51032951981
34678.60466947752
35333.26253061271
33976.878123746195
32504.394641957024
34288.80479441806
29631.059630555188
31800.3256266583
33115.41293017132
31601.70229761511
34393.67040404392
34333.21613032074
33743.78721327865
35507.56463740309
34817.93379789135
31984.871495164665
33784.05243383306
32733.936820823634
34062.543138310444
35382.62739281414
35427.36081686992
34602.794481505625
37444.32701718339
36377.21450682283
37749.75840917237
40469.02018149315
38781.26471831248
35145.75177145044
38414.81780436251
36546.790314050646
40136.4719087151
44395.997612484265
41878.14828019183
41096.7524537832
44797.313585150965
42503.74931863945
47513.59262468896
49507.68020266679
47196.742219262866
48316.9253150242
51271.33752623267
47882.30694155066
55994.38550881236
52744.3435981857
54264.706478238004
51515.977639961755
34273.12495828228
28620.044040580553
34206.630216230675
34111.76445756649
30590.183887731335
33896.712122376935
31217.95602700854
29931.17882949077
27130.69960659808
29254.180338200847
28602.718514971697
27382.56037726706
31751.44522457204
34317.954910839115
31781.787243870152
32391.91198721993
33396.24893198864
31794.133404355758
34192.415042764354
33963.236840588106
33846.86634154869
33837.06280430412
33241.59808547304
33906.61052850802
33600.96410155514
35181.314570725735
33794.60657928858
35937.44409008777
36468.99063740981
34710.67808528457
40389.96006187293
43766.99432792001
38914.18011966561
39658.54351311625
44273.62081380948
39121.96026937968
48609.578321043125
52890.746057672935
48724.31298552622
47111.49881743523
51808.534832261874
47879.04697915681
53415.13576671915
57229.75941230275
55589.60883818812
57388.79383673151
35040.57699834009
33369.51402073573
34548.765322182786
36055.843539181755
35101.43401153106
35558.05169573735
35704.16592176513
34897.42733303203
33886.71479742602
34861.163155509596
32739.106541458692
32714.25968239527
34259.478308591475
34045.78869864123
33284.078456661606
36096.7260892551
35755.23788698681
35211.96837330813
37285.73051875796
37422.16556724476
35662.0705292944
36493.51460592768
35764.72700670728
34853.952229146096
37843.32598579469
38692.25402917771
36977.17559999296
39185.32453896125
39956.35247499682
38571.78745736065
41767.28984704806
43363.828521870484
41322.177054588625
41585.771689653775
43593.61776954861
40932.05705002286
45755.99235905018
49103.59710528878
46405.399928981016
44680.03389785874
46894.40212650426
45179.03200842521
47192.334565244004
49773.55484949216
48374.7926020818
51448.55218362012
37015.83689527977
36445.20875335342
36552.4213968665
37899.52831162783
37565.97413656635
37475.7372278337
38269.741148449655
37951.59871156806
37110.575363702024
37718.9485283922
36598.16567522285
36448.70129755953
37639.14355242424
37385.53972038347
36904.78572375964
38877.57891229393
38731.93698669624
38293.548301962466
39802.95935853716
39899.57151785001
38678.50619150023
39271.94154409098
38796.96881883041
38009.14518561567
40188.61672052751
40767.42590635226
39721.4065095335
40987.946976172054
41369.41902833381
40612.90800040087
42267.66840812053
42887.38978311568
42017.51854030557
42137.35412691232
43082.865032943155
41902.50054793642
43876.14951907616
45306.66242593935
44245.36227120207
43344.926756140565
44163.67635015336
43582.08139909408
43984.967999949935
45351.49413624324
44624.20803880649
46196.30106313893
38695.935719926616
38528.766982014175
38311.60060463429
39390.31984044435
39365.179523156155
39049.56915677926
40071.794788107014
39962.85602267481
39237.46924011016
39669.841565079834
39058.3273860257
38773.36581421379
39869.89453578357
39809.548709018054
39408.81901489458
40624.900944978326
40628.57164283874
40279.92848526896
41282.011672012115
41515.194038742164
40694.44173805945
41029.72879443434
40799.74835631368
40279.16866500593
41697.41023077711
41903.61856911687
41357.2223319941
42320.81588471557
42497.64476258945
42011.58249958139
43197.72575330017
43055.53350077622
42613.81204430401
42859.60597631152
42847.95806894285
42421.885463604296
43070.226538988245
43374.73631029681
43171.13812203557
43150.89715050449
42871.31886302453
43056.46156325841
42144.749526437095
42960.74352464514
42543.43786038458
43450.0751486956
39908.63171235389
40101.99490885537
39684.95236145171
39844.72009379898
40677.47963833718
39998.96145223314
42268.96129085272
41818.085937427415
40926.962641730366
41496.4200908427
40749.023506377474
40487.28616012265
41116.330835507266
41052.85073440518
40896.8687335293
41501.27869340786
40648.653209638775
41308.663825924414
39467.35543087286
41463.358028314105
41210.661429564345
40639.5646453859
41898.92359723524
41374.66051866203
42768.956164573225
43227.97783744229
42581.64098638757
42792.94411896766
44271.63384308599
42850.15816388242
46254.97561420104
45241.004389175476
44292.85819213492
45153.2492327493
43726.72948272202
43660.33159074694
43791.5696410893
42678.757786305236
43383.1567356047
45449.32952152603
42843.616045878276
44460.60298240128
39996.09668452484
41347.65762720365
40812.65655482374
41763.65548776175
39213.12654200063
39338.020099211164
39468.36277539158
38782.148148661494
39742.16724081218
39090.95147079274
40081.72301939904
42219.638052786744
42906.52646176414
41441.45934724242
45989.73950868498
43161.49393256921
41203.49781198879
37727.746365346895
41549.9695394909
39619.60918416154
38537.18547105421
40484.11521058276
38584.45421780956
39247.90303323773
37439.83762794788
38195.777926834264
39274.70013990437
37881.89591735778
42036.59958581343
46078.90578620661
42547.10811518054
40380.16776250805
43407.58728706789
41299.226301590956
42201.92605063988
44460.8321692223
46691.28539919754
44485.3853794575
47315.11481316334
47262.90782194464
45907.2458773354
44033.479009251234
46562.46372042439
41078.17357591675
41056.584323843905
43426.797717800124
37165.194084670846
37736.09051339449
37800.68994639868
38529.690445405955
37566.36447546746
38632.96180205393
38230.15489648725
36153.27482504147
37030.600119229246
36858.31700157992
36312.02968986496
37158.99777274951
38014.974570010105
37141.38425313999
39046.599012711544
38972.82702394132
37945.633615839746
38444.82389809651
38782.03986629191
36235.087013426004
37016.544182918784
37097.80798116082
36078.6664157335
37023.84532568699
37791.89935890618
36984.55702025927
38725.66495028978
38382.978014131455
38235.38357232155
39933.70590641929
39344.47045185698
35962.42132508304
37106.21129472884
37095.74632975841
35601.786865981725
36577.35867882724
38478.24206068994
36953.80632226727
39938.78624401503
40202.37710288701
37424.9382574402
37792.406941853944
39106.83881543679
34614.18636523072
35099.50248301239
35937.340344614415
33081.72989508962
35217.64620905515
34149.44911746857
36249.00049124668
34797.13697948967
35515.5090051578
35466.36175712339
33575.745426627254
34110.454894400755
34163.21534812398
33308.40248039919
33835.2775432156
34738.70581691441
33996.08129598579
35457.664190945594
35512.02179353924
34494.63838399386
35248.205190433335
35363.70584693033
32794.50439088256
33418.09082614914
33636.355423300134
32234.348530683732
32976.99529402155
34160.9042432784
33196.2709324763
35000.17490765167
35126.60026487871
33789.48580195459
34660.47269034662
34858.827026218525
31762.288146219744
32503.980638466706
32758.11312447692
31225.21743901944
31770.84390993869
33227.213136293525
32181.13224625693
33941.82450484575
34364.698889412444
32287.399544528176
32750.70727025985
33402.59213278949
30327.34075711376
30668.20390000238
31261.746477253066
29063.271524419393
31010.812796394366
30020.496368067765
32032.60509488496
32573.60960776412
32903.632210060015
33034.3863695654
31915.033021218493
32057.2044570961
32192.79276190062
31396.028792181743
31083.50807659996
32114.77648096723
31675.73612665251
32350.507984109023
32672.849965834288
31181.692226596686
31601.792949833347
31972.78223761069
29694.880589284818
29767.909796624815
30419.199466288122
28104.048086549577
28908.056184689056
30272.802736303274
29227.46280398524
30995.255687222765
31266.135901687085
29834.24976553296
30606.79229170844
30793.3140748051
27813.857416799106
28958.945049821294
28855.934460871133
28595.258114578297
28820.361614100497
29618.934036859395
29012.516489966496
30002.29817723258
30365.86089423143
28792.7303515005
28851.15994607851
29495.92664591413
27989.953840972423
27384.717983919865
28267.705979131766
25441.337566637136
27240.562984011198
26354.535300356787
28138.361114535077
31340.795360123135
32100.325294969327
31719.72448805102
30746.764573703967
32428.472089473824
31072.69935908411
30208.362718399894
28930.02472885651
31417.67078938463
30989.58377676897
30022.44162177605
31330.6638440754
28516.868294744712
28054.280340948026
29035.372590738443
27937.78383698862
27226.405268604252
28148.184884197806
25797.555754798188
24278.568396108465
25832.735444351834
25507.872054166197
26260.871679949854
26911.876078782636
25551.629610758173
27602.713935305386
26667.68173795316
25327.3010845198
26574.524734574792
25156.539308572
26497.110276240775
28083.86673057424
28231.509301680508
27559.571531692454
28646.21337432646
28381.935454666083
28320.497637418266
26492.827178232168
28053.93918091831
25803.3887890147
25634.511756934495
27460.282378999935
22324.24478096969
23044.430317623763
22487.836444903634
24406.77659218775
29971.36299287921
30178.501123531627
30318.814638502772
29528.15740361903
29414.53148565976
29718.383464476035
28771.813086079834
28389.458354720227
29224.44309038492
28960.017420831824
28756.358068572958
29618.627131503716
27784.231636348224
26934.302922108214
27838.262840920743
27716.549444279066
27100.447355469845
27749.612395753094
26590.50627183424
25943.75381450085
26341.287019656833
26489.381408837125
25581.17546054873
26114.468679104284
25475.20523672749
25554.914812773233
25452.398991984155
25442.30970555053
24956.92680165746
25453.950622572636
23997.45474163496
23599.355437383547
24877.646773417873
24361.13080362167
25262.480185955676
25577.300979470932
23456.037566907493
23232.3140541714
24466.14865583893
22013.49938331214
21616.32857204205
22663.002762763914
19880.92278685485
21242.77587017106
20578.629718068252
21848.10145531527
29246.190345335268
29025.209996635396
29377.540554131156
28994.083233495436
28634.18657619467
29119.246577549497
27677.991186243416
27715.968118641387
28412.234887603005
28130.799680368447
28142.935847931854
28605.59957140978
27572.125399857687
27177.838664245228
27665.960121758217
27108.782110568496
27116.8810500957
27399.961543785445
26808.76959211655
26380.173127469745
26739.67289243756
26794.19169619153
26117.44285206243
26670.07175300183
25596.666344215613
24709.05185095164
25480.04262118348
26114.082064323266
24983.265477139863
25810.279609186688
24170.105867161237
22272.52795967453
23691.231728866685
23802.85339914982
22661.445022454653
23768.59070101378
20962.854082326463
20233.890005804235
21447.824463656172
20189.72662022885
18831.41231636874
20531.73771200607
16335.654481825472
18312.147345397163
17395.394101898022
19132.364907990635
28910.20559099217
27838.55734646824
28898.620144005454
26374.553520543304
25759.48880911552
28923.002707755906
23626.776126954326
23735.715451493757
25696.421361018576
24328.161755072397
26544.936263289295
26916.735073973137
26118.6265980542
26838.897481202977
26674.496150535262
24308.358547562228
26822.546112885815
25410.783898064852
24991.537359663376
25116.473336065057
26479.97017130278
25911.95688714914
26553.429623370586
26733.58295403194
26605.17063263853
26048.02162189924
26441.040429331406
25358.299642831586
27581.16689103348
26292.94832695204
24816.08298924672
24690.53081366975
25900.91484991424
26334.920955847378
22773.987689866844
24878.60670988782
19917.099876072883
17163.070573745572
19968.25196395845
19233.507759672557
15343.641729660783
19842.32227214844
13288.42043186197
13576.253004675315
12226.736402261755
15084.588576657748
21952.715614436922
23271.804452232398
24063.172684474805
18055.191362832902
19813.258693151445
19957.7010178474
18418.90250319657
20263.83241734104
21403.943140926825
19926.665924382534
22683.97155122597
22707.270849690474
21932.418916264396
23613.39250654904
23130.752630050698
19628.8271653378
21210.31517247716
20738.880313971575
20612.206497320578
21640.777900949877
22646.626211577888
21540.39495719616
23944.742433899584
23840.316221088255
22681.668903082707
23840.112689533307
24042.509562836138
20441.664132521983
21000.69259461059
21461.375169054016
19327.93840654399
19218.405709901395
21394.92590117817
20242.521425926345
21117.89073985311
22913.48108707825
18267.207566882502
16184.480512161754
18656.14752736278
17837.724238981195
16774.070820523342
18012.525851733542
16196.080134661635
15136.57780207156
15725.361004060078
14333.25980875318
14736.483889083323
16401.053573713645
16261.139590485947
14786.624094518358
14557.435174492537
16553.972363449942
16002.708731530978
15583.735356197474
17885.305032958782
17050.06592408544
17942.496245116905
19381.574722417357
18678.89567522536
18143.767760493243
17396.458167815275
19046.617569372862
19397.37171711807
18769.87604915579
20071.54579807813
19924.11037344397
19024.27777235188
18992.776515566118
19630.435947460584
17863.30107913922
18530.475093167377
17789.55165048345
17924.401574522806
17720.532967786567
18216.040625026617
18550.41790252606
17770.83346624519
17193.962133064433
17762.743370006745
17499.209904862655
17719.013929112683
16909.824714450362
17148.190293552347
16579.140057937242
