35481.44402804914
21583.861886895647
18410.681548650988
33959.00888117889
35055.66092817815
34872.1307113722
35233.394442253186
35624.03376709198
35956.74321297205
36276.804995722
36629.03207740732
37077.50332288537
37367.80300498787
35646.73902338371
33764.39532052776
32121.66864533586
30689.00497703042
29427.23412513813
28319.665240306822
27361.640700357668
26557.152608336597
25922.657851621145
25489.577565881373
25306.180002434874
25406.200801735613
25279.036092014125
24743.383232852277
24469.39999518838
24426.804645870605
24549.129015795435
24788.003370663144
25108.316255951373
25483.957416659177
25898.263502251528
26337.676898146106
26789.816787122483
27244.501551596935
27683.93521001069
28077.746179350495
28374.777561643466
28477.52323061863
28311.764380567525
28711.32830283322
29609.12288010427
30239.264308174388
30675.170947483428
30995.981337747893
31263.461329384947
31490.445484017568
31687.514002696713
31858.07722735545
32002.144791194307
32123.31647529023
32212.580090283485
32267.829390637628
32287.97300112344
32273.77327094871
32227.75363013938
32148.521983989966
32002.032043463147
31630.70070105017
30441.578934912126
30744.766976757288
31910.643727897248
32380.054359589412
32651.712902753257
32867.65500363938
33058.32030807826
33227.639205890264
33367.22034914806
33477.58000077698
33560.816312592506
33619.6953848712
33656.91265229743
33674.60799389419
33674.05662350239
33655.50926622363
33618.30196040708
33561.72699428072
33488.23480289809
33413.97652738277
33403.93166128617
33701.732045075085
34911.48391425355
33407.60517030311
32818.72481342104
32547.78885321925
32344.64699305693
32149.01492040387
31949.86762353943
31751.929609031136
31551.78622424699
31352.85449310732
31157.687878140787
30968.883866170803
30790.979171431336
30615.798766544438
30438.814924749488
30251.893140542765
30041.69327364
29794.591263117978
29477.946426790557
29055.238646843343
28514.13837377113
27910.931601472344
27910.84439822806
28653.129170919463
29365.483088556175
29951.1894423539
30434.86312953598
30835.529076448987
31188.448066496112
31512.119496497526
31813.559399989525
32105.78744545999
32397.014453020493
32680.75409886903
32957.43298741007
33237.53528375862
33505.97830632933
33749.322861060136
33943.56467247498
34041.58503631911
33944.0741318636
33570.86496244163
33810.02313060777
34778.96071353261
35485.55303530939
35990.58785526994
36423.12839013997
36816.41145926926
37219.76881170249
37651.86345900597
38121.028035862364
38658.952263436644
39267.19201439725
39963.778167221295
40781.9082615409
41706.027945158785
42693.583672966284
43578.5834225078
43935.83820439699
43346.94345760288
41849.52478110975
39968.39853524837
38067.83851885731
36271.531922596434
34591.91872329672
33006.571481512074
31506.184143392173
30041.708001199877
28620.520212806638
27276.285584165613
26176.032311432864
25470.720084239503
24480.518983971127
23877.591316385293
23435.182465809936
22998.149074483208
22506.484351423693
21976.073854071466
21462.846749700722
21414.0360312854
21541.181194473116
21711.873702235178
21940.842619723437
22010.453556439414
21848.527866301938
21659.847255359375
21568.768951995728
21409.53571842402
21042.768134498012
20553.671279118702
20093.278647720483
19583.41451057096
18978.636340488523
18419.38938204019
18199.23912974914
18095.795133122483
18269.174046655346
19375.736799209568
20749.242631295714
22261.886791320896
23948.27006882773
25934.113363007644
28442.24017870622
31112.637782147
30307.489631674405
29351.01678378316
28844.78715883823
28599.505817217112
28473.74258300243
28397.282249514545
28335.16259725295
28269.92274903231
28191.744368022755
28095.1804400591
27990.784106745556
27960.190286519013
28299.18641484387
29077.284474381435
29983.06925844398
30915.59248321882
31857.54952751705
32813.38639739076
33789.20423024384
34790.26320841893
35821.82645811481
36889.99333222957
38001.962473330736
39178.24113410533
40416.35423314992
41714.38478040023
43060.37868478046
44434.06601491402
45655.347327824
45609.36000700394
44387.71387730513
43034.52009114071
41720.324644032014
40462.683242607076
39276.02453544904
38161.9983481916
37114.0444906637
36122.39938959479
35176.739518049006
34267.35366493198
33385.56394229502
32523.85337351644
31675.96195741001
30837.113224725
30004.752277076397
29183.86128889115
28374.423272441483
27593.46896305075
26867.692027754165
26727.860468906903
27047.45399122861
27406.52087932593
27774.235001596157
28135.894206485234
28485.708377001094
28817.523981204038
29135.454596736156
29442.046260454117
29734.352113527522
30014.53312127191
30291.954734706887
30558.327402354116
30813.779128181573
31060.420200643275
31302.96736765276
31535.571737103597
31765.50572398406
32014.95435312848
32352.94436776477
32904.95706324521
33876.039308915824
33714.458514131264
33958.19930627659
34446.56710581775
35017.419482336714
35642.09458658787
36279.3091641203
36928.32039590073
37605.73136112696
38296.72162398429
39005.687442602
39758.50630811578
40537.983220214825
41346.132366582526
42184.06319025475
43051.34466633353
43951.77302857743
44884.18380220712
45857.32940958609
46927.41952707062
48324.24180207908
50883.12294263548
51476.17919282036
48747.68883513051
47418.70124091792
46456.342132540754
45609.57008455669
44807.39345475836
44036.317056401625
43313.444841570636
42620.28621660812
41958.73164334404
41360.16556563818
40798.18566469325
40292.17210574962
39836.17222470537
39447.56881395621
39117.043109110346
38875.94006644851
38748.437272449024
38779.21658809759
39002.09206189347
38356.49195311245
36735.19408956381
35344.1264579237
34137.463559989774
33063.31181727757
32090.965712242327
31202.820346451757
30388.4438478172
29641.751530177116
28959.265427267877
28344.62646728821
27781.89892041611
27257.0033398004
26726.001320058072
26099.903873189287
25210.506794863715
23932.22271051635
23854.30380995135
24517.283253388312
24769.477872380463
24786.415656188765
24722.270585535778
24656.550658767577
24629.981210350088
24670.966071179388
24814.729894188033
25122.599110161133
25707.49827995785
26741.4052620087
28039.016053930958
28036.7263236123
28328.710061937934
29016.858313154942
29925.91233896576
30904.024855055715
31824.41086674331
32577.116565261982
33343.588164861154
34710.48386450713
35522.06055055815
36147.83210113897
36535.817701652624
37016.31388270719
38545.801208975565
41364.41813524219
43765.98463498065
44044.27840040881
42834.68134129174
41278.51747565784
39759.53675230636
38323.17630502656
37046.215450096235
36077.07102620458
37455.190134903794
38272.01376662523
31768.17449107839
32420.516865832193
28473.372994571313
22938.605840191074
27677.59523174249
24250.83651140229
22284.105553590358
23554.31773540663
21929.64898555562
23264.656470059257
19715.792744437254
18676.23390989612
25956.59264198563
20204.940369230226
20052.575932331656
26314.964803450286
23619.252779608913
24109.12119869059
26690.396521349336
26808.3834953619
27298.394834355215
29141.573788632253
30508.049567082497
29512.80767535301
31847.3578085619
33484.27094958126
31639.272088079473
34473.59827289682
33389.576079670034
34849.899737324595
37132.25665886366
34475.092875521324
37095.88414389347
39573.23795615247
35469.37291121894
39314.91660451466
42166.658227625776
35284.83373119555
42508.21929446949
44287.70599370769
34627.895756526035
43683.08655555401
44380.59507405467
36142.72100179816
40024.47082178266
42431.587557674786
35706.70754920688
37972.85687057416
39649.62942892035
35051.500505344724
36426.156216444884
37171.76816859868
34308.30194992678
35477.277568512116
34890.2752842589
33861.32758733038
33901.78669544579
31669.11887790235
32606.098063492533
33101.33179343638
31980.89575251118
31793.229934982057
31742.129546150074
31177.223844600398
31266.568083960938
31070.4028220197
30296.413766571168
31515.12436412403
31119.36773122886
29456.52630510209
33802.15086352804
31565.210411851323
28718.840148390875
33626.77755931008
32446.5576638844
29799.649045301427
32876.861800646475
33168.71709144678
32297.509420428338
33682.46420825478
34519.159728765546
35037.085004938155
35066.56818864684
35919.08137546911
38023.97354446637
37743.97780611961
35509.22776130958
41401.0762168575
37894.85902548254
36385.6010265919
40602.726818000316
37366.567912827944
36739.01473644981
37438.00634564785
37598.25880564889
34989.3913177417
34044.242102821074
37955.6782305175
31728.25953188826
30937.642827297692
36518.9994487332
29671.327981188944
29244.918889646302
32726.18251865273
29623.38411945235
28017.871296334997
29635.905804724833
28950.49363148154
25667.06853372002
27304.40601280841
27497.179433212434
21514.505479366933
23530.61758583155
23200.254967246634
20805.14291315108
36248.479392102076
39237.463741681604
36257.03909026266
38789.87258101155
47668.5660814615
42570.66910796476
33974.67239604172
35141.979086269406
34574.33754008246
31214.42336425563
34561.20878796207
34532.28051534255
34939.38401075284
35728.10137705285
29644.167361725347
32608.007304422317
34025.41885589372
26940.797319528443
27803.278637556356
30104.369264593053
24061.103778136254
27743.611879817086
30092.608193463846
29997.087544162594
32560.50585647318
25584.986110925474
25795.912553953985
26915.693829143318
23175.250960948353
21103.080881149057
24676.101215780265
23118.641934304633
22510.540196138787
25431.174138837952
25601.251261016325
27587.100004569074
22282.11715727499
23090.724473194103
24016.187696194855
22403.20440993594
22824.176116606395
22718.290489268962
24048.62709933239
23550.039895169655
22331.443741469535
21536.64316144348
23654.71529227625
18180.957216298088
20514.755600595738
20313.66706730333
22034.89667199693
24097.586515480867
22142.89211910902
26833.339437437065
24943.848586093485
22213.23858229311
19026.40537646279
21570.145623180564
19229.86991280086
17474.537487680453
17178.80184804342
22995.82124061509
27681.266864058216
22325.616305778814
27287.081311956463
29393.285077064742
24254.431568857643
21918.532788161145
23116.759674284014
23507.159072804534
22234.841820626218
21492.323255674535
25318.162617516136
26038.26230408206
24051.055958958787
27733.081610440648
27099.3996837811
26793.619412453238
25236.458314282238
25493.384283583306
26905.01399980381
25784.433415394735
25288.722581267226
28081.390071656988
27809.51218563801
26698.030388592637
30257.92323609574
28842.496603988144
29889.304643153093
28462.162098590125
28206.683225766606
29619.433170381093
28593.034009864656
28387.733257452703
30446.86125549975
30531.077633440582
29358.674706285557
33593.61493163592
31877.957552962092
32269.792803139397
33783.056400172194
32062.925183748048
31714.895420831177
30031.29558770411
29887.077163379035
32875.74125306573
33180.44210826591
31488.740287781726
36392.29281575516
34712.147135310624
32417.860642564043
33088.5033825094
32172.39860109598
34089.63300781939
33446.829622413796
33122.916405869706
35882.20090804777
35857.981171069914
34451.7372960801
38418.40122817441
37475.68877489894
33194.16718941138
33902.97215948109
32798.068752822146
35784.99856272753
36016.002348436035
34952.081446745564
38380.823682232796
38348.613909272164
37162.335769822756
40601.40968326783
39449.345164595
33777.9884418005
35008.70214753032
33536.46999799577
37378.74004776767
38170.6535857324
36597.05670337472
40931.0612412197
40845.75885917816
39615.15593291899
43194.424845927744
41865.19685291774
34451.03040079771
35708.60625227199
33946.2987174119
38457.7171064804
40651.21542970206
38061.55537802915
44341.812521079286
43420.02032315319
42450.626329258055
44716.851787858686
44372.74937994029
35441.743845563884
32070.418395140496
37951.56215089508
38574.67225278006
45510.77094965501
38512.65610550013
45289.90708244613
44631.58129093902
46507.38547229653
44014.88658555453
42514.672262997134
34528.789219264225
35985.84209831597
34489.34541705398
38060.673548365055
41466.182132761285
38520.189165939955
41507.182470472006
43667.6972206036
43162.326826640616
43203.33871660178
44349.444800308906
34580.47695130503
35974.461684235685
34596.91878500204
36871.65483148456
38921.02037859908
37477.0684685863
38912.55196308782
41015.36317115162
40123.40692465882
40185.96599714053
41703.934152421585
34322.55574977744
35391.701833462546
34486.368373669815
35795.25691892672
37142.966225204815
36307.924044157284
36871.97547416121
38366.38938727895
37834.28208657406
37405.29284413592
38753.833647315216
33601.09552486938
34703.23768484223
34061.76817501201
35097.57824335863
35845.37887594147
35374.00958407925
35397.28432552214
36035.483623975655
36036.86070514738
34673.15414914115
36079.907398444986
30181.555634828328
33894.469000649915
32516.748247595235
35888.58770051629
35241.172194754705
35144.74495458784
36531.62805634445
33570.349160623846
35207.78193978715
30607.662337827143
32895.258198899486
32201.09220874155
33033.801845831695
31816.90467972822
33058.286305625756
34041.43538084709
34108.43103356832
32725.265085448416
32135.810042556288
33861.24534798225
31572.07904054856
31387.24156238784
31675.15820776694
32189.993685986
32005.046560226172
31840.355751096013
32316.368981379535
32357.54001074277
31493.39152714041
31616.1323603216
32024.341702631296
30925.52118629999
31333.65060481034
31067.62609888395
31470.226173494135
31342.436682442007
31278.962856647064
31332.735184197365
31479.400099981907
30708.268477485126
30731.373732226904
31053.02316613644
29945.138539661333
30456.59173406444
30807.422798578064
31247.550522054626
30888.085165677305
31649.857077016793
30985.03916173689
31298.73997445234
30290.22259083533
29872.51414879466
30453.353328075114
28808.447624399025
29404.9362140382
30542.139068222583
32260.541583920705
30770.866965836023
34486.91835987504
31462.229567907732
32550.246480844842
30283.927059167367
29042.21752968257
30205.43222502073
27448.81041494888
28143.582898051376
31169.015271913464
35048.75547447224
30304.400400468658
34186.61856576842
30921.352288185393
36624.764633518906
31099.601798065458
28766.799954542505
30898.837081973055
28740.849634680497
27342.179421350855
32059.113710393314
32931.10529087618
31654.492304593103
33278.424478035806
32778.47578538876
33360.00187291601
32768.04641983848
31002.676617419478
31882.96334317559
31900.63456209615
30319.988657585178
33065.21613945775
33177.65679106884
32529.329444485767
34159.31328641435
33770.07518962958
33608.58921965089
34804.50067949835
33639.7292376021
33747.10884576975
35182.64418293071
33510.41593323533
34400.87927085523
34314.011463561925
33684.229081140664
35456.773576782834
35294.99994316972
34810.963848517065
36820.054212353105
36512.583546035814
35874.62496891267
38986.5055634161
36979.90754943317
36711.35979690969
36082.41445519759
35319.22497488005
36243.67118007326
36101.6912016279
35979.34843639355
36869.608564650036
39594.17448151608
37355.97498987765
43922.220706311135
41325.38263593437
37256.771683113824
39199.50253626934
38152.23178954712
36927.25409328578
35117.361674486085
36275.4992387168
37576.2858167311
42936.87924091784
35838.93885026963
42722.872376394196
44792.492181462585
37485.48562972825
37427.99809520939
37186.381033122445
36981.2020051459
36938.767646857836
37085.693375183284
36911.859214320895
39014.96932572582
37638.64307136699
37908.020557658034
40161.87110659976
38815.88342514788
37451.72385019149
38011.33427831539
36130.934154801274
36044.97329331597
36675.98385067167
34348.429593210436
35771.64573392116
35768.76915193502
33890.72866082984
35848.165781509815
42185.42138946712
37782.46456482174
40050.96435218545
33523.87172293475
33553.47781030361
35223.0428075747
30955.42294047076
32345.47246656468
32724.351963621848
30281.232968479315
32024.569083984898
41899.37920971351
37981.688538813054
46031.20370919471
31018.470415159234
30611.359864561302
29946.240561287053
28767.036869438893
31037.24286511672
28592.36498894127
28227.697489474467
28377.2358277172
34021.70708706014
34592.02206865566
37320.584582110336
31089.14785670974
29739.17727813959
31564.622548804884
28560.636252697856
28452.414411134007
28818.39282291576
27993.493395052945
28167.29577872148
28497.814684175006
31040.890036925364
31269.167247193487
30109.568379852502
29259.264532976737
30429.426517934287
26938.546958557374
27261.87343099629
27964.298244948273
26656.955125704684
27583.86640336195
23211.38992049468
28983.216737791365
24665.977703880882
28832.207406327318
28964.77572470993
30435.118406975853
24246.95558508225
22770.39720700666
25574.44320196589
23092.025067644026
24519.629525090866
22799.590527534652
24946.285134179037
23551.488959645085
23652.64071982992
24935.714736519196
25743.241432829225
21977.10220697669
21632.025907611613
23076.16882818195
20165.29785337132
22113.032823095422
23013.063733913128
21955.373373486203
22460.642082162787
21970.435832261344
20231.13442510348
20918.201225884517
18174.513886330664
35195.147413131475
36602.77885452134
35539.16681799921
35848.93925718264
36295.28652332819
35571.31969433255
36801.7243583449
38460.888696593276
37694.111971950115
37310.66272566699
39643.488283803155
38041.8314257659
40710.031673306476
43236.410258128635
41267.51023355888
38141.66591254309
41087.33344253124
39680.00978183744
39047.91086131356
42166.24239859672
45540.692922653456
42469.61467745858
46372.08242324096
45687.22258792534
41010.06791476557
36693.3347164923
41705.61863400901
36254.46224273855
35087.11455364193
38803.61189362189
32470.977662039964
33423.893217619174
34053.29346385088
33556.63484955249
35938.38881439492
35471.76782682647
35051.773095764955
35241.719672806285
35865.635796621515
31441.78341003066
32896.0441517753
33304.967151538636
31023.447824234896
33314.62742327354
32294.276081670832
34161.5621468045
36082.828357287886
36048.094920353324
36002.1274589418
36268.88088191213
35271.622600849885
36143.75316380562
33391.21316921836
33615.298385314156
35336.98034074964
34427.42495949782
36253.36590859285
36133.99873928846
34515.20894167389
36361.100339553006
36360.0710634201
30943.042095950834
31812.9742306106
32693.807392667062
28961.089382384704
30382.683065641297
33438.38275749113
31088.248443808177
35196.39732194692
36051.98549926303
31469.617831746116
32129.50731651255
33763.09850339388
27952.01990526769
28256.11607557489
29496.50199903273
24878.277159910092
25476.5239955235
28768.532297091697
26716.852340390975
29906.56181955785
30770.915160446046
27465.937799031544
29506.67885520967
29527.707595888838
22713.92857476265
25920.96461281451
25190.402229446576
26404.07777392596
28376.99586421012
27206.31126729308
29689.158105782306
34593.46449754813
33060.60679887316
36537.017394047376
31238.291427273754
31420.548804556027
32810.17617531375
28873.28133573902
28757.657259724816
31182.83833402961
30052.863069638417
31614.039310587897
32246.539294126254
28334.724609394812
27521.228175096163
29401.917091425883
26552.190367083378
26300.00778822364
27436.740547017616
24832.834374468446
24950.39947769103
26219.060774136356
25508.524221917523
26816.26597019854
27234.4532263663
25442.314398882692
26471.258256582918
26710.91311838675
23730.076838970694
23663.829903059046
24418.094553911138
22615.165051910724
21816.498866428683
22850.504278140128
22626.86065455011
20396.822442520635
23575.81049729822
21050.784721499538
22242.97476914661
20797.488395020526
22434.643983715137
22845.234093912073
21859.354354232422
24121.36815146039
24998.558669267513
24360.199181248856
26310.115561687475
28563.20377151375
28799.187822169515
29827.257476367275
26426.23571566356
26464.049114723523
27430.712392886722
24448.767442947625
24575.236631982014
26574.348400538933
25488.32119592073
26633.998260180226
27705.30607298029
24732.397982476257
24818.19293192936
25652.778892012353
22816.12035685258
23173.42859836933
23788.39979299488
21988.423741986233
22525.097336332074
23468.521704882052
22752.14921442441
23648.49664067312
24157.348143044528
22848.036554450482
22907.11636578674
23244.852507230586
22086.35918994824
22556.016651939783
22471.046336021238
22820.75913932917
23030.607759788345
22701.785496031298
22749.807660182887
22594.4112005019
22656.243858590882
23110.437683776283
23343.353099707423
22821.10651675624
23682.265535168706
23772.6576861836
23374.77009431472
24362.858496952274
24097.376719077092
24198.81156085476
24062.285724723963
24827.104555968206
24491.55234919477
25553.351679581556
23946.195953440612
22936.423345463616
24274.884890011497
20894.998153639328
20573.365075455404
22523.2889523212
21660.304428616742
22538.85987526195
23457.93820663001
20777.26410390984
21330.8544371615
21811.222298291825
18773.060859929752
19243.942644231232
19739.992655111855
18102.124447908438
19656.784844567963
20216.137793180256
19189.248720955642
21265.44244280366
21147.1294096707
21195.949735056925
22261.9791192701
21662.27410632067
20085.91789014827
22059.771833295752
20665.436919670967
24112.830607525233
24862.484938548077
23178.415576810818
23557.87732800249
23594.164440097553
22949.74261572901
24712.15942810085
24418.45286925888
24100.317068477892
27056.60083655681
25701.247295250818
25644.586072277925
25503.268753178654
24891.915381413637
25229.787719921587
24593.891408025054
23833.472073242156
21777.313530133128
23929.21186682971
23400.113705573305
21891.939939474953
23456.22181525542
21111.787043183223
19467.104410652046
20141.93026710791
20538.1546492786
19117.33268502113
20279.10813469034
17974.734084480955
17271.401485104492
18051.79355589346
19545.44899176855
18106.37853362346
18611.41176596722
19360.08642047474
18803.928650668196
17116.110199252682
18116.632603014463
17587.612222652162
17159.189143809836
19624.277863081057
22130.891367447337
19556.237807152014
21315.016097130152
22581.758817103044
20400.927193529526
24774.727630187626
26940.87327074096
25020.08194313368
24886.112938532056
27244.634380108826
24734.503675258115
29450.985632412296
28687.22495189486
28912.74965682552
27238.274239196555
27934.975939152744
28192.986510043796
26685.712727868522
25477.744084676648
26339.612546387387
25363.294032876038
23839.703614730526
22622.219906019724
23549.562762963087
24672.070550567983
23665.579792862645
24223.928238385786
23890.85027184036
22778.54972212425
22449.083772214057
23167.049058022625
21050.381848913876
21756.67284618103
21577.110950801303
20383.46666293242
20563.236551544665
23481.24613022567
22533.393131430865
22552.627048244278
23716.332466956534
23202.165775326815
21706.155889301124
22748.870698422
21190.38949216009
20575.735650342525
23048.28388468911
23488.512099655338
22201.457280720686
24658.10028551022
24663.100380262735
23862.980338840833
26019.442470998114
26283.282503488954
25102.17039085459
25506.097941117896
26022.9315544529
24845.816738842674
26722.47279034419
27056.166455386672
26794.358866768922
27271.71888245411
27341.592534350868
26906.55346401948
28079.3151752323
27231.77219530363
27610.692480697588
26936.347435765874
25685.539852617443
24866.13349019572
25164.63525896346
26786.758756854695
26134.994542067798
26228.180241591053
26800.546160070462
26022.430347504192
25337.170109353654
26062.724728960686
24437.629094536227
24613.842963731033
25213.314638829845
24422.33554169665
24365.786202184663
26833.679876543363
26114.297773603506
26032.292360095293
27052.80056425692
26563.108262518297
25477.705295900534
26287.840832369824
24967.454275217377
24622.427102162925
26199.270349809933
26000.581051468067
25437.65328876031
27644.73977778321
27397.035643612806
26937.010760193312
28591.3114181224
28461.279695028075
27247.66793461304
27913.304132656012
27211.123151430205
26608.905469160512
28350.95844210966
28241.97966958536
27764.184411331786
29708.146374612857
29520.502785621116
29002.20086991041
30763.679170629406
29274.71348764476
29981.980025035347
28637.861056763
27942.739841866896
27479.670564776017
27360.44014407388
29076.044992658324
28998.00748483714
28528.62342796589
30459.294761646073
29401.79519807453
28395.298422076095
29330.310078181326
27612.720853621227
27568.748436623355
28431.664946611138
27664.884312340444
27629.58767533755
30096.417990234575
29052.93636669323
29252.1270824604
29402.29182429987
29110.01001880192
28422.873803619997
28979.601491124457
27978.68284939948
27769.65874133152
28908.623858542105
28740.773991097947
28307.38995649149
29886.206247117487
29922.917756162296
29439.66401959149
31112.45710865744
31203.54625493532
29905.881676473262
30525.530953207006
29836.706034499388
29260.156520768767
31197.85357373992
31044.87414002595
30445.602479827056
32658.79321902772
32739.4158725407
31945.182440550787
34575.60423105069
32524.640702382516
33509.95259092735
31610.759783949004
29614.820919085054
30903.877196616082
29502.817709875533
30754.97780874768
32497.402629547378
30053.601886701057
33374.077854638934
34254.78151423593
33573.62220615615
34037.02340323754
31904.28962350571
31897.421306550874
31656.899324704726
29963.211750973656
30937.792359282048
32616.862622152203
30506.99988011694
32217.74659555214
31431.72483632398
30655.76227266389
29773.673258797717
30378.458881719176
29793.807117567965
29633.40427658929
30695.896281820176
30945.956009622598
30278.900912316036
32165.793786269627
32128.13550885941
31325.649220377443
33670.87476376205
33837.682469314655
32340.256436899777
32988.252144521626
32478.27461785022
31705.780565663
33725.595910428456
34343.025267280485
33262.89955283634
35289.12102568049
35427.2962603137
34408.878212438576
37791.511966311635
37083.199375858574
37746.965891762586
35743.59189303457
31414.420012851413
32165.28961897788
31147.75193495543
31838.614804012665
32266.619204477418
31634.080905989882
32939.61404124339
33192.99298137322
32775.16030277909
32806.02286000055
33147.79311441308
32924.53487893118
33148.75202047352
32524.169949385778
32883.549380738135
33757.86724531014
33632.69013943775
33443.006874711195
34445.82026199424
34189.01582508479
33194.06767538298
33858.38754710439
32595.234062061565
32401.56297138137
33874.04707059945
33669.763375646915
33040.80160698585
35334.178139570715
35189.893286341045
34639.161525615564
36494.79960369249
36512.965892107415
35119.34719453141
35822.516368284705
35174.244028848305
34395.34358230255
36651.73624933593
36981.42421032695
36018.33154584785
37786.052455164354
37934.1630999444
37226.459880266906
38976.4084519568
38256.695957380805
38594.49698961602
37977.01200669075
32235.028031829406
32601.129906364786
32037.476401378302
32586.17212911255
32995.604667520616
32419.493908708027
33825.84009677837
34188.11303683788
33360.86574881701
33595.247151749885
33634.94240368736
33134.94893228365
34437.28178885146
34532.8649394124
34088.98127177126
35124.985010176984
35375.45555706376
34781.68960559335
36446.38121005663
36567.91281065847
35483.51066569939
35962.413894506295
35457.56734260172
34972.79350659944
36585.16467973521
36540.922495894876
35970.7190999469
37746.53720865629
37773.415852496124
37167.42613220021
38983.03322276739
38948.424965562706
37756.58650599739
38374.23399997634
37743.73344073448
37130.85907953468
38913.25152834641
38912.91569435525
38348.563787169725
40107.48156046795
39999.426759312286
39507.07105958554
41011.81885034732
39907.698735911494
40447.202155148625
39426.34206641751
32849.29706015302
33376.367528768074
32730.663338347716
33002.58660188686
33670.69620353972
32939.75421692009
34597.53333814895
35256.91909311163
34258.034746338984
34443.48042070927
34750.544451269736
34046.74601173038
35796.1971914669
36191.59756890613
35469.154657713705
36400.510930556426
36985.20869821102
36107.92569698485
38367.059713389615
38729.51423198807
37394.98186242852
37871.26916285706
37633.95167708091
36913.99773088576
38912.10701741902
38982.339098383665
38326.83623704992
40176.52815355193
40259.06629806359
39531.95131307586
41594.372796121315
41509.73605172508
40257.2927062731
40910.723142788695
40200.64768054853
39618.46898346741
41388.61980604401
41220.08457358557
40739.7812792294
42698.875386725704
42535.42744644213
42037.54679122775
43657.94421266867
42284.81733361086
42955.321759759914
41636.23832283417
33086.7193010197
33863.29619819225
33046.037866691215
33394.54129837105
34088.72427938702
33171.25730449976
34849.61285495953
35642.160896189416
34792.66012306256
34832.55873971418
35630.00438021398
34715.05524895334
36796.87009220532
37742.01756311138
36641.86298227818
36509.37551761515
38319.16258777798
36796.10862144737
40628.331294488795
41480.800402800436
39405.34469430149
39969.04152317379
39938.75157044501
38869.212060224665
41680.96300299446
41660.9549453266
40880.530684029465
43751.517268357515
43333.21510860297
42617.167567310076
44436.95646004814
43919.8146739637
42985.28844600122
43712.077857297096
42814.60514210805
42286.39802610601
43841.85131793449
43825.27764554251
43316.82741947091
44241.534170625426
44726.84829614974
44194.35842649827
45927.440933939666
44988.27815244978
45560.82744292858
44347.2624905412
34924.4586301891
35443.66824505749
33908.69136727798
34018.189041256184
37595.02888610592
34830.324880036394
35029.25231021739
32497.711775118005
34919.51763474816
34969.9297706467
34311.01176285215
34873.46057954198
34811.15190996094
38476.9604796105
35771.767132024994
36003.42038043784
38533.154245929865
34944.8519246518
41373.97616778935
45289.97149692223
42191.532976908275
42138.348966455436
43824.01729072074
41409.47248150519
46349.73798458134
45459.90047154135
45100.148569534984
44929.57197007741
46381.69504241652
46235.527787322244
44993.25463743117
44577.8480410402
45732.256322896195
45659.98448083839
44489.60232209622
45144.915004578506
43237.750384992345
44030.89207343739
43862.6122399487
43814.670111440064
42677.03583393992
43263.552786473694
45773.771210506064
44681.61880945097
44918.67055876061
45912.77092905976
33615.91485447538
34683.77478204922
33680.75778282096
33776.39621108169
34484.071776260316
33676.534730803825
35308.15457288876
36131.84340905402
35207.63286028508
35275.786817541775
35589.54747980194
35115.84231107767
37086.12607882684
38607.451759875206
36763.6520207734
37063.13264433345
38324.95999480653
37147.856438223236
39075.95358040781
40688.33558434199
40060.28960227626
39554.19859381225
42433.43266682661
40657.025433980634
42516.817066833624
44165.1406187324
43614.55441947576
40846.62161282527
42287.73552521747
41615.177674812134
42005.4930926031
43084.08910325172
43497.32064403938
42747.379779186434
44099.03482042553
44249.77213392647
43884.4431805982
44499.8116535195
44052.113185428636
42810.14358396929
43858.61372376649
43434.14762124192
43607.14179857439
45070.10018969311
44384.86301584016
45603.64680844669
33954.862826793265
34572.08623627214
33874.67711093743
34048.613948650636
34599.42551532207
34012.65901418619
35129.8910782476
35848.964215448235
35270.201018583895
35210.25143314687
36079.54465749015
35304.71258365643
36720.30221123171
37775.71565572468
36908.561520319134
36291.52351530556
37170.46008154488
36511.40480431784
37444.1811870215
38439.10302387224
38219.308510656294
37819.9062631217
39455.077136510095
38640.55353920025
39568.33826878488
40789.268125500006
40174.46644698897
38475.59151996032
39506.876354859
38993.87333670106
39308.84267654332
40327.109101699905
40610.90061908116
39938.79463742163
41730.51823301212
41300.497236887226
41386.873917149394
42470.83878881445
42108.51966975146
39935.20097811309
40932.363093864915
40657.29256897466
40389.65752344478
41967.75903282833
41168.032598607715
42791.22013845817
34054.29301698244
34542.1883955416
34061.85169908066
33980.64230519375
34413.62871946397
34027.01664848518
34681.80826789333
35224.29913653513
34927.01592954726
34810.92426704039
35553.14902412781
35033.038129865534
35850.6307332006
36586.99036422756
36066.4833711487
35434.83927409181
36037.87763068784
35640.7285402765
36127.62598777268
36769.16206299937
36741.54981331736
36425.10238969871
37551.072602754124
37077.46368103335
37513.774131484824
38363.05108242408
37971.138979980795
36673.33814162205
37341.829049901804
37071.436718788565
37032.496636494514
37758.767692565285
38116.2682979422
37568.34776585234
38986.8537966214
38700.65691212603
38577.47194645911
39461.52566344488
39246.31308690067
37293.04290474663
38065.391728010625
37920.98418741897
37510.91432681497
38896.92547888809
38193.51844589508
39632.77708927868
33818.63585607478
34208.5437140615
33913.81969489361
33485.89146619491
33870.9635989813
33683.071626934645
33887.62756323721
34513.83838306516
34365.47315121502
34155.65488898295
34880.07911686659
34535.96974640475
35045.67799731128
35572.427041775896
35235.406179943384
34742.89235771067
35210.41608603917
34879.347243740616
35343.87670071656
35633.529081151326
35644.529209934466
35467.326078196624
36111.30141474704
35865.43678053048
35973.67312742439
36442.57290079811
36305.24868138027
35502.40959475697
35688.59176698026
35707.131724296516
35164.26504705186
35477.65973847249
36047.50215892815
35595.95143809728
36604.94655603809
36536.03871376973
36037.6123369878
36745.20928555699
36669.86922647208
34701.50403148759
35403.374826117404
35398.14320247874
34803.16469623493
36166.18182661374
35496.46821444523
36834.03001083605
32739.639505221217
33183.58385580363
33189.802723383276
30459.748431869863
31427.21035845898
31982.6316851756
31871.65348260133
33796.88255735756
33014.30367343049
32372.606040473987
34090.27439093576
33527.638794764396
34697.417976594166
35061.09159559527
34662.582095051286
35031.771367035006
35426.518233086346
34908.527147271765
34886.59429936175
34885.59155527365
35230.43839548847
35126.36061827752
35368.52212265524
35274.666240233
35342.99795790752
35204.546819664174
35378.03048436908
35201.99593412108
35614.396498696806
35352.72805698888
34362.471335259695
32708.864734808994
34513.351134045864
34423.60582626727
34270.724109113144
34787.187680412906
32945.365273806645
33853.84903289462
33905.68190497697
30839.17918835424
31751.583898360128
31779.3263728393
31878.411657635854
33352.11142371021
32623.520475876656
34085.0250982844
32101.419556735378
31080.548178743848
31672.044515648544
32218.92504024222
32131.684705355674
32236.564614139817
32346.903582009196
32808.65271068817
32245.799856608173
32365.419318962366
33367.30958438348
31983.5274991822
33747.719828276255
34897.92362925729
34434.11443938673
32871.53717028683
33526.51039974767
33249.53052368962
33133.37633398927
33582.047318875426
34111.55192150484
33610.30033674134
34291.46520007567
34569.88855591634
34063.19665256103
34927.289251850394
34710.604670301815
32968.834458559264
33198.10233365862
33475.838056057386
32369.784514666884
32103.028442969775
33113.551694903894
32695.20157722172
31996.434348194576
33721.44180347477
31482.93152434406
31005.21495956937
31056.373006098776
31692.898601021923
31557.89243884997
31677.599290538565
31619.165991979055
31787.541721949852
31722.035071487553
31846.068073941453
31963.99583819125
32137.540118213496
32114.98915767148
31612.77995820854
31846.13837408938
31793.62422000437
31737.58990651468
31982.642660829508
32085.194250752793
31911.886513777325
32400.231450079784
32240.319662033828
32290.856591622905
32680.532585900633
32563.977612233888
31831.281214814295
32076.556570510053
32044.27129850856
31811.85622905352
32001.64319545281
32369.12998996714
32064.611597986815
32680.075269787816
32721.680439027346
32198.826911212414
32349.328694953037
32555.178002028522
31633.30543134317
31745.69384029082
31893.504455491384
31335.730257064417
31401.326026149683
31821.336911185695
31574.14777081341
31813.48590825446
32082.511347715794
31444.489373221433
31484.913956548262
31600.319926164902
31035.01926924024
31141.465414858736
31251.088906689358
30852.353317787347
31290.660535479954
31079.378531137932
31473.32210506485
31253.708207878462
31504.42925153554
31430.74526484555
30931.67084814325
31195.295644346967
31085.68116248606
31184.937984482647
31349.905889524067
31417.287394016545
31286.824797086054
31620.220496891765
31569.883176395415
31493.10987859271
31641.978101848043
31646.92574705933
31300.41614308224
31356.370196494954
31375.23186140306
31200.72829830537
31181.996097970754
31425.704063157275
31291.108203108488
31519.716068361377
31599.994031227987
31205.53693570308
31262.901498961768
31404.644243755785
30901.829377621772
30869.210175967663
31036.059100052353
30501.53631902668
30512.87570231426
30891.37766533738
30690.918036308096
30951.131126258962
31106.385295232805
30583.097806631064
30697.519977671294
30812.6510347027
30106.54787385163
30205.007982728574
30347.46617219482
29820.809512873973
30358.56543904383
30092.77252040613
30612.1781238428
30662.055494860702
30964.380149314842
30792.19535398603
30403.698842904174
30836.624291236698
30536.068560535983
31202.49921349703
31336.711766125554
31093.412112741116
31118.6379678408
31228.851154347845
31118.126185035224
31320.625670163317
31255.838060059625
31278.04924012642
31674.660649523044
31423.250321232787
31445.05067390582
31450.610696804786
31021.999159564944
31182.303765675053
31274.577044244685
31002.59346542809
31161.415706173982
30736.832084721544
30569.305942630206
30801.589505661595
30720.003085265464
30360.69765825498
30709.773881721754
29859.388200620768
29665.358661545783
30156.917066094567
30000.860432779355
30081.838314483583
30323.58421255461
29618.607751340984
29681.323279834338
29864.40469861971
29096.823947719306
29113.284920511844
29363.485456074202
28603.318877852194
29242.098433201765
28929.55013861589
29538.929683424998
30028.920977773163
30791.991900834757
30245.67229971865
29219.531651758833
30706.504980269718
29710.813220391276
32231.618328531487
32913.038430762805
31579.1479444912
31876.02438787492
31808.16922566796
31353.844175952952
32622.170883993604
32005.67212587204
32044.275724679854
34717.87739894999
33335.152986082976
33480.35213157375
33066.26341847915
31617.692170665145
32095.32153087453
32568.26999657737
31273.448442119687
31721.49690071361
30813.23774109081
30239.171247138533
30760.88860097342
30764.570764245822
30199.35777552011
30836.123378256256
29579.99044093433
28860.971402925676
29615.048514054935
29545.17927448084
29246.827048991992
29728.30819604031
28539.49651377747
28486.307762800436
28822.238778410458
27975.091664773172
27790.026160568406
28252.274063951307
27137.109168788455
27885.91548995242
27505.812838631326
28254.809008711934
28526.70422834547
30256.022336653186
28543.43274778549
30077.088223418014
30791.024507608836
29388.88320743448
32464.43727338779
34296.546711985815
32707.73123411394
32601.869362474536
34817.40646218478
32575.43461307594
36486.28130986451
36214.06819488645
36202.488731900856
34288.203445116
35104.82366149839
35311.32961908024
33409.56468278526
32001.70091049256
33634.825451814686
33592.90994464463
30926.12162465903
33461.38857006264
30727.137678870266
30656.830607047163
30590.91328945607
31694.152168416564
30836.3164352598
31249.7323897577
30474.631387578618
29264.16816672604
29993.5046890773
30142.234738517094
28611.419161143676
29793.283325887816
27929.613154792998
27188.92911384474
27769.377540096015
29195.362324173253
27985.035202285217
28514.75913762131
28464.659501469905
27064.174237549716
27679.509800795946
26894.07674335373
30983.52606962333
31439.957805842696
30592.74056400158
31610.94148852078
31853.09291556776
31315.941507469553
32503.956933353526
32846.83080464753
32346.623473915166
32393.721948167593
33176.47473949409
32370.8531046909
33295.07024594844
33647.92132196265
33646.373520037945
33144.263604302214
33251.57106135652
33146.38834008138
33278.02626722879
32944.80236481866
33152.10617631876
33167.38287045742
32638.096505725982
33238.805490199135
32338.877228960766
31476.97150219473
32030.744135991834
32985.05704565961
32316.17019906935
32650.229373112168
32532.472569470006
31646.09144414429
31437.225389210264
31970.166243076375
30387.446860163345
30923.864189076703
30625.041273037707
29528.407380332028
29902.195761595263
32080.3771590829
31108.926654679475
31351.812344955404
31765.706643081838
30110.467536922934
30935.73953074309
29285.416404274692
32166.458058525503
32286.035188217335
31888.27811824979
32732.636202198388
32788.435350376414
32448.75278644132
33390.40609141044
33412.430684161074
32870.667206297985
33113.45730181331
32991.553915248325
32666.432690508707
33428.6409620599
33406.47039487079
33248.19930966697
33935.61735161145
33862.706009049354
33663.433109663485
34352.198583257785
34129.67903342075
33719.22369836338
34013.93977749745
33447.8270908807
33468.1054790947
33774.72834555103
33245.68706568514
33366.6095388281
34668.30980321781
34269.45608682751
34211.83247847737
34928.00240640396
34332.909694178976
33699.09108337546
34308.8103849394
32957.05135269969
33103.39086386325
33575.43911475733
32700.8729931133
32821.594377048736
35126.04653356079
34335.341037329
34342.13828030898
35200.71766071553
33446.940000172006
34310.8735767071
32600.85913932603
33326.568889271046
33367.390636795
33020.46913609357
33954.4099960766
34020.04974374679
33637.63564451794
34778.68659530589
34673.27535465563
34011.26842810423
34376.84130490506
33978.7753712192
33689.91946529681
34576.08173225475
34482.96479755778
34245.974464287465
35282.11124415699
35138.69081499857
34916.15565341376
35650.93900562165
35643.65916857035
35040.82533249266
35371.98237346778
34907.92922562445
34699.62200300157
35573.23681112859
35347.47035210817
35123.809008197255
36312.78279525979
36380.14000966986
35972.45749792229
37419.25335689225
37265.53822009409
36197.570703405145
36820.19203163854
35768.14382723499
35566.551269802614
36781.751452381264
36060.43820831638
35936.40051244775
38581.19460729034
37952.25884490532
37660.49060389591
39230.05477532966
37097.09877891912
38127.17971455397
36125.82380264245
34629.403500718814
34820.88796232643
34292.11002553772
35143.44913387283
35922.290833768246
34936.348293521994
37697.61370906401
36800.49360050923
35839.08123584602
36621.417782331526
35531.032642342834
35252.7220222848
36083.25034943405
35741.149335762006
35667.61352843909
37059.158696220205
36164.2686966624
36558.939088408486
35695.26183377003
35904.874050936174
35941.47903717344
35891.88402179604
36090.53983640677
35851.055936746474
36561.326211094914
37164.1198802522
36528.59965092948
35808.40535168003
37302.58973028275
36337.441863150205
38975.291747633615
40424.98234127507
38432.849397233294
38784.42466722247
38802.87526506899
37957.4122808519
40606.18009598886
40106.24530496373
39556.74668424498
42997.85159911809
42632.98723246483
41752.70427022903
44494.95409703867
41700.97114484501
43068.59664503257
40419.07549912104
35257.49037788226
37823.755669153004
35016.983292829704
36331.600970951986
37538.40691154711
35959.26588309657
37852.1224730483
38440.2907995962
39317.73463298491
38483.504217464564
38919.849038278844
39012.41812293982
37695.96571892829
36139.79175585529
37503.951098655874
37491.76885387076
36698.27703231035
37637.1466791781
36508.8595199781
35776.107395937084
35568.8710128648
36045.753504403685
35042.44918923865
35457.805589935735
35206.43389908439
35858.846671374165
35157.45475561888
36697.2979435768
37000.163740658754
35996.198496033074
38994.689595874675
41547.700459584106
38992.60679151512
39108.760756969205
42813.77097859573
38958.60871317529
44239.06006068583
44772.352980712836
44174.522866745254
41883.46981193784
43998.78320472803
43119.45348482761
43127.44755843575
45893.97963761988
44562.9538406729
45831.09128262871
36829.78151582252
37159.133833766144
36590.452457216095
37395.37539082776
37302.64845723023
37090.90264139179
37475.11421216409
37368.30823445107
37403.488266327564
37399.47477503852
37585.13654393042
37531.08754057028
37291.27752813711
37044.750696406525
37371.6287218836
37185.72701782732
37061.52405503535
37235.13914603057
36820.12225456806
36912.30422518877
36935.14304894028
36932.07833245518
36777.97833429967
36803.644187684404
37168.01765105437
37740.34522158642
37069.55643164149
36768.752811555896
37346.381695297285
37044.58581733711
37151.5198276857
38237.76959849459
38294.633416567325
37765.05200554656
39796.64298698678
38716.58157242631
39682.36096025006
41406.57834734961
40742.228609665966
37706.44495497066
38998.476424250526
38677.608068477915
38012.01188930744
40416.03335381512
39178.030929417466
41732.99500082317
38132.021503631906
37722.730808151915
37737.19897179503
39150.48788142646
38379.7580112875
38602.61613995767
38279.64053533167
37519.18173693822
37780.46403859265
37996.59998920844
37398.737407935274
37605.895446383765
37059.873084619765
36854.453797765105
37130.28135186502
36850.45015560708
36439.54606698247
36968.78407941558
35505.16325317042
35568.96400599664
36326.585776777036
35952.61683558824
36445.5145500273
36615.94740738581
35862.4347895009
36384.839182222124
36367.52970678976
34615.75345951494
35083.92249343905
35279.33333764239
34167.06014757759
34911.570040676736
35746.90205913471
34969.45105448081
36615.17418416998
36478.73946436361
35814.08219291823
36861.94457485125
36754.6826785402
33957.62098063
34858.92169606311
34881.26526409926
33835.331785992435
35854.62237372336
34831.26475644755
36911.629827161254
40634.43117627922
39364.73405468285
39816.95952725411
42861.061070091855
40958.59873399575
41638.96870088125
40442.0164832236
37876.889718451916
39057.475430015715
39645.512088871415
37687.10422155715
38625.053120179815
36436.85803101497
35741.35112764672
36683.6624179317
35446.80493067732
34519.84635465972
36049.782804383314
32388.647268628156
32671.96457675856
34260.432092554925
33415.57076805014
34327.386957437
34941.939860564846
33051.47822927757
33558.05797627091
33870.37134661981
31242.30112517578
31858.156856432393
32168.74684738187
30937.124061314204
31570.668935125883
32510.014002634904
31698.03368054315
33183.41158107487
33341.71697297036
32183.360467288087
32944.18952696984
33053.0426597277
30681.907141656367
31139.28262920641
31375.656504745457
30015.962125151913
31908.84894430384
30966.151471473142
32862.56818532972
45341.691212307574
43851.58210340265
44257.75910072202
42390.84287126783
44996.30596722517
44612.05792385583
39750.984715632876
37444.447554861945
42656.404411769385
41912.85677474164
37997.17352833419
41534.72409741179
33202.48579715168
32067.07123170438
34470.42296296863
33272.31596756612
29887.77476552316
32896.74133164344
30094.427638918274
30092.480241467525
30197.9130809645
29854.614721367878
30894.210461529205
31225.848649245392
29604.32337002174
29943.168555376647
30338.539234140604
29130.244863940396
28368.557064124427
29211.64295020278
28972.2536754858
30371.341939061538
29614.369082882688
29208.64298571588
30637.194381311387
30253.833866169807
29919.88911547691
29404.77858238071
30188.233829033074
28871.79886945966
28085.791413157112
29452.36041760625
27918.240668712395
28038.329879372584
27734.00177780805
29026.840787176352
37944.4065271292
39385.408020373914
40048.95559844608
34407.71445791068
35571.1678894334
36080.27528487509
33454.879243292824
33641.81290195497
36142.025638885636
34724.48354268533
35559.55776419183
37787.217717256004
32963.56860489139
31499.61205838938
33282.452017078984
31911.220016961583
31391.05803994794
32479.172101950593
30316.787402868868
29725.473841592568
30503.404845525445
30468.157465642264
29679.202718491026
30377.150198640826
29188.97437105379
28849.441200306912
29165.928768159214
29029.456591114522
28723.88366442771
29148.38339056173
28221.283683153124
28245.664027549683
28600.480087827484
28433.342776172874
28727.792492925906
28768.153845345856
28302.011755106498
28217.711816314135
28516.038846842013
27947.33952842044
28097.468561031877
28134.800397435163
28134.80138116383
28119.043410400238
28143.544277474815
28051.683142641246
31379.21642048393
32615.276385416546
32854.587034534794
28412.493603673593
29923.766113488397
29913.9763371037
28979.61825813423
30296.152483256978
31172.94548281584
30087.980440498017
31855.92977436784
32282.76117452721
30809.695640818652
30748.32591316506
31342.115770697572
30078.30198518818
30194.60446441674
30371.116656859376
29710.554666977696
29075.63167833336
29895.85977468702
29747.059872060294
29455.953735099865
30105.31962133199
28585.50668506378
28312.587177254827
28838.764170945746
27964.66355908483
27509.51077808896
28285.92842136974
26095.631079543935
26606.38901216776
27498.03839746258
26900.709707722133
27710.86951064979
27922.261761633374
27299.079022211467
27832.90073130771
27687.84038995272
25844.265403172496
27208.62119337697
26715.363201313572
27824.49684069168
28017.4572542951
27918.02409802887
28092.903027977904
25234.339882233136
26836.405707361515
26822.97186365773
23638.161673146118
22027.178598678358
24206.998013246168
24895.988699949525
29346.87736539395
26444.08331580178
25270.28929063059
29128.162527834484
27783.43906700143
30170.214536338342
30214.183628822288
30009.66729583238
28516.590616743877
30378.80346023544
29961.925287323724
28430.677841938923
28982.676616419518
29956.05736752692
29674.18181414101
28915.706207502026
29811.017343611977
27355.49750656751
26275.684836610806
27655.21385636601
25965.143422288766
24909.824650237722
26880.155601705097
22646.51603784467
21281.659695797254
23931.19383490097
23017.817529506796
24376.375929233945
25073.186175280458
22766.64767603879
25836.306904698075
24556.13703062829
21473.267994662398
22467.060167600022
21241.039713805036
26402.718119238853
28160.843400397644
29045.130355873793
27824.29517041501
23325.620976117898
23642.59965272664
23524.535102659604
22528.080060696688
23224.273876628497
22985.379691534235
23200.31057496826
24155.864896348285
24169.106988312044
23669.85284980058
25934.828563083825
24603.787340558854
25536.556913814864
27175.08562700192
26868.90363902007
23668.315697279777
24587.64548800097
24493.2145511085
23522.650982004263
23963.039918621962
25529.272543814637
24411.408395970913
26120.788870929726
26895.782530763656
24061.384996414545
23648.122077001048
24961.25335564906
22642.099164271043
22509.963771441362
23286.001300333304
21343.34818322053
21277.531860917505
22192.6319679433
21796.588602063057
21728.53676475303
22465.334343988266
21584.148133878254
22824.177081334277
21778.998448404607
20373.58847823647
21190.10225337481
21060.594506652862
20286.986257266555
23027.33293187689
21635.036194431512
24535.73082126467
21398.17662259544
22352.966743469406
21993.374229388817
21764.24217194753
21374.144327050584
22471.7769828667
22605.807075403172
22259.130565625444
23116.792951821702
22840.466289780456
22438.65010750245
22832.338194602646
23002.351209970286
21750.53544907944
22087.040852829876
21890.56020768653
22289.45268816663
21874.927007246544
22671.32038125382
22826.19089608397
21745.89816311221
21460.600134075496
22138.628557137603
20693.00932451466
21361.175136124395
19828.316845904443
20535.98967892026
20262.385108762544
20384.85420329801
20914.37987693
19205.662644943826
19115.36346921106
19702.53385362827
18095.417856839955
18968.2481399654
17747.628372448093
17724.37628773294
18966.983158240582
