16191.154532313234
16127.945238061053
25372.10039746158
22400.88526513995
15591.590037466638
15495.212306042125
16403.202201313783
17458.34078797909
18501.816628413384
19468.63511551832
20257.741428533154
20673.33589876754
20667.712545324954
21526.696607740654
22037.04418895553
22145.919528729468
22054.866210625747
21867.748110907167
21637.924478595076
21389.1956956146
21123.60881479021
20818.716383136456
20448.258081056236
19987.080674110683
19410.97109371407
19090.607699158805
19101.40014424293
19022.351640181958
18823.605506032687
18552.266731180396
18247.677258351785
17924.32508421971
17573.101091738386
17225.496299061433
16867.065623301256
16484.56066039368
16109.827205978136
15710.124123827583
15327.513848261962
15013.40255091404
14795.287169276362
14819.765537604191
14973.636536673075
15239.923943885104
15753.421595035337
16397.24631813516
17112.07133140833
17833.798926738826
18554.183966328612
19277.54673467611
20001.066764706604
20710.429341637242
21432.56329334184
22172.301769936337
22935.02418316913
23731.553205880133
24580.071146645212
25491.89014436474
26469.8701385342
27475.764576068606
28311.591738836978
28194.169744256815
28575.630860688296
28939.83215278255
28499.3570192709
27911.51120555816
27352.40014113956
26850.01651809245
26405.522168188
26006.078651659678
25642.152825994417
25304.342616286332
24985.739932987944
24679.485943038493
24385.378537787758
24103.10263290989
23832.004824279684
23579.446128699452
23358.477977387185
23188.164113532286
23097.98755986373
23116.977773935323
23143.674526971587
22373.317036428387
23185.22486608346
23198.841045965186
23217.73356239331
23342.991298966124
23544.36717707372
23790.598895303236
24059.41012318009
24334.36094419469
24610.717041423675
24883.26140889247
25148.098234888475
25405.00619266124
25656.7077691452
25907.946838210566
26167.899650666757
26451.82141394861
26785.52313806048
27214.984016482176
27813.709561111955
28690.252447405837
29808.853607802936
30044.541795654295
29199.121341064398
28534.32597571207
28157.10251032829
27966.551050186845
27887.26426026599
27871.30047579777
27892.672372409106
27936.94565770652
27996.9397935137
28071.80578491758
28162.42159929713
28274.64236838014
28419.217949708393
28613.812338315776
28887.433248586276
29297.565691706695
29935.49463513209
30992.217727268675
32657.2799962398
32878.14595935427
31443.72474143239
30597.563481598245
30184.702729589437
30019.17240521789
30005.12363294831
30091.257778389136
30249.27139366082
30463.50404565523
30726.112469676198
31036.20921654156
31407.717782966858
31836.115395003377
32347.38157764374
32947.46474708581
33655.02910628372
34386.10763510501
34835.405082005964
35057.62323145216
35310.04743427025
35623.489268518
35977.03631150517
36363.24886469291
36732.545042559446
37068.592424008035
37373.57962655187
37631.10455681686
37862.20527922877
38074.94250178724
37640.444301572235
34153.709888032834
30449.027610193945
27013.954039963915
23861.422231126748
21009.539402331946
18521.197760003808
16630.503823651965
16015.995876383306
15743.687135728807
15926.26119307704
16680.084803657846
17910.71726947063
19373.132798294548
20815.398180414923
22082.448335619865
23360.120798780124
24811.076872529477
26105.436658917995
26782.644168576044
26786.342469151372
26316.377341130537
25724.768755709207
25364.444111327975
25713.266916746747
26578.51550529511
28413.211887128986
30483.6581220807
32569.975024013547
34559.16730737839
36346.486696906955
37842.611968740515
39005.772818081554
39621.06781432699
39844.005857129465
39715.383369245304
39289.343525190714
38660.46168697247
37900.04465757576
37076.17116817229
36227.84181756807
35371.4551980986
34510.445841280154
33615.68543261334
32625.999888328784
31853.068713563716
31426.410384911083
30895.777253304186
30342.042873818464
29802.497497806828
29299.07700885074
28830.16579142611
28398.46717374761
27995.035425980277
27624.871675283342
27278.506569806996
26953.27385616068
26646.085668760912
26345.254947266567
26037.4234510857
25706.818434097535
25365.992135832115
25383.8118344872
25728.50042421858
26059.374803116843
26368.3974212846
26671.4701644761
26981.69824258972
27310.86216509125
27661.258570428636
28036.516215647178
28445.241888782017
28883.79733246138
29365.299829926054
29889.50223368868
30475.810224259607
31127.720524421937
31869.802851732537
32719.597143842024
33681.83647854713
34730.79215898148
35782.183655283305
35711.923928074044
34754.62461008229
33810.69925769932
32958.258353283854
32226.988117138542
31598.694475433338
31053.68319102073
30589.031606964694
30179.44744931198
29822.457303299016
29512.133482692938
29240.200508904592
29006.06726763015
28815.84220498965
28666.827004640152
28563.932291429483
28514.439630732035
28527.592289449116
28612.251701454727
28769.702560235914
29010.429636491812
29551.530399187206
28735.829926543753
28219.12268835455
27786.421959241878
27424.551486397722
27126.067555773283
26881.175148259223
26678.023880462704
26505.819854216476
26357.232928956997
26226.95166366894
26111.605752947326
26009.84709614227
25922.746453734748
25853.858491385716
25810.2571206185
25803.16106071833
25848.365251899475
25965.113079146693
26169.17151763939
26439.668953983648
26552.859621506657
26322.70621651772
25832.998295726924
25129.802787277105
24489.035508897643
23941.375629537426
23464.290128789817
23044.24250037364
22652.4581028815
22284.422933189777
21928.293606193925
21567.907121325276
21209.448341621974
20839.392719711464
20449.344374995366
20046.23741370014
19599.580375732334
19133.36556608375
18640.50201936822
18208.3878863284
17991.32179700284
17725.504340818865
17399.375582688022
17286.0821883918
17216.85629150684
17122.107015432688
16985.848890914993
16792.55679350587
16567.08400796887
16318.121880373383
16053.572679504541
15746.70741668247
15432.686511875123
15133.877648778953
14847.54119494164
14622.924493149872
14565.751189249571
14794.529692469416
14884.773903138877
14966.87375257812
15293.264543016392
15783.289357860815
16331.191424840905
16912.29042701003
17470.323995705643
18031.18447468585
18538.935239392118
19027.629877097366
19458.54721429196
19910.355866439222
20416.352454396954
20699.96885888675
21048.894067171204
21362.1436021315
21589.924949347893
21701.401477660045
21685.266062869407
21610.00070314705
21934.48255690833
22781.50366390963
23444.453122924922
24243.002285325078
24882.04683967326
25105.755860167657
24820.08323247254
24010.944274251215
22767.11338505864
21275.461111353165
19996.45175975457
19253.137836060556
18743.936708167566
18018.819816014275
17130.783822295143
16431.552912168878
20044.44630744916
22690.98633620373
24022.555808947724
24561.93246824143
21505.504678597077
22731.955000321963
23460.50762905537
20623.50104931926
19663.19150875183
21498.558145222833
19202.265303593984
17017.08811334917
21769.13397336536
17837.195932864888
13670.13280350496
19867.778228781543
16878.42357981247
13655.14781934778
17598.964383839946
16590.08780382036
15490.351513900954
16375.629305092378
16954.228784424176
16767.414868866374
14870.777220871474
18517.520365125587
18096.91194619045
14745.789278878869
19932.85866353835
19385.925881675692
17977.008328529264
19526.821293250083
19942.430478055972
20375.453974704113
20477.12843577016
20893.749372560702
22635.607367538258
21292.841855531155
21648.83330449955
24943.17641365187
20722.646816151722
21685.717837396878
25803.861665527595
20884.803171288837
22151.389268803632
25378.023396217497
23367.87664545243
23864.11423656968
24538.502282841786
24042.64355064163
24655.55781901496
23500.86905758101
23664.542099953786
24842.301207738317
22047.492730855352
22668.65367521994
24697.333188995857
18854.91223850912
20854.14724966875
22922.544393223598
22296.394185506826
23163.71537314105
25511.499671853613
23932.65879766075
24677.58312994664
26582.677022375283
24869.661915986
25576.215804133695
27562.782049352543
24845.882802569715
25536.225565811077
28385.765962182406
22805.74043182629
24808.711866900925
28577.613502772114
23894.508386538782
25024.157427443166
28607.862260947324
25934.816841170206
25985.09986241636
28033.746624448842
26305.311445809253
25947.4080852809
27022.801981339377
25567.52664088644
24911.77917862265
26062.227252598106
23466.49258008763
22611.63345682474
26132.237605413007
24542.276308276992
23747.091768038503
26139.268841650057
27260.717660675306
26233.108937111538
26758.637435773748
29009.1410311656
27962.263282965207
28328.201719812783
30283.55139251117
28877.72985372514
30597.135876549597
32518.320313049582
31354.853498386336
33958.16087686732
36587.43081113224
37601.483070459435
38637.67818051359
37959.2229344386
42325.19321804079
44793.528634845614
32878.07218082866
40988.726522565725
46252.48141953361
23084.16990349557
29929.891164405377
33735.37578387902
18648.134429463425
19476.430901329426
16938.423110120606
20909.980769220172
23517.46440808459
18962.587586740032
24090.917498513685
25616.635777210147
25858.037717761486
22728.08184707615
22983.171470955956
24582.698871675046
22003.680831827533
21147.39803510154
22130.530147575333
22119.590973059127
21905.109540856538
20730.48346621871
22815.829057160325
22554.91897784722
20820.320083972783
22051.686735927015
23564.63312389212
25123.801147540977
25538.667187134168
21984.25409992349
21043.256953486532
22118.493725485263
19831.33986776806
21770.144811914768
19841.190813881087
19204.34738080541
19847.700236769506
21724.189289133854
22247.816622689734
22437.05607914998
20542.99738980963
20020.75792428356
21250.51096453024
17915.69754831116
18364.56088561879
19012.70460175437
16682.41604642362
18034.693730804902
21038.33177718259
21239.98415368443
21303.897466218128
19723.432559435812
18401.250640935352
20075.951952908603
15547.044873365921
15430.734040887386
16690.126399273846
13403.921514194943
15162.270848173534
19628.51070107393
22599.202896752642
20408.773033276495
18512.229956988245
17598.28557854409
18882.927129809585
15078.237197537608
12643.949286845815
14909.898239142365
13507.349045883671
12128.663713880369
17797.7959284707
18477.65670487458
18643.751839469245
17195.683079992174
16633.709223139507
17733.20261988592
15964.210397187517
14683.254390416028
15491.00282300951
15412.62281432082
14566.832473824918
16265.942944918579
16961.723923865007
17044.364012837956
16697.912607571045
16686.054860478704
16873.72967136402
16952.467151761102
16164.925785017567
16407.7644423366
16647.075212760057
16107.596570242726
14217.271486867152
15747.102219690294
15367.734857648991
17006.184266676497
17479.801665199553
16690.094626042697
18803.308049086885
17377.606465363373
17682.186906245974
17048.137383020516
17039.80755024887
14022.834598773916
13381.256769542728
12867.769566866147
17996.70724770967
20099.80755268224
18232.59452245778
20221.550413490648
19589.348576779877
20066.41494975653
17495.9144802413
15763.188696894978
17614.449106872056
16544.927134972106
15949.483483461288
18762.88566187745
19451.70593435989
18131.88583388665
19922.746659373348
19529.061300904978
19892.28034946377
19880.6281537984
19001.031116340542
20487.783185546425
19214.569993400866
19104.65680538817
20378.415914538906
19947.243469479614
19551.853679004947
20650.530882315405
20406.377788541835
20231.512425236586
21200.278489662163
20573.41947309876
23357.49011831984
21502.983863773785
21874.519621991552
21837.83346856908
20983.391507176344
21165.845270761278
21225.47156294306
21327.332993475844
21036.39940346001
22352.649564972926
21784.20696490376
27689.859433371406
23817.583975121073
25136.0649404877
22555.731019881707
21256.515014507444
22314.102581923227
20312.18546315568
21788.444605747754
21057.422894249594
23885.44240148997
22982.79622805711
30128.459513066715
24425.097749231616
32676.328584063915
23285.339493767657
19708.906191629532
23258.799361207515
20331.199896114143
21379.13327296501
19042.934137879027
25131.51024431993
25380.6130342896
26421.85252306721
25805.753760488253
27658.299197969136
24188.81862521814
22383.070426230064
23806.18147815728
23248.141990702472
23133.833222618698
22103.31915572041
24874.164203992274
24781.211588674887
24954.911740328247
24964.447299245814
25606.501579590542
24185.93770687084
23880.2880488672
24296.308900141397
24200.10648120105
24357.448558722688
23897.759949987132
25308.080712100924
25090.813757862037
23752.15270986675
24061.52773865566
24352.72181474899
23452.9641381886
23951.567027542
23898.330239761235
24142.066368333722
24803.696697669628
24259.865438513265
25673.88457903939
25498.28023008859
22549.15503717791
22843.872775306623
23141.864163182396
22159.497565188158
23222.970696623073
22865.355280539847
23523.319872226923
24803.670420850398
23885.31939886768
26137.25912497184
25869.07225922036
21871.467815931424
20910.66340063815
22141.271742924822
22296.996446393434
22058.01050484678
21553.952614162714
23833.181912856366
24397.901610673813
23192.320627867186
28396.368676740884
26611.47845453486
22735.37528698896
21038.27960666392
22237.198447386058
22514.474346798062
22296.93791387698
21733.177802744387
24174.540086302994
24794.864220493226
23509.155362756304
27108.986769181643
27093.187177776785
24031.58067671775
23203.469672205312
23392.530919016113
24138.08826960189
23975.839142579665
23394.56577804651
25519.938997699704
26060.70153612126
24886.8556061657
27734.87550703175
27361.557934508513
25030.651435051925
24494.53807505236
24585.997855045214
25038.033044572327
25223.85064348973
24695.64910024356
26452.217792449126
27085.1956090649
26049.143883368506
28746.245861546988
28199.374430630596
25497.407650835532
25012.261788884505
25339.457710437164
24869.880669856113
25694.08876819165
25115.157713608874
26732.409625169385
28000.2266840042
26696.494572122567
30174.273987408807
29390.233485365807
25266.149507058224
24219.008149180077
25487.13715654729
23570.135453152307
25130.215915039036
24282.106627761692
25671.90991186475
28647.894193082724
26466.386621334983
32718.913711135636
31206.584187530178
25878.857352475075
21648.82192060628
24889.12947852167
24098.815482513226
25081.173301408933
23451.090091423004
26140.78324016239
28218.183544572355
24832.678463048953
31813.056406545158
33913.46832807568
26771.561245949702
25221.90389543636
26408.085100210104
25663.376828412962
25570.464406512034
25018.33425289735
26815.032676996976
28432.06693092286
26683.80533164775
29375.35023781984
30421.423737982615
27087.1364025293
26265.212912961946
26992.371821265995
25905.4482243179
26107.656973100984
25949.479696412134
26367.68181686874
27550.540170982193
26684.90616464857
27757.502443063713
28510.98851791067
26931.81886518391
26081.181101937997
27065.710770724967
24886.32108508441
25540.586892557818
25554.74796424776
25444.139792769412
26499.987387470577
25925.23474435487
26550.823768868147
27098.188758355554
25821.46740187232
24692.089871063083
26642.781346636762
22866.211366740303
24042.709640238147
23888.326751763903
25465.273134135983
25878.886121346677
25100.823796813333
25882.76549201441
26143.510953812598
26884.75272232837
23047.16382805704
24580.910881065334
23695.502209453552
21195.297192250797
22940.799765600816
25388.26026185019
26221.29965136637
26678.133034696228
26067.602273545355
25921.94759826392
28580.25406339099
26066.805248708617
27835.167673611504
26458.169032338177
25131.299867649675
25177.740333061724
26431.601254420064
26247.451253929008
25720.217633537537
27035.52697011841
26473.02977553432
30008.138728575108
28213.332279594633
29287.46473437229
28284.493848678212
27175.17818827048
27479.16496879336
28035.858778185666
27480.7068765242
27234.35734479419
28624.305577566494
27754.388342165505
31784.40561266033
29706.425153226788
30806.955231111646
29470.94360428612
28570.924080569665
28904.009533142867
29640.18321217131
29325.132898793385
28817.050092455196
31121.073869574328
29694.0803968357
34172.6792630115
30115.11592732255
33417.9023157437
32241.092817144552
28204.310312592042
31131.16962013568
32819.70389749325
31944.974595218966
31216.417879132438
34521.12198308644
33523.457852975145
36520.23226033988
34749.98297499738
35296.712858910265
36922.36547071776
34673.330741964644
34529.8762480087
38339.749125051334
36076.13202916869
35412.08771763327
38164.89259616214
36077.1578094163
37776.28432576243
37849.06689414571
37472.525400661805
39525.118337637745
40220.93036710129
38791.461402856155
44500.2202407649
41561.44122970787
41405.799321155995
42559.896652521275
40455.58080389841
32818.67000900845
36276.83497857452
36567.845062357
35040.7918173548
43720.3889638935
37943.184039324755
44274.62142999153
48565.517923836305
46609.42587713454
41296.29485534415
43231.87042960823
20990.831620732366
28221.39579930588
27046.57771668638
26458.149481524822
35149.44411705116
31121.893344560354
33125.326228864076
39097.50553522235
38362.18994481085
31971.28881678654
36999.28036760415
18945.603175055243
15996.769357804102
25164.849615164865
23167.407069195706
30209.96596342814
30044.815702718013
27363.00624875297
15642.459345177029
16832.21420916879
15803.441271332971
17917.34513480098
17655.102037161956
16745.555750932785
19443.107700661603
19468.85984709402
18399.646417533993
18740.226654551047
18994.493569297727
18110.19343855692
19015.820377005595
19340.383703594835
18974.628831436698
20419.956672636075
20125.24241505484
19661.545885519154
21718.67946156402
23016.755382739975
21164.52568824449
21438.367954091125
23198.28205661143
21143.535445704038
24783.268903258897
25566.667650037656
24607.383863442737
23536.599434142838
24983.710614925774
24224.389979298354
24258.867040467427
24803.39326880181
25907.10437426574
25162.662461005988
25431.18990716703
25771.018419582302
24360.836634374362
23218.2967618642
24414.85964670431
23444.629581859037
22921.874473860265
23946.97360355773
22105.514768487745
21952.936684332624
22108.383776374212
22311.675930823083
20277.605814414972
19815.25025701916
19094.827955289675
22360.16985036282
22690.93735290981
21426.681257709744
25278.008730069047
23234.875417820167
21766.9448162439
23352.782429327257
20924.647111165497
20472.209910207
21969.04651562815
21472.481259477467
21194.420867867775
23206.793145493608
22167.84634762527
22682.664466794038
21763.00738565581
21782.798180354395
21962.273238754704
21912.085079326353
22414.962877401224
21896.26254392165
22318.18029701261
23289.898365842564
22916.560666273454
20968.367490991557
21778.652896383195
21676.30662199012
21699.32960298993
22518.261084428093
22783.801559808948
22215.59519985909
23345.297812874272
23457.428504584474
22520.53474275818
22425.740517701237
22959.035030257703
21986.88458574639
21569.06195838181
22185.045124867782
20631.050979126063
21632.78587031627
21200.251250578433
21938.727823933896
23252.945281217446
26921.013588403828
22583.16638012084
22915.294895140134
24388.08537080037
23214.721638186573
23781.571343103496
24259.59253986997
26087.91766024953
24786.990913872047
25694.236369807175
26820.449224898748
23471.334440003964
21647.656572819542
23412.178317695183
22773.88157421859
22198.31470668248
23223.26238492696
21251.423772853326
20813.13875219371
21520.48397760404
21431.831547655805
21573.768350405222
21606.80825130653
20265.001404599017
19215.78460515565
20386.957237096245
20129.59569216805
20026.97221705979
20263.680899534866
19733.63696891458
20473.768621842974
20732.097796269958
20247.766172731543
23841.228120697833
21154.652888725734
20998.138830007487
19508.02662470581
21741.34869806165
19459.376309564155
19669.969970121027
20173.660431226155
19052.897337714174
19754.74125387887
19455.45525423501
20138.936081135387
22209.78996819433
22937.66084635383
22556.26077053762
21596.538149219217
22043.072358576388
21890.302837126106
21706.138555983154
21818.9969696454
22462.855370506535
22031.691001519554
22791.793496518174
23035.57396253727
21818.874838354295
21633.61982786416
22280.506287608525
21103.200656870446
20879.111394490745
21417.569561684275
19894.930338563223
19616.503057238395
20625.22609563894
20256.34730960856
20358.869968475836
20975.67955279193
19461.893727394534
19462.952528413665
19849.176867460756
18522.423232767054
18477.98239524081
19021.342632001575
17390.63663444094
17707.06937456055
18642.05309527076
18049.06793095339
19010.34645280072
19205.8084613549
18162.139578032526
18635.908229043675
18809.251152319128
16769.26109345508
17373.82755240627
17482.16203965116
16739.30509254487
17990.00809296655
17374.306232444054
18540.26828582804
21070.347703546613
21480.752154363843
21329.508042007415
20363.830131641742
21174.469856614625
20769.17322398083
21715.000712355482
21362.884378744104
21404.54572760086
21463.579696055225
21299.66611822309
21494.047989384453
20767.50384299989
20273.677133929737
20880.595081546853
20883.55647821636
19923.22015042144
20776.455322406724
18770.190431292496
18077.729461179733
19263.29301965041
19017.18517967082
18789.331682711185
19554.094817684043
17525.070856666574
17306.038788640337
18029.91899166452
16722.29539690857
16099.441765271948
17086.534815959047
14487.743532586326
14559.516557489715
15980.700256472439
15218.648983614263
16250.667661252895
16698.49624336901
15161.134817020375
15956.993088647145
16009.030028102088
13250.681487421645
14312.730657884482
14241.55096551236
14141.334713892082
15394.329511474254
14730.828651019017
16084.2418515718
19416.111936827125
20747.94900583514
19779.649238653426
19257.928848053096
20111.77563063985
19431.94277959208
19939.371697467566
20962.34560857274
21877.725737617922
20856.018758585255
22657.263526813982
22109.65225070333
20658.340386925527
19248.642254164715
20940.602515970568
19310.643308208157
18865.31260921769
20032.520566905725
17701.932199978437
17137.03532130146
18248.008569486545
17993.157947628388
17781.759067734394
18508.465534614596
16283.537645437158
15124.870218495478
16489.40985720745
15989.932000786188
14942.213241993197
16077.586233438424
14258.013654496172
13106.803398488357
13698.409692962074
13911.48751444303
12892.128073741
13920.977011780044
12075.92477783531
12402.346491491175
12292.557418602964
13377.834345323801
12887.521240672606
12681.535926947266
14017.475430960443
13651.063984616623
13687.769668542915
13774.13092878561
18595.84096808356
19127.42191511623
18961.19729562678
17857.757132970266
18206.31907139841
18227.454668752347
17719.281740213082
18009.503936846548
18626.850166392207
18145.382034302493
19085.729347688335
19212.69170654864
18175.85309463537
18107.857193785425
18683.98701910424
17423.982304877165
17428.582941278575
17761.523431924885
16917.46873994534
16593.122295949208
17209.806881118897
17043.44499585432
16721.7557481888
17431.311656114423
16061.343054017609
15268.992451089896
15999.57492507623
16265.042537352118
15725.02676709447
16153.018359311753
15684.244597039142
15120.929450326557
15035.308196495012
15364.4543446268
14203.237251156728
14644.14825862056
14524.678086988046
14084.783850473486
14015.859767904893
15397.784123744128
15030.98497526041
15008.870995428691
15532.159868160936
14790.90960356694
15178.40162842927
14384.158167965803
17117.30822591296
17407.435088306745
17480.44064614648
16334.877244648782
16656.1062193983
16731.857129909185
16281.84000268185
16661.660263601072
16997.83476717027
16636.359445774615
17259.196598001465
17339.012076534564
16925.557552475344
17019.694633181367
17155.034671722333
16525.854702187524
16766.84426532895
16713.181734890582
16851.90201204096
16792.773112512055
16795.069992898607
16798.94455847075
16620.689206978153
16834.47066264635
16552.30795447524
16181.808401463419
16396.433091898263
16987.18096950626
16658.8751108352
16743.434779743362
16868.996534738573
16462.914136597316
16271.73042143805
16557.371943741902
15844.973525228106
15998.216165018526
16105.730282047274
15777.778353457874
15768.10138476134
16682.90930196717
16388.89095325122
16399.96884250491
16680.986110049722
16177.891337096024
16442.869575951154
15876.861685208696
15466.089742266617
15847.493023891653
15927.478848496821
14513.239931389598
14837.65211753167
15011.909805098958
14287.067098177917
15351.09782985556
15454.702393755022
14948.98570816165
16087.667268672012
15905.125513323666
16191.8350678197
16668.989281246606
16354.278223590583
15874.930070654611
16785.143338751142
16035.680166539274
17927.920081208515
17930.84943795164
17152.44661464723
17450.469610468514
17170.374801899925
16967.86761235591
17659.20608445844
17276.29009564294
17273.35918515662
18796.188145824337
18190.05317585349
18167.051524502196
18569.463456485195
17710.626147667128
17571.790158139764
18031.27952469845
17076.08447443854
17198.22338629369
17173.953509792715
16872.220678606136
16951.621052120896
17463.2448777825
17114.065312302046
17352.661407204192
17037.653673938305
17022.412324974775
17078.78454932561
16880.922725107823
13986.12032931737
13525.921141586014
14119.026689914597
14559.977151518855
13053.484663980782
14120.042395040971
13997.42904990131
13590.50560380014
12668.15943536994
12860.54500368085
14226.433502856047
13476.440146574621
15794.507426215572
17418.147106021734
15759.07211382288
16296.057942408217
18383.82715684486
15981.804258569427
19208.38785779189
20298.640881023082
19353.74749915648
19548.546342878602
19271.17524502297
18593.319272976303
20164.264918019246
19483.02810268688
19512.32984598173
20216.355229872213
20307.431775995112
20392.2474820622
20015.765831911263
19804.129998188197
19981.213294112276
20221.97915453613
18617.485063528242
19254.18742163275
17389.177988092237
16683.877203601078
17466.32262140819
18264.623579572362
16098.54782886492
17661.28527214389
17684.062676540503
16821.268808740275
17087.5895455471
16884.99975268449
16087.853546366607
15013.96360677074
15282.356757784533
17661.37322675471
16811.482991948484
16887.20895893568
17717.395401710342
17288.792081403022
16087.297140133456
16949.115005171854
15714.265051720036
15108.628532902925
17286.010616823816
17962.621624232812
16769.912493992968
18334.690832281514
18411.06299614804
17814.748402026005
19181.124137139832
19431.124714546546
18893.07338840647
18989.206204615926
19617.815696078393
18956.496036221048
19785.068089928787
20029.68902665351
19966.080861870374
19779.120614606305
19859.519514069732
19726.68641340376
19966.85710917118
19722.179970004025
19791.76385300353
19843.591413031845
19387.30432800699
19839.47148725069
19213.477504428574
18375.927342463365
18789.57466775915
19896.887061620684
19470.33246074641
19569.343840003705
19928.463424903104
18981.91597874229
19479.682412278118
18374.42410114714
19157.688629168482
18374.375805649554
18417.60101135609
20586.694822499325
19802.24395175399
19877.99970704998
20416.82120955888
19802.98042544241
19124.305314528145
19777.591624727196
18602.856361207083
18436.28581283134
19363.80433608172
19151.11996652895
18856.844403037227
20363.36461790478
19973.44104215659
19871.935196191534
20417.407650754452
20207.115084635894
19754.113279729518
20087.949243595758
19707.833984326822
19443.51466872747
20106.699094998283
20055.76106163661
19916.994316599517
20555.207150242073
20435.83582161575
20324.328947913807
20763.13274604912
20650.12036888782
20327.83777485781
20542.729501937574
20169.806325232945
20132.02426782307
20482.826028640942
20240.03794766127
20196.361663267096
21040.867939776428
20896.033781074282
20765.403985412897
21376.689126116806
20690.42142384974
21044.820257111056
20321.612861148587
22037.007062621462
21177.60104081827
21303.789626042548
23592.91535503931
22592.913214353084
22791.168812008975
23031.41912975732
22069.63204627828
21692.251597378126
22346.080626549556
20946.499833042017
21057.622873896704
21322.05443088
20781.83166770301
20851.27014499483
22224.29955979331
21517.978148996546
21781.77575631684
21514.216372868148
21170.360829576755
21049.275080585692
21307.36143455575
20742.25213032019
20743.97665749883
20977.683682040133
20857.625977209613
20779.72003832258
21193.7182581775
21163.56558771204
21120.542744923492
21383.460890826384
21506.205601937014
21154.951889095206
21296.216628006572
21121.905481886297
20975.059757363193
21541.865791139004
21494.006482231605
21296.642279481966
21989.950188356794
22070.527664478923
21773.48289753896
22713.362544637595
22038.217961021277
22366.579134750133
21706.824581844343
25444.284507914304
24192.053306684982
24465.81275618998
27973.570826919782
26258.425328275505
26583.537786079687
26469.772473244248
24416.489439004155
24559.302194827374
25458.309717304983
23219.404314600193
23758.717526493467
23040.985206049903
22107.54136145588
22644.782440477895
23649.0534081394
22456.974971537813
23385.089895647543
21539.575539330956
21059.90125444661
21701.35857477347
21657.789202120737
21328.88789248919
21651.150592726357
21034.442116887614
21198.518497302277
21173.544318325177
20286.168520947733
20765.91040909863
20740.386062887483
20807.735077214053
21769.816271547374
21320.868563398475
21131.635706299858
21745.77521261945
21398.288806937082
22373.18195921207
22650.12582431044
22185.018333721055
22790.814619597197
23373.867764357226
22568.495370011573
24700.827458375297
23517.746485956824
24038.169571660994
23091.26943063074
32267.809185913407
29703.86605448881
29772.42065540817
30247.121585086818
32530.4563487393
32163.84610728415
28098.55350771851
24822.223611736597
28412.46251395844
28583.707314991494
25145.96017985714
27541.042829899976
23847.999042379357
22720.187376971182
23783.70213442913
24394.729147053324
23371.9100847628
24058.44172661829
22003.400205279286
19985.725473648126
21388.194872743014
21586.273439822726
20267.841318362014
21413.339031126918
19171.75723054336
19704.094862219317
19689.941711690186
20310.887224241942
19307.08734214453
19399.51367337697
20990.267203155276
21606.155770107114
19967.778880338134
20194.11985115488
21541.25600782916
20364.495432257645
23296.735270740654
24574.25888618023
23048.995492986807
23632.941952265188
25527.463127468705
23491.447488153295
26152.16176924392
26940.44766783855
26983.785405028844
25602.699490048166
27999.415504685756
28633.944530619163
28939.534114557468
26721.459697947488
26958.76425892815
27288.897345068675
25955.72024786776
25594.10226021249
26853.384617288873
26361.922505559553
25948.5128891301
27447.716664347565
24755.842282599304
23523.486857050902
24640.474544659897
24764.788823054427
24035.202535280776
24786.49723469378
23706.497789263256
22943.95737466857
22994.65541628977
23398.9450220503
21691.54816500585
22502.870701317395
22071.93894608901
21291.998741096508
21261.067049752786
23209.79954445651
22747.52155821157
22714.24127603634
23476.545700737508
23529.003509224633
22475.561016560576
23037.158114856287
22670.20552964382
21789.94564739812
23953.336828072785
24872.01460132191
23775.337251324814
24351.06382974166
24798.159095598403
24151.466057465826
25371.20116107269
25475.22394840898
25381.200610746797
25704.878366741155
25842.939698762293
25982.73255999994
26250.35847014909
25143.06590490202
25269.251539129764
25478.76073016826
24748.097075404527
24755.69941669384
25305.725230795695
25022.79337293535
25169.375292063727
25611.098856990786
24614.742633219365
24273.31423205763
24705.608144508176
24344.600935601382
24265.18287642778
24494.201153677615
24080.50660548832
23998.769014453774
24043.16635262327
24093.41382007151
23674.88928746892
23918.23421148927
23829.08522366013
23623.509405681652
23573.086022286137
24081.509727736313
24085.116591456685
23994.277967189086
24394.801319778177
24527.959479357098
24080.171244319976
24267.1250916461
24138.61647992248
23820.448983236707
24705.160323704105
24978.142438120492
24538.3493463961
24967.014431592266
25202.387259835043
24848.123836007533
25661.41135415928
25481.371200744365
25567.061469881613
25411.717965663443
24516.787381766673
24651.100749571466
24824.51217643242
23922.68202022385
24055.29337585061
24217.089429559488
23606.78939338382
23792.2529099831
24197.032935114134
23909.24966637773
24308.235022734276
24474.781536189726
23957.91595157889
24063.141717088303
24166.09560427309
23446.69231854987
23693.92376593992
23717.161237797245
23524.813145794804
23829.747225390613
23893.835731991232
23729.920800693035
24024.47160290594
24012.548163148727
24073.8819628885
24255.44960201877
24105.004380319166
23872.058679324786
24220.246524459057
23995.058406714492
24467.904960101274
24834.413552270536
24505.994417122798
24502.97343922423
24745.714719441065
24471.97158369068
25139.61401138401
25406.421483696133
25063.073544195373
25249.719384956898
25586.176800990448
25200.498226649222
26098.095040911176
25865.541939709132
25976.629175184666
25761.057701724083
23356.01941002423
23446.591766534446
23632.586507736112
22898.28768560282
22838.7582288058
23104.38942704692
22230.6319953814
22465.641356968576
22962.090996295567
22607.688815634625
23186.930805249707
23291.7839905719
22810.11508673932
23177.230997042123
23146.2681248979
22036.21738298937
22520.203694756718
22438.290005486095
22372.4074803833
22957.68318188519
23006.212081620542
22695.813765284376
23460.55437585967
23282.074324178273
23517.081625735547
24029.790640264535
23711.088606030236
23057.226866414927
23713.981178052825
23296.175133459503
24069.580757986758
24760.494846769554
24316.471201647815
24204.70042568643
24831.145986827516
24404.763500087527
25329.472919694283
25766.233104178173
25291.40644264118
25405.11602205907
25989.505275716027
25367.002376677297
26824.614128259593
26395.12116709585
26587.42514273487
26235.193377566942
22918.107068209436
22300.4950518065
22791.885533082565
26134.051689835687
22118.801819655393
23651.30930266996
19890.617362764584
20001.433578276195
21261.382964941145
20498.820853220703
21545.88107569552
21802.320931516428
21157.326896882285
21807.4649465418
21594.489728370296
20737.35459469175
21628.7027588664
20813.517330992967
21572.814575521246
21623.45646968431
21789.985603528083
21614.72880924365
22372.187180038694
22060.504853895447
22572.61006951958
23330.890382835445
22808.082597790606
22315.30723630065
23278.370859892366
22381.19276295764
23546.74655008153
23910.235257493132
23724.138748988844
23557.03908185524
24596.463242090293
23908.43609817391
25473.1449517556
26329.095564493495
25441.592288792082
25613.615327748594
27162.20714665515
25516.2369980774
27167.73951507734
27484.43426068029
27770.169946111404
27122.714152025696
23007.735551530393
22167.28730616362
23697.370606178
23065.06525471414
22442.71366317987
22922.38963169437
22443.143554043287
21737.53073377927
21369.361096304216
21968.1674405891
20061.29297125611
20552.64947160031
21305.152119102815
21718.92454768677
20889.57820238678
22332.698476107842
22077.03644262252
21822.20078646514
22795.553993424066
22739.426706598308
22002.231216335786
22371.937460993657
21743.645505075954
21719.350967846578
22853.45729134332
23436.589948175293
22519.18454634941
23624.584207972213
23813.059780515738
23230.833740758037
24800.16931616488
25200.02004625563
24082.46434688455
24449.012540867625
24104.836397753283
23734.289993135037
25912.982403326885
27405.744852870983
25735.05563108629
26300.351742122082
27052.81186389803
26106.464121403027
27866.444583960678
28001.26376848553
27900.70562175842
28028.515728646107
23579.133390134924
23062.642159522467
23301.138891143448
24164.624942776776
23718.697908313086
23872.80678937582
23948.999227695283
23586.642915765635
23257.728480576625
23616.975840859115
22776.024383441458
22869.145270426823
23247.839110837904
22969.155314595337
22811.263546710412
23994.376609109626
23787.313943980305
23641.393125634975
24366.45322420521
24343.3122675482
23639.125888218714
24024.03390833598
23576.865136046734
23226.347413523406
24392.263507004565
24537.156768444303
24018.449297583968
25065.754882607744
25215.32806743473
24743.59689815575
26030.6348263306
26323.940314775307
25446.952684756638
25746.451441574714
25791.961617782406
25132.352475784814
26708.053609894094
27216.864204227968
26499.49475440535
27157.20014813801
27535.796672026918
26927.008614511018
28294.55865375219
27987.094336684262
28121.62026354723
27899.392880055166
24715.446904602715
24320.61753279542
24446.601608208337
25199.770006369472
24823.830118741622
24967.649816990488
24914.853542434998
24707.7691257973
24508.245901090188
24732.65795883368
24235.148005507148
24245.981189467442
24554.821554643
24441.140035898374
24298.085165532473
24908.144702991205
24896.635410241415
24760.055751701173
25261.123136351565
25426.46388267289
24919.693856949412
25119.445520976777
24973.28818472775
24666.698267035143
25603.2454232451
25798.76380732195
25352.947405667743
25976.753614132045
26268.25730845167
25812.665103955045
26985.861840589827
27328.294505385842
26548.7550141124
26778.604779548186
26836.49008963312
26298.754818123038
27642.745874296284
27955.528239660773
27396.470556567576
28156.31164064038
28463.07840597828
27895.15190007691
29308.789515328564
28737.744341852434
29004.26472784534
28500.86911569754
25609.200887930427
25202.85667682538
25412.993948685442
25972.184667135334
25438.32385779862
25792.703888963253
25100.878509721566
24974.583557043792
25130.850832974374
25151.727541046504
24973.865572743598
25049.52254943385
25003.838023333163
25113.11240651762
24992.202140388606
24768.10621796103
25036.474028006785
24933.099675214326
25132.719898174055
25651.052733028882
25346.929385131436
25278.83647385388
25667.4118491833
25339.131341645916
26148.092343578126
26596.73282199433
26090.546997325553
26070.73097658633
26744.740659563224
26143.310680114544
27513.710027495094
28202.659503291947
27322.91708038525
27440.834970533833
27787.3114516071
27169.267460288243
28703.051644940148
29052.103152920663
28425.874682693713
29295.736071325293
29759.597309563713
28989.678327768757
30954.813555627054
30024.307522717114
30460.71524631754
29646.96600265416
26402.077044949
25514.5401054193
26164.535091279173
27366.342678303037
25410.87343565807
26751.781773104554
23553.01544706829
23636.409215650074
24696.836390462937
24257.590857355088
24604.791371841755
24960.010119806182
24103.672212721856
24614.46469804814
24495.745888022284
22966.036582850153
23908.109776516212
23581.10161986511
24256.71349009601
24912.83883763884
24649.557360484177
24396.837532728092
25355.296227840594
24914.733349802184
25715.078045065886
26646.427086772663
25927.25103494032
25159.804434777892
26158.96076220667
25447.16886890452
26808.315677031904
28677.26968680338
27447.291170876866
27229.617799894128
28540.135757066557
27525.457035336465
29956.285373505612
30650.565129597635
29616.920208081712
30736.352563200475
31878.292666086967
30329.827364935045
34033.33029366453
32234.402765241754
33064.57748730738
31542.00140994293
28974.91884233875
24894.998149825853
28629.035784702504
27367.332634754952
25519.877795050154
27808.53293504147
24595.085936724943
22881.033333091356
22593.963538960103
23677.58199570963
21734.464764792865
22621.399726489974
22430.538808543963
23409.320940135793
22421.266621327613
23798.36175092427
23675.6908840541
23054.27649369054
24555.63369486035
24891.076428204196
24356.256769910044
24361.41858582167
25000.404077232564
24308.6363979833
24943.259435247095
24938.56965250626
24943.01655904781
25492.7868475223
25613.056327060327
25173.979387976135
27171.940243528647
28514.566853794175
26166.33089961933
26729.83084735502
28282.96394798707
26229.332917579923
31159.83804928237
33790.50001926258
31141.908972965324
30264.439217566214
32743.374645239746
30723.20631605829
32973.406732320895
34912.48707288662
34036.77791300281
34895.80315521282
27207.6967833831
26166.432609244897
27222.213346375407
27316.162771137177
26608.8105285891
27250.608190514147
26295.336629020054
25635.951361873344
25706.554421822337
26046.292527094745
24657.265602632302
25243.00371467345
25000.219646767928
24574.130929324252
24460.841016004062
25721.258619719505
25385.506953152188
25415.551271959674
25755.203746450625
25811.31524328358
25222.811019259854
25524.84586701352
25288.457393744433
24878.34851621018
26051.186704212443
26479.594154308146
25799.024302291655
26342.342693325012
26788.472442760063
26233.623861447875
27389.288128805125
28249.29690476905
27485.34332410137
27470.385948010553
28562.800060409812
27403.29771464708
29447.62063551214
31054.338139564614
29840.76393753845
28713.428235991058
29866.33453384777
29070.48737573129
29970.247701378226
31249.183147551616
30569.453824312306
32039.10268980376
27455.020199378032
26898.728411059878
27387.13107865953
27569.819530042187
27054.897398469184
27516.143152676508
26657.449797779944
26318.678727462626
26587.23091931933
26647.807411377446
26140.091891257056
26471.959618445577
26048.545778821648
25850.105586266447
25928.907706124122
26050.590098123244
25966.552939893114
26087.574395906075
25872.72889554467
26060.549987448314
25970.63823520914
25958.922198303895
26083.81236770683
25903.8835591066
26350.650578012297
26777.24309558134
26379.669469879722
26117.997862621498
26545.95055557277
26261.334568638926
26676.272221617037
27290.028377071805
27091.943512216105
26895.16741203589
27799.724951931745
27259.578709771828
28030.309357018832
28924.055520159658
28367.861813848664
27390.331200185145
28121.419328113538
27705.80225643164
28111.964631805542
28959.01671397416
28520.752189783343
29442.84878806875
27663.06180968664
27090.4118036295
27617.596589012974
27773.614150410398
27013.191116966933
27712.093618402323
26176.240346088947
25864.157847868242
26527.33017612029
26382.884270962364
26226.679721405373
26617.5932970654
25752.933490426294
25768.28335813463
25939.440210612855
25135.96484114515
25262.2577603423
25486.924827858355
24815.761999348015
25253.349694550117
25487.2419367178
25188.743530910946
25772.870332765637
25715.057100635873
25695.399688604462
26157.73930336385
25927.09524345376
25139.829718522386
25681.99361600556
25430.09576253534
25765.359916036603
26262.43895869508
26201.835488412755
25969.623290198044
26757.41454155008
26441.914941862393
26801.78083567041
27416.487150110355
27086.443206269065
26321.675742215288
26808.445072580325
26543.340445612186
26765.776702412746
27385.83998064862
27062.027592989798
27735.103706937494
27997.363119363054
26814.797774952225
27861.233232637405
28673.907131861102
26362.12684926288
28230.356439857955
24105.018004620204
24105.64578614298
25500.392552188005
24939.78796581164
25180.700749577958
25892.117534243767
24178.02762292771
24424.309398347472
24695.284619172176
23200.45996986428
23321.009808056653
23632.549551301534
22441.05073259191
23451.19714268066
23824.442804872324
23185.578799449653
24511.8622614974
24363.5521102858
24521.138088662137
25236.537306416147
24833.333520926433
23903.358230722242
25117.29525896979
24211.78964895935
26153.43746300308
25955.785490479677
25578.430693054856
25720.538718793025
25923.931426349063
25618.97418254743
26044.208999188217
26328.686937810482
26150.776969204377
26017.017462143194
25992.668281797818
26006.468949496204
25714.70652311949
26235.77162099853
25982.599128489608
26492.71563239525
29911.331928360494
24587.196194619894
29709.969244013613
28829.99410961188
26093.86701900151
29055.5324013805
25407.983363021103
23706.548827922918
23085.592471179356
24339.55824781651
22977.085824785398
23044.066691094475
23169.166623359604
22844.19942896095
23085.047616142925
24045.511931994868
23085.801922862975
23438.903406602745
23514.13940765096
22745.297325364052
21768.25678937865
22610.3356377054
21235.76022016736
21728.87525650056
23661.560346382437
26536.698764251436
23617.193292878725
24493.682468049366
25657.49985385479
24061.77832777495
25957.06343793874
26246.065432562686
26951.04741538679
26319.81686806734
26196.2205391781
26871.878458530806
26054.67409901735
25897.675463749492
26030.037136581454
26134.794548592472
25927.132290892303
26093.93972440077
26006.047534578433
25387.890094436312
25720.98768859487
25400.456646268256
28943.927821247606
27412.09965229391
28833.432611131346
29342.413745002683
28217.066786449443
29120.559932750948
27868.227894971988
26700.499496318633
26845.078616903036
27388.091028744802
25347.254082991705
26207.743055287374
25515.57147720465
24442.12467107663
24783.50467750681
26785.4571837275
25852.274131601138
26186.558792108764
26277.95607296666
25704.01965463385
25049.445188620324
25695.736909730418
24495.4465586335
24326.32284818364
25386.226791408586
25471.013155594424
24935.495169731705
26297.164438680386
26054.02631104134
25842.70754882857
26595.726826498274
26467.089738243754
26026.507426428456
26276.011516788123
26129.518382362345
25894.73333314711
26385.164746395487
26252.09187184669
26223.988964393222
26905.37350209335
26734.074464335114
26616.1848859752
27157.04924542961
26549.560867163575
26840.312577163964
26275.85638356545
29878.858084203945
28932.482650926937
29596.99514763522
30539.46830432336
29644.682239487636
30192.816349677218
29491.679416853185
28628.31919014797
28720.13523251764
29110.402221663342
27760.67184200333
28309.305248482306
27793.669414880747
26996.88481379512
27318.882549698683
28602.91348126472
27905.20041723483
28219.838380886686
28068.736978588768
27589.980261417702
27274.046776134917
27696.25700443576
26722.837298845865
26801.799173329888
27169.0731178699
26828.96076239703
26741.014162471343
27957.758552101426
27638.607768401682
27576.965154699486
28169.773249011814
27888.372275273457
27346.06193141997
27750.66728040361
27100.71562075885
26956.93448777297
27620.353354801577
27377.471301946865
27243.34950442496
28485.34652599867
28168.545206113085
28031.724232591772
28738.52046238139
27878.988461891648
28290.721117136207
27503.349200305613
31358.99861396079
30396.64499762693
30920.207474772837
32482.159755933455
31261.819671405952
31864.105680928777
30964.090010180495
30015.497730459996
30236.611770042353
30609.460271612894
29370.536781291503
29862.93615021423
29257.636678356426
28616.098649656295
28944.51245359651
29845.68623412299
29170.23022771027
29548.57306739733
29062.558241244446
28778.302144517562
28666.560254457818
28885.754718848515
28293.557769223215
28394.46976352841
28631.669515979633
28430.369969914387
28313.023462425175
29122.197915506167
29210.033871377695
28904.426844212096
30156.31147358592
29914.658337205863
29066.684625620983
29575.09113905964
28801.322499387883
28606.842988111042
29543.52183654101
29126.45876877586
28980.392914949844
30951.70212550486
30346.441188290933
30188.514177435165
31050.55344511735
29773.174353670158
30379.33467135327
29230.114760127843
34153.998356971
32448.516092523867
33251.448672362545
34810.23755872192
33907.60416805784
34638.34048940354
33215.10773354755
30978.959483346058
31557.98982662433
32230.898772032928
30405.88692818792
31277.585452720195
30827.565666607214
29978.428115973693
30228.181656832414
32405.49968742994
31747.403595422587
31539.63792741704
31666.190588748912
29266.075504180193
29509.27321438527
30340.79042086489
28766.309306979514
29229.742337081618
29504.56788935332
30213.143063852138
29279.582941351597
31893.28331617956
31998.682588355645
30403.681132872327
33501.95996050139
32877.86039972657
31762.72829065851
32622.24964052729
31337.241392905147
30870.109846906314
32904.97668125082
32107.958681915294
31869.84306202904
34405.8405226532
34202.726958522566
33732.230789411595
34104.678974934686
32455.124554162736
33262.08104021975
31785.8605585325
35529.25205462544
34689.78412420463
35109.08676212766
36478.98701711623
35916.87795663895
35991.9381720352
36537.66793547783
35716.07389928212
34995.41619387598
35803.51587884387
33702.48841752451
34140.04103425397
34600.76766423896
33296.84867680753
33473.78502792095
36710.66295597307
35764.54985129997
35698.899623673075
37230.16523610084
36167.16173793907
34533.26771439499
35915.53599039136
33089.659140958945
33095.894815071064
34984.121861801024
34032.2649628126
33456.78108997894
37983.54095998494
36850.98148590908
36501.71354160289
38575.16476276576
37306.07128840408
35804.09534784878
37143.43458587129
34969.161285584
34577.35311910844
36182.19207522152
35202.30270175676
35213.19887945564
38501.14990072326
37077.968011455065
37288.589502752904
37677.43526739126
35784.738473584395
36711.89400667189
34914.49209075923
37319.15845596802
37043.34775995737
36922.752192773696
37832.933070448096
37734.573182878616
37627.75160491613
37748.14630049854
38097.46378219463
37619.151806964925
37843.187066412094
37319.21215865787
37155.31552531729
38236.25650729309
37951.062584597625
37580.92009093475
38535.06087839884
39353.77625854516
38595.486861765
40871.27164254904
41359.472610351666
39485.25103921968
40323.31740278357
38951.95184943858
38434.93590089017
40894.18644300463
39854.39276449648
39462.01627194855
43582.524088500126
42957.78831892021
42286.30307433955
44958.110082159794
43133.08475533955
41646.210980382144
43280.500302173765
40051.19234009313
40068.81782122271
41138.10932047056
39303.479654377545
39789.854630117305
43902.68736942576
41569.70112245798
42528.09459739346
41095.35709895142
39596.094735150924
40445.218413952294
38652.57792764387
37986.55651213386
37487.04769486781
37938.75856897731
34012.577017496005
34458.25869439675
37804.67628992273
32475.666913625544
34980.36839471142
36043.8523022311
34347.56569818154
37348.928676621974
37199.31669376787
36659.08996410616
39137.14377754047
37915.3354791732
33526.93612785368
35852.69672239605
34994.610340384424
37938.59211215301
44266.66251367831
40755.971905461236
39796.50889833074
43087.65641625131
41044.4917100305
45402.267837564825
45850.262151152565
44692.249423039844
42886.6079521202
45994.11452464337
45029.11751423549
45704.29715640431
50451.92152159191
47980.32117727537
47997.88210904803
46565.920283655134
46634.08427362054
46305.397408458055
43244.95408173608
45224.15800134369
44174.06083224369
42000.60341396158
46339.28325920539
39347.71878671959
41208.02245112118
40509.72951605903
41417.179263446844
26985.741173623534
30102.55694773271
30400.74720922425
20752.534219266992
23962.027732246494
23760.750163979224
21785.037810366557
25626.103237311807
27419.753876376988
24574.447027545633
30673.902501330216
30129.519708781118
29463.54020332348
33347.52996350889
31698.68892534592
24712.667501486114
28740.084952334444
27050.02257509727
28183.117379751
32451.505909751642
33100.45809703682
30580.508950461055
37995.520454533646
35617.53923565187
36969.12853060554
41432.74557365247
39956.752947961126
31688.80847690733
35531.046102890155
34181.502517847635
33843.98532410495
36195.522576892465
39126.29123644658
36238.57359228885
42434.416163954855
42393.932618885665
38282.18420930493
39411.24928694188
41231.21758518425
32982.130022659476
34478.03120769735
35510.85990712092
31075.538711610152
35693.2540664963
33431.76569984767
37729.12817221233
15855.516267465742
18247.921688113944
18047.370927180018
15526.692298778844
15375.293916020664
18124.323282492107
17254.240576457887
16557.28316188328
20790.068804850496
19230.428835685965
21155.024310425884
24514.893940463728
22687.008059923235
21778.36888536011
20041.52090578582
24098.708465226988
24181.941064398103
22920.60462410784
27557.459511342255
26012.78503109326
27613.40195330429
31268.30363811236
29507.94072646713
27987.635283548396
26070.273954630866
28406.640722637978
30544.679829629727
28659.556743854926
31747.722570650378
32006.420628657786
28874.913627047983
29567.926484472868
30757.507850807753
26294.182624140907
27421.47262636447
26530.14395855931
25667.030801383728
28722.116966760976
