30594.42195686767
18458.70343682199
25643.775143183517
22247.57253703221
31507.367346827672
32058.60323388131
31671.980841609653
31313.366614326325
31078.427325517107
30919.991121221985
30757.593529140802
30497.056680049413
30253.42550044205
31168.75127733549
32157.715927671146
33007.33001818364
33789.35119237077
34547.34313340341
35317.97403980457
36136.20396122877
37043.2232074081
38091.42192821927
39339.42422987955
40813.66533470206
42371.42275379504
42322.066024282874
40192.24224400168
38074.79562619464
36216.67399205141
34575.19623346797
33083.08561105679
31705.980520816163
30400.95036917092
29149.631801212225
27946.952998877645
26792.743652296384
25690.879733769572
24656.82452703518
23716.637718422964
22909.380931638083
22269.48913051757
21821.034090595513
21796.673455945205
22174.73475243904
22739.667115934426
23476.08781626963
24346.2646348871
25314.290174055506
26357.627178083243
27463.428918274396
28624.553636122164
29836.90822326044
31101.96909993585
32425.399188749445
33801.70893790963
35247.78272174981
36774.573805503496
38414.87467885432
40213.29210095688
42273.649290203146
44712.19514764639
47352.27752591465
47720.52538057153
46194.259150296566
44888.851796401286
43907.82641550103
43135.61437039314
42489.172997708694
41901.40560757717
41373.96119886569
40867.5447210061
40397.34490802368
39936.8259449631
39514.148078664584
39101.26323110139
38728.24807639889
38389.55134545569
38094.59178414105
37881.182779988056
37785.731099142184
37874.830188760105
38272.6225448407
38998.80482202206
39060.07279441183
38377.19765292176
37024.591118852564
36027.27875896588
35335.33775955129
34814.18911090669
34401.37796467167
34038.95000249019
33719.649386659614
33412.46463132661
33104.20560128199
32796.95562154399
32478.45092092346
32136.548215947565
31774.696437598515
31381.88942345373
30944.16020009081
30462.289158003638
29903.213341402054
29247.635362348567
28448.766332046875
27558.502703433216
27247.912720146454
27618.519982946716
27920.72257016864
28071.459044772644
28112.82822949408
28078.142748114
27988.889231841695
27860.551538542553
27700.89401864099
27516.939051712536
27314.398973644464
27097.95207470789
26872.34216077873
26638.509376163867
26392.089478156642
26120.23787435111
25790.30258018961
25327.72521213813
24581.395299535896
23380.103555649548
22764.153090411288
22815.557174268964
22406.424038836907
21729.962093966693
20949.520384546282
20134.540072878226
19322.401134008935
18531.568229924986
17770.73091431051
17041.610489274142
16319.068178247533
15631.35079008523
14986.503930369685
14323.93783420471
13696.07169318695
13108.141116758325
12621.757551427345
12962.963973514177
13934.99653143115
15047.16230077192
16209.916004641387
17428.411900305706
18702.272560234916
20023.153080342116
21357.390235781986
22694.714002628752
23972.344266546603
25082.22927486805
25852.9392141761
26071.793025426632
25780.38595311577
24926.97792662908
23712.827406038883
22295.185203183566
20768.74992271967
19223.49057733589
17903.871758824098
17860.994220507164
18876.67061085618
19925.838095697465
21383.982278237967
22799.87938635418
23821.034890074814
24505.902016245793
24910.08508657497
24830.547293120584
24154.879908335497
23294.853029375812
22764.586781783233
22808.378698113862
23503.618348902382
24524.95916803857
25345.037925848577
25916.590532712675
25654.30242181005
24288.073640018767
22840.636635084877
21430.94587849293
20022.464519369998
18535.41895855662
17016.02956597532
15745.989834079275
15986.896952753495
16452.851953496644
16801.11703664192
16989.87469196163
17037.52532335421
16997.437375144724
16892.392439661122
16758.22722021334
16613.943325092576
16453.311339029606
16213.147836453449
15739.51870054584
15685.628705058498
16335.05860323842
16764.328062504344
17112.796629473814
17458.69375783966
17860.496166084857
18294.8323664288
18775.1697328723
19289.236718716344
19839.878704099345
20417.485976767202
21039.725696105193
21693.159979910226
22402.57422931536
23170.022889131185
23961.763601212355
24647.616595942443
25325.272944326003
25968.902108349324
26505.993823442048
27061.138554235506
27670.220910400734
28328.241042071582
29023.954347866245
29757.56619496962
30519.33550710339
31305.883258282192
32116.42411005386
32953.93726969951
33822.844943794196
34719.06191768362
35644.47682232025
36603.55074065525
37610.20568778328
38708.3314226435
40007.36902652055
41551.15346780473
41831.514772148425
41102.351694749545
40627.2740657485
40326.84479491964
40101.73307048716
39925.77054856625
39791.069197678924
39691.00955521363
39629.33366030354
39610.25672605988
39638.128469309406
39717.54250519423
39853.575166299284
40056.71521046064
40348.43881729067
40725.090187143156
41216.47495783759
41854.61864592802
42696.55497916356
43808.066658624586
45229.42114051097
46058.855592447
45432.31471486888
44197.20194730925
43266.13714338348
42603.65338322155
42122.02892270155
41787.5412106365
41558.39789727375
41407.378066533834
41321.22220280474
41289.29781385676
41303.188708588845
41356.45773751659
41444.43866770181
41564.08835894067
41713.660978719716
41891.92816409795
42105.1812252472
42345.76528579282
42570.044218502415
42707.428661153914
42788.71406797006
42265.215932009516
40875.68469645328
39516.06389112468
38082.40197051335
36674.35815733722
35306.49498154842
33986.7440432328
32730.517702191315
31519.61104977355
30353.467964961434
29231.2815737176
28152.12156988933
27114.91314126158
26118.501568821484
25162.089055537
24246.688821926
23379.49296539771
22586.910717473053
21951.807331108852
21657.92641817538
21808.34182059252
22391.150968004753
23359.18171956503
24511.88591770673
25769.526307592925
27106.663423882146
28520.396104482432
30005.89910503294
31578.44044172611
33225.24481948993
34946.210318468446
36740.51271021653
38570.69168172935
40384.35258684322
42082.33004192951
43526.52714195367
44426.19109861078
44300.12075694001
43240.28630278855
41700.517448689134
39913.093336415826
38035.79213080873
36157.39964166456
34324.218343678214
32570.204760428423
30924.46343711892
29438.08505318219
28165.405448483605
27217.208965838014
26521.47350889184
25250.28367534244
24289.59492023807
23629.124202823135
23152.368095549155
22768.078604659517
22395.515638303965
22001.3864423979
22054.162986613563
22133.48832504282
22079.674766478292
21712.29022957891
20764.60485619138
19460.05992347086
18737.023519594466
19167.267318289232
20452.695861477914
22175.826464746246
23795.67015545179
24863.075886370927
25679.301148461767
26825.0814131283
28288.590676283522
29670.557028229035
27285.771690393798
21421.8101380526
20706.59381996469
31134.0579577807
24725.441420766118
21801.302355665932
32886.452872005866
29378.4307355
27487.83481213965
33873.965795581906
33435.83383773757
35652.43972249613
32560.069819927026
33841.9477102582
45323.000957565964
32043.963640523565
33728.96428879594
43131.078736166484
30190.207748855464
31260.343799640934
34233.16524036577
25856.56917098178
26716.91506632656
27742.333261920503
20968.03891441039
23576.34220484923
23170.238660598483
19411.94261071698
23081.597136195644
22116.263474376443
24105.086344197825
24524.07348360037
24592.855137160543
28753.69007192061
28425.140284672714
28642.336138235514
33617.52322205159
32880.02157733102
33322.57271831746
37026.24384176078
36706.29167333665
37929.01283330972
38641.333049089626
39274.084420304134
40797.42830114826
40871.80587098107
40311.50554760246
41129.18571564109
39875.68552866739
39815.25775686933
40603.593696785305
37997.99057150754
38206.67321472379
39723.591980952486
35302.78559986068
35665.54901787846
38576.37839155417
29242.564793881553
31494.1880547483
37705.744216565974
33366.091604742556
34208.966566798554
37515.27377681338
34002.99009204022
35312.981367695276
37713.185155497966
33866.82548977092
35790.64693584567
37936.053690138964
33375.992911058675
35993.371536811515
38348.63553180323
33150.51595290573
35853.564969771476
38869.53785752269
31735.80956977282
34418.19383837767
36884.66292097194
30005.5613765102
31997.731495533848
33643.50740910441
28559.001180910796
29505.657799831355
30440.95331415246
27384.295066421833
26845.023979827376
27224.279381206754
27601.751392800532
23134.111750892607
23291.325408522862
23927.13537051209
20927.855257952073
21153.894871663004
19311.674348733246
18847.976438189795
19244.507144420153
16178.842513082907
16315.575119122394
17092.271194314875
14364.360508921622
14307.828946209425
15355.555825581183
15255.461716937009
14768.370326625854
15291.686413977195
19110.35683702855
18559.33004880127
17685.851347398362
25643.55182462639
23534.05911259995
21026.179665633375
30141.569343522184
26065.482480320487
24490.128594558373
25218.17505525493
26052.230458212438
22872.575245306365
29554.918161933478
25364.14897668756
29060.363347433624
24929.567458116617
19760.702966553778
25399.346428008477
19486.113295005336
21603.385398303464
16310.284401619636
22050.704238179304
22643.703511136766
31501.55528798401
28958.121618684425
30269.7191485602
29564.986321632947
23270.28689405879
26534.396137725696
22313.994650708082
21139.923973468267
21246.9648173679
22493.3076542107
22155.017066138287
33154.355701035805
32526.476165296022
32532.80490902897
31577.419496913266
26694.02657210844
31427.98375423612
27857.354490658567
23827.065534048557
24386.75116141343
28140.76911446567
24389.89009491553
35137.690001126415
33383.60337651596
34099.95696267555
33144.33872686107
31615.37493668754
32449.909145642705
34525.09361212446
31492.322924131848
31280.06365669639
36232.390372318434
32023.385914643222
37613.73980846388
33801.877106792024
36251.125744244666
30944.659061879924
34432.47248120112
32874.52472676564
41195.20445597575
40212.068623727544
37690.19154144007
45471.592831784044
40815.00641602786
35577.42083526687
30943.290232355306
38224.56353991266
31028.07178975906
32091.904488330896
29194.387479160774
39336.83321175321
47809.7286937272
43918.23261118393
43689.48143052324
47593.892287571754
30861.46646645471
31648.109969949455
33175.629787768936
30254.325987399847
33050.813695834135
31396.83910129105
32829.408772993396
38296.08696616179
35928.252901971464
34947.02478517789
39108.111907819606
26104.64768055744
28151.637468045534
28500.352343107894
26133.97731390743
28998.90371122013
28325.368008951642
27300.646619699553
30756.369851802803
29920.092655053002
28104.360061937572
31310.36220449303
21532.392108501866
23473.279809556476
23736.139497965032
22357.61539334331
24770.190876631597
24032.9496328982
23667.8489125368
25175.63214478587
25143.24554770288
22554.510260043226
25238.30066970249
20581.6745539857
17681.017247071806
20456.10526500723
21657.056101917715
23621.201013310827
21980.566792706533
22802.991103985925
22571.165192870492
22742.270825636137
20765.855395694056
19559.172415684578
24471.969530007897
21891.221407796853
22312.723791065906
24243.20214459053
23304.298951543453
22577.63276057902
24629.932115637246
23020.561196213333
23374.57794228852
24684.396226766516
22770.836649099023
29220.052035198238
26376.604948858596
26780.680325493748
28497.396941327053
26318.74980745956
26265.661873647274
28483.889921065776
26501.84704681229
26401.450048602484
28892.957985898254
26711.635897129465
34430.08278394803
31199.992708803664
31780.374245702522
33096.33641456879
30665.047027554654
30817.135355146784
32960.16552277372
30937.488017240114
30720.58560831452
33742.31162810626
31236.700440532954
39478.6282811691
35772.72294632835
37065.58512855803
37287.951984141604
34922.832521868564
35213.079913358844
36375.2234876471
35695.33206766764
34994.915233590764
39515.73090338239
36449.894097162345
42151.343822189774
35365.79163567316
41108.4108396347
40358.24068950482
38102.789716233565
40989.815673915095
38419.04778344423
39778.759705763594
36129.35882603606
43121.81272525603
43718.00996713605
41719.35545659564
40586.67746413073
42202.37883581765
40435.575548872606
39978.499598199145
40266.92285673837
40535.05707883541
41123.740790197066
40037.258849792095
41727.889203484665
42221.058781351865
40154.800057268825
40536.27371208126
40984.13027451874
39734.37173438589
40232.29070327842
40251.58963781012
40129.61517596465
40925.552302454715
40486.437348199455
41059.63927012444
41367.36239717487
38342.538853712525
39018.04575049252
39267.120697534134
37926.761468832214
39127.91851108083
38943.951750181215
38832.80293406904
40189.591726021084
39575.47760186831
40669.87768537111
40822.88885184384
36382.62667090694
36798.668314917864
37387.53421190006
35271.05030426617
37043.55660850098
36686.38897301684
36729.30480282782
39195.22015477085
37900.50571339151
40804.16591615915
40644.32903268695
33147.93844105018
33099.95553085794
35239.933182132576
35944.3251583848
34051.01181701358
34211.84850272346
33911.633607518335
37812.8277905826
35260.6621378171
39435.48816384904
41079.38767045172
34174.734812531504
32165.27500846701
34152.43740411794
33581.36994639829
33340.12790978889
33375.55460711579
35487.14116671284
37280.77289764641
34645.75633263971
39903.401783245616
40626.27696468997
33793.444247316
33836.37288115264
34024.38293980151
34503.49557885755
34855.2642278168
34117.56864509225
36415.91687972765
37637.41300950837
36043.78585669708
39005.6256079584
39344.11291566026
33097.436413673415
33995.506905677605
33487.90812622302
34773.59274716256
35607.196658352645
34704.310645419224
36870.585233105565
37803.64733236316
36670.054734529105
38886.84710675505
38870.91185878041
32061.165478517927
33648.345418523066
32628.463322502037
34695.35073928936
35911.68152774995
34759.22666283748
37250.90918348319
38124.902033540326
37058.00287812792
39256.036006249386
39027.0174313691
30857.239474661877
33134.42279211127
31430.61321434044
34281.70497917559
36011.33650555556
34585.06060057963
37544.97503071421
38550.977318346966
37437.55931792084
38753.94160205244
39410.46146014708
29791.515546774284
33107.10102503394
30673.545489241427
33021.701435048984
35408.26332725034
33554.781516618285
35860.680125231804
39519.74235872603
36970.88423034674
37394.54455137647
36320.006232155225
28945.32853481098
30787.635241587705
29376.335585341294
31035.894294131216
33250.09365374434
32053.727625367694
32880.00739683927
35264.22036269905
34367.51874225665
34267.67934812723
35977.81947548567
27963.568226421732
29271.55045648096
28469.384960878087
29055.891425392725
30751.853757182045
30035.716381817914
29956.898554775806
32025.839409302997
31419.2812585062
30908.594940150324
32560.594051953056
27138.05905605591
27900.68711413154
27490.437495840684
27124.8418385935
28226.932167024504
28091.218486205697
26868.634437110915
28851.450222214196
28466.674923500534
27794.662728754458
29322.94765087215
27842.108164650483
27185.076053663244
27098.97350994235
24625.809902965346
25224.187162058937
26074.331882378516
23431.721868104345
25482.6073580332
25107.244379557764
25400.409648899484
26378.027574320702
24100.824043586686
27280.61565457716
28381.649316614712
22071.08827149073
21101.71183420885
22899.93093512829
20870.181267342003
20803.71472384564
22497.87553709518
22406.121457375946
24949.544094418994
19404.037441063505
21326.496022293963
21444.071082234594
19052.9040477191
20043.330899451
20612.48062065374
18903.90691492073
20301.779319159323
19954.306800939827
19800.238140764002
21007.37802549348
16181.0761133732
17619.77965328366
17683.076977867415
16214.540767531133
17560.0274117532
17552.241715599925
16588.91136984231
18147.529501220197
17748.59259322536
17694.85918852526
18687.762381688506
13798.254799983637
15030.393182539783
14876.845015057992
14353.762383371111
15195.763837481783
15112.303298522216
14394.933855648367
16148.41240804879
15478.134875272546
16694.892742104825
16932.965831339836
14241.711210200703
15026.81188583739
13056.916359804556
14973.264484775116
14151.66192010116
13893.009735772886
14423.981293021112
14283.80461090161
13351.988275788895
17027.645448409505
18527.092974139385
18959.86325126088
16706.325866335388
16362.643781598053
18952.683091201583
16398.1600578791
16660.341125010604
18123.195166850233
16420.496168966005
16210.275784853018
17246.66818878802
16732.431254680312
25405.855688812815
22123.079248404956
21982.08726892687
24532.229241224093
21043.62178710752
21690.93386705529
22819.804102376205
19181.74613369391
20274.709196175314
18413.345139607172
17911.15295265323
29064.668512868047
29650.609187603895
28946.870150153303
27418.530664360675
25089.655974768822
26552.508496741582
26943.498174744505
23587.728531154433
26054.349957963223
19508.717298743002
18516.096702835464
22625.671775686198
27345.612260310518
25864.859494337372
26397.50792504917
26415.988066294678
27176.514457912555
24226.965289759093
23628.25930455582
25460.49315395728
22889.367072916255
21380.03925471336
24430.80850492948
19764.613366099595
26613.914150830435
25631.708298056248
21315.84959138589
22742.397984881332
24412.69917607689
31241.3571523773
28709.53154374405
30576.185094301305
30605.408052478408
29305.675276404127
30814.85954350498
28374.12349066553
26485.395095298583
26925.760575282195
27673.682647351117
25464.552294930254
26767.403538827548
25712.67765238251
24580.23436114259
25293.583180589107
26249.789085421675
24785.245634738527
25857.064050205026
23202.619551935928
20510.264896434404
22518.45687077902
22729.900826121782
19895.40369180743
22293.267228860306
17815.408375051262
17190.963459541985
18097.344837315417
20066.999746681504
18124.393881239193
18815.221642050594
19833.48070445745
20817.92338152598
18381.803497171964
19078.283343394018
21134.296429185815
18666.46711781811
22555.464083942243
22414.334802154808
22280.804393334267
21521.65366568922
22256.818710327443
21924.686287001397
22395.274520733044
21960.32759270785
22236.116290108555
22045.289519165177
30634.669241107673
29867.199587373834
30569.530449527207
30760.429315807563
30782.163125811898
30732.18895460471
31534.393741941058
30028.59041550925
29727.846740904442
30568.213573607674
28056.631876244486
29015.558740659537
27917.343550267982
25561.444169788276
26940.64343312919
30739.849016067485
27830.475704732027
29190.794893299277
27120.72617005114
24090.758001235925
24886.442971358058
25958.29544567017
22363.979125629114
23951.245256757407
22007.048713859356
20492.965748270293
21138.29427771384
23210.91834952262
21822.845117912846
22680.814182536993
21917.05105877088
21417.58344935024
21001.01316878749
21439.625082187882
20883.29097856691
20470.72454267078
21546.202814142758
22034.098253073924
21451.473963687382
21856.51194087782
22343.26589555085
21693.573056785663
23993.956335782346
22887.706958434384
23322.95227602868
22589.515464772696
31566.531984474655
32670.195860597345
30550.82543948493
33062.43982183416
32757.090171620992
32378.030166142293
33124.67599234254
32745.125314819346
32740.49340931769
32899.72340674364
31839.268551543653
32415.485182199613
32381.23903117874
31802.42220082786
32132.964700126184
32393.909643930034
31331.646832078295
32309.887192107602
30494.13967200678
28125.045075079735
29049.320237171425
29761.298838987444
24993.172002930463
28213.6797991098
25251.518000994627
22917.367562966043
23888.27621602045
28467.974824499834
26099.658439782186
26885.36460608096
27543.31297871818
25561.037126311625
23986.600757816374
25688.872782149178
22553.465700500376
22660.316723789943
23798.188240459654
22484.874809655335
22315.36253395798
27683.465859288262
26278.514323123974
25708.620465929933
28787.142441871478
25953.98363642944
27237.945466975012
25161.880171505265
34355.85621575003
33614.624472295734
33713.32469707809
35715.622135668906
34615.28154580104
35009.064698249895
34493.34972402445
33663.552450248615
33778.164980998736
34144.92277638799
33102.53958433829
33428.26001685735
32925.65002248847
31982.889133269924
32625.610599325024
33401.653050688365
32864.47906548745
33217.468270138495
33156.692209355686
32596.122870493316
31986.066360072753
32651.631363482396
30536.23090690497
31250.63031975919
31372.138740754723
29592.65127335285
29958.311696132478
33917.77850461403
32917.86802863296
32696.06925995692
35128.51670514852
33542.396957930265
31329.544349500356
33219.73449046453
29476.32684892947
29437.0613769907
31735.365468085467
30047.88179400449
29689.629185450103
36020.60774406403
34081.042758330135
33837.91215829193
36271.84427377078
32322.853610086982
34251.37480376073
30496.1567262718
37376.35756823289
35682.11837510935
36487.84843735512
39849.22172154641
36878.65472163043
38462.63841243678
34861.9922561541
33362.50335704858
34952.06771456088
34997.16481141237
33944.78892067491
34773.268262366415
33051.331430328035
33184.33733114762
33380.252938335485
31239.638929904388
32128.32261884452
32345.66678088242
31756.46410855597
34405.81290158313
33342.05012470743
32803.208486482225
34068.968225695346
33424.584137503225
35981.68411416702
36099.41365370724
35021.68775685872
37341.488864411906
39344.98417941857
36772.135568555095
43909.883486238985
42730.37226040402
39171.785699579275
41432.45099724663
37858.35607818674
37093.81204097301
40747.84816282544
38482.135690062976
38324.182576143154
45773.85557915775
43191.093095909266
43278.965103375216
44542.444932330065
40506.51023204197
42612.26494105358
38368.595330069
41633.94307101144
38374.4235615022
41589.70601278335
37190.51028149005
36903.38403447074
39243.8286439707
33669.12322864837
31691.41082021295
34199.247367239645
34042.01230959463
31379.57673919369
34500.60035915664
29667.530567077018
29567.78746581664
30001.63886482203
31111.777514780704
30184.242826954513
30412.914587504158
31882.587138746872
33313.62497358602
30155.21318160366
31084.499010896256
32527.538518195906
30458.721285022337
37529.06972194069
43516.00495170872
37604.88509531888
36424.1488746393
41364.10647071396
37127.0927365012
41681.37142984333
45718.62862862568
46594.50835715544
44253.40786570883
47546.638558274775
46328.7373565138
47988.42164240582
47336.24072141561
47776.47652446963
43759.91875242817
45875.482865894446
46191.77713408545
43060.84645357544
46176.023608939504
44891.24094921718
45987.40472933098
33970.75017635381
34347.99954625196
35477.58935654494
31299.5104059689
32019.181241724735
32602.56364451936
30468.104750529696
31014.827681024686
32334.882486620907
31455.11135808508
32009.07044826964
33079.062836725425
31295.752644181382
31445.29468574412
31414.754322720408
30103.071937104865
30962.91009577058
30829.205221416687
30650.100382437864
32249.336605667813
31990.02072881227
31451.812559247894
33588.0587205193
32173.72057140174
34443.87753003177
37574.33768769879
35509.68298252595
32014.627310083397
34359.55205953754
33266.587694809845
33597.911135237526
36177.037104740106
37277.97225019452
35371.74931462234
40615.970588601536
39362.62626696994
38901.5429567722
41377.7990474461
41269.2832230155
34691.24418390011
36958.98014370099
36714.943758032154
35022.71422880853
38964.98147160147
36950.67052453073
41029.28689327358
28804.830137680612
29688.428444960857
30035.89680585323
26408.965609403513
27303.124056420183
27595.262507334606
25913.097541760435
27021.387135958103
28270.74601252908
27103.315966289974
29220.01674119228
29399.01926830768
28167.494368076103
29350.311609430108
29195.820950953188
25937.173246619044
27237.70397802058
27068.479566216858
26408.510809543804
27838.821489696093
28612.6064443734
27505.766252721703
30157.249586887232
29679.837393858164
29453.80489094161
31349.65505270077
30735.826413763567
27021.81739176651
28566.507501993492
28203.71810360653
27539.718113335108
29194.34703008181
30367.98804138253
28899.39416184822
32433.870991503347
31929.338423129975
31069.78697627244
33066.65247170612
32814.77852033199
27923.22821592228
29659.33424721928
29446.287007679734
28301.901887757725
31475.863786604597
29843.205411674804
33199.96971122586
24144.66689296767
24912.99387275108
25253.869598387333
22199.081089376927
22593.095579598892
23108.828183167487
21025.769716748502
22251.54429186274
23494.128233392632
22267.881005447394
24671.84118154161
24708.77713302728
23676.1708885938
25053.585272718094
24800.185952540167
21506.28692212829
23113.04272404266
22576.27112356096
23116.052084243434
24049.881612745616
24427.345732171052
23649.785719675427
25677.967362017698
25366.50414618481
25011.32057712904
26149.957231727753
25945.07955702782
23727.064609345587
24309.12042543009
24260.00105153927
23488.011965496884
24084.648417519078
25186.412559950815
24238.669609403736
26400.72770838911
26295.21409105817
25168.382071726905
26636.5228828815
26501.02352357861
22760.918517739614
23890.487430362522
23922.22083512019
22786.26224348971
25438.19769238672
24093.251696530584
26836.43329524351
21114.874851449
20695.91344518668
21507.4635811015
21401.310936415455
20392.501302447192
21083.60622318086
19671.708131626663
17735.665312167974
18689.282489710666
18678.121596934478
19505.585886344303
19767.170469057128
19734.57616910676
21900.334635262647
20493.647581349833
20333.50728939837
21866.230762895462
19688.30508430897
22620.600197746797
23481.318563185327
23035.78186882226
22923.453674643784
23420.484880593674
22920.21123824779
23279.605131441815
23193.734621726402
23418.515075851756
23053.320480467686
22627.636024531203
23154.76323725174
22557.412556026007
22385.236078801317
22712.605688532138
22569.78952277805
22557.33780642727
22984.23869419728
20888.67053032783
21161.94623373788
21708.812430533977
21290.421566657104
19498.080989311908
20760.297461252798
21119.746333680145
20523.09234056813
20402.021909330677
21532.72194612673
22849.250718670166
21340.92647137338
22020.959272893266
24849.279019944865
23369.298232576344
23808.683613375346
24217.25667742046
23001.230194265798
21958.94905055794
23085.714911396622
20729.351570739636
20819.013404246525
22141.482845116825
21978.44640431585
21209.457815608344
24127.368842782227
23352.27883919368
23112.745214352835
24393.316072235786
23820.78472842576
23014.521328811345
23617.126319825486
23038.108439063384
22647.41150198833
23415.22989792344
23010.653384465044
23123.747154999182
24604.558961065013
23924.34954049517
23922.375936040586
24615.907182277675
23754.24682678406
23228.89247190275
23854.23082249118
22429.56826936912
22780.433144525832
22822.240406864046
21809.622438340135
22019.007235454428
24601.55106278515
23719.250593368633
23685.200810284503
24870.275957234724
22963.88134156844
23907.032823588976
22030.84136067825
27093.680607384493
25609.993450326812
25947.526625660772
29517.762782395374
27982.802882099717
28284.714797998528
28960.387356395502
27553.26120427128
26539.14196753671
27737.74707990117
25227.5309692647
25366.296300200127
26290.159960587418
25220.66924856866
25187.24386354454
28599.61970304131
27362.790189914966
27430.465441181066
28441.681344794008
27345.046643026326
26282.17151569418
27338.573282883954
25369.149258186822
25292.489264046944
26360.454936090027
25465.465443176603
25428.85613613623
28440.87620197914
27414.269154673162
27372.056320496573
28551.402322655646
27548.01470199547
26445.07471419211
27471.57466132061
25513.30779570985
25487.230182514948
26586.10248879509
25679.75192508228
25569.129358872488
28756.379376552402
27782.59451956838
27649.760841877156
29051.70539329514
26887.22030702399
27949.524377200774
25861.859252593877
32104.041904164904
30487.798716526362
30790.26990962223
34862.64186760889
33094.84311658851
33465.3388719411
33990.427675082
32423.325724282222
31473.23661044264
32739.800001581905
29970.33797359671
30208.93299897935
30977.172782502785
29654.271382893836
29786.44534030205
33317.381690366274
31968.686145347885
32162.639522524936
32951.695713575624
31785.391697604515
30713.58495885629
31845.613994596293
29538.41088368497
29572.828535509972
30668.7830324233
29592.00160022269
29546.39358818251
32881.374353902334
31850.588587311573
31787.749169032657
33115.33118279723
32123.76972158947
30813.560305085233
31965.957597417768
29775.410498726033
29670.208594488548
31082.98459758901
30043.172318700756
29901.40138584834
33543.570953733804
32469.73885318762
32299.686283398816
33893.63336820804
31384.824682339105
32616.605926403292
30196.826686549088
37822.409787979326
35759.719245438166
36315.144028635084
41206.28321284442
38326.085911331655
39429.11457778548
37847.296465982196
36592.19974818986
36335.45990860235
37272.67025951381
34750.87339411228
35209.96507279955
35426.30316535691
34180.54202286447
34415.25578780714
37060.44050725744
36216.2515022962
36316.982499096004
37138.37336752292
35848.311146517204
35048.68259550135
36061.65360676326
33930.74161846524
34019.96735636522
34884.473748699646
34022.838271202476
33924.355845237755
36344.48747833731
35816.07393631137
35715.30544225214
36948.50284575765
36838.04080305221
35287.68692609714
36220.69181859311
34518.084620539485
34234.61664189886
36113.806762183835
35060.549098351315
34811.818120130476
38919.87940378298
37911.619403777324
37473.52626004616
39629.090845025974
36634.57078900495
38099.929224083266
35232.387099712454
46314.53816028941
40468.78480204166
43373.00865027196
44891.67985589072
41721.39543176763
46567.731196836816
39606.451851126934
36238.96115251567
37069.5139189036
37778.36467429329
36783.55663898299
37783.67566129533
38409.10755975228
38695.180291993966
37706.309470352804
39451.104709362015
41329.89081614601
38962.71454770729
40114.17596681696
38721.10577060343
39740.31125746213
40281.245851577
37484.7455356605
38401.154195621755
36883.79351532106
36525.01450156999
36701.00217170113
38549.5304352776
36876.584929536526
37528.71311139082
39260.56186149499
40406.52492432435
37507.70830823972
38170.82258741726
38940.272054448884
37373.812019691904
42371.44369886126
41336.74435989793
40577.42879127896
42376.82607259906
44106.05720815328
42901.25013101742
42912.92071859636
41615.73713775459
42394.75983255738
41052.73409863931
43218.26647735386
42270.22850161095
43897.53100414804
42158.95593484244
41997.02097526795
42666.067944384005
41260.0180092314
40842.79763632589
41219.82092924102
41347.68383316318
39936.27981171894
40726.611830731395
40339.49833090923
40173.312000937214
39954.691215700615
40605.56396190182
40385.71486401513
40549.286688289736
40339.34587214486
40198.19646554973
40152.08294556414
40273.58389676855
39677.85202381112
40055.42275822011
39893.695098409866
39434.32137902742
39364.47615471892
40370.26255412374
40382.48794542057
40213.284351276794
40798.927435808146
41159.74691492245
40485.97320405164
40715.94203419648
41005.55082103964
40024.577028422755
41772.89781838784
42589.84582402541
41989.33285965087
41466.9667723439
41942.462746297795
41612.688601020025
41873.13401682715
42400.23730067063
42112.089471799205
42706.51952008388
41210.844779228966
41376.17327990044
41682.47392969903
40294.379461941775
40586.041994243526
40749.81826592117
40003.15263472386
40235.36520946796
40752.71474326009
40404.79581836522
40755.77239953658
41040.325507662186
40363.717080099654
40391.109798526406
40536.441714131965
39781.07503005222
40022.94409929021
40102.39518794211
39744.74701939705
40056.32873827705
40206.93570045175
40006.48989359289
40320.1938743666
40318.98282809125
40327.39327387139
40558.09390494682
40399.49137563062
39942.98292111842
40339.850973538756
40170.25682162403
40358.28606658039
40777.82348218978
40694.22363640883
40549.6300269677
41045.29452496757
40782.62821064476
41163.312775460574
41539.40076927529
41318.99225904447
40842.95448160342
41207.67245307434
40999.36969801789
41240.517396781164
41505.89403993669
41360.90243258103
41675.77853410476
39402.55547845778
39718.00688033172
39841.212529320444
38547.024077778544
38806.46560632685
38960.410697117266
38148.42787915693
38538.10910409353
39131.06617441938
38657.1390016066
39475.98829340067
39588.854612589595
38952.8671480341
39373.86371838042
39399.26736329217
37922.8397244683
38471.33272129512
38471.09224519087
38017.49936215272
38699.430105176776
38998.30320545609
38546.976125023524
39507.258984462685
39408.94543970013
39324.00532398818
39872.8893831366
39665.15720104706
38482.69804127268
39225.55918461292
38923.62177462236
39256.52192819
39957.50032483006
39865.76671050124
39580.30149031665
40406.66395381882
40125.567775317824
40520.50835604322
40931.1994284313
40682.45087436096
40203.88472108134
40733.94179136773
40360.00190940521
41073.05233061511
41083.23057187445
41056.06622490385
41146.659630419264
37760.662296214185
37864.7392873217
38137.35527851102
37150.02357547107
36889.51241650479
37423.84248826878
35702.09125584671
36097.292024732786
37039.397445026305
36420.68632358451
37431.29919334529
37618.32185015181
36680.765520405796
37337.635922214555
37333.35885107138
35197.72499562855
35981.59257605905
35962.34679778361
35421.2774240533
36384.37114400651
36807.33274554537
36122.48347937865
37659.21996848477
37446.7133451516
37415.546082200686
38397.899583775536
37970.47054556977
36082.427078485525
37353.27683645584
36785.38978872048
37576.813141425024
38897.70712983317
38510.62958952989
38063.56702551748
39470.850901832375
38897.759680302996
39921.4909652482
40637.42521655433
40054.844990831334
39676.20314422196
40698.41079248278
39799.53686156601
41831.14829774707
41282.89197340144
41504.85924154798
41144.365114244065
37188.76054859059
35835.392910301875
37012.64798696769
41005.506637119455
34501.601597674606
38142.43797940631
30333.38979229585
31371.487816522746
33590.13893387476
31820.37168325457
34344.05404237445
34811.54648750997
33639.948788338865
34615.234135460814
34397.99465529171
32954.649099693735
34519.60428162135
33118.761572342206
33681.98980382488
33008.447407594474
34193.572897425256
33864.86429103036
34894.1266707415
34744.675684394184
34396.25392378176
36022.974753377595
35299.12740036467
32700.72779594917
34491.1122540487
33387.05879996097
35730.761044039056
37539.64781519136
36469.58924881108
35990.24430382736
38205.04509836786
37022.550762197454
39260.112914134355
40951.23781798423
39523.33405117111
38159.703941593805
40863.612291030615
38735.60864546952
47045.40051770732
43042.72379708034
44334.86241276236
42319.97725602588
36008.91123929098
33957.88439832631
37547.56207431637
34814.13290193403
34194.53962811591
35267.1262867305
33634.010402121065
32907.593775819434
32589.49191740187
33282.17623606311
30914.567588734648
31337.436508115774
32750.53048413161
34091.11512261957
32679.995317635596
33387.674512799014
33354.7928986067
33047.20128466434
33846.774407452336
33811.84991630278
33418.4651623048
33574.59076091023
32661.4160869886
33480.32096124155
33732.6861832629
34182.887811759865
33055.71672319165
34740.985968556306
35095.3207851392
34295.76601761324
36427.14094412424
37408.46116016995
35890.40597162311
36164.048983548666
37270.48323794946
35710.61327560108
38764.422263972134
40637.81891603628
38490.8122453455
38698.17119356841
40274.90111703398
38780.43178576804
41004.90851381557
42625.26484740809
41692.50454502712
44109.88234458802
34221.893762810396
34113.85550261763
34491.74816975057
33750.90011405631
33917.61708072567
33976.72539311808
33870.57699538966
33946.36443050602
33880.67983241067
33896.570670048604
33654.36246877624
33805.61635871956
33914.632575812015
33858.08965138234
33682.70453111732
34215.075731245415
34336.38547339296
34090.638934933886
34865.48834802777
35104.89819385764
34435.63780147035
34674.93645143396
34559.308700701586
34150.20741788429
35396.944007298254
35797.36569183282
35098.051088837536
35828.81374333712
36249.96001906087
35636.556806504086
37043.240225976006
37676.24543432557
36803.85152024082
36933.6017419089
37587.78201562802
36639.18654199466
38502.06253238856
39595.69311183689
38595.514967987205
38379.95134924451
39148.67182322765
38428.850842042855
39586.41420819433
40098.880572276816
39803.220379293314
40500.21096814865
33284.408908341466
33650.53794505185
33522.44873358941
32769.872243736296
33304.10085288419
33031.13192090491
33468.22958171693
33944.173232170775
33722.78662061204
33607.94655795003
34017.779733044445
33811.168317235526
34327.89294690008
34623.79755804051
34291.5445509369
34306.26558731527
34752.10579868831
34330.87242332063
35271.27984138406
35709.26970857814
35128.58090737349
35212.500551834964
35477.68383182871
35012.557698078796
36118.45309045522
36552.97125461708
35983.914179759115
36329.6195098455
36774.15964002567
36231.87631678149
37416.95587969762
37863.7874301479
37235.139331407365
37325.238357369155
37754.304208595844
37142.93902542976
38359.411513704326
38917.64967159518
38356.74050358637
38439.83119796027
38861.702065153426
38387.486401877504
39285.50238257536
39334.2515519954
39286.91582797932
39432.27667497036
32174.24304318994
32872.94601629387
32486.362400252976
31466.66818999291
32357.89864533281
31835.89551012288
32711.441132969878
33515.5995554869
33119.47686845303
32918.99983381995
33766.99312605463
33304.8969771878
34194.42923528979
34774.37156572874
34259.17978720641
34032.6719260154
34732.052056971006
34117.02632076497
35350.384905756495
35957.39949253378
35335.68729462371
35348.80135243038
35856.79420998618
35310.810002662976
36496.577950874685
36963.092404002535
36416.70580921965
36639.474909018834
37154.90357277877
36570.94793144539
37821.998123971134
38235.720267389675
37612.45853360725
37716.18005729104
38022.13064329003
37512.468618592655
38607.644790881764
38942.78885648492
38514.40329181522
38821.683113264604
39137.06949536422
38713.52617561671
39636.48550402207
39401.67997790442
39508.1477744023
39325.42300193989
30587.663245051786
31752.27579612365
31049.906441713738
29349.088027184313
31112.361921447653
30038.417183726764
32240.960457202793
33088.924250310745
32313.90438588774
32196.493385409303
33241.81233460886
32501.891042893105
33876.79436815846
34648.73277882186
33950.918896024465
33724.38872954914
34481.577210079835
33808.74948276138
35016.93926487578
35962.27743969982
35293.40094916176
35198.34683387874
36015.86050316385
35336.040825732576
36741.41536895733
37345.42234133469
36699.00269018898
36681.21654061857
37519.94349692877
36748.20856283294
38431.06553288967
38650.383245541976
38046.803436335686
38201.140660602614
38455.69229736213
37929.248342097126
38955.875528858836
39361.990067429986
38913.81328782737
38553.347189428954
39297.48406520982
38880.52258085121
40146.84793139619
39905.83736520398
40014.649639090756
39774.68442018698
27912.441934680788
30859.34537719259
28309.588980222674
28710.72494031217
30076.496317211317
28512.126129492637
30869.064530355587
32363.175228505243
32280.17268734067
31479.58459859471
33331.3136937797
32495.691628880784
33269.55477576246
33879.02141480011
33554.13930187328
32408.258906457406
33397.43882948982
32881.00096933625
33698.15086491487
34922.15368182147
34446.495764666055
34112.34972880615
35703.77969035579
34750.37505705346
36162.07299230794
37335.707790706074
36488.98953055126
35142.36180786019
36551.13480301062
35716.35023073007
36503.45874901581
37866.03832449198
38360.13968005059
37439.89298230647
39667.48872767895
38667.64283857213
37417.28213013927
37009.89579708959
37836.781843177654
37032.16898190859
37532.598374151785
37411.335125669415
38109.56942133377
40564.55795794372
39031.95293708179
40737.26013191308
28694.731368925266
29578.130353274086
28745.34195157407
28445.392291250653
29167.086466695124
28589.747220029036
29476.52216093996
30389.920696602483
30091.038662752384
29778.52346301979
31225.46162494991
30441.093492952084
31440.773679677222
32560.239161992657
31913.748054331725
30532.847847411227
31548.23043073539
30975.979378362284
31530.523211043455
32629.909962109843
32659.018365068307
32093.821472380558
33850.973381436714
33199.92231831362
33824.0558948909
35113.522260795864
34502.102561116975
32456.159557913124
33622.67280053024
33138.68388265924
33279.47417764828
34456.37091060315
34847.964430005835
34057.04963205932
36063.08822296991
35655.36934207844
35630.47795886465
36773.81591592988
36398.56382744628
33967.594278783174
35130.3573219974
34807.820519929424
34522.89383307399
36328.062634931775
35421.367093661305
37228.68172333832
28073.391231028658
28713.47171709789
28270.908839128926
27641.499069331436
28217.23758850927
27861.82120660567
28273.508717845754
28909.33610519654
28870.20021424122
28570.214749182065
29637.87686924256
29173.28849370048
29661.948134368227
30537.009221200766
30091.447393025835
28817.901569400085
29546.563382567394
29236.220413395153
29283.797762098104
30128.08755526773
30402.37928463379
29841.027628842883
31376.86543006447
30960.628531914954
31088.79626593216
32146.640728697697
31771.071498197278
29728.684685942993
30690.26543172732
30412.322129439177
30197.040871589328
31232.375961910675
31732.006773094756
30961.48602654956
32831.73876916943
32504.406623609895
32307.83495618931
33408.35704283889
33133.851470791495
30680.864967849437
31727.20309851267
31490.225658778087
31120.19562497643
32778.106774386666
31936.36614207842
33640.63768789152
27197.37924624896
27719.308790146828
27417.643730822292
26800.405891347655
27290.42438509906
26988.49863131431
27341.86870748947
27617.617921571116
27728.062566440647
27505.02755975378
28219.259461514015
27987.712974440634
28014.943772019735
28574.107012682874
28411.330834618493
27291.006154233444
27611.53929366033
27641.43673812878
26957.724789469637
27556.25605245714
28153.738063044464
27570.82655629942
28872.028764574643
28722.629350625182
28328.29107318384
29220.570905066244
29034.874472111682
26813.269954073927
27685.703890619297
27591.281384025082
27007.67098659228
28045.368783360398
28643.00674917186
27839.365014664283
29648.641552961584
29426.593298902517
29082.583035222746
30107.9361415814
29878.255501939006
27497.86283805665
28550.691521618246
28291.027765903345
28079.015864547782
29552.295714073043
28800.66352406656
30326.329508117407
26494.607824836137
27060.54174921788
26636.619074432776
26081.026530301962
27319.39883400206
26345.93988244776
28406.642848855845
27303.251944211715
27361.854031644994
27696.22727705164
27227.46003466025
27274.76599999625
26683.743322012266
26621.72064253591
26970.342419143177
26101.594224705215
25434.010959967025
26413.46433580226
23596.982347883135
24257.173553024684
25552.20313929003
24670.157916210424
26076.337573293942
26297.556804494077
25095.82159612309
26008.294407056794
25983.393032356114
23242.18865833932
24203.325455193488
24164.458237313942
23264.43859670154
24499.343716247342
25223.553040123195
24258.42929158253
26375.69133509184
26139.180355641456
25900.978150929703
27064.223207151765
26701.921607743385
24240.475541575073
25779.96462240932
25086.90847770694
25874.065940235763
26778.575290680445
26255.998521202164
27399.45280685379
24677.842094218104
28957.247016597055
25336.969627638537
23268.31058245428
25895.97131316533
24213.301784113704
24372.110240997623
25551.363758730848
28718.484295655748
26390.087168323815
27947.72113330508
29373.037426185867
24934.049398811505
23588.106512233993
25621.155176417582
23031.63615102374
22600.137526512073
24055.325915683887
21325.951378646154
21142.483370282567
21754.568343788807
21594.66043452935
21786.067692465753
22423.780228513326
21748.65206756394
23128.978577002265
22409.177807570384
20833.348229059236
21444.526008809076
21253.3015748825
20923.05684307351
21284.556779476014
21700.499820003108
21272.093996484116
21520.410112762114
22360.551978176045
22697.98716017663
25574.583140261326
23371.301513487906
21723.289987087075
23380.405996778896
22225.954011168236
22891.207097525417
24880.139503510356
23850.75191790757
25554.343044540285
21229.513261984262
22662.15734971424
22236.249062000978
19373.290943063002
20372.853055990105
20274.598725615855
19387.024788940606
20268.176325273234
21490.134957142312
20377.285840962813
22527.70489996894
22788.5392863439
21005.37045825509
21377.50455853223
21996.14216486558
19190.409838817664
19829.108726775165
20070.779524279973
18927.610105850763
19461.502275317904
20271.172145304055
19609.691757300374
20536.515329040354
20864.756469381948
19938.94210219899
20412.12002223341
20405.914013423087
18837.408800946247
19441.276805755904
19404.342366351673
19044.418051483615
19785.26791006457
20075.985578958298
19569.701243942956
20775.630644704775
20522.464374094736
20626.65193418039
21658.950828392175
21185.54200467402
19501.917087782116
20386.260067862208
20070.368292900723
20112.47292350951
21366.83020124759
20717.41581709007
22081.35989151254
17718.045336387553
18511.863587423646
18521.963252291076
16224.769931531824
16913.95617741877
16962.33901618861
16171.32187795147
16873.675966693343
17652.97282197138
16888.232171935055
18432.56498168034
18484.562709017933
17583.501945115022
18286.016504502437
18361.06534165719
16193.366887184884
16865.91820267021
16865.201287298543
16250.770104329024
16938.244567018988
17539.457403540484
16885.769610018742
18207.54995215927
18228.300831699213
17626.840844510658
18328.707050248908
18238.264435457208
16423.945874019704
17169.60005877972
17032.55474415144
16817.129063457298
17602.154484191942
17928.473042149883
17360.486866656196
18692.618376306673
18481.222742679114
18401.821305486636
19233.288368103924
18954.437060481545
17384.16388752528
18176.089305148333
17884.83666645357
18009.024095832345
18994.75246080189
18470.78033421098
19530.633961099167
14873.170149634052
15493.046280516017
15524.282929634293
13602.420043109043
14297.583653321733
14230.705012820807
14131.71360981642
14597.31999452713
14950.45069557445
14454.026555413977
15547.720491251224
15510.779830036561
15081.50159517374
15618.641120019096
15584.358667439321
14406.66717340401
14676.133785848659
14664.692841170443
14322.110159840464
14706.178518415167
15142.784967908232
14680.941667949477
15734.415490212543
15662.461084585528
15296.765562577668
16042.014989284084
15855.957211086385
14302.158548829178
14954.993187242068
14778.296268574688
14730.766981045475
15734.64011522344
15769.20665771186
15260.193784136696
16592.303476891044
16282.227467587863
16550.444228234912
17271.2128614339
16946.481519347544
16151.289797354984
16700.914996013435
16270.161797137614
16802.234729104082
17219.93722134543
16960.882208884002
17572.79109850469
12392.537215315977
13358.983314608962
13006.04144043508
13864.042289447154
13368.076286219048
12761.186863763367
14864.530382615083
15187.809550176116
14189.884096905866
14444.248131537239
14427.539323445071
14026.518042017851
14428.550179282534
14130.345009166222
14333.22980624226
15181.862699626017
14220.48183278206
14713.207483808148
14870.351032297487
14342.861969675829
14059.616251637108
14303.18690506111
14083.84292131737
14101.166278848694
13776.885651351766
13862.626576236982
13945.803032957314
14560.588214786432
13601.299949536176
14007.655537164817
14620.644724004338
14520.818322944087
13604.88291924989
13814.095162332473
14959.064323863751
14148.628129994897
16681.606705738253
17129.88893455527
16279.454228588053
16376.7418788853
18186.02349516618
16664.29042071743
16650.384811101103
16550.19058702528
16588.179675552372
16754.882340048047
16220.652571942182
15244.677270607412
15029.522764300507
18821.257117571677
17600.169634800226
17480.575550356676
19067.742048012064
17820.08687228892
16560.713340846516
17734.412705719064
15826.143770394769
15580.933726604118
16733.608421258203
15743.867961393902
15851.447318932509
19071.164215835215
17733.66632081216
17818.723151089376
18770.824648828388
17429.541621772936
16537.354168095102
17593.524335765003
15489.200700950454
15619.846439386858
16272.948670803624
15305.525842311801
15355.866467135613
18339.12127960934
17144.455820519503
17270.595581536356
17907.507807690734
17037.973899399072
16257.958561539122
17069.10036443298
15869.829706919514
15455.767111031135
16622.293086516533
16690.4139489095
16382.670362762652
17465.155111854838
16956.826446542702
17015.8087281841
17049.195981170265
16698.610579589404
16854.422856219437
16626.51599084299
21700.301596595324
20411.335331346898
20227.905212760037
24754.903657634753
23645.85418304433
23223.508204583246
25740.049461772665
23822.081841326846
22132.042138973295
23865.12400934638
20544.40192259886
20528.012390378128
21962.73712490958
20276.612652104344
20453.75635197546
25170.429528018452
23139.980707637842
23545.545664896166
23953.423163658455
22320.411388231936
21372.651505748407
22710.674384883183
19772.548917499866
20045.815010614613
20683.869504418475
19161.370403917426
19477.77751823126
23226.267463567463
21483.908394294074
21945.500147591207
22103.86669066789
20044.683040279037
19774.95684853895
20859.302577614537
18399.983700729535
18800.98757551414
18528.908705764938
17574.703247590223
17992.876764603712
19709.192058117806
18198.32904167729
19110.03876826396
17394.17906149475
17381.484018375926
17453.603292289998
17231.861834364776
27392.409535972423
27217.974001106377
26209.683194808433
27393.00672108598
30120.50879549813
27898.43367827898
30135.515188607045
31484.786292770194
29840.22489425535
31114.396714301347
27588.612899996675
27762.16222339329
28148.017412378133
25735.115139320456
26756.473215120175
28862.92780056035
26870.27465513314
28955.42794893967
26444.80899160533
24975.96328066198
25503.644591413664
25844.43051023658
24535.78388023536
24938.183771520282
25573.569220402795
24321.594766897157
24476.017948906327
26518.150439301637
27808.3269338903
26299.373397968648
26194.109000054472
24970.48705849154
25304.08823384459
26576.18009091945
22189.671534161786
23581.80093407805
21089.32289366511
18522.009247645812
20359.826289345023
22036.77217624253
18648.104581708245
21757.37851543965
17655.001129342778
16627.052407122956
16125.112108723304
17143.40254819847
24754.781764346255
27517.821045156277
26222.48525960926
21472.83639517176
24224.911633251228
23153.629916364916
24004.0269746868
26172.56377160686
26804.325959559203
25314.55698354928
28682.309460593253
28443.710687678686
27423.387946809795
27465.02995712246
28220.92762197051
26010.816176205357
26771.51220743367
26652.02025650513
26435.5361668271
26217.256797037953
26802.244414887056
26613.142732483404
26450.130766117283
26811.14869290926
26007.406028588135
26132.99658587376
26352.336312080406
25230.910992265544
24848.81619138206
25606.7656034624
23373.562866949924
23297.7698926298
24663.99344494951
24047.132095699686
23997.23102666815
25362.542344559857
22473.39059625128
20496.255507711627
22244.30900189693
22767.549932048976
22162.880882545644
22667.284735030644
22964.311728763645
20526.628356083173
21754.036282812052
19185.55337557172
18112.88410578623
21096.432960877453
19746.508518531562
19571.681354866
18168.123909806112
23561.971812172233
22186.335535930753
21652.42265643978
24583.8209965844
22935.28833139182
25121.47143231605
26075.640611615585
25538.560419548383
25133.545867605902
24504.74670755391
25766.25554081981
26310.872768155576
25724.757566838693
26109.049408469702
26376.861100134684
24769.08338648302
23534.515108372478
24950.54451445153
22894.58881845106
24460.670478682565
21885.183506180925
21840.896484718356
22053.635859649454
22226.23097454714
22561.11078545841
22635.55292545147
23629.4831482395
22728.73888074623
24572.985113097937
22978.294305627147
25700.78394907276
25747.215024793586
24269.33966251609
