19326.449836450975
35640.78656839851
49252.39013135661
23843.835719867493
18551.72074526432
18097.13321859076
18241.42317806421
18421.374943164235
18514.493108861818
18495.722839710234
18376.276241770825
18218.812047010335
18316.524657611346
19733.577965906617
21602.18279297486
23600.604442464144
25673.085606551773
27814.749262074976
30031.92164640527
32339.282743851298
34727.16626463524
37179.65685090162
39630.49517435486
41846.84625008775
43359.44698358328
44659.41059983405
46094.902539688956
46657.50330494601
46797.62585894346
46790.84529803363
46730.58928715468
46645.900874746134
46543.45830109519
46421.547349416505
46275.07421370118
46097.64962319863
45894.45601582476
45661.883757526346
45384.242008070185
45048.99006052346
44656.06169447213
44113.692164104614
43930.187705864664
44045.08171430615
44024.402135762204
43927.84651079042
43781.88978693422
43589.57461670881
43351.7751198621
43070.12866100535
42771.428108713495
42448.70121572979
42103.99311785734
41770.776539011975
41450.93877431841
41154.14737014535
40914.42569522816
40767.066571901865
40750.50060638074
40942.63060923079
41457.33998839362
41818.56471743366
41491.816088109226
40368.82355442203
39281.81269874053
38511.0130445726
37943.02990804505
37527.93896804117
37196.38785363914
36932.6897314034
36728.18945630269
36560.538472387845
36424.067687156436
36315.416894266265
36233.20395915063
36177.97426739466
36152.47968924168
36162.45588286301
36218.28964879787
36338.82013689329
36559.758220405885
36945.30346420514
37553.484466311784
37480.95846309549
36331.69979393641
34561.46001044953
33029.67886769038
31705.538817691748
30499.347289814723
29373.485508163172
28307.65533615128
27289.397517949783
26310.43249970142
25364.9413813438
24448.66007926278
23558.360782562857
22691.583911407237
21846.570405014503
21021.380024406288
20206.195800440662
19411.70958760792
18653.84480472436
17978.574475865265
17454.917287727123
17365.874015332003
17175.741738699773
16649.189753114642
16578.965625824072
16680.368610172474
16836.89061128676
17002.988241885843
17143.09860162274
17269.717800803224
17379.69349965873
17470.69093539958
17540.147232387702
17584.86329883909
17600.821745742796
17583.16429914319
17526.112557179924
17422.713820715166
17263.48811528828
17032.00662055163
16656.830638761232
16149.430072172934
16208.996426266438
16934.90740165442
17502.072042949767
17970.32978683241
18336.225522948887
18650.77894274785
18921.667460272303
19139.47328273031
19316.229461557356
19461.70322175375
19581.05399673913
19683.472780558768
19786.318878710757
19922.737555540814
20144.62615235558
20553.109651134557
21246.477201355676
21606.362412404225
21798.155417969934
22257.976978866664
22888.090273964594
23586.26267220587
24292.860269327663
24961.305600482545
25558.548027851924
26060.72689997007
26444.2850969021
26685.53008418929
26773.598603418883
26964.379542210085
28399.687882483908
29919.10169669803
31301.72464652062
32501.7446125054
33456.95261634394
34067.10089314825
34332.85970659376
34993.43191655145
37404.991807927625
39524.295350959044
41413.334842117525
42249.443843620604
41639.09351210006
40135.03038494938
38569.0192604849
37910.798624134586
38844.07886926085
40879.56962603604
43303.94232625871
45654.36163434578
47599.75588558788
48904.16132759793
49453.28674728992
50643.17886901574
51434.221086706544
51158.9729392875
50601.005073771325
49935.21666423453
49212.11570318503
48331.08649177263
47106.13075288336
45479.92760659591
44503.44490447574
43132.270668117184
41428.627248572724
39561.17764020884
37636.54941017048
35708.79353129626
33807.02248781487
31946.161429800966
30137.74718265223
28380.386994581822
26681.585510266857
25106.1540637526
24204.19757247551
24102.35477258367
24081.62044618373
24057.165832860082
24020.182969052315
23972.657514592538
23918.769120154575
23862.435604037666
23805.767040369006
23749.43766305918
23693.243605038915
23637.415695226337
23585.3976493668
23550.043253318807
23567.395175364567
23720.596951713414
24089.686944975965
23758.22678190494
22831.720595388793
22131.352251853288
21557.304156517406
21040.201258046607
20524.68249218123
20023.20150342882
19502.532719191226
18996.582408884045
18466.483020733613
17955.26161736063
17421.150568317003
16905.725725702767
16369.56877535956
15847.875786698014
15307.678639802347
14765.876271266898
14192.99364339085
13516.248858891351
12542.341951985425
12825.31581762719
13969.573954087698
14842.695536338102
15651.712344529795
16452.79482221371
17260.29218494852
18076.779137494636
18892.996871587748
19715.22777465035
20549.659793098013
21394.769617930477
22249.602664394348
23113.642911643008
23986.386707266796
24867.148074789646
25757.309111909668
26652.077958630645
27540.021651208957
28396.383806910642
29173.92184615354
29791.441112242785
30094.326168502197
31087.251348437247
31772.90444024284
32288.083231024808
32713.627749634536
33094.917318594475
33469.61139077462
33837.36835667406
34217.56953877088
34611.716985942316
35013.71368757465
35450.87988128323
35900.976013513435
36393.01172306576
36913.58875403297
37495.202586035964
38127.5392269815
38845.85695646369
39671.82538538617
40632.74930476119
41771.888578284386
43219.23859195094
44064.98334075911
43956.889124399866
44189.21683136472
44613.85786109866
45190.47466683135
45905.14193574791
46749.23297756861
47699.727153389686
48752.39153198489
49901.89063225919
51158.10960114718
52515.63677040748
53945.89575334027
55484.839700434735
57069.254191147214
58721.21244565703
60375.03360933847
61970.452968553735
63483.070594735196
64724.79771485827
64730.74558260878
63409.97108907794
61807.15766005058
60074.344825828804
58292.68422523181
56486.2791272503
54686.92007603319
52910.204410168415
51180.39203985769
49486.51594705909
47809.36525725639
46156.71025679595
44526.08646980091
42895.14442967081
41296.86966346557
39723.874622527845
38207.85309486619
37230.08601241798
36639.745977827646
36062.027467933774
35504.555110782916
34938.952248670445
34392.265288759016
33853.360762644144
33348.82268977683
32872.76943877992
32426.677998532985
31941.887109897
31298.072862936675
30401.632045969185
29850.45608215913
29001.455247869744
27956.25077002874
26810.779461325918
25588.789356439454
24319.511090783286
23201.958127723898
23244.214009364587
24400.48937187721
25647.90307349858
27397.631992284627
29162.699659063866
30463.391135707832
31040.701166715342
30832.754679640748
30024.071119609554
28803.886335720046
27335.02020104719
25727.320879646428
24050.197619553368
22380.126860599576
20924.025741365353
19881.384803158588
23396.61270979434
29449.868745539647
29687.52243066523
24117.560518040125
26388.72787980418
30004.316945141727
27486.268556288334
29617.857023103796
31849.06903737699
34886.25648383991
35789.54325566722
35338.56063137404
44165.975931875975
43513.85283144208
39150.748814469545
49492.61214139435
48603.24189775599
44511.4735072661
50122.39242503442
51358.59781392932
50306.453995829776
50335.63302763452
54534.44556824475
56623.84523521557
49612.292428385736
57530.88939901964
64504.92003587796
48421.88427044102
57121.27923899265
66013.20959388788
47391.436772412475
52895.52217066755
57405.03850053412
44769.02740012099
47773.59208261375
50462.96623909306
41483.142106746214
42832.42299890152
45094.935138455716
37646.47654752049
38064.80755028165
40525.4204740542
35544.75963486944
35469.315794140726
37360.743195435396
35929.61245437958
35563.651071980385
36678.84553724892
35754.32943808136
35309.25891963063
35554.44419555086
35214.16620577591
34495.51284363893
34426.914860015895
34115.76642212549
32822.98787980368
33426.009063642116
33036.220146461244
30780.19050767473
35257.609003708254
29387.893083334617
27966.373985947437
28282.188714768334
26011.756420900387
24989.384378068768
24444.261550282325
22534.82625926935
21753.964340243383
21025.539515960485
19335.79695863869
19083.738529035036
18050.256428367706
16368.613363277229
18201.234163611283
15902.27775691787
15891.416267158582
17131.264790324793
15516.162164808553
16794.302353607287
16962.41008801223
16585.9497647062
17634.312582089457
18008.906776861022
18181.046316757456
18477.954502095374
19574.688106223515
19910.19141297647
19139.108324514626
22062.549316544817
21012.16927687337
19816.105812429527
22393.85947695178
22120.48736095476
20194.970338864707
21893.92327002198
22858.52111024715
20345.193682268145
22385.21040180746
23471.098188974785
19569.424904841897
24942.66415378922
24933.591718375945
20882.97716848434
28981.093740831933
28308.122783077044
27119.663770224408
32399.874716090784
34673.553427621075
32079.768633837968
39994.88053141238
43933.51644673937
35984.89149843572
45133.86158158123
50470.72331478093
40932.81031398372
40825.6090339303
48662.0564162247
20134.928486161167
23964.630816127214
19791.62625250454
26814.328957045596
31185.408323334297
27740.485013308054
30668.690273471468
30685.955427358833
33090.77159315012
27184.023434014744
25206.16167592131
20001.64462663925
23332.933474654703
20189.974466501935
27103.792724125124
27728.73434698819
26213.439650195673
27043.470852094426
29455.846429896406
28723.848871005426
31808.136163283547
29110.075181176224
25078.4254706644
25478.896855974814
21461.083150640934
29191.638421142845
26980.3876028361
28162.891040460963
30316.67817567892
30840.347656685328
27546.819572814115
32826.60742041968
33130.03938403466
33799.45942692811
30735.897697910194
29166.815027485573
35526.574574211874
32496.768409157827
31900.156613074367
35703.183834738906
33418.71028752454
32930.15043843809
34865.89795207946
33621.036879580424
46152.346921550896
39647.54881891809
39184.72334379217
43350.694442465
39512.01299311228
39579.177111530706
42797.54666728198
37414.311946700574
38835.81193170983
37575.98859006475
36227.94646529397
50004.34143450499
46347.16295886073
53868.531676943785
48763.188301069706
46770.63438969158
46449.78220299329
47459.09051701373
40198.300792561495
47353.95979499887
42513.98025532441
39774.5515864835
48698.805402976526
49964.072890305586
49060.75833205611
50976.88356818884
49938.84303688866
50114.46132422879
51125.4486608847
47467.79127466554
49066.87889444106
49116.89162745174
45837.18029974895
48210.20047059874
50263.34408727342
48469.65601858709
52482.70125814683
52881.9297521039
51761.85239305555
56058.676432949884
53307.30709988278
53455.12425010628
56079.970638884566
52494.575133993625
47386.43164195953
50173.354157005
47833.2040977583
52643.21382475888
56183.24902777064
52924.19075162247
62708.07338752333
60375.31814335659
59066.29271575424
63817.416119605055
59946.45444369143
46541.334290575716
48631.67544424096
47440.18655955308
51310.46460466
57440.57233446646
51022.97253068108
64300.312571227696
67639.45022903278
67739.00515339557
65286.159949682624
66347.31820591874
45320.44085729255
48156.03297700979
45907.9294381389
49929.473986692195
55355.07142080933
51169.39215713685
55666.2763561126
61656.99335984082
59529.11781662126
57818.77499192582
61725.894198549904
43531.984554994204
46205.652268523874
44519.540734027876
46205.01592057952
50324.639261922915
48178.045896019794
49277.1144757359
53688.789658695954
52297.93367154487
51114.04826734391
54245.58107391164
41309.32020942532
43178.237466273706
42436.20609405333
41954.90164575427
45285.18179808266
44124.91770823368
43944.48181218046
47627.467828980414
46519.13515996442
46104.1434922288
48424.204343318735
39214.294659319574
39649.07637402006
40228.747033388056
37102.77364574738
40410.83864752795
39655.203944425106
39565.610154371505
42800.37221273969
41571.816020039754
42485.71587578108
44138.32382364819
37492.74101748793
36501.012754324256
36715.19333576567
34426.4111757396
35988.09697593353
34103.48777550246
37161.747517237774
37129.63185184047
39067.29569966283
39777.89089850697
41649.40056678881
36753.60535982953
35784.99437544579
37170.69670726427
35489.88190262347
35505.63976120214
35156.38076649349
36010.36260236878
37209.9618418317
36335.26127902979
37463.89874003138
38503.806295315866
36174.920367722974
35896.062770165605
36436.65420432535
35438.5943507353
35507.12522158862
35555.32824869982
35370.37713610699
36110.70653196274
35724.42521640179
35763.01364118842
36561.62520823348
35745.04537316747
35530.30552636256
35947.30206410095
34761.66149763801
34970.70783898331
35173.542971960174
34416.654467196786
34984.52319014499
34931.986306452156
34384.17171443657
35037.63289072781
35308.72720341893
34773.05953032446
35543.4474942285
33246.10634491095
33809.19650108491
34145.156952287325
32948.89609898343
33874.93521062065
33779.49908534581
33348.45366413999
33797.01008491045
31559.90807019524
33170.457556157744
34800.664425557356
29968.41432405573
31488.661857021805
31974.633874157484
28307.217300116266
33399.924445469165
31590.993579020447
32059.223278769998
33091.30637034097
30607.252881651017
30792.908548910622
32422.250943189072
28471.663825994703
29061.180769094914
29592.651231122447
27963.28796449823
30761.505078589922
29099.726688812643
28135.460578505394
30437.450187092312
26666.983533129896
27757.542049897074
28611.78875945563
25432.467951039922
26575.951469522817
27041.183325791244
24678.72781908932
26286.196929846228
26370.56993384422
24215.668560103517
26092.161176332662
23008.770446272032
24252.210535173344
24798.44441077159
22134.790554701973
23347.194652890255
23764.523108633635
21376.219097679816
22689.858038409115
22996.453733962433
20727.303149794243
22433.994886111584
19559.86708666917
20897.175303916523
21275.600325806627
19306.835984058514
20295.720614213173
20614.925019431776
18583.291940262978
19457.121300214785
19891.644816662258
17562.108402441598
19100.240036472813
15519.611916671305
17842.440770256766
17744.829784602895
18176.621313575877
18267.505356902635
18376.740720711117
16321.500656747447
16825.22616405938
17479.88518109709
15432.071479510105
16228.090358899175
15391.987350963751
15488.062504721234
13722.143697213693
17078.765383073176
18599.24564145501
18271.318123432444
16054.657557219452
15505.349289295507
15133.905963892088
15044.256242335712
15420.557856079962
16814.17197526009
16359.78650336638
16273.004962064737
16932.22652023963
16783.93989425568
16753.163820928097
16807.13202003816
15971.103209529443
16379.907333587846
16406.976335285843
15575.86201874113
17510.073904827554
17215.383830285267
17205.984102581373
17831.551807443684
17392.6404390069
17317.138321178252
18111.426339226648
17342.24486187166
17388.733645636592
18280.70864622456
17327.328470959073
17905.525411912597
18065.971973722048
17749.16531258724
19107.331174632265
18722.256798280425
18418.902635147126
19801.00351318444
19058.2257153685
18920.208256840797
20135.69148866745
19234.346201004162
18171.271178630763
18895.434785848516
17974.734765015914
20839.576038116873
20637.058608516607
19909.74941687139
21838.3563131178
20618.610668653706
20767.82240864393
21027.467343244196
20855.05360889041
18617.558142399026
19012.231375701933
18971.31241294613
21286.612862417012
23190.739744494236
21550.469707748263
22496.371848109062
21421.51163064714
22602.183474136014
22377.613244838925
20690.298846714
19416.36907551663
20042.34723195523
19049.266345752625
21090.693201906844
21997.055824492145
21125.15846620747
22463.017846479266
22595.952766593357
22416.19273266873
23243.672359541262
22965.974812418026
19752.382912029287
20311.150559107264
19661.83224117579
21336.58950077412
22016.57566710065
21166.54739281124
23116.434669598064
23106.322379001216
22666.05697710641
23665.181263015606
23445.305416328716
19261.330946197297
20184.561069269443
19635.122368205943
22020.172958837513
23191.87688941867
21612.108974567218
25517.641227028762
24060.142901903877
23987.812180677993
24256.07541635333
23934.279774376544
20534.17805260436
18403.31288560082
18684.718381099203
24425.065440750983
29156.850616182415
22331.658255052993
29259.98250710324
26195.722145549847
27307.14376042591
27213.904047473203
24944.526255173278
25288.75308189792
24228.148776464164
23025.900929469633
29740.186239623792
29872.94606096364
26938.313336807332
34134.9350217241
31157.425556876024
31214.04400318873
34383.653008217705
30578.592869341686
28740.10940131027
29724.26606439383
27214.56882286878
36060.85380027352
35892.53474339526
32825.086702651555
43098.54355413072
38950.69199157076
38115.025629828626
43228.05726993953
38614.26908494059
32014.892585607624
33981.540898659034
30126.16869307881
41079.73448201437
43612.10928201408
39348.25128667128
50899.46865415664
48351.93116218158
49370.462763760464
50829.24309893008
48393.50433010302
37486.123953619535
38253.49023251675
34625.5387873782
40986.01473121794
44011.661238304885
41195.63416075764
44240.986826183245
49979.29583226848
47534.01868494255
51097.19440215193
50678.970195075046
45434.64392332792
39853.66867181796
35242.920287220106
40862.325368317324
47871.35853883947
41382.94416963605
51836.79628218762
18485.43732797107
20228.360154307902
19029.75576336767
19040.10016776568
19973.179345430977
18789.117848505877
21649.17624333624
23616.58200468809
21773.458816706734
21675.00093852113
24027.674416411985
22026.52996402083
25845.277975197714
27685.136954143163
25885.646018670406
25165.158936293497
27318.946622771662
25516.575209049304
28264.4854900941
30401.685568774818
29475.17967530004
28971.44569417556
30878.08889834074
29365.386515786664
32222.256777558043
32417.715472342334
31900.736767663722
30288.032494482086
31869.022290815104
31420.088481524814
30468.581296316115
30102.921662381385
32162.366151456717
31397.79604734823
30087.235298500636
31669.04357046976
27928.208504236514
25243.191982788496
27660.28524956973
28483.408829912703
26196.07942142431
28169.82133425148
26156.708839586398
23480.01648899506
24829.86975685008
23670.37870952544
19108.59881821127
20206.75704515126
19143.302332485793
18650.919164925515
20102.806883105615
18938.045265232653
21962.92007409884
23586.42292913654
21665.23880939232
21747.89231985939
23292.0574336336
21644.698486466772
24927.035222371895
26402.517196314086
24936.245705928697
26027.837687686733
26384.11341377471
25254.48328069802
26883.114883201095
27033.81047711726
27109.972448398763
26857.48933878543
28532.241301621307
27603.03259810514
28237.775623664158
29625.355410757176
29209.49091273731
26469.804548536857
27886.035684248243
27326.485181490796
28358.415644057935
29635.425911957398
29165.91147722228
28726.645932810356
29473.492923336136
29725.861446026865
29455.33066325482
28123.603802492755
28892.339767946556
31398.848692494936
30278.893899725095
30258.635154155007
30847.598678998263
28536.923343578273
29708.546162610794
27372.16452510137
20133.28098050345
20149.99840609338
18490.899285826214
24157.958903144485
23199.848695041997
22113.363218499773
26257.13142726659
26311.77132285986
23398.065672582477
24705.089518445173
24881.246674646623
22447.259604741423
27263.78157556985
28494.11822787236
26971.50718114971
28525.254973559713
28389.901062590667
27655.170647822357
29486.76571503211
28291.37385338258
27683.649086883663
28449.529218941578
25697.260708560178
27164.937602253078
26978.282927371296
26318.784860681757
26100.66836105533
29843.80303771481
28961.37568583252
28402.86704284345
31030.710416801874
31268.01384082321
28978.941218373635
29995.088917468966
30501.460761893693
28261.9659242169
32492.431981052927
33795.75217610399
32503.0434689056
32522.03764293916
32778.132073610555
32341.912867560663
32739.523225220677
32245.612894235663
32495.713195022203
31610.88924906125
28431.12543519867
27062.951572483395
26256.861456947136
33090.12677723823
31407.68896548389
30702.19727715891
34407.66274939699
32718.089966990032
29961.853578126564
32093.240085337216
28975.2418739025
28013.72372329801
31399.78414894126
30400.414541734237
29803.83431411119
35256.78598790265
33630.423787562875
33234.70991004836
35702.49203307627
34084.660519447425
32250.573318231338
33902.8111416448
31005.638697956834
30765.90059529476
32706.852837995015
31624.590555010527
31265.559394905886
35788.63927238296
34284.66239492278
34205.30059258018
35545.76076330275
34346.00627251684
33181.46928244794
34333.16081609668
32578.29710447658
32085.390495104613
33580.255869402434
33136.23574386074
32958.42258555621
35104.302941257665
34211.089790506856
34309.37752578946
34628.492171407604
33533.59209376974
34051.10922671275
33082.457309235615
38332.14960248634
36377.92468543202
35628.03041910774
44311.75848761168
42348.44129342695
41235.18887280439
45679.130546514294
42058.802001063996
39590.75526264599
42505.04136318996
37214.92015650551
36895.900164609666
39600.51148671901
37534.49339539028
37407.88889389239
43450.23632790825
41555.10850093934
41689.98420867048
43418.59126371594
41504.17387679247
39574.29888979945
41539.751114733575
37601.78615085551
37607.43240712491
39292.75419042166
37209.31512387419
37478.57454616761
43476.48784837731
40651.58396990675
41277.85315365811
41063.96309650762
38396.21425027601
38160.12863191351
39576.5535317273
36372.75039800341
36818.61870332158
36750.35197942529
35553.07235777129
35931.50946272964
38093.98136588469
36881.30335243494
37496.47429839916
37036.01231498504
35818.579663090946
36419.29432567686
35221.45066482362
48617.33597361526
51400.161042501044
47054.08769045287
48652.41955499617
51221.717624925135
48968.97834684374
50122.09078036713
48608.989999342986
50734.17820995806
50522.41926766111
45168.97844197885
48949.53815362295
46129.47023923203
44967.64725175926
44734.49096912627
48962.020978735934
47701.89339719397
47791.04633220675
48697.207478170676
47841.272676709516
46573.17820811083
47757.51880217307
45329.77251383176
45110.692098282736
47256.82045674234
45616.67363708369
45739.62281167155
48280.42446675941
47064.007055637034
47814.83969345879
46042.26928854449
42702.687308248096
44026.793308209875
44994.29254518025
39289.851162971696
42678.60329195346
39663.61772611095
38585.59978628054
38593.64713952837
43334.453184815546
40919.182673327996
41511.22537590646
41836.72386222876
38752.268765924135
40250.81738750111
37730.08916352107
48069.22067271261
49414.36126285298
48324.82483147233
47737.78831312038
48847.3215068556
47884.47613412075
49497.426410808315
50049.037797883095
49682.62368771938
49570.74883855857
49824.32530994814
49852.81146313737
50078.80650237409
49549.30133112964
49667.15002170885
50620.928687545456
50581.74901948453
50380.437596074655
51236.339077346245
50640.47573356776
50082.22408536306
50674.08836447127
49274.56985687542
49452.56955871545
49626.15985409651
48177.73085488067
48884.699604644054
51326.304130462115
50058.727852827666
50445.79258687942
50780.27828120056
48871.98641038328
48322.98138275766
49530.33187389357
46025.07107097374
47158.48028470977
46619.25027981048
44179.62952322804
45009.370925799514
49740.92452692262
47483.74563055104
48175.7584826504
48477.097473137284
45140.812094700705
46803.79762920886
43487.70185701175
47470.746542009365
48579.723415371074
47604.68195779345
47150.84738473192
48351.56070405946
47323.268555068316
49271.16781769774
50316.56278252939
49403.3861780335
49350.738115244865
50194.59435496249
49446.77928676612
51043.18412653812
51380.1656462673
50837.11832923158
51407.41550723716
52130.7132175527
51246.098396151894
53539.88054282829
53699.506375957375
52383.85731821513
52954.53985704344
52099.371521904686
51802.66308397105
53251.943156509966
52257.88846357443
52261.744388095256
55400.86177428553
54719.040466208025
54298.21117560232
56488.018780806546
54908.844265723776
53473.49585099505
54921.41079652184
51774.67130265552
52084.97328526912
52963.28253771949
50784.4957199392
51332.980815747425
56484.39510775517
54254.31380902142
54685.82285959661
55480.20704607878
51881.05555210868
53657.40112613497
50159.31658077735
46729.152773411945
48032.997755260556
46949.92730782063
46197.71886397625
47606.83135085872
46475.042551474675
48500.865396482266
49943.66532795575
48968.103114125
48750.341287889954
50296.96105252267
49147.05041985329
51484.391003801196
52760.497737401456
51499.58601233263
50917.76159619554
52914.40952801203
51309.80520399024
54858.5016261859
56926.21381728137
54528.35720208541
54820.71667175022
55371.82403507049
54063.56226689409
57765.53154461985
57517.18474283627
56558.01944859328
60342.22285841289
60784.52784215881
59019.320556719176
64075.33942785582
62419.07261329338
59951.49853882144
61921.38749588238
58440.76399079339
58150.1172416328
60349.838751737174
57981.35981399071
58373.331514565376
64329.73506692602
61923.93662612744
62373.941757117675
62992.93995634666
59255.00967813925
61157.758007549986
57350.55069166506
45606.929014169014
47266.155478078086
45916.05584821807
45253.75951337013
47160.56864200468
45391.61959903939
47540.525836866
48399.30670403746
48167.57052662627
47909.424987840626
49154.93729331408
48285.592576833355
49545.25357645318
51996.95987298118
50296.30905960561
49577.40238349684
50836.25359031327
49319.354421110926
53838.58385331162
57249.69355575982
53881.4124877157
53677.49000511173
57796.088888012164
54529.5202707822
62600.85157126635
64948.836408091265
61639.096032834335
60950.92153498093
67387.65330193091
62357.389326834935
65857.428011907
67501.00177444617
68508.25766797454
68273.06423203483
66421.8102860296
66412.69292623008
66858.68904846096
65422.2167102574
65953.23925665463
65713.69748636344
66301.39884985347
66776.52112158995
64664.61945293051
66086.6646695169
66036.00875324677
64697.049155363115
44884.11124540198
46181.2342419913
45071.32975965504
44419.1173438597
45640.143312085755
44674.15525078841
46304.93754098021
47832.86197998494
46980.07810487203
46684.20133852244
48352.70672993282
47251.30612265182
49525.49028709359
51423.226317009074
49678.44546188257
48599.02539021187
50651.71005471861
49140.52373920327
51394.474047141266
54158.01819614018
53137.94874078762
52348.326534472806
56397.17997519137
53682.06341890163
57590.13457712063
61746.17192828603
59274.00004715516
54367.55857203109
57521.924861590276
55940.09090134481
56697.24195998891
59468.65298611451
60894.775776581766
58713.38461116217
63901.04509615786
63288.645725164184
61883.747901535775
63638.655242895475
63935.76446700645
57770.633780988814
59752.68227748525
59793.051173440166
57582.98332283855
61211.88767581462
59385.726486606174
62992.61093352276
43768.503273887574
44938.25090534952
44110.13682046727
42964.960521566754
44033.57118795194
43387.51351053849
44121.361338519855
45515.402046166855
45328.335174136526
44748.32394439909
46836.32723358263
45846.31308017418
47157.29265811819
49092.72593270824
47916.6967973194
45467.4172570497
47209.17518137061
46336.79309509925
46974.806767845395
49032.358649861075
49246.62828620144
48117.179747974835
51616.728702400826
50346.978437742495
51360.767051942676
53923.10602634889
52832.65553596644
48552.75938789845
50749.56894926902
49924.32404493773
49916.59310243079
52007.4728474262
53078.98801642175
51459.791427159005
55481.59680819705
54824.48979243869
54068.27266327458
55969.01749381165
55857.49127051908
50859.6725110028
52629.53755394735
52415.854318119615
51217.74855481342
54198.81698270749
52660.19948682428
55841.37658957219
42096.030035361684
42981.681663287076
42543.22702810765
41250.51929611855
41866.60323885261
41667.527513056
41372.62027169124
42345.8199254336
42786.57550707379
42081.41779949257
43981.462938693985
43472.04109872942
43627.88643820147
45175.66468029792
44562.240919432064
41672.54292170995
43051.64747134737
42665.73474580247
42356.005133312196
44049.36295489102
44687.757482501576
43529.54426600474
46525.82041158299
45835.403413332504
45897.7111997398
47864.5607208548
47207.06008695773
43379.0563360948
45210.51190455406
44628.90819333258
44535.26559626349
46330.204360825745
47092.4876772866
45785.9514936305
48988.60998192709
48477.213400718785
48065.74982241937
49720.24049301867
49422.942502522244
45637.17521041146
47218.37779402614
46812.26630482239
46494.13413944276
48654.19623917763
47524.351655455044
49879.563301222435
40563.18275080563
40758.19627659093
40870.195688028834
40344.0606355423
39724.924043712366
40356.2449382186
38243.06927576907
38663.33357197036
39886.94017485708
39103.16685122811
40586.695565725604
40641.82867756748
39559.62729561792
40828.35616576483
40640.74243935562
37236.44883291401
38420.04466512709
38420.78649236627
37408.82145935124
39217.95266427231
39941.72926657509
38699.64000317624
41619.82839462494
41160.80153652238
40964.81134699496
42734.19718839287
42151.93183404725
38875.58011297474
40489.95866039158
39855.47001277874
40008.32696340674
41689.36877034476
42171.12782932395
41060.981614023825
43923.81095534135
43330.20126376311
43472.51428952824
45079.33689445053
44528.1836782389
41398.84042444646
43273.54057682102
42444.5706699297
43468.02332064729
44741.84663430613
44029.054594331195
45565.893289146
42918.44394882894
38519.74500886649
40793.11573611427
39602.80654422636
36673.70415583083
42038.678386118074
36118.51716880462
35988.54655911181
35873.58518753095
35602.841942389154
36740.85684429723
37178.66844635607
35115.26623559273
35689.183571574715
36078.73869996391
34850.2967458172
33803.26296867708
34731.538848017626
34696.2634210769
35527.04326053461
34868.25257259923
34448.81493003102
36982.83653950726
36069.266126744944
37632.08893283374
38968.21788961774
38129.08836737175
36450.13292649953
38335.35602053873
37049.02282717029
37244.23479737554
36740.41442951166
38275.34241690802
37670.226486259395
39131.15684564941
39043.53606740192
39154.81676076994
41831.69636843999
40279.84896794037
38379.233144406775
40849.82732047742
38557.25322265105
40886.56742988692
42291.105345857126
41658.464068831745
43001.352426344994
37941.412460359534
37403.966058176666
38570.3255162064
37175.68395874677
36944.087644264735
37510.69142286629
36319.12845683478
35885.21600619963
36405.05666306426
36378.66681239966
35634.91356185355
36356.06548755774
35359.11355569192
34853.51406514642
35106.81473209842
35648.87549305862
35364.32040184282
35540.89937259715
35465.28034854316
35544.03125653943
35218.432680147336
35373.1030025201
35470.54824703377
34989.44569795106
35907.54100958823
36615.17033581596
36081.44929905368
35755.69374478498
36156.972241339594
35820.728170711845
36326.78690067901
36950.15017443163
36742.41301955072
36533.703753563765
37395.69878884444
36964.37032963935
37810.93448182782
39083.263404701785
38138.2144121061
37059.69564009652
37956.99156870655
37444.155136913374
37828.71223320757
39154.00506244549
38455.396642704836
39959.96416405583
36705.76297179391
36586.108355685086
36912.653432458865
36383.58922681951
36300.74659301889
36531.820813042155
35955.81342980211
35836.1717306343
36153.662015434005
36056.88765274882
35929.66047758607
36242.006542681615
35693.10459675215
35549.413916142345
35695.3493725033
35577.055507327896
35516.496292351265
35651.66934465227
35348.25709820331
35425.79927589958
35493.309109180715
35440.480456236095
35552.83026040197
35503.248132506225
35588.4694255498
35873.207948613635
35682.64794486528
35319.03282833776
35557.68735340846
35467.93514134951
35452.9126100078
35831.32658316805
35900.84059158954
35683.215602906974
36397.40280414396
36114.92973983433
36339.315844457924
36988.84782467327
36695.789504609
35662.0457650704
36148.22954343074
35987.95070335973
35845.80496121974
36758.70236820879
36287.857177272315
37270.35742004675
36147.169511520544
36056.56265569509
36256.346766172566
35979.75031581996
35845.1910686992
36054.564470037454
35482.263071105976
35385.69858839712
35739.23009233836
35617.16788631157
35652.43849450915
35851.48427541758
35337.08145421768
35324.33638097298
35472.16343177704
34964.97371902006
34984.0462663177
35169.13780514191
34603.30697885851
34755.37508609974
35049.36314869093
34848.01072798051
35157.444861304284
35218.16592128436
34934.67380034917
35160.89440191802
35140.49750398801
34436.466018642175
34688.269979807876
34704.6102541826
34419.97762194613
34707.92314526186
34952.61664870952
34694.21940990721
35272.02484033471
35208.70925450243
35016.59802446251
35396.45268664834
35338.451079518636
34419.21740584516
34705.470563168994
34715.34304564196
34316.52643926428
35038.35805279438
34671.69940678022
35436.3376721712
35889.374870297
35645.23789723111
35924.94975862069
35900.905845396235
35435.10837124671
35878.181555454685
34684.30134423338
34481.970530057784
35152.68662696997
34942.13367141928
35008.58394360296
35329.87031295869
34431.993542275515
34486.355805617146
34726.580000280854
33635.32201642642
33737.837397314725
34066.39159531282
32968.92607396282
33363.92975933441
33934.30505891663
33500.49285606708
34181.162564711056
34302.115049077154
33761.98528577406
34112.06055543425
34121.86207400111
32811.792407221874
33401.425260946315
33334.06273501724
33199.45613951618
33630.24259993361
33831.41637286426
33524.449054740035
34144.619811963224
34129.19848742529
33870.35619470566
34075.09032522538
34131.9417934654
33488.62660048003
33551.4093223273
33648.971081139054
33058.21330915206
33657.42333625758
33353.58306827018
33972.8104876512
36192.5348451655
35130.58586368138
35978.83834747325
39150.70113046843
33913.208057881224
36860.49677175825
31842.97105700916
32815.01263898073
33772.92397373409
32865.86638646258
33674.95251227952
34324.42029619632
32537.668654207002
32665.50881626583
33115.709178609395
31303.021642636588
31108.542111299408
31922.914940502083
30355.89586224036
30890.404999862127
31676.688289808844
30980.139913863775
32186.30012548732
32359.778360827462
31347.251384464314
32389.792306732066
32163.906623785006
29509.67955367753
30282.316701430333
30365.059252584346
31238.694006244317
33968.419382830216
32471.660980745408
31946.701676191205
33311.36976783983
32856.467920608535
33569.71670727487
33201.03763445058
33438.000293588935
33942.67163770178
32863.476876478446
33913.908596721005
31801.354663085855
32435.43325991305
32024.079949545754
32768.11946365288
33790.8584081089
32732.940259011637
35635.41423329355
31226.22948501343
31580.473917573654
32434.905541256914
29964.662176185517
30112.67852981533
31403.406478536093
30769.713059288184
31621.966587496783
31690.162524497515
30153.86855894486
29921.72853343133
30735.11816811821
28883.15491058328
29078.298060577792
29548.91548681166
28162.51113549593
28545.441951833687
29273.20764675915
28749.438562058334
29679.81110963822
29783.626154280988
28897.883007859662
29054.190400224343
29149.56303814984
27896.633914017904
28642.399401988714
28480.06468367093
28130.830188302825
29413.98069907379
29905.63867976648
29031.65060843512
32623.105642126968
30665.912985297582
30899.22891599908
31526.59722943171
32558.243105026406
28294.86883061792
29256.816803695358
29498.026734850537
27858.218601167526
29801.557059316034
28841.994266697344
30706.105980494955
29018.93956201148
29607.415716906267
30095.26006954733
26988.73273911084
27630.447883562458
27986.06316351212
26336.178409255037
26891.069914481544
28178.47003363602
27257.384771593493
28596.276238784318
29087.729001091837
27373.587418581657
27786.74192634904
28155.449595296977
25707.45795990476
26251.79999296024
26552.136507757805
25192.532986815262
25796.566566330883
26774.258026990643
25998.687001174625
27306.907905355834
27501.894847041858
26444.95415088146
27190.445573947636
27205.641236309035
24819.676566073576
25528.45895242454
25642.775920658354
24557.111641246818
25352.61924313971
26328.897483296976
25438.112568027827
27255.3811860479
27227.354081989273
26211.844625410264
27085.741058025673
27215.72133525306
24331.659738937313
25139.11945038573
25255.51924720478
24098.448835133702
25934.024383094238
25006.422141873907
26884.950569296965
25083.05366977266
25722.796270313484
26022.303627373276
23273.58635678796
23894.001833165195
24167.757488481322
22760.296497601856
23385.56191063522
24519.27718724301
23631.388225377435
25129.73366415581
25421.92692547672
24001.33719111632
24598.889308294776
24853.36883331704
22328.385362570334
22941.25449708499
23156.645200383242
21945.81289655552
22538.303176486224
23546.72352407159
22734.35482979632
24168.40846773403
24370.396769686922
23164.429095038817
23831.756097831763
23990.9588796316
21563.60963270862
22174.329642241915
22351.7133948391
21195.292956688405
21845.19261986488
22837.053654732932
22006.9714972707
23556.86801716631
23688.76424112745
22554.90614345521
23315.123389189845
23432.541655507142
20865.209067364573
21571.13882968571
21698.461876877707
20619.954014131505
22330.66310193808
21468.15611004871
23207.162816530396
21536.278965719277
22136.512148432117
22397.592051598855
19837.82258934152
20420.08578603947
20685.08455516547
19398.838248553137
20109.092577480005
21067.054687969303
20232.376570609624
21704.17029275197
21906.943944420953
20752.416976250806
21354.663670339265
21524.180440533368
19324.515569556454
19932.631811174408
20022.16098532717
19233.80139279119
19647.6777603389
20466.07380516224
19812.37766588444
21007.386253019235
21184.60462991524
20103.993562876323
20611.53797817845
20811.984093264058
18855.805273940226
19211.899356953916
19441.998338208126
18308.411597097514
18729.697437513914
19669.64291490188
18974.814970325024
20225.339015226135
20413.37091412842
19264.120198512253
19905.05850736109
20055.35805216903
17793.990414581916
18313.750446016882
18506.119522092402
17375.859067155754
18973.7186804252
18165.44769392821
19787.514596280813
18109.616043248814
18677.744634019
18986.357478314832
16310.16912490954
16714.4605218333
17211.17923537196
15611.027758405393
17103.42376000573
17664.330442372222
16696.331197932555
18581.387861563006
18551.597742486658
18136.37739125024
18779.59060594504
18690.6411249714
17356.197042357857
18161.826901761135
17673.285055941662
18501.529441161656
18110.402292433697
18439.821040135343
18333.11547238275
18605.4726417142
18762.908094816034
17910.038911757507
18022.771494411318
18335.989002903552
17270.239610617893
16962.044320512356
17549.280529319785
15935.959114537003
16308.47472504338
17122.45749931363
16540.96729324927
17401.35237142658
17694.616327307904
16537.74658075474
16865.10558204769
17133.279264998542
15812.057461571167
15717.135772026639
16085.922346095986
14685.25814885008
15907.155267365843
15238.738583282942
16616.94001786627
15193.903562601648
14114.166583350214
15489.199139665674
15860.979425537174
14690.690145886132
15486.235287795927
15422.155945480125
15634.581779828764
14229.200036173044
14828.04267760081
15748.544773375404
14520.18027021495
16999.87797402948
18424.36079047631
17202.44563023843
16520.572074213247
17550.476619882003
16681.03389922126
17305.08880997268
17651.316071201367
18703.208874131313
17933.382663553013
18683.498942924416
18868.833575645673
16871.711194356983
15409.143280395208
17060.084082473066
16605.0904895198
15744.284331377237
16705.956064370745
15689.408665785664
15421.2839488922
15071.74139842137
15387.967130156952
15648.535025691861
15265.186236987758
15639.635249688887
15504.117512879297
15765.97545172211
15344.668278411955
15062.586422802751
15386.97746759031
14569.536713318383
14394.716040053743
14291.07785679134
14461.3507876986
16480.46690400711
15906.202002182576
16196.66650352291
16945.626109099372
16564.68324562385
16728.738260025795
16768.632635282862
16576.803368577588
16240.16063750929
16520.06532883019
16137.415882411851
15894.356991919658
16562.978575366764
16827.66722625134
16496.62845455054
16861.42996091718
16801.26303436136
16690.327040203967
16972.405089370615
16825.87491815529
16840.90782180569
16855.652573299543
16871.01610828748
16976.691589777383
16607.142506268152
16222.885269565766
16569.371253310248
16902.297772807826
16569.262056939922
16719.644636642537
16696.475838810973
16255.521691961181
16163.151543064969
16408.401985778844
15708.267411033514
15939.135703860196
15770.885668111405
15245.64187125153
15494.625393010223
16486.112452987938
15991.311193825284
16115.402441935497
16362.333841711112
15405.448117136315
15886.399744054675
14981.46384765829
17267.26414015058
17030.462346680542
17120.002257255568
17502.27985365842
17365.5783997939
17394.859496816476
17557.17168217825
17422.17150433354
17191.8166296668
17377.64465208425
17014.18767684631
16998.61310829653
17262.615665210265
17108.400891036898
17058.213136366874
17729.93990522306
17559.375293759324
17487.196530297464
17927.644744419216
17679.560100050447
17363.89315122648
17626.40961144406
17152.7398800125
17144.220291823127
17399.925015691588
17086.227822786543
17131.34288010538
18067.304003800877
17735.189970660063
17715.2395006012
18146.706683585253
17754.125842375557
17366.408693899844
17745.349565741697
16963.963819268665
17028.103206185653
17325.976001613773
16868.00320314593
16905.585733388547
18223.073268057193
17804.51579196646
17770.806336896552
18360.328536802102
17355.98254993053
17863.61047352456
16863.649715639625
17647.84138139336
17638.6101464675
17587.633735022322
17676.26139113649
17839.0069829016
17678.890053699786
18177.005379437753
18270.010304269235
17895.132651500193
18045.98294856314
17851.411472545886
17730.031494826584
18242.00854833954
18119.71212408168
17990.159779609618
18799.35762565621
18749.375942346127
18510.73789555725
19368.22804403321
19133.777861599847
18582.546968742678
18966.303378243025
18345.216798082107
18240.504247312565
18833.67882477503
18498.005626431812
18430.35673303187
19716.19341672812
19347.0148627002
19258.05046201055
19854.251915081986
19484.95738136317
18992.10252862361
19415.807663445634
18611.329048734937
18555.071123088725
19135.80294774541
18760.050862460484
18676.906525598315
20001.06084107044
19694.358077348053
19573.84541053744
20316.953385535187
19357.15687525546
19847.4683773276
18865.917503057623
17554.614515485016
17948.273067889833
17635.70746545403
17259.375266275496
18015.79351410678
17432.52208577703
18715.388584611766
19069.929145790047
18414.44630571361
18539.90253055636
18688.451090078906
18298.513559379222
19396.79937998845
19485.332097834704
19099.60310519348
19916.758610321725
20356.63495759832
19685.64504664967
21604.913965497675
21293.723960239673
20340.252835139356
20935.87517469414
20077.695766926237
19827.35042382763
20772.236234536915
20271.821818374014
20217.83493426916
22094.279118364095
21291.40088592886
21396.04429734131
21439.439627638993
20861.82923069108
20688.00244901012
21078.055538379755
20292.109930061633
20278.712963012527
20652.488718305816
20527.12041510957
20364.667721905185
20718.324875312785
21057.539243498344
20799.73760283355
22011.244391711716
21193.32853779381
21589.943346729815
20768.764312669897
17010.19008213824
18786.12522122379
16933.27412832497
17986.441206913754
18547.337023158092
17568.067993954617
19224.363945841462
19572.612941948973
19130.43814206397
19133.60155578575
18898.136925151513
18989.696798525085
20215.215359695216
21346.47513635174
20055.47506614135
20519.550955561564
21406.835399084626
20410.033055723663
21956.340898897368
22746.500130313827
22493.95525018638
22240.206094338402
22931.892741334566
22272.21404287918
23010.58501332586
22349.990496573497
22758.54302308263
22557.966897771686
22570.939579221184
22809.45583010025
22310.977054210958
21752.08369988584
22047.23495377191
22185.780614701827
21173.61316326547
21793.909257438776
20643.212054071155
20499.35280197552
20420.09918013181
22083.73253075444
21785.832795036164
21456.030600024744
22979.74364508428
22968.157903337484
22848.2017560832
22649.33435259231
18635.668395562156
18824.435771553755
18327.39701078813
19129.75231575305
19245.75985803593
18907.8893915469
19780.410625107106
20122.134133637785
19515.442058587534
19656.466390335845
19947.85551569302
19365.302716826107
20581.439806106748
21190.696636213077
20560.88077098142
20636.953047637187
21092.462530422697
20604.581726665634
21512.290160521334
21914.587124747934
21606.559034956503
21533.487106939574
22149.343886819886
21742.780775494637
22258.803260666904
22440.683780610747
22372.053613242475
22209.267407247873
22423.14605130484
22207.410552911082
22672.017495740973
22739.46804387618
22509.12738924536
22588.517401417543
22399.291222834967
22419.853980640903
22736.311160245274
22733.736040170967
22479.622948594035
23044.7850738889
23123.998351145725
22912.01586375501
23462.475373493762
23264.947077574987
23372.556125443585
23133.118364472528
19449.08660355583
19556.191499344335
19307.701634749345
19621.69017998128
19729.16369591188
19553.720327400835
19997.00890974252
20343.285129046417
19957.78302301716
19999.400007610384
20259.406648745637
19882.49051669762
20723.79620021983
21116.370673609264
20677.88148010803
20807.98178015385
21239.80610272085
20769.54426856175
21884.500830456032
22162.493058065116
21602.990750944715
21715.94112414201
21928.073648080666
21536.1493727614
22369.409623883505
22540.927696423038
22261.889371552217
22803.2622196886
22852.368326194544
22543.14855878009
23329.482629239854
23266.67079697497
22908.50413935674
23088.49601325146
22975.864208623167
22773.91200170211
23278.697543868147
23346.241240696294
23160.248413625428
23572.56773086145
23549.84229778924
23412.96729056827
23774.877726171835
23618.78398927975
23695.727862077285
23542.426231670113
19659.50001263874
19723.85967562422
19654.72973720185
19684.615688127
19480.022434021826
19654.54672604478
19157.246347531247
19960.11101959047
19792.750266602114
19542.050299481634
20300.53108546728
19935.3092188943
20813.35142041956
21459.297150254497
20828.326284553765
20559.36319981129
21799.75571066847
20735.906167451354
23645.927498165496
23892.293522124568
22455.937236920538
22942.900423531624
22713.878788719754
22121.830320890247
23707.190709362025
23481.960683854177
23176.6815322767
25523.504787746497
24659.298106960745
24461.4525424903
25261.43057195221
24457.56016407718
24080.07510723989
24616.896129856883
23732.2543990446
23653.6474798533
23993.302800410478
23793.459215470106
23764.399560613143
24581.99649984784
24085.72341262431
24259.72151946369
24054.430415659655
23932.466016860468
24001.148182430425
23855.081500165157
20362.311498383002
18998.449672526982
19851.954189227345
21219.786639783695
19282.020225831533
20759.274166616317
20319.543010921054
19130.84819956663
18135.224905491443
18750.888094578077
19023.2636611625
18612.4097322455
20054.773956642868
22232.95245661892
20267.610973680527
22292.381605023475
23141.332785154445
20760.586062542214
26972.824878127936
29668.05845184974
25921.78320217371
26649.60857043689
26567.788063108877
24664.058822709816
28620.154231286702
26491.72125787779
26967.37590520708
29579.71135757025
28279.21097393432
29439.623226206633
28781.42418468334
27130.77228470685
26668.113232713265
27621.262047464785
25495.320685457373
25960.700228659003
25637.93304594555
24489.028236185848
25007.83963099948
27781.715716014824
25847.10516473516
26556.96698388681
26760.92909076347
24150.296638570133
25101.995697737697
24093.108611786894
22891.70903800295
21794.612175080256
21997.29030953499
24703.668440822257
24194.05734311778
23812.060293613635
26087.736435512823
25719.126390424935
23430.950452591886
24811.34333330088
22616.03313292472
21935.865960630603
25431.506075617846
25657.164677881843
23898.011457998447
28363.085168479134
28299.912345589393
26910.38119001437
31130.653674424826
30985.187786966137
28521.077342314944
29723.42256276919
29149.268554113572
27581.334699729512
30778.95971088542
30148.97475168831
29974.39826685782
33423.139621459624
32540.753169619296
31941.76208543268
34542.47093110355
32823.218927209135
31298.380369205246
32806.525673029784
29657.79101894061
29977.13689911037
30889.074195321962
28829.544550880833
29252.504090987644
34597.569295769965
32429.755615988775
32672.323585617218
34097.529828212246
30304.702774796533
32167.545637128405
28503.01386425457
26276.926383648046
26298.80457733771
25533.429792736606
27429.02760394859
28026.810523994525
26913.209515770992
30305.2554172152
30934.54709056408
28371.00853393772
29381.47425044274
28452.47665856615
27272.842294605587
31232.494373256428
31253.514507908712
29801.339781877607
34033.02434687607
34440.7751874657
32649.596043718782
38061.00673482617
37899.61911382972
34416.324468601844
36219.64777187296
34043.17717265764
32707.019116036397
37159.96285836509
35993.75517734048
35168.57272797143
41769.95533882634
40488.323540404526
39374.729820842025
43791.87757407048
41384.82053018197
38713.90408742322
41145.41645847096
36715.99542749295
36510.88792161709
38896.7406445778
36445.68374406759
36672.74200291812
43746.04065009469
40875.51976572466
41271.76434685539
42396.8261644226
38162.309040200606
40273.08716724146
36097.66440884711
28044.900111891424
29386.71240918801
27809.852521819135
29825.545300399386
31327.298381680448
28215.51784014597
33979.640718926894
34517.53120819092
31994.573328177416
32920.36695724173
33131.25390620836
31157.77368428171
36686.64623699324
37687.02133677444
35387.426646778156
38589.19280298831
41037.66742160226
37838.951988425884
42981.64769103739
44091.706130925915
41384.31251649181
42457.11484303124
42027.036673550676
39845.2092262641
46697.095571857775
45999.41439376206
44285.29734777697
48182.60185192476
52934.63449586947
48260.78017418322
51173.19971490481
48801.51131767048
49375.41527669225
51368.20736654068
46448.7551154366
46591.45875074883
48552.1177142864
45675.94647400531
46233.14538696352
50851.912412370344
51526.65253271474
50261.69499459881
48950.375899605024
46369.376516569726
47602.83211144492
44478.9191636687
32819.850229917596
33234.95430084036
31372.743290892122
35300.78848078631
36049.98589471998
34151.458472862934
39563.828793051114
39457.98534037208
36496.744787545016
37922.36542958824
37159.45699631377
35186.218061678985
39818.630980819165
41161.07523070135
39208.69926421801
41317.638778168744
41129.18153549243
40488.63192904493
40589.844433301725
42658.53233289941
42523.515178956266
41727.77620215895
44920.808176684695
42962.32939822523
45770.45425165081
49119.13218212747
47158.43701168647
42137.38247587223
45913.39923177178
44103.48135123007
46564.37111735712
49286.71862403585
48961.21203124819
47742.38490826206
50562.46203017359
50157.32968197794
50601.73162632395
50641.40179666126
50830.866021519076
50235.62163829274
50822.28653361463
50360.61228173248
51190.063152543655
50152.040469508334
50651.22340429985
49648.209549534404
36383.64249202304
38819.77289729598
36110.82083142554
39964.40722448971
37007.13242528857
44307.2035942841
43177.13527829792
42841.85325779586
42895.06298207446
41460.32969090102
43364.54507094354
40850.708085027334
42403.44612074418
40496.768432560704
42886.557405184096
36154.98624007837
37698.35216386906
37747.84794834268
38407.56550324916
39095.04065556658
37950.48998397157
42609.77635127195
39893.47384039287
40844.2876894499
37871.56540683409
46846.74062918706
44694.905171302
43926.845171109955
48197.65233490818
45528.77536650763
50166.629454748
51513.929169419054
50261.06976439607
50683.94295330756
49131.493282410556
52223.795611084744
51164.639774531635
51783.79612556279
