1 1 1 1 1 6 8 5
2 1 1 1 5 8 9 4
3 1 1 1 4 9 10 3
4 1 1 1 3 10 7 2
5 1 1 1 6 11 13 8
6 1 1 1 8 13 14 9
7 1 1 1 9 14 15 10
8 1 1 1 10 15 12 7
9 1 1 1 11 20 17 13
10 1 1 1 13 17 18 14
11 1 1 1 14 18 19 15
12 1 1 1 15 19 16 12
13 1 1 1 20 21 23 17
14 1 1 1 17 23 24 18
15 1 1 1 18 24 25 19
16 1 1 1 19 25 22 16
17 1 1 1 21 26 28 23
18 1 1 1 23 28 29 24
19 1 1 1 24 29 30 25
20 1 1 1 25 30 27 22
21 1 1 1 26 31 33 28
22 1 1 1 28 33 34 29
23 1 1 1 29 34 35 30
24 1 1 1 30 35 32 27
25 1 1 1 31 36 38 33
26 1 1 1 33 38 39 34
27 1 1 1 34 39 40 35
28 1 1 1 35 40 37 32
29 1 1 1 36 41 43 38
30 1 1 1 38 43 44 39
31 1 1 1 39 44 45 40
32 1 1 1 40 45 42 37
33 1 1 1 41 46 48 43
34 1 1 1 43 48 49 44
35 1 1 1 44 49 50 45
36 1 1 1 45 50 47 42
37 1 1 1 46 51 53 48
38 1 1 1 48 53 54 49
39 1 1 1 49 54 55 50
40 1 1 1 50 55 52 47
41 1 1 1 51 56 58 53
42 1 1 1 53 58 59 54
43 1 1 1 54 59 60 55
44 1 1 1 55 60 57 52
45 1 1 1 56 61 63 58
46 1 1 1 58 63 64 59
47 1 1 1 59 64 65 60
48 1 1 1 60 65 62 57
49 1 1 1 61 66 68 63
50 1 1 1 63 68 69 64
51 1 1 1 64 69 70 65
52 1 1 1 65 70 67 62
53 1 1 1 66 71 75 68
54 1 1 1 68 75 73 69
55 1 1 1 69 73 74 70
56 1 1 1 70 74 72 67
57 1 1 1 71 76 78 75
58 1 1 1 75 78 79 73
59 1 1 1 73 79 80 74
60 1 1 1 74 80 77 72
61 1 1 1 76 81 83 78
62 1 1 1 78 83 84 79
63 1 1 1 79 84 85 80
64 1 1 1 80 85 82 77
65 1 1 1 81 86 88 83
66 1 1 1 83 88 89 84
67 1 1 1 84 89 90 85
68 1 1 1 85 90 87 82
69 1 1 1 86 91 93 88
70 1 1 1 88 93 94 89
71 1 1 1 89 94 95 90
72 1 1 1 90 95 92 87
73 1 1 1 91 96 98 93
74 1 1 1 93 98 99 94
75 1 1 1 94 99 100 95
76 1 1 1 95 100 97 92
77 1 1 1 96 101 103 98
78 1 1 1 98 103 104 99
79 1 1 1 99 104 105 100
80 1 1 1 100 105 102 97
