1 1 1 1 1 5 348 272 44 45 562 563 564 565 287 288 566 567 568 569
2 1 1 1 5 6 346 348 46 47 570 571 572 573 563 562 574 575 576 577
3 1 1 1 348 346 289 347 573 572 578 579 580 581 582 583 584 585 586 587
4 1 1 1 272 348 347 271 565 564 583 582 588 589 285 286 590 591 592 593
5 1 1 1 271 347 351 270 589 588 594 595 596 597 283 284 598 599 600 601
6 1 1 1 347 289 349 351 581 580 602 603 604 605 595 594 606 607 608 609
7 1 1 1 351 349 290 350 605 604 610 611 612 613 614 615 616 617 618 619
8 1 1 1 270 351 350 269 597 596 615 614 620 621 281 282 622 623 624 625
9 1 1 1 269 350 354 268 621 620 626 627 628 629 279 280 630 631 632 633
10 1 1 1 350 290 352 354 613 612 634 635 636 637 627 626 638 639 640 641
11 1 1 1 354 352 291 353 637 636 642 643 644 645 646 647 648 649 650 651
12 1 1 1 268 354 353 267 629 628 647 646 652 653 277 278 654 655 656 657
13 1 1 1 267 353 356 266 653 652 658 659 660 661 275 276 662 663 664 665
14 1 1 1 353 291 355 356 645 644 666 667 668 669 659 658 670 671 672 673
15 1 1 1 356 355 184 185 669 668 674 675 262 263 676 677 678 679 680 681
16 1 1 1 266 356 185 4 661 660 677 676 264 265 273 274 682 683 684 685
17 1 1 1 6 7 359 346 48 49 686 687 688 689 571 570 690 691 692 693
18 1 1 1 7 8 357 359 50 51 694 695 696 697 687 686 698 699 700 701
19 1 1 1 359 357 292 358 697 696 702 703 704 705 706 707 708 709 710 711
20 1 1 1 346 359 358 289 689 688 707 706 712 713 579 578 714 715 716 717
21 1 1 1 289 358 362 349 713 712 718 719 720 721 603 602 722 723 724 725
22 1 1 1 358 292 360 362 705 704 726 727 728 729 719 718 730 731 732 733
23 1 1 1 362 360 293 361 729 728 734 735 736 737 738 739 740 741 742 743
24 1 1 1 349 362 361 290 721 720 739 738 744 745 611 610 746 747 748 749
25 1 1 1 290 361 365 352 745 744 750 751 752 753 635 634 754 755 756 757
26 1 1 1 361 293 363 365 737 736 758 759 760 761 751 750 762 763 764 765
27 1 1 1 365 363 294 364 761 760 766 767 768 769 770 771 772 773 774 775
28 1 1 1 352 365 364 291 753 752 771 770 776 777 643 642 778 779 780 781
29 1 1 1 291 364 367 355 777 776 782 783 784 785 667 666 786 787 788 789
30 1 1 1 364 294 366 367 769 768 790 791 792 793 783 782 794 795 796 797
31 1 1 1 367 366 182 183 793 792 798 799 258 259 800 801 802 803 804 805
32 1 1 1 355 367 183 184 785 784 801 800 260 261 675 674 806 807 808 809
33 1 1 1 8 9 370 357 52 53 810 811 812 813 695 694 814 815 816 817
34 1 1 1 9 10 368 370 54 55 818 819 820 821 811 810 822 823 824 825
35 1 1 1 370 368 295 369 821 820 826 827 828 829 830 831 832 833 834 835
36 1 1 1 357 370 369 292 813 812 831 830 836 837 703 702 838 839 840 841
37 1 1 1 292 369 373 360 837 836 842 843 844 845 727 726 846 847 848 849
38 1 1 1 369 295 371 373 829 828 850 851 852 853 843 842 854 855 856 857
39 1 1 1 373 371 296 372 853 852 858 859 860 861 862 863 864 865 866 867
40 1 1 1 360 373 372 293 845 844 863 862 868 869 735 734 870 871 872 873
41 1 1 1 293 372 376 363 869 868 874 875 876 877 759 758 878 879 880 881
42 1 1 1 372 296 374 376 861 860 882 883 884 885 875 874 886 887 888 889
43 1 1 1 376 374 297 375 885 884 890 891 892 893 894 895 896 897 898 899
44 1 1 1 363 376 375 294 877 876 895 894 900 901 767 766 902 903 904 905
45 1 1 1 294 375 378 366 901 900 906 907 908 909 791 790 910 911 912 913
46 1 1 1 375 297 377 378 893 892 914 915 916 917 907 906 918 919 920 921
47 1 1 1 378 377 180 181 917 916 922 923 254 255 924 925 926 927 928 929
48 1 1 1 366 378 181 182 909 908 925 924 256 257 799 798 930 931 932 933
49 1 1 1 10 11 381 368 56 57 934 935 936 937 819 818 938 939 940 941
50 1 1 1 11 12 379 381 58 59 942 943 944 945 935 934 946 947 948 949
51 1 1 1 381 379 298 380 945 944 950 951 952 953 954 955 956 957 958 959
52 1 1 1 368 381 380 295 937 936 955 954 960 961 827 826 962 963 964 965
53 1 1 1 295 380 384 371 961 960 966 967 968 969 851 850 970 971 972 973
54 1 1 1 380 298 382 384 953 952 974 975 976 977 967 966 978 979 980 981
55 1 1 1 384 382 299 383 977 976 982 983 984 985 986 987 988 989 990 991
56 1 1 1 371 384 383 296 969 968 987 986 992 993 859 858 994 995 996 997
57 1 1 1 296 383 387 374 993 992 998 999 1000 1001 883 882 1002 1003 1004 1005
58 1 1 1 383 299 385 387 985 984 1006 1007 1008 1009 999 998 1010 1011 1012 1013
59 1 1 1 387 385 300 386 1009 1008 1014 1015 1016 1017 1018 1019 1020 1021 1022 1023
60 1 1 1 374 387 386 297 1001 1000 1019 1018 1024 1025 891 890 1026 1027 1028 1029
61 1 1 1 297 386 389 377 1025 1024 1030 1031 1032 1033 915 914 1034 1035 1036 1037
62 1 1 1 386 300 388 389 1017 1016 1038 1039 1040 1041 1031 1030 1042 1043 1044 1045
63 1 1 1 389 388 178 179 1041 1040 1046 1047 250 251 1048 1049 1050 1051 1052 1053
64 1 1 1 377 389 179 180 1033 1032 1049 1048 252 253 923 922 1054 1055 1056 1057
65 1 1 1 12 13 392 379 60 61 1058 1059 1060 1061 943 942 1062 1063 1064 1065
66 1 1 1 13 14 390 392 62 63 1066 1067 1068 1069 1059 1058 1070 1071 1072 1073
67 1 1 1 392 390 301 391 1069 1068 1074 1075 1076 1077 1078 1079 1080 1081 1082 1083
68 1 1 1 379 392 391 298 1061 1060 1079 1078 1084 1085 951 950 1086 1087 1088 1089
69 1 1 1 298 391 395 382 1085 1084 1090 1091 1092 1093 975 974 1094 1095 1096 1097
70 1 1 1 391 301 393 395 1077 1076 1098 1099 1100 1101 1091 1090 1102 1103 1104 1105
71 1 1 1 395 393 302 394 1101 1100 1106 1107 1108 1109 1110 1111 1112 1113 1114 1115
72 1 1 1 382 395 394 299 1093 1092 1111 1110 1116 1117 983 982 1118 1119 1120 1121
73 1 1 1 299 394 398 385 1117 1116 1122 1123 1124 1125 1007 1006 1126 1127 1128 1129
74 1 1 1 394 302 396 398 1109 1108 1130 1131 1132 1133 1123 1122 1134 1135 1136 1137
75 1 1 1 398 396 303 397 1133 1132 1138 1139 1140 1141 1142 1143 1144 1145 1146 1147
76 1 1 1 385 398 397 300 1125 1124 1143 1142 1148 1149 1015 1014 1150 1151 1152 1153
77 1 1 1 300 397 400 388 1149 1148 1154 1155 1156 1157 1039 1038 1158 1159 1160 1161
78 1 1 1 397 303 399 400 1141 1140 1162 1163 1164 1165 1155 1154 1166 1167 1168 1169
79 1 1 1 400 399 176 177 1165 1164 1170 1171 246 247 1172 1173 1174 1175 1176 1177
80 1 1 1 388 400 177 178 1157 1156 1173 1172 248 249 1047 1046 1178 1179 1180 1181
81 1 1 1 14 15 403 390 64 65 1182 1183 1184 1185 1067 1066 1186 1187 1188 1189
82 1 1 1 15 16 401 403 66 67 1190 1191 1192 1193 1183 1182 1194 1195 1196 1197
83 1 1 1 403 401 304 402 1193 1192 1198 1199 1200 1201 1202 1203 1204 1205 1206 1207
84 1 1 1 390 403 402 301 1185 1184 1203 1202 1208 1209 1075 1074 1210 1211 1212 1213
85 1 1 1 301 402 406 393 1209 1208 1214 1215 1216 1217 1099 1098 1218 1219 1220 1221
86 1 1 1 402 304 404 406 1201 1200 1222 1223 1224 1225 1215 1214 1226 1227 1228 1229
87 1 1 1 406 404 305 405 1225 1224 1230 1231 1232 1233 1234 1235 1236 1237 1238 1239
88 1 1 1 393 406 405 302 1217 1216 1235 1234 1240 1241 1107 1106 1242 1243 1244 1245
89 1 1 1 302 405 409 396 1241 1240 1246 1247 1248 1249 1131 1130 1250 1251 1252 1253
90 1 1 1 405 305 407 409 1233 1232 1254 1255 1256 1257 1247 1246 1258 1259 1260 1261
91 1 1 1 409 407 306 408 1257 1256 1262 1263 1264 1265 1266 1267 1268 1269 1270 1271
92 1 1 1 396 409 408 303 1249 1248 1267 1266 1272 1273 1139 1138 1274 1275 1276 1277
93 1 1 1 303 408 411 399 1273 1272 1278 1279 1280 1281 1163 1162 1282 1283 1284 1285
94 1 1 1 408 306 410 411 1265 1264 1286 1287 1288 1289 1279 1278 1290 1291 1292 1293
95 1 1 1 411 410 174 175 1289 1288 1294 1295 242 243 1296 1297 1298 1299 1300 1301
96 1 1 1 399 411 175 176 1281 1280 1297 1296 244 245 1171 1170 1302 1303 1304 1305
97 1 1 1 16 17 414 401 68 69 1306 1307 1308 1309 1191 1190 1310 1311 1312 1313
98 1 1 1 17 18 412 414 70 71 1314 1315 1316 1317 1307 1306 1318 1319 1320 1321
99 1 1 1 414 412 307 413 1317 1316 1322 1323 1324 1325 1326 1327 1328 1329 1330 1331
100 1 1 1 401 414 413 304 1309 1308 1327 1326 1332 1333 1199 1198 1334 1335 1336 1337
101 1 1 1 304 413 417 404 1333 1332 1338 1339 1340 1341 1223 1222 1342 1343 1344 1345
102 1 1 1 413 307 415 417 1325 1324 1346 1347 1348 1349 1339 1338 1350 1351 1352 1353
103 1 1 1 417 415 308 416 1349 1348 1354 1355 1356 1357 1358 1359 1360 1361 1362 1363
104 1 1 1 404 417 416 305 1341 1340 1359 1358 1364 1365 1231 1230 1366 1367 1368 1369
105 1 1 1 305 416 420 407 1365 1364 1370 1371 1372 1373 1255 1254 1374 1375 1376 1377
106 1 1 1 416 308 418 420 1357 1356 1378 1379 1380 1381 1371 1370 1382 1383 1384 1385
107 1 1 1 420 418 309 419 1381 1380 1386 1387 1388 1389 1390 1391 1392 1393 1394 1395
108 1 1 1 407 420 419 306 1373 1372 1391 1390 1396 1397 1263 1262 1398 1399 1400 1401
109 1 1 1 306 419 422 410 1397 1396 1402 1403 1404 1405 1287 1286 1406 1407 1408 1409
110 1 1 1 419 309 421 422 1389 1388 1410 1411 1412 1413 1403 1402 1414 1415 1416 1417
111 1 1 1 422 421 172 173 1413 1412 1418 1419 238 239 1420 1421 1422 1423 1424 1425
112 1 1 1 410 422 173 174 1405 1404 1421 1420 240 241 1295 1294 1426 1427 1428 1429
113 1 1 1 18 19 425 412 72 73 1430 1431 1432 1433 1315 1314 1434 1435 1436 1437
114 1 1 1 19 20 423 425 74 75 1438 1439 1440 1441 1431 1430 1442 1443 1444 1445
115 1 1 1 425 423 310 424 1441 1440 1446 1447 1448 1449 1450 1451 1452 1453 1454 1455
116 1 1 1 412 425 424 307 1433 1432 1451 1450 1456 1457 1323 1322 1458 1459 1460 1461
117 1 1 1 307 424 428 415 1457 1456 1462 1463 1464 1465 1347 1346 1466 1467 1468 1469
118 1 1 1 424 310 426 428 1449 1448 1470 1471 1472 1473 1463 1462 1474 1475 1476 1477
119 1 1 1 428 426 311 427 1473 1472 1478 1479 1480 1481 1482 1483 1484 1485 1486 1487
120 1 1 1 415 428 427 308 1465 1464 1483 1482 1488 1489 1355 1354 1490 1491 1492 1493
121 1 1 1 308 427 431 418 1489 1488 1494 1495 1496 1497 1379 1378 1498 1499 1500 1501
122 1 1 1 427 311 429 431 1481 1480 1502 1503 1504 1505 1495 1494 1506 1507 1508 1509
123 1 1 1 431 429 312 430 1505 1504 1510 1511 1512 1513 1514 1515 1516 1517 1518 1519
124 1 1 1 418 431 430 309 1497 1496 1515 1514 1520 1521 1387 1386 1522 1523 1524 1525
125 1 1 1 309 430 433 421 1521 1520 1526 1527 1528 1529 1411 1410 1530 1531 1532 1533
126 1 1 1 430 312 432 433 1513 1512 1534 1535 1536 1537 1527 1526 1538 1539 1540 1541
127 1 1 1 433 432 170 171 1537 1536 1542 1543 234 235 1544 1545 1546 1547 1548 1549
128 1 1 1 421 433 171 172 1529 1528 1545 1544 236 237 1419 1418 1550 1551 1552 1553
129 1 1 1 20 21 436 423 76 77 1554 1555 1556 1557 1439 1438 1558 1559 1560 1561
130 1 1 1 21 22 434 436 78 79 1562 1563 1564 1565 1555 1554 1566 1567 1568 1569
131 1 1 1 436 434 313 435 1565 1564 1570 1571 1572 1573 1574 1575 1576 1577 1578 1579
132 1 1 1 423 436 435 310 1557 1556 1575 1574 1580 1581 1447 1446 1582 1583 1584 1585
133 1 1 1 310 435 439 426 1581 1580 1586 1587 1588 1589 1471 1470 1590 1591 1592 1593
134 1 1 1 435 313 437 439 1573 1572 1594 1595 1596 1597 1587 1586 1598 1599 1600 1601
135 1 1 1 439 437 314 438 1597 1596 1602 1603 1604 1605 1606 1607 1608 1609 1610 1611
136 1 1 1 426 439 438 311 1589 1588 1607 1606 1612 1613 1479 1478 1614 1615 1616 1617
137 1 1 1 311 438 442 429 1613 1612 1618 1619 1620 1621 1503 1502 1622 1623 1624 1625
138 1 1 1 438 314 440 442 1605 1604 1626 1627 1628 1629 1619 1618 1630 1631 1632 1633
139 1 1 1 442 440 315 441 1629 1628 1634 1635 1636 1637 1638 1639 1640 1641 1642 1643
140 1 1 1 429 442 441 312 1621 1620 1639 1638 1644 1645 1511 1510 1646 1647 1648 1649
141 1 1 1 312 441 444 432 1645 1644 1650 1651 1652 1653 1535 1534 1654 1655 1656 1657
142 1 1 1 441 315 443 444 1637 1636 1658 1659 1660 1661 1651 1650 1662 1663 1664 1665
143 1 1 1 444 443 168 169 1661 1660 1666 1667 230 231 1668 1669 1670 1671 1672 1673
144 1 1 1 432 444 169 170 1653 1652 1669 1668 232 233 1543 1542 1674 1675 1676 1677
145 1 1 1 22 23 447 434 80 81 1678 1679 1680 1681 1563 1562 1682 1683 1684 1685
146 1 1 1 23 24 445 447 82 83 1686 1687 1688 1689 1679 1678 1690 1691 1692 1693
147 1 1 1 447 445 316 446 1689 1688 1694 1695 1696 1697 1698 1699 1700 1701 1702 1703
148 1 1 1 434 447 446 313 1681 1680 1699 1698 1704 1705 1571 1570 1706 1707 1708 1709
149 1 1 1 313 446 450 437 1705 1704 1710 1711 1712 1713 1595 1594 1714 1715 1716 1717
150 1 1 1 446 316 448 450 1697 1696 1718 1719 1720 1721 1711 1710 1722 1723 1724 1725
151 1 1 1 450 448 317 449 1721 1720 1726 1727 1728 1729 1730 1731 1732 1733 1734 1735
152 1 1 1 437 450 449 314 1713 1712 1731 1730 1736 1737 1603 1602 1738 1739 1740 1741
153 1 1 1 314 449 453 440 1737 1736 1742 1743 1744 1745 1627 1626 1746 1747 1748 1749
154 1 1 1 449 317 451 453 1729 1728 1750 1751 1752 1753 1743 1742 1754 1755 1756 1757
155 1 1 1 453 451 318 452 1753 1752 1758 1759 1760 1761 1762 1763 1764 1765 1766 1767
156 1 1 1 440 453 452 315 1745 1744 1763 1762 1768 1769 1635 1634 1770 1771 1772 1773
157 1 1 1 315 452 455 443 1769 1768 1774 1775 1776 1777 1659 1658 1778 1779 1780 1781
158 1 1 1 452 318 454 455 1761 1760 1782 1783 1784 1785 1775 1774 1786 1787 1788 1789
159 1 1 1 455 454 166 167 1785 1784 1790 1791 226 227 1792 1793 1794 1795 1796 1797
160 1 1 1 443 455 167 168 1777 1776 1793 1792 228 229 1667 1666 1798 1799 1800 1801
161 1 1 1 24 25 458 445 84 85 1802 1803 1804 1805 1687 1686 1806 1807 1808 1809
162 1 1 1 25 26 456 458 86 87 1810 1811 1812 1813 1803 1802 1814 1815 1816 1817
163 1 1 1 458 456 319 457 1813 1812 1818 1819 1820 1821 1822 1823 1824 1825 1826 1827
164 1 1 1 445 458 457 316 1805 1804 1823 1822 1828 1829 1695 1694 1830 1831 1832 1833
165 1 1 1 316 457 461 448 1829 1828 1834 1835 1836 1837 1719 1718 1838 1839 1840 1841
166 1 1 1 457 319 459 461 1821 1820 1842 1843 1844 1845 1835 1834 1846 1847 1848 1849
167 1 1 1 461 459 320 460 1845 1844 1850 1851 1852 1853 1854 1855 1856 1857 1858 1859
168 1 1 1 448 461 460 317 1837 1836 1855 1854 1860 1861 1727 1726 1862 1863 1864 1865
169 1 1 1 317 460 464 451 1861 1860 1866 1867 1868 1869 1751 1750 1870 1871 1872 1873
170 1 1 1 460 320 462 464 1853 1852 1874 1875 1876 1877 1867 1866 1878 1879 1880 1881
171 1 1 1 464 462 321 463 1877 1876 1882 1883 1884 1885 1886 1887 1888 1889 1890 1891
172 1 1 1 451 464 463 318 1869 1868 1887 1886 1892 1893 1759 1758 1894 1895 1896 1897
173 1 1 1 318 463 466 454 1893 1892 1898 1899 1900 1901 1783 1782 1902 1903 1904 1905
174 1 1 1 463 321 465 466 1885 1884 1906 1907 1908 1909 1899 1898 1910 1911 1912 1913
175 1 1 1 466 465 164 165 1909 1908 1914 1915 222 223 1916 1917 1918 1919 1920 1921
176 1 1 1 454 466 165 166 1901 1900 1917 1916 224 225 1791 1790 1922 1923 1924 1925
177 1 1 1 26 27 469 456 88 89 1926 1927 1928 1929 1811 1810 1930 1931 1932 1933
178 1 1 1 27 28 467 469 90 91 1934 1935 1936 1937 1927 1926 1938 1939 1940 1941
179 1 1 1 469 467 322 468 1937 1936 1942 1943 1944 1945 1946 1947 1948 1949 1950 1951
180 1 1 1 456 469 468 319 1929 1928 1947 1946 1952 1953 1819 1818 1954 1955 1956 1957
181 1 1 1 319 468 472 459 1953 1952 1958 1959 1960 1961 1843 1842 1962 1963 1964 1965
182 1 1 1 468 322 470 472 1945 1944 1966 1967 1968 1969 1959 1958 1970 1971 1972 1973
183 1 1 1 472 470 323 471 1969 1968 1974 1975 1976 1977 1978 1979 1980 1981 1982 1983
184 1 1 1 459 472 471 320 1961 1960 1979 1978 1984 1985 1851 1850 1986 1987 1988 1989
185 1 1 1 320 471 475 462 1985 1984 1990 1991 1992 1993 1875 1874 1994 1995 1996 1997
186 1 1 1 471 323 473 475 1977 1976 1998 1999 2000 2001 1991 1990 2002 2003 2004 2005
187 1 1 1 475 473 324 474 2001 2000 2006 2007 2008 2009 2010 2011 2012 2013 2014 2015
188 1 1 1 462 475 474 321 1993 1992 2011 2010 2016 2017 1883 1882 2018 2019 2020 2021
189 1 1 1 321 474 477 465 2017 2016 2022 2023 2024 2025 1907 1906 2026 2027 2028 2029
190 1 1 1 474 324 476 477 2009 2008 2030 2031 2032 2033 2023 2022 2034 2035 2036 2037
191 1 1 1 477 476 162 163 2033 2032 2038 2039 218 219 2040 2041 2042 2043 2044 2045
192 1 1 1 465 477 163 164 2025 2024 2041 2040 220 221 1915 1914 2046 2047 2048 2049
193 1 1 1 28 29 480 467 92 93 2050 2051 2052 2053 1935 1934 2054 2055 2056 2057
194 1 1 1 29 30 478 480 94 95 2058 2059 2060 2061 2051 2050 2062 2063 2064 2065
195 1 1 1 480 478 325 479 2061 2060 2066 2067 2068 2069 2070 2071 2072 2073 2074 2075
196 1 1 1 467 480 479 322 2053 2052 2071 2070 2076 2077 1943 1942 2078 2079 2080 2081
197 1 1 1 322 479 483 470 2077 2076 2082 2083 2084 2085 1967 1966 2086 2087 2088 2089
198 1 1 1 479 325 481 483 2069 2068 2090 2091 2092 2093 2083 2082 2094 2095 2096 2097
199 1 1 1 483 481 326 482 2093 2092 2098 2099 2100 2101 2102 2103 2104 2105 2106 2107
200 1 1 1 470 483 482 323 2085 2084 2103 2102 2108 2109 1975 1974 2110 2111 2112 2113
201 1 1 1 323 482 486 473 2109 2108 2114 2115 2116 2117 1999 1998 2118 2119 2120 2121
202 1 1 1 482 326 484 486 2101 2100 2122 2123 2124 2125 2115 2114 2126 2127 2128 2129
203 1 1 1 486 484 327 485 2125 2124 2130 2131 2132 2133 2134 2135 2136 2137 2138 2139
204 1 1 1 473 486 485 324 2117 2116 2135 2134 2140 2141 2007 2006 2142 2143 2144 2145
205 1 1 1 324 485 488 476 2141 2140 2146 2147 2148 2149 2031 2030 2150 2151 2152 2153
206 1 1 1 485 327 487 488 2133 2132 2154 2155 2156 2157 2147 2146 2158 2159 2160 2161
207 1 1 1 488 487 160 161 2157 2156 2162 2163 214 215 2164 2165 2166 2167 2168 2169
208 1 1 1 476 488 161 162 2149 2148 2165 2164 216 217 2039 2038 2170 2171 2172 2173
209 1 1 1 30 31 491 478 96 97 2174 2175 2176 2177 2059 2058 2178 2179 2180 2181
210 1 1 1 31 32 489 491 98 99 2182 2183 2184 2185 2175 2174 2186 2187 2188 2189
211 1 1 1 491 489 328 490 2185 2184 2190 2191 2192 2193 2194 2195 2196 2197 2198 2199
212 1 1 1 478 491 490 325 2177 2176 2195 2194 2200 2201 2067 2066 2202 2203 2204 2205
213 1 1 1 325 490 494 481 2201 2200 2206 2207 2208 2209 2091 2090 2210 2211 2212 2213
214 1 1 1 490 328 492 494 2193 2192 2214 2215 2216 2217 2207 2206 2218 2219 2220 2221
215 1 1 1 494 492 329 493 2217 2216 2222 2223 2224 2225 2226 2227 2228 2229 2230 2231
216 1 1 1 481 494 493 326 2209 2208 2227 2226 2232 2233 2099 2098 2234 2235 2236 2237
217 1 1 1 326 493 497 484 2233 2232 2238 2239 2240 2241 2123 2122 2242 2243 2244 2245
218 1 1 1 493 329 495 497 2225 2224 2246 2247 2248 2249 2239 2238 2250 2251 2252 2253
219 1 1 1 497 495 330 496 2249 2248 2254 2255 2256 2257 2258 2259 2260 2261 2262 2263
220 1 1 1 484 497 496 327 2241 2240 2259 2258 2264 2265 2131 2130 2266 2267 2268 2269
221 1 1 1 327 496 499 487 2265 2264 2270 2271 2272 2273 2155 2154 2274 2275 2276 2277
222 1 1 1 496 330 498 499 2257 2256 2278 2279 2280 2281 2271 2270 2282 2283 2284 2285
223 1 1 1 499 498 158 159 2281 2280 2286 2287 210 211 2288 2289 2290 2291 2292 2293
224 1 1 1 487 499 159 160 2273 2272 2289 2288 212 213 2163 2162 2294 2295 2296 2297
225 1 1 1 32 33 502 489 100 101 2298 2299 2300 2301 2183 2182 2302 2303 2304 2305
226 1 1 1 33 34 500 502 102 103 2306 2307 2308 2309 2299 2298 2310 2311 2312 2313
227 1 1 1 502 500 331 501 2309 2308 2314 2315 2316 2317 2318 2319 2320 2321 2322 2323
228 1 1 1 489 502 501 328 2301 2300 2319 2318 2324 2325 2191 2190 2326 2327 2328 2329
229 1 1 1 328 501 505 492 2325 2324 2330 2331 2332 2333 2215 2214 2334 2335 2336 2337
230 1 1 1 501 331 503 505 2317 2316 2338 2339 2340 2341 2331 2330 2342 2343 2344 2345
231 1 1 1 505 503 332 504 2341 2340 2346 2347 2348 2349 2350 2351 2352 2353 2354 2355
232 1 1 1 492 505 504 329 2333 2332 2351 2350 2356 2357 2223 2222 2358 2359 2360 2361
233 1 1 1 329 504 508 495 2357 2356 2362 2363 2364 2365 2247 2246 2366 2367 2368 2369
234 1 1 1 504 332 506 508 2349 2348 2370 2371 2372 2373 2363 2362 2374 2375 2376 2377
235 1 1 1 508 506 333 507 2373 2372 2378 2379 2380 2381 2382 2383 2384 2385 2386 2387
236 1 1 1 495 508 507 330 2365 2364 2383 2382 2388 2389 2255 2254 2390 2391 2392 2393
237 1 1 1 330 507 510 498 2389 2388 2394 2395 2396 2397 2279 2278 2398 2399 2400 2401
238 1 1 1 507 333 509 510 2381 2380 2402 2403 2404 2405 2395 2394 2406 2407 2408 2409
239 1 1 1 510 509 156 157 2405 2404 2410 2411 206 207 2412 2413 2414 2415 2416 2417
240 1 1 1 498 510 157 158 2397 2396 2413 2412 208 209 2287 2286 2418 2419 2420 2421
241 1 1 1 34 35 513 500 104 105 2422 2423 2424 2425 2307 2306 2426 2427 2428 2429
242 1 1 1 35 36 511 513 106 107 2430 2431 2432 2433 2423 2422 2434 2435 2436 2437
243 1 1 1 513 511 334 512 2433 2432 2438 2439 2440 2441 2442 2443 2444 2445 2446 2447
244 1 1 1 500 513 512 331 2425 2424 2443 2442 2448 2449 2315 2314 2450 2451 2452 2453
245 1 1 1 331 512 516 503 2449 2448 2454 2455 2456 2457 2339 2338 2458 2459 2460 2461
246 1 1 1 512 334 514 516 2441 2440 2462 2463 2464 2465 2455 2454 2466 2467 2468 2469
247 1 1 1 516 514 335 515 2465 2464 2470 2471 2472 2473 2474 2475 2476 2477 2478 2479
248 1 1 1 503 516 515 332 2457 2456 2475 2474 2480 2481 2347 2346 2482 2483 2484 2485
249 1 1 1 332 515 519 506 2481 2480 2486 2487 2488 2489 2371 2370 2490 2491 2492 2493
250 1 1 1 515 335 517 519 2473 2472 2494 2495 2496 2497 2487 2486 2498 2499 2500 2501
251 1 1 1 519 517 336 518 2497 2496 2502 2503 2504 2505 2506 2507 2508 2509 2510 2511
252 1 1 1 506 519 518 333 2489 2488 2507 2506 2512 2513 2379 2378 2514 2515 2516 2517
253 1 1 1 333 518 521 509 2513 2512 2518 2519 2520 2521 2403 2402 2522 2523 2524 2525
254 1 1 1 518 336 520 521 2505 2504 2526 2527 2528 2529 2519 2518 2530 2531 2532 2533
255 1 1 1 521 520 154 155 2529 2528 2534 2535 202 203 2536 2537 2538 2539 2540 2541
256 1 1 1 509 521 155 156 2521 2520 2537 2536 204 205 2411 2410 2542 2543 2544 2545
257 1 1 1 36 37 524 511 108 109 2546 2547 2548 2549 2431 2430 2550 2551 2552 2553
258 1 1 1 37 38 522 524 110 111 2554 2555 2556 2557 2547 2546 2558 2559 2560 2561
259 1 1 1 524 522 337 523 2557 2556 2562 2563 2564 2565 2566 2567 2568 2569 2570 2571
260 1 1 1 511 524 523 334 2549 2548 2567 2566 2572 2573 2439 2438 2574 2575 2576 2577
261 1 1 1 334 523 527 514 2573 2572 2578 2579 2580 2581 2463 2462 2582 2583 2584 2585
262 1 1 1 523 337 525 527 2565 2564 2586 2587 2588 2589 2579 2578 2590 2591 2592 2593
263 1 1 1 527 525 338 526 2589 2588 2594 2595 2596 2597 2598 2599 2600 2601 2602 2603
264 1 1 1 514 527 526 335 2581 2580 2599 2598 2604 2605 2471 2470 2606 2607 2608 2609
265 1 1 1 335 526 530 517 2605 2604 2610 2611 2612 2613 2495 2494 2614 2615 2616 2617
266 1 1 1 526 338 528 530 2597 2596 2618 2619 2620 2621 2611 2610 2622 2623 2624 2625
267 1 1 1 530 528 339 529 2621 2620 2626 2627 2628 2629 2630 2631 2632 2633 2634 2635
268 1 1 1 517 530 529 336 2613 2612 2631 2630 2636 2637 2503 2502 2638 2639 2640 2641
269 1 1 1 336 529 532 520 2637 2636 2642 2643 2644 2645 2527 2526 2646 2647 2648 2649
270 1 1 1 529 339 531 532 2629 2628 2650 2651 2652 2653 2643 2642 2654 2655 2656 2657
271 1 1 1 532 531 152 153 2653 2652 2658 2659 198 199 2660 2661 2662 2663 2664 2665
272 1 1 1 520 532 153 154 2645 2644 2661 2660 200 201 2535 2534 2666 2667 2668 2669
273 1 1 1 38 39 535 522 112 113 2670 2671 2672 2673 2555 2554 2674 2675 2676 2677
274 1 1 1 39 40 533 535 114 115 2678 2679 2680 2681 2671 2670 2682 2683 2684 2685
275 1 1 1 535 533 340 534 2681 2680 2686 2687 2688 2689 2690 2691 2692 2693 2694 2695
276 1 1 1 522 535 534 337 2673 2672 2691 2690 2696 2697 2563 2562 2698 2699 2700 2701
277 1 1 1 337 534 538 525 2697 2696 2702 2703 2704 2705 2587 2586 2706 2707 2708 2709
278 1 1 1 534 340 536 538 2689 2688 2710 2711 2712 2713 2703 2702 2714 2715 2716 2717
279 1 1 1 538 536 341 537 2713 2712 2718 2719 2720 2721 2722 2723 2724 2725 2726 2727
280 1 1 1 525 538 537 338 2705 2704 2723 2722 2728 2729 2595 2594 2730 2731 2732 2733
281 1 1 1 338 537 541 528 2729 2728 2734 2735 2736 2737 2619 2618 2738 2739 2740 2741
282 1 1 1 537 341 539 541 2721 2720 2742 2743 2744 2745 2735 2734 2746 2747 2748 2749
283 1 1 1 541 539 342 540 2745 2744 2750 2751 2752 2753 2754 2755 2756 2757 2758 2759
284 1 1 1 528 541 540 339 2737 2736 2755 2754 2760 2761 2627 2626 2762 2763 2764 2765
285 1 1 1 339 540 543 531 2761 2760 2766 2767 2768 2769 2651 2650 2770 2771 2772 2773
286 1 1 1 540 342 542 543 2753 2752 2774 2775 2776 2777 2767 2766 2778 2779 2780 2781
287 1 1 1 543 542 150 151 2777 2776 2782 2783 194 195 2784 2785 2786 2787 2788 2789
288 1 1 1 531 543 151 152 2769 2768 2785 2784 196 197 2659 2658 2790 2791 2792 2793
289 1 1 1 40 41 546 533 116 117 2794 2795 2796 2797 2679 2678 2798 2799 2800 2801
290 1 1 1 41 42 544 546 118 119 2802 2803 2804 2805 2795 2794 2806 2807 2808 2809
291 1 1 1 546 544 343 545 2805 2804 2810 2811 2812 2813 2814 2815 2816 2817 2818 2819
292 1 1 1 533 546 545 340 2797 2796 2815 2814 2820 2821 2687 2686 2822 2823 2824 2825
293 1 1 1 340 545 549 536 2821 2820 2826 2827 2828 2829 2711 2710 2830 2831 2832 2833
294 1 1 1 545 343 547 549 2813 2812 2834 2835 2836 2837 2827 2826 2838 2839 2840 2841
295 1 1 1 549 547 344 548 2837 2836 2842 2843 2844 2845 2846 2847 2848 2849 2850 2851
296 1 1 1 536 549 548 341 2829 2828 2847 2846 2852 2853 2719 2718 2854 2855 2856 2857
297 1 1 1 341 548 552 539 2853 2852 2858 2859 2860 2861 2743 2742 2862 2863 2864 2865
298 1 1 1 548 344 550 552 2845 2844 2866 2867 2868 2869 2859 2858 2870 2871 2872 2873
299 1 1 1 552 550 345 551 2869 2868 2874 2875 2876 2877 2878 2879 2880 2881 2882 2883
300 1 1 1 539 552 551 342 2861 2860 2879 2878 2884 2885 2751 2750 2886 2887 2888 2889
301 1 1 1 342 551 554 542 2885 2884 2890 2891 2892 2893 2775 2774 2894 2895 2896 2897
302 1 1 1 551 345 553 554 2877 2876 2898 2899 2900 2901 2891 2890 2902 2903 2904 2905
303 1 1 1 554 553 148 149 2901 2900 2906 2907 190 191 2908 2909 2910 2911 2912 2913
304 1 1 1 542 554 149 150 2893 2892 2909 2908 192 193 2783 2782 2914 2915 2916 2917
305 1 1 1 42 43 556 544 120 121 2918 2919 2920 2921 2803 2802 2922 2923 2924 2925
306 1 1 1 43 2 124 556 122 123 131 132 2926 2927 2919 2918 2928 2929 2930 2931
307 1 1 1 556 124 125 555 2927 2926 133 134 2932 2933 2934 2935 2936 2937 2938 2939
308 1 1 1 544 556 555 343 2921 2920 2935 2934 2940 2941 2811 2810 2942 2943 2944 2945
309 1 1 1 343 555 558 547 2941 2940 2946 2947 2948 2949 2835 2834 2950 2951 2952 2953
310 1 1 1 555 125 126 558 2933 2932 135 136 2954 2955 2947 2946 2956 2957 2958 2959
311 1 1 1 558 126 127 557 2955 2954 137 138 2960 2961 2962 2963 2964 2965 2966 2967
312 1 1 1 547 558 557 344 2949 2948 2963 2962 2968 2969 2843 2842 2970 2971 2972 2973
313 1 1 1 344 557 560 550 2969 2968 2974 2975 2976 2977 2867 2866 2978 2979 2980 2981
314 1 1 1 557 127 128 560 2961 2960 139 140 2982 2983 2975 2974 2984 2985 2986 2987
315 1 1 1 560 128 129 559 2983 2982 141 142 2988 2989 2990 2991 2992 2993 2994 2995
316 1 1 1 550 560 559 345 2977 2976 2991 2990 2996 2997 2875 2874 2998 2999 3000 3001
317 1 1 1 345 559 561 553 2997 2996 3002 3003 3004 3005 2899 2898 3006 3007 3008 3009
318 1 1 1 559 129 130 561 2989 2988 143 144 3010 3011 3003 3002 3012 3013 3014 3015
319 1 1 1 561 130 3 147 3011 3010 145 146 186 187 3016 3017 3018 3019 3020 3021
320 1 1 1 553 561 147 148 3005 3004 3017 3016 188 189 2907 2906 3022 3023 3024 3025
