1 1 1 1 1 5 265 258 64 560 561 264 562
2 1 1 1 258 265 266 257 561 563 564 263 565
3 1 1 1 257 266 267 256 564 566 567 262 568
4 1 1 1 256 267 268 255 567 569 570 261 571
5 1 1 1 255 268 269 254 570 572 573 260 574
6 1 1 1 254 269 193 4 573 575 253 259 576
7 1 1 1 5 6 270 265 65 577 578 560 579
8 1 1 1 265 270 271 266 578 580 581 563 582
9 1 1 1 266 271 272 267 581 583 584 566 585
10 1 1 1 267 272 273 268 584 586 587 569 588
11 1 1 1 268 273 274 269 587 589 590 572 591
12 1 1 1 269 274 192 193 590 592 252 575 593
13 1 1 1 6 7 275 270 66 594 595 577 596
14 1 1 1 270 275 276 271 595 597 598 580 599
15 1 1 1 271 276 277 272 598 600 601 583 602
16 1 1 1 272 277 278 273 601 603 604 586 605
17 1 1 1 273 278 279 274 604 606 607 589 608
18 1 1 1 274 279 191 192 607 609 251 592 610
19 1 1 1 7 8 280 275 67 611 612 594 613
20 1 1 1 275 280 281 276 612 614 615 597 616
21 1 1 1 276 281 282 277 615 617 618 600 619
22 1 1 1 277 282 283 278 618 620 621 603 622
23 1 1 1 278 283 284 279 621 623 624 606 625
24 1 1 1 279 284 190 191 624 626 250 609 627
25 1 1 1 8 9 285 280 68 628 629 611 630
26 1 1 1 280 285 286 281 629 631 632 614 633
27 1 1 1 281 286 287 282 632 634 635 617 636
28 1 1 1 282 287 288 283 635 637 638 620 639
29 1 1 1 283 288 289 284 638 640 641 623 642
30 1 1 1 284 289 189 190 641 643 249 626 644
31 1 1 1 9 10 290 285 69 645 646 628 647
32 1 1 1 285 290 291 286 646 648 649 631 650
33 1 1 1 286 291 292 287 649 651 652 634 653
34 1 1 1 287 292 293 288 652 654 655 637 656
35 1 1 1 288 293 294 289 655 657 658 640 659
36 1 1 1 289 294 188 189 658 660 248 643 661
37 1 1 1 10 11 295 290 70 662 663 645 664
38 1 1 1 290 295 296 291 663 665 666 648 667
39 1 1 1 291 296 297 292 666 668 669 651 670
40 1 1 1 292 297 298 293 669 671 672 654 673
41 1 1 1 293 298 299 294 672 674 675 657 676
42 1 1 1 294 299 187 188 675 677 247 660 678
43 1 1 1 11 12 300 295 71 679 680 662 681
44 1 1 1 295 300 301 296 680 682 683 665 684
45 1 1 1 296 301 302 297 683 685 686 668 687
46 1 1 1 297 302 303 298 686 688 689 671 690
47 1 1 1 298 303 304 299 689 691 692 674 693
48 1 1 1 299 304 186 187 692 694 246 677 695
49 1 1 1 12 13 305 300 72 696 697 679 698
50 1 1 1 300 305 306 301 697 699 700 682 701
51 1 1 1 301 306 307 302 700 702 703 685 704
52 1 1 1 302 307 308 303 703 705 706 688 707
53 1 1 1 303 308 309 304 706 708 709 691 710
54 1 1 1 304 309 185 186 709 711 245 694 712
55 1 1 1 13 14 310 305 73 713 714 696 715
56 1 1 1 305 310 311 306 714 716 717 699 718
57 1 1 1 306 311 312 307 717 719 720 702 721
58 1 1 1 307 312 313 308 720 722 723 705 724
59 1 1 1 308 313 314 309 723 725 726 708 727
60 1 1 1 309 314 184 185 726 728 244 711 729
61 1 1 1 14 15 315 310 74 730 731 713 732
62 1 1 1 310 315 316 311 731 733 734 716 735
63 1 1 1 311 316 317 312 734 736 737 719 738
64 1 1 1 312 317 318 313 737 739 740 722 741
65 1 1 1 313 318 319 314 740 742 743 725 744
66 1 1 1 314 319 183 184 743 745 243 728 746
67 1 1 1 15 16 320 315 75 747 748 730 749
68 1 1 1 315 320 321 316 748 750 751 733 752
69 1 1 1 316 321 322 317 751 753 754 736 755
70 1 1 1 317 322 323 318 754 756 757 739 758
71 1 1 1 318 323 324 319 757 759 760 742 761
72 1 1 1 319 324 182 183 760 762 242 745 763
73 1 1 1 16 17 325 320 76 764 765 747 766
74 1 1 1 320 325 326 321 765 767 768 750 769
75 1 1 1 321 326 327 322 768 770 771 753 772
76 1 1 1 322 327 328 323 771 773 774 756 775
77 1 1 1 323 328 329 324 774 776 777 759 778
78 1 1 1 324 329 181 182 777 779 241 762 780
79 1 1 1 17 18 330 325 77 781 782 764 783
80 1 1 1 325 330 331 326 782 784 785 767 786
81 1 1 1 326 331 332 327 785 787 788 770 789
82 1 1 1 327 332 333 328 788 790 791 773 792
83 1 1 1 328 333 334 329 791 793 794 776 795
84 1 1 1 329 334 180 181 794 796 240 779 797
85 1 1 1 18 19 335 330 78 798 799 781 800
86 1 1 1 330 335 336 331 799 801 802 784 803
87 1 1 1 331 336 337 332 802 804 805 787 806
88 1 1 1 332 337 338 333 805 807 808 790 809
89 1 1 1 333 338 339 334 808 810 811 793 812
90 1 1 1 334 339 179 180 811 813 239 796 814
91 1 1 1 19 20 340 335 79 815 816 798 817
92 1 1 1 335 340 341 336 816 818 819 801 820
93 1 1 1 336 341 342 337 819 821 822 804 823
94 1 1 1 337 342 343 338 822 824 825 807 826
95 1 1 1 338 343 344 339 825 827 828 810 829
96 1 1 1 339 344 178 179 828 830 238 813 831
97 1 1 1 20 21 345 340 80 832 833 815 834
98 1 1 1 340 345 346 341 833 835 836 818 837
99 1 1 1 341 346 347 342 836 838 839 821 840
100 1 1 1 342 347 348 343 839 841 842 824 843
101 1 1 1 343 348 349 344 842 844 845 827 846
102 1 1 1 344 349 177 178 845 847 237 830 848
103 1 1 1 21 22 350 345 81 849 850 832 851
104 1 1 1 345 350 351 346 850 852 853 835 854
105 1 1 1 346 351 352 347 853 855 856 838 857
106 1 1 1 347 352 353 348 856 858 859 841 860
107 1 1 1 348 353 354 349 859 861 862 844 863
108 1 1 1 349 354 176 177 862 864 236 847 865
109 1 1 1 22 23 355 350 82 866 867 849 868
110 1 1 1 350 355 356 351 867 869 870 852 871
111 1 1 1 351 356 357 352 870 872 873 855 874
112 1 1 1 352 357 358 353 873 875 876 858 877
113 1 1 1 353 358 359 354 876 878 879 861 880
114 1 1 1 354 359 175 176 879 881 235 864 882
115 1 1 1 23 24 360 355 83 883 884 866 885
116 1 1 1 355 360 361 356 884 886 887 869 888
117 1 1 1 356 361 362 357 887 889 890 872 891
118 1 1 1 357 362 363 358 890 892 893 875 894
119 1 1 1 358 363 364 359 893 895 896 878 897
120 1 1 1 359 364 174 175 896 898 234 881 899
121 1 1 1 24 25 365 360 84 900 901 883 902
122 1 1 1 360 365 366 361 901 903 904 886 905
123 1 1 1 361 366 367 362 904 906 907 889 908
124 1 1 1 362 367 368 363 907 909 910 892 911
125 1 1 1 363 368 369 364 910 912 913 895 914
126 1 1 1 364 369 173 174 913 915 233 898 916
127 1 1 1 25 26 370 365 85 917 918 900 919
128 1 1 1 365 370 371 366 918 920 921 903 922
129 1 1 1 366 371 372 367 921 923 924 906 925
130 1 1 1 367 372 373 368 924 926 927 909 928
131 1 1 1 368 373 374 369 927 929 930 912 931
132 1 1 1 369 374 172 173 930 932 232 915 933
133 1 1 1 26 27 375 370 86 934 935 917 936
134 1 1 1 370 375 376 371 935 937 938 920 939
135 1 1 1 371 376 377 372 938 940 941 923 942
136 1 1 1 372 377 378 373 941 943 944 926 945
137 1 1 1 373 378 379 374 944 946 947 929 948
138 1 1 1 374 379 171 172 947 949 231 932 950
139 1 1 1 27 28 380 375 87 951 952 934 953
140 1 1 1 375 380 381 376 952 954 955 937 956
141 1 1 1 376 381 382 377 955 957 958 940 959
142 1 1 1 377 382 383 378 958 960 961 943 962
143 1 1 1 378 383 384 379 961 963 964 946 965
144 1 1 1 379 384 170 171 964 966 230 949 967
145 1 1 1 28 29 385 380 88 968 969 951 970
146 1 1 1 380 385 386 381 969 971 972 954 973
147 1 1 1 381 386 387 382 972 974 975 957 976
148 1 1 1 382 387 388 383 975 977 978 960 979
149 1 1 1 383 388 389 384 978 980 981 963 982
150 1 1 1 384 389 169 170 981 983 229 966 984
151 1 1 1 29 30 390 385 89 985 986 968 987
152 1 1 1 385 390 391 386 986 988 989 971 990
153 1 1 1 386 391 392 387 989 991 992 974 993
154 1 1 1 387 392 393 388 992 994 995 977 996
155 1 1 1 388 393 394 389 995 997 998 980 999
156 1 1 1 389 394 168 169 998 1000 228 983 1001
157 1 1 1 30 31 395 390 90 1002 1003 985 1004
158 1 1 1 390 395 396 391 1003 1005 1006 988 1007
159 1 1 1 391 396 397 392 1006 1008 1009 991 1010
160 1 1 1 392 397 398 393 1009 1011 1012 994 1013
161 1 1 1 393 398 399 394 1012 1014 1015 997 1016
162 1 1 1 394 399 167 168 1015 1017 227 1000 1018
163 1 1 1 31 32 400 395 91 1019 1020 1002 1021
164 1 1 1 395 400 401 396 1020 1022 1023 1005 1024
165 1 1 1 396 401 402 397 1023 1025 1026 1008 1027
166 1 1 1 397 402 403 398 1026 1028 1029 1011 1030
167 1 1 1 398 403 404 399 1029 1031 1032 1014 1033
168 1 1 1 399 404 166 167 1032 1034 226 1017 1035
169 1 1 1 32 33 405 400 92 1036 1037 1019 1038
170 1 1 1 400 405 406 401 1037 1039 1040 1022 1041
171 1 1 1 401 406 407 402 1040 1042 1043 1025 1044
172 1 1 1 402 407 408 403 1043 1045 1046 1028 1047
173 1 1 1 403 408 409 404 1046 1048 1049 1031 1050
174 1 1 1 404 409 165 166 1049 1051 225 1034 1052
175 1 1 1 33 34 410 405 93 1053 1054 1036 1055
176 1 1 1 405 410 411 406 1054 1056 1057 1039 1058
177 1 1 1 406 411 412 407 1057 1059 1060 1042 1061
178 1 1 1 407 412 413 408 1060 1062 1063 1045 1064
179 1 1 1 408 413 414 409 1063 1065 1066 1048 1067
180 1 1 1 409 414 164 165 1066 1068 224 1051 1069
181 1 1 1 34 35 415 410 94 1070 1071 1053 1072
182 1 1 1 410 415 416 411 1071 1073 1074 1056 1075
183 1 1 1 411 416 417 412 1074 1076 1077 1059 1078
184 1 1 1 412 417 418 413 1077 1079 1080 1062 1081
185 1 1 1 413 418 419 414 1080 1082 1083 1065 1084
186 1 1 1 414 419 163 164 1083 1085 223 1068 1086
187 1 1 1 35 36 420 415 95 1087 1088 1070 1089
188 1 1 1 415 420 421 416 1088 1090 1091 1073 1092
189 1 1 1 416 421 422 417 1091 1093 1094 1076 1095
190 1 1 1 417 422 423 418 1094 1096 1097 1079 1098
191 1 1 1 418 423 424 419 1097 1099 1100 1082 1101
192 1 1 1 419 424 162 163 1100 1102 222 1085 1103
193 1 1 1 36 37 425 420 96 1104 1105 1087 1106
194 1 1 1 420 425 426 421 1105 1107 1108 1090 1109
195 1 1 1 421 426 427 422 1108 1110 1111 1093 1112
196 1 1 1 422 427 428 423 1111 1113 1114 1096 1115
197 1 1 1 423 428 429 424 1114 1116 1117 1099 1118
198 1 1 1 424 429 161 162 1117 1119 221 1102 1120
199 1 1 1 37 38 430 425 97 1121 1122 1104 1123
200 1 1 1 425 430 431 426 1122 1124 1125 1107 1126
201 1 1 1 426 431 432 427 1125 1127 1128 1110 1129
202 1 1 1 427 432 433 428 1128 1130 1131 1113 1132
203 1 1 1 428 433 434 429 1131 1133 1134 1116 1135
204 1 1 1 429 434 160 161 1134 1136 220 1119 1137
205 1 1 1 38 39 435 430 98 1138 1139 1121 1140
206 1 1 1 430 435 436 431 1139 1141 1142 1124 1143
207 1 1 1 431 436 437 432 1142 1144 1145 1127 1146
208 1 1 1 432 437 438 433 1145 1147 1148 1130 1149
209 1 1 1 433 438 439 434 1148 1150 1151 1133 1152
210 1 1 1 434 439 159 160 1151 1153 219 1136 1154
211 1 1 1 39 40 440 435 99 1155 1156 1138 1157
212 1 1 1 435 440 441 436 1156 1158 1159 1141 1160
213 1 1 1 436 441 442 437 1159 1161 1162 1144 1163
214 1 1 1 437 442 443 438 1162 1164 1165 1147 1166
215 1 1 1 438 443 444 439 1165 1167 1168 1150 1169
216 1 1 1 439 444 158 159 1168 1170 218 1153 1171
217 1 1 1 40 41 445 440 100 1172 1173 1155 1174
218 1 1 1 440 445 446 441 1173 1175 1176 1158 1177
219 1 1 1 441 446 447 442 1176 1178 1179 1161 1180
220 1 1 1 442 447 448 443 1179 1181 1182 1164 1183
221 1 1 1 443 448 449 444 1182 1184 1185 1167 1186
222 1 1 1 444 449 157 158 1185 1187 217 1170 1188
223 1 1 1 41 42 450 445 101 1189 1190 1172 1191
224 1 1 1 445 450 451 446 1190 1192 1193 1175 1194
225 1 1 1 446 451 452 447 1193 1195 1196 1178 1197
226 1 1 1 447 452 453 448 1196 1198 1199 1181 1200
227 1 1 1 448 453 454 449 1199 1201 1202 1184 1203
228 1 1 1 449 454 156 157 1202 1204 216 1187 1205
229 1 1 1 42 43 455 450 102 1206 1207 1189 1208
230 1 1 1 450 455 456 451 1207 1209 1210 1192 1211
231 1 1 1 451 456 457 452 1210 1212 1213 1195 1214
232 1 1 1 452 457 458 453 1213 1215 1216 1198 1217
233 1 1 1 453 458 459 454 1216 1218 1219 1201 1220
234 1 1 1 454 459 155 156 1219 1221 215 1204 1222
235 1 1 1 43 44 460 455 103 1223 1224 1206 1225
236 1 1 1 455 460 461 456 1224 1226 1227 1209 1228
237 1 1 1 456 461 462 457 1227 1229 1230 1212 1231
238 1 1 1 457 462 463 458 1230 1232 1233 1215 1234
239 1 1 1 458 463 464 459 1233 1235 1236 1218 1237
240 1 1 1 459 464 154 155 1236 1238 214 1221 1239
241 1 1 1 44 45 465 460 104 1240 1241 1223 1242
242 1 1 1 460 465 466 461 1241 1243 1244 1226 1245
243 1 1 1 461 466 467 462 1244 1246 1247 1229 1248
244 1 1 1 462 467 468 463 1247 1249 1250 1232 1251
245 1 1 1 463 468 469 464 1250 1252 1253 1235 1254
246 1 1 1 464 469 153 154 1253 1255 213 1238 1256
247 1 1 1 45 46 470 465 105 1257 1258 1240 1259
248 1 1 1 465 470 471 466 1258 1260 1261 1243 1262
249 1 1 1 466 471 472 467 1261 1263 1264 1246 1265
250 1 1 1 467 472 473 468 1264 1266 1267 1249 1268
251 1 1 1 468 473 474 469 1267 1269 1270 1252 1271
252 1 1 1 469 474 152 153 1270 1272 212 1255 1273
253 1 1 1 46 47 475 470 106 1274 1275 1257 1276
254 1 1 1 470 475 476 471 1275 1277 1278 1260 1279
255 1 1 1 471 476 477 472 1278 1280 1281 1263 1282
256 1 1 1 472 477 478 473 1281 1283 1284 1266 1285
257 1 1 1 473 478 479 474 1284 1286 1287 1269 1288
258 1 1 1 474 479 151 152 1287 1289 211 1272 1290
259 1 1 1 47 48 480 475 107 1291 1292 1274 1293
260 1 1 1 475 480 481 476 1292 1294 1295 1277 1296
261 1 1 1 476 481 482 477 1295 1297 1298 1280 1299
262 1 1 1 477 482 483 478 1298 1300 1301 1283 1302
263 1 1 1 478 483 484 479 1301 1303 1304 1286 1305
264 1 1 1 479 484 150 151 1304 1306 210 1289 1307
265 1 1 1 48 49 485 480 108 1308 1309 1291 1310
266 1 1 1 480 485 486 481 1309 1311 1312 1294 1313
267 1 1 1 481 486 487 482 1312 1314 1315 1297 1316
268 1 1 1 482 487 488 483 1315 1317 1318 1300 1319
269 1 1 1 483 488 489 484 1318 1320 1321 1303 1322
270 1 1 1 484 489 149 150 1321 1323 209 1306 1324
271 1 1 1 49 50 490 485 109 1325 1326 1308 1327
272 1 1 1 485 490 491 486 1326 1328 1329 1311 1330
273 1 1 1 486 491 492 487 1329 1331 1332 1314 1333
274 1 1 1 487 492 493 488 1332 1334 1335 1317 1336
275 1 1 1 488 493 494 489 1335 1337 1338 1320 1339
276 1 1 1 489 494 148 149 1338 1340 208 1323 1341
277 1 1 1 50 51 495 490 110 1342 1343 1325 1344
278 1 1 1 490 495 496 491 1343 1345 1346 1328 1347
279 1 1 1 491 496 497 492 1346 1348 1349 1331 1350
280 1 1 1 492 497 498 493 1349 1351 1352 1334 1353
281 1 1 1 493 498 499 494 1352 1354 1355 1337 1356
282 1 1 1 494 499 147 148 1355 1357 207 1340 1358
283 1 1 1 51 52 500 495 111 1359 1360 1342 1361
284 1 1 1 495 500 501 496 1360 1362 1363 1345 1364
285 1 1 1 496 501 502 497 1363 1365 1366 1348 1367
286 1 1 1 497 502 503 498 1366 1368 1369 1351 1370
287 1 1 1 498 503 504 499 1369 1371 1372 1354 1373
288 1 1 1 499 504 146 147 1372 1374 206 1357 1375
289 1 1 1 52 53 505 500 112 1376 1377 1359 1378
290 1 1 1 500 505 506 501 1377 1379 1380 1362 1381
291 1 1 1 501 506 507 502 1380 1382 1383 1365 1384
292 1 1 1 502 507 508 503 1383 1385 1386 1368 1387
293 1 1 1 503 508 509 504 1386 1388 1389 1371 1390
294 1 1 1 504 509 145 146 1389 1391 205 1374 1392
295 1 1 1 53 54 510 505 113 1393 1394 1376 1395
296 1 1 1 505 510 511 506 1394 1396 1397 1379 1398
297 1 1 1 506 511 512 507 1397 1399 1400 1382 1401
298 1 1 1 507 512 513 508 1400 1402 1403 1385 1404
299 1 1 1 508 513 514 509 1403 1405 1406 1388 1407
300 1 1 1 509 514 144 145 1406 1408 204 1391 1409
301 1 1 1 54 55 515 510 114 1410 1411 1393 1412
302 1 1 1 510 515 516 511 1411 1413 1414 1396 1415
303 1 1 1 511 516 517 512 1414 1416 1417 1399 1418
304 1 1 1 512 517 518 513 1417 1419 1420 1402 1421
305 1 1 1 513 518 519 514 1420 1422 1423 1405 1424
306 1 1 1 514 519 143 144 1423 1425 203 1408 1426
307 1 1 1 55 56 520 515 115 1427 1428 1410 1429
308 1 1 1 515 520 521 516 1428 1430 1431 1413 1432
309 1 1 1 516 521 522 517 1431 1433 1434 1416 1435
310 1 1 1 517 522 523 518 1434 1436 1437 1419 1438
311 1 1 1 518 523 524 519 1437 1439 1440 1422 1441
312 1 1 1 519 524 142 143 1440 1442 202 1425 1443
313 1 1 1 56 57 525 520 116 1444 1445 1427 1446
314 1 1 1 520 525 526 521 1445 1447 1448 1430 1449
315 1 1 1 521 526 527 522 1448 1450 1451 1433 1452
316 1 1 1 522 527 528 523 1451 1453 1454 1436 1455
317 1 1 1 523 528 529 524 1454 1456 1457 1439 1458
318 1 1 1 524 529 141 142 1457 1459 201 1442 1460
319 1 1 1 57 58 530 525 117 1461 1462 1444 1463
320 1 1 1 525 530 531 526 1462 1464 1465 1447 1466
321 1 1 1 526 531 532 527 1465 1467 1468 1450 1469
322 1 1 1 527 532 533 528 1468 1470 1471 1453 1472
323 1 1 1 528 533 534 529 1471 1473 1474 1456 1475
324 1 1 1 529 534 140 141 1474 1476 200 1459 1477
325 1 1 1 58 59 535 530 118 1478 1479 1461 1480
326 1 1 1 530 535 536 531 1479 1481 1482 1464 1483
327 1 1 1 531 536 537 532 1482 1484 1485 1467 1486
328 1 1 1 532 537 538 533 1485 1487 1488 1470 1489
329 1 1 1 533 538 539 534 1488 1490 1491 1473 1492
330 1 1 1 534 539 139 140 1491 1493 199 1476 1494
331 1 1 1 59 60 540 535 119 1495 1496 1478 1497
332 1 1 1 535 540 541 536 1496 1498 1499 1481 1500
333 1 1 1 536 541 542 537 1499 1501 1502 1484 1503
334 1 1 1 537 542 543 538 1502 1504 1505 1487 1506
335 1 1 1 538 543 544 539 1505 1507 1508 1490 1509
336 1 1 1 539 544 138 139 1508 1510 198 1493 1511
337 1 1 1 60 61 545 540 120 1512 1513 1495 1514
338 1 1 1 540 545 546 541 1513 1515 1516 1498 1517
339 1 1 1 541 546 547 542 1516 1518 1519 1501 1520
340 1 1 1 542 547 548 543 1519 1521 1522 1504 1523
341 1 1 1 543 548 549 544 1522 1524 1525 1507 1526
342 1 1 1 544 549 137 138 1525 1527 197 1510 1528
343 1 1 1 61 62 550 545 121 1529 1530 1512 1531
344 1 1 1 545 550 551 546 1530 1532 1533 1515 1534
345 1 1 1 546 551 552 547 1533 1535 1536 1518 1537
346 1 1 1 547 552 553 548 1536 1538 1539 1521 1540
347 1 1 1 548 553 554 549 1539 1541 1542 1524 1543
348 1 1 1 549 554 136 137 1542 1544 196 1527 1545
349 1 1 1 62 63 555 550 122 1546 1547 1529 1548
350 1 1 1 550 555 556 551 1547 1549 1550 1532 1551
351 1 1 1 551 556 557 552 1550 1552 1553 1535 1554
352 1 1 1 552 557 558 553 1553 1555 1556 1538 1557
353 1 1 1 553 558 559 554 1556 1558 1559 1541 1560
354 1 1 1 554 559 135 136 1559 1561 195 1544 1562
355 1 1 1 63 2 124 555 123 129 1563 1546 1564
356 1 1 1 555 124 125 556 1563 130 1565 1549 1566
357 1 1 1 556 125 126 557 1565 131 1567 1552 1568
358 1 1 1 557 126 127 558 1567 132 1569 1555 1570
359 1 1 1 558 127 128 559 1569 133 1571 1558 1572
360 1 1 1 559 128 3 135 1571 134 194 1561 1573
