1 1 1 1 1 5 397 384 64 65 692 693 694 695 395 396 696 697 698 699
2 1 1 1 384 397 398 383 695 694 700 701 702 703 393 394 704 705 706 707
3 1 1 1 383 398 399 382 703 702 708 709 710 711 391 392 712 713 714 715
4 1 1 1 382 399 400 381 711 710 716 717 718 719 389 390 720 721 722 723
5 1 1 1 381 400 401 380 719 718 724 725 726 727 387 388 728 729 730 731
6 1 1 1 380 401 259 4 727 726 732 733 378 379 385 386 734 735 736 737
7 1 1 1 5 6 402 397 66 67 738 739 740 741 693 692 742 743 744 745
8 1 1 1 397 402 403 398 741 740 746 747 748 749 701 700 750 751 752 753
9 1 1 1 398 403 404 399 749 748 754 755 756 757 709 708 758 759 760 761
10 1 1 1 399 404 405 400 757 756 762 763 764 765 717 716 766 767 768 769
11 1 1 1 400 405 406 401 765 764 770 771 772 773 725 724 774 775 776 777
12 1 1 1 401 406 258 259 773 772 778 779 376 377 733 732 780 781 782 783
13 1 1 1 6 7 407 402 68 69 784 785 786 787 739 738 788 789 790 791
14 1 1 1 402 407 408 403 787 786 792 793 794 795 747 746 796 797 798 799
15 1 1 1 403 408 409 404 795 794 800 801 802 803 755 754 804 805 806 807
16 1 1 1 404 409 410 405 803 802 808 809 810 811 763 762 812 813 814 815
17 1 1 1 405 410 411 406 811 810 816 817 818 819 771 770 820 821 822 823
18 1 1 1 406 411 257 258 819 818 824 825 374 375 779 778 826 827 828 829
19 1 1 1 7 8 412 407 70 71 830 831 832 833 785 784 834 835 836 837
20 1 1 1 407 412 413 408 833 832 838 839 840 841 793 792 842 843 844 845
21 1 1 1 408 413 414 409 841 840 846 847 848 849 801 800 850 851 852 853
22 1 1 1 409 414 415 410 849 848 854 855 856 857 809 808 858 859 860 861
23 1 1 1 410 415 416 411 857 856 862 863 864 865 817 816 866 867 868 869
24 1 1 1 411 416 256 257 865 864 870 871 372 373 825 824 872 873 874 875
25 1 1 1 8 9 417 412 72 73 876 877 878 879 831 830 880 881 882 883
26 1 1 1 412 417 418 413 879 878 884 885 886 887 839 838 888 889 890 891
27 1 1 1 413 418 419 414 887 886 892 893 894 895 847 846 896 897 898 899
28 1 1 1 414 419 420 415 895 894 900 901 902 903 855 854 904 905 906 907
29 1 1 1 415 420 421 416 903 902 908 909 910 911 863 862 912 913 914 915
30 1 1 1 416 421 255 256 911 910 916 917 370 371 871 870 918 919 920 921
31 1 1 1 9 10 422 417 74 75 922 923 924 925 877 876 926 927 928 929
32 1 1 1 417 422 423 418 925 924 930 931 932 933 885 884 934 935 936 937
33 1 1 1 418 423 424 419 933 932 938 939 940 941 893 892 942 943 944 945
34 1 1 1 419 424 425 420 941 940 946 947 948 949 901 900 950 951 952 953
35 1 1 1 420 425 426 421 949 948 954 955 956 957 909 908 958 959 960 961
36 1 1 1 421 426 254 255 957 956 962 963 368 369 917 916 964 965 966 967
37 1 1 1 10 11 427 422 76 77 968 969 970 971 923 922 972 973 974 975
38 1 1 1 422 427 428 423 971 970 976 977 978 979 931 930 980 981 982 983
39 1 1 1 423 428 429 424 979 978 984 985 986 987 939 938 988 989 990 991
40 1 1 1 424 429 430 425 987 986 992 993 994 995 947 946 996 997 998 999
41 1 1 1 425 430 431 426 995 994 1000 1001 1002 1003 955 954 1004 1005 1006 1007
42 1 1 1 426 431 253 254 1003 1002 1008 1009 366 367 963 962 1010 1011 1012 1013
43 1 1 1 11 12 432 427 78 79 1014 1015 1016 1017 969 968 1018 1019 1020 1021
44 1 1 1 427 432 433 428 1017 1016 1022 1023 1024 1025 977 976 1026 1027 1028 1029
45 1 1 1 428 433 434 429 1025 1024 1030 1031 1032 1033 985 984 1034 1035 1036 1037
46 1 1 1 429 434 435 430 1033 1032 1038 1039 1040 1041 993 992 1042 1043 1044 1045
47 1 1 1 430 435 436 431 1041 1040 1046 1047 1048 1049 1001 1000 1050 1051 1052 1053
48 1 1 1 431 436 252 253 1049 1048 1054 1055 364 365 1009 1008 1056 1057 1058 1059
49 1 1 1 12 13 437 432 80 81 1060 1061 1062 1063 1015 1014 1064 1065 1066 1067
50 1 1 1 432 437 438 433 1063 1062 1068 1069 1070 1071 1023 1022 1072 1073 1074 1075
51 1 1 1 433 438 439 434 1071 1070 1076 1077 1078 1079 1031 1030 1080 1081 1082 1083
52 1 1 1 434 439 440 435 1079 1078 1084 1085 1086 1087 1039 1038 1088 1089 1090 1091
53 1 1 1 435 440 441 436 1087 1086 1092 1093 1094 1095 1047 1046 1096 1097 1098 1099
54 1 1 1 436 441 251 252 1095 1094 1100 1101 362 363 1055 1054 1102 1103 1104 1105
55 1 1 1 13 14 442 437 82 83 1106 1107 1108 1109 1061 1060 1110 1111 1112 1113
56 1 1 1 437 442 443 438 1109 1108 1114 1115 1116 1117 1069 1068 1118 1119 1120 1121
57 1 1 1 438 443 444 439 1117 1116 1122 1123 1124 1125 1077 1076 1126 1127 1128 1129
58 1 1 1 439 444 445 440 1125 1124 1130 1131 1132 1133 1085 1084 1134 1135 1136 1137
59 1 1 1 440 445 446 441 1133 1132 1138 1139 1140 1141 1093 1092 1142 1143 1144 1145
60 1 1 1 441 446 250 251 1141 1140 1146 1147 360 361 1101 1100 1148 1149 1150 1151
61 1 1 1 14 15 447 442 84 85 1152 1153 1154 1155 1107 1106 1156 1157 1158 1159
62 1 1 1 442 447 448 443 1155 1154 1160 1161 1162 1163 1115 1114 1164 1165 1166 1167
63 1 1 1 443 448 449 444 1163 1162 1168 1169 1170 1171 1123 1122 1172 1173 1174 1175
64 1 1 1 444 449 450 445 1171 1170 1176 1177 1178 1179 1131 1130 1180 1181 1182 1183
65 1 1 1 445 450 451 446 1179 1178 1184 1185 1186 1187 1139 1138 1188 1189 1190 1191
66 1 1 1 446 451 249 250 1187 1186 1192 1193 358 359 1147 1146 1194 1195 1196 1197
67 1 1 1 15 16 452 447 86 87 1198 1199 1200 1201 1153 1152 1202 1203 1204 1205
68 1 1 1 447 452 453 448 1201 1200 1206 1207 1208 1209 1161 1160 1210 1211 1212 1213
69 1 1 1 448 453 454 449 1209 1208 1214 1215 1216 1217 1169 1168 1218 1219 1220 1221
70 1 1 1 449 454 455 450 1217 1216 1222 1223 1224 1225 1177 1176 1226 1227 1228 1229
71 1 1 1 450 455 456 451 1225 1224 1230 1231 1232 1233 1185 1184 1234 1235 1236 1237
72 1 1 1 451 456 248 249 1233 1232 1238 1239 356 357 1193 1192 1240 1241 1242 1243
73 1 1 1 16 17 457 452 88 89 1244 1245 1246 1247 1199 1198 1248 1249 1250 1251
74 1 1 1 452 457 458 453 1247 1246 1252 1253 1254 1255 1207 1206 1256 1257 1258 1259
75 1 1 1 453 458 459 454 1255 1254 1260 1261 1262 1263 1215 1214 1264 1265 1266 1267
76 1 1 1 454 459 460 455 1263 1262 1268 1269 1270 1271 1223 1222 1272 1273 1274 1275
77 1 1 1 455 460 461 456 1271 1270 1276 1277 1278 1279 1231 1230 1280 1281 1282 1283
78 1 1 1 456 461 247 248 1279 1278 1284 1285 354 355 1239 1238 1286 1287 1288 1289
79 1 1 1 17 18 462 457 90 91 1290 1291 1292 1293 1245 1244 1294 1295 1296 1297
80 1 1 1 457 462 463 458 1293 1292 1298 1299 1300 1301 1253 1252 1302 1303 1304 1305
81 1 1 1 458 463 464 459 1301 1300 1306 1307 1308 1309 1261 1260 1310 1311 1312 1313
82 1 1 1 459 464 465 460 1309 1308 1314 1315 1316 1317 1269 1268 1318 1319 1320 1321
83 1 1 1 460 465 466 461 1317 1316 1322 1323 1324 1325 1277 1276 1326 1327 1328 1329
84 1 1 1 461 466 246 247 1325 1324 1330 1331 352 353 1285 1284 1332 1333 1334 1335
85 1 1 1 18 19 467 462 92 93 1336 1337 1338 1339 1291 1290 1340 1341 1342 1343
86 1 1 1 462 467 468 463 1339 1338 1344 1345 1346 1347 1299 1298 1348 1349 1350 1351
87 1 1 1 463 468 469 464 1347 1346 1352 1353 1354 1355 1307 1306 1356 1357 1358 1359
88 1 1 1 464 469 470 465 1355 1354 1360 1361 1362 1363 1315 1314 1364 1365 1366 1367
89 1 1 1 465 470 471 466 1363 1362 1368 1369 1370 1371 1323 1322 1372 1373 1374 1375
90 1 1 1 466 471 245 246 1371 1370 1376 1377 350 351 1331 1330 1378 1379 1380 1381
91 1 1 1 19 20 472 467 94 95 1382 1383 1384 1385 1337 1336 1386 1387 1388 1389
92 1 1 1 467 472 473 468 1385 1384 1390 1391 1392 1393 1345 1344 1394 1395 1396 1397
93 1 1 1 468 473 474 469 1393 1392 1398 1399 1400 1401 1353 1352 1402 1403 1404 1405
94 1 1 1 469 474 475 470 1401 1400 1406 1407 1408 1409 1361 1360 1410 1411 1412 1413
95 1 1 1 470 475 476 471 1409 1408 1414 1415 1416 1417 1369 1368 1418 1419 1420 1421
96 1 1 1 471 476 244 245 1417 1416 1422 1423 348 349 1377 1376 1424 1425 1426 1427
97 1 1 1 20 21 477 472 96 97 1428 1429 1430 1431 1383 1382 1432 1433 1434 1435
98 1 1 1 472 477 478 473 1431 1430 1436 1437 1438 1439 1391 1390 1440 1441 1442 1443
99 1 1 1 473 478 479 474 1439 1438 1444 1445 1446 1447 1399 1398 1448 1449 1450 1451
100 1 1 1 474 479 480 475 1447 1446 1452 1453 1454 1455 1407 1406 1456 1457 1458 1459
101 1 1 1 475 480 481 476 1455 1454 1460 1461 1462 1463 1415 1414 1464 1465 1466 1467
102 1 1 1 476 481 243 244 1463 1462 1468 1469 346 347 1423 1422 1470 1471 1472 1473
103 1 1 1 21 22 482 477 98 99 1474 1475 1476 1477 1429 1428 1478 1479 1480 1481
104 1 1 1 477 482 483 478 1477 1476 1482 1483 1484 1485 1437 1436 1486 1487 1488 1489
105 1 1 1 478 483 484 479 1485 1484 1490 1491 1492 1493 1445 1444 1494 1495 1496 1497
106 1 1 1 479 484 485 480 1493 1492 1498 1499 1500 1501 1453 1452 1502 1503 1504 1505
107 1 1 1 480 485 486 481 1501 1500 1506 1507 1508 1509 1461 1460 1510 1511 1512 1513
108 1 1 1 481 486 242 243 1509 1508 1514 1515 344 345 1469 1468 1516 1517 1518 1519
109 1 1 1 22 23 487 482 100 101 1520 1521 1522 1523 1475 1474 1524 1525 1526 1527
110 1 1 1 482 487 488 483 1523 1522 1528 1529 1530 1531 1483 1482 1532 1533 1534 1535
111 1 1 1 483 488 489 484 1531 1530 1536 1537 1538 1539 1491 1490 1540 1541 1542 1543
112 1 1 1 484 489 490 485 1539 1538 1544 1545 1546 1547 1499 1498 1548 1549 1550 1551
113 1 1 1 485 490 491 486 1547 1546 1552 1553 1554 1555 1507 1506 1556 1557 1558 1559
114 1 1 1 486 491 241 242 1555 1554 1560 1561 342 343 1515 1514 1562 1563 1564 1565
115 1 1 1 23 24 492 487 102 103 1566 1567 1568 1569 1521 1520 1570 1571 1572 1573
116 1 1 1 487 492 493 488 1569 1568 1574 1575 1576 1577 1529 1528 1578 1579 1580 1581
117 1 1 1 488 493 494 489 1577 1576 1582 1583 1584 1585 1537 1536 1586 1587 1588 1589
118 1 1 1 489 494 495 490 1585 1584 1590 1591 1592 1593 1545 1544 1594 1595 1596 1597
119 1 1 1 490 495 496 491 1593 1592 1598 1599 1600 1601 1553 1552 1602 1603 1604 1605
120 1 1 1 491 496 240 241 1601 1600 1606 1607 340 341 1561 1560 1608 1609 1610 1611
121 1 1 1 24 25 497 492 104 105 1612 1613 1614 1615 1567 1566 1616 1617 1618 1619
122 1 1 1 492 497 498 493 1615 1614 1620 1621 1622 1623 1575 1574 1624 1625 1626 1627
123 1 1 1 493 498 499 494 1623 1622 1628 1629 1630 1631 1583 1582 1632 1633 1634 1635
124 1 1 1 494 499 500 495 1631 1630 1636 1637 1638 1639 1591 1590 1640 1641 1642 1643
125 1 1 1 495 500 501 496 1639 1638 1644 1645 1646 1647 1599 1598 1648 1649 1650 1651
126 1 1 1 496 501 239 240 1647 1646 1652 1653 338 339 1607 1606 1654 1655 1656 1657
127 1 1 1 25 26 502 497 106 107 1658 1659 1660 1661 1613 1612 1662 1663 1664 1665
128 1 1 1 497 502 503 498 1661 1660 1666 1667 1668 1669 1621 1620 1670 1671 1672 1673
129 1 1 1 498 503 504 499 1669 1668 1674 1675 1676 1677 1629 1628 1678 1679 1680 1681
130 1 1 1 499 504 505 500 1677 1676 1682 1683 1684 1685 1637 1636 1686 1687 1688 1689
131 1 1 1 500 505 506 501 1685 1684 1690 1691 1692 1693 1645 1644 1694 1695 1696 1697
132 1 1 1 501 506 238 239 1693 1692 1698 1699 336 337 1653 1652 1700 1701 1702 1703
133 1 1 1 26 27 507 502 108 109 1704 1705 1706 1707 1659 1658 1708 1709 1710 1711
134 1 1 1 502 507 508 503 1707 1706 1712 1713 1714 1715 1667 1666 1716 1717 1718 1719
135 1 1 1 503 508 509 504 1715 1714 1720 1721 1722 1723 1675 1674 1724 1725 1726 1727
136 1 1 1 504 509 510 505 1723 1722 1728 1729 1730 1731 1683 1682 1732 1733 1734 1735
137 1 1 1 505 510 511 506 1731 1730 1736 1737 1738 1739 1691 1690 1740 1741 1742 1743
138 1 1 1 506 511 237 238 1739 1738 1744 1745 334 335 1699 1698 1746 1747 1748 1749
139 1 1 1 27 28 512 507 110 111 1750 1751 1752 1753 1705 1704 1754 1755 1756 1757
140 1 1 1 507 512 513 508 1753 1752 1758 1759 1760 1761 1713 1712 1762 1763 1764 1765
141 1 1 1 508 513 514 509 1761 1760 1766 1767 1768 1769 1721 1720 1770 1771 1772 1773
142 1 1 1 509 514 515 510 1769 1768 1774 1775 1776 1777 1729 1728 1778 1779 1780 1781
143 1 1 1 510 515 516 511 1777 1776 1782 1783 1784 1785 1737 1736 1786 1787 1788 1789
144 1 1 1 511 516 236 237 1785 1784 1790 1791 332 333 1745 1744 1792 1793 1794 1795
145 1 1 1 28 29 517 512 112 113 1796 1797 1798 1799 1751 1750 1800 1801 1802 1803
146 1 1 1 512 517 518 513 1799 1798 1804 1805 1806 1807 1759 1758 1808 1809 1810 1811
147 1 1 1 513 518 519 514 1807 1806 1812 1813 1814 1815 1767 1766 1816 1817 1818 1819
148 1 1 1 514 519 520 515 1815 1814 1820 1821 1822 1823 1775 1774 1824 1825 1826 1827
149 1 1 1 515 520 521 516 1823 1822 1828 1829 1830 1831 1783 1782 1832 1833 1834 1835
150 1 1 1 516 521 235 236 1831 1830 1836 1837 330 331 1791 1790 1838 1839 1840 1841
151 1 1 1 29 30 522 517 114 115 1842 1843 1844 1845 1797 1796 1846 1847 1848 1849
152 1 1 1 517 522 523 518 1845 1844 1850 1851 1852 1853 1805 1804 1854 1855 1856 1857
153 1 1 1 518 523 524 519 1853 1852 1858 1859 1860 1861 1813 1812 1862 1863 1864 1865
154 1 1 1 519 524 525 520 1861 1860 1866 1867 1868 1869 1821 1820 1870 1871 1872 1873
155 1 1 1 520 525 526 521 1869 1868 1874 1875 1876 1877 1829 1828 1878 1879 1880 1881
156 1 1 1 521 526 234 235 1877 1876 1882 1883 328 329 1837 1836 1884 1885 1886 1887
157 1 1 1 30 31 527 522 116 117 1888 1889 1890 1891 1843 1842 1892 1893 1894 1895
158 1 1 1 522 527 528 523 1891 1890 1896 1897 1898 1899 1851 1850 1900 1901 1902 1903
159 1 1 1 523 528 529 524 1899 1898 1904 1905 1906 1907 1859 1858 1908 1909 1910 1911
160 1 1 1 524 529 530 525 1907 1906 1912 1913 1914 1915 1867 1866 1916 1917 1918 1919
161 1 1 1 525 530 531 526 1915 1914 1920 1921 1922 1923 1875 1874 1924 1925 1926 1927
162 1 1 1 526 531 233 234 1923 1922 1928 1929 326 327 1883 1882 1930 1931 1932 1933
163 1 1 1 31 32 532 527 118 119 1934 1935 1936 1937 1889 1888 1938 1939 1940 1941
164 1 1 1 527 532 533 528 1937 1936 1942 1943 1944 1945 1897 1896 1946 1947 1948 1949
165 1 1 1 528 533 534 529 1945 1944 1950 1951 1952 1953 1905 1904 1954 1955 1956 1957
166 1 1 1 529 534 535 530 1953 1952 1958 1959 1960 1961 1913 1912 1962 1963 1964 1965
167 1 1 1 530 535 536 531 1961 1960 1966 1967 1968 1969 1921 1920 1970 1971 1972 1973
168 1 1 1 531 536 232 233 1969 1968 1974 1975 324 325 1929 1928 1976 1977 1978 1979
169 1 1 1 32 33 537 532 120 121 1980 1981 1982 1983 1935 1934 1984 1985 1986 1987
170 1 1 1 532 537 538 533 1983 1982 1988 1989 1990 1991 1943 1942 1992 1993 1994 1995
171 1 1 1 533 538 539 534 1991 1990 1996 1997 1998 1999 1951 1950 2000 2001 2002 2003
172 1 1 1 534 539 540 535 1999 1998 2004 2005 2006 2007 1959 1958 2008 2009 2010 2011
173 1 1 1 535 540 541 536 2007 2006 2012 2013 2014 2015 1967 1966 2016 2017 2018 2019
174 1 1 1 536 541 231 232 2015 2014 2020 2021 322 323 1975 1974 2022 2023 2024 2025
175 1 1 1 33 34 542 537 122 123 2026 2027 2028 2029 1981 1980 2030 2031 2032 2033
176 1 1 1 537 542 543 538 2029 2028 2034 2035 2036 2037 1989 1988 2038 2039 2040 2041
177 1 1 1 538 543 544 539 2037 2036 2042 2043 2044 2045 1997 1996 2046 2047 2048 2049
178 1 1 1 539 544 545 540 2045 2044 2050 2051 2052 2053 2005 2004 2054 2055 2056 2057
179 1 1 1 540 545 546 541 2053 2052 2058 2059 2060 2061 2013 2012 2062 2063 2064 2065
180 1 1 1 541 546 230 231 2061 2060 2066 2067 320 321 2021 2020 2068 2069 2070 2071
181 1 1 1 34 35 547 542 124 125 2072 2073 2074 2075 2027 2026 2076 2077 2078 2079
182 1 1 1 542 547 548 543 2075 2074 2080 2081 2082 2083 2035 2034 2084 2085 2086 2087
183 1 1 1 543 548 549 544 2083 2082 2088 2089 2090 2091 2043 2042 2092 2093 2094 2095
184 1 1 1 544 549 550 545 2091 2090 2096 2097 2098 2099 2051 2050 2100 2101 2102 2103
185 1 1 1 545 550 551 546 2099 2098 2104 2105 2106 2107 2059 2058 2108 2109 2110 2111
186 1 1 1 546 551 229 230 2107 2106 2112 2113 318 319 2067 2066 2114 2115 2116 2117
187 1 1 1 35 36 552 547 126 127 2118 2119 2120 2121 2073 2072 2122 2123 2124 2125
188 1 1 1 547 552 553 548 2121 2120 2126 2127 2128 2129 2081 2080 2130 2131 2132 2133
189 1 1 1 548 553 554 549 2129 2128 2134 2135 2136 2137 2089 2088 2138 2139 2140 2141
190 1 1 1 549 554 555 550 2137 2136 2142 2143 2144 2145 2097 2096 2146 2147 2148 2149
191 1 1 1 550 555 556 551 2145 2144 2150 2151 2152 2153 2105 2104 2154 2155 2156 2157
192 1 1 1 551 556 228 229 2153 2152 2158 2159 316 317 2113 2112 2160 2161 2162 2163
193 1 1 1 36 37 557 552 128 129 2164 2165 2166 2167 2119 2118 2168 2169 2170 2171
194 1 1 1 552 557 558 553 2167 2166 2172 2173 2174 2175 2127 2126 2176 2177 2178 2179
195 1 1 1 553 558 559 554 2175 2174 2180 2181 2182 2183 2135 2134 2184 2185 2186 2187
196 1 1 1 554 559 560 555 2183 2182 2188 2189 2190 2191 2143 2142 2192 2193 2194 2195
197 1 1 1 555 560 561 556 2191 2190 2196 2197 2198 2199 2151 2150 2200 2201 2202 2203
198 1 1 1 556 561 227 228 2199 2198 2204 2205 314 315 2159 2158 2206 2207 2208 2209
199 1 1 1 37 38 562 557 130 131 2210 2211 2212 2213 2165 2164 2214 2215 2216 2217
200 1 1 1 557 562 563 558 2213 2212 2218 2219 2220 2221 2173 2172 2222 2223 2224 2225
201 1 1 1 558 563 564 559 2221 2220 2226 2227 2228 2229 2181 2180 2230 2231 2232 2233
202 1 1 1 559 564 565 560 2229 2228 2234 2235 2236 2237 2189 2188 2238 2239 2240 2241
203 1 1 1 560 565 566 561 2237 2236 2242 2243 2244 2245 2197 2196 2246 2247 2248 2249
204 1 1 1 561 566 226 227 2245 2244 2250 2251 312 313 2205 2204 2252 2253 2254 2255
205 1 1 1 38 39 567 562 132 133 2256 2257 2258 2259 2211 2210 2260 2261 2262 2263
206 1 1 1 562 567 568 563 2259 2258 2264 2265 2266 2267 2219 2218 2268 2269 2270 2271
207 1 1 1 563 568 569 564 2267 2266 2272 2273 2274 2275 2227 2226 2276 2277 2278 2279
208 1 1 1 564 569 570 565 2275 2274 2280 2281 2282 2283 2235 2234 2284 2285 2286 2287
209 1 1 1 565 570 571 566 2283 2282 2288 2289 2290 2291 2243 2242 2292 2293 2294 2295
210 1 1 1 566 571 225 226 2291 2290 2296 2297 310 311 2251 2250 2298 2299 2300 2301
211 1 1 1 39 40 572 567 134 135 2302 2303 2304 2305 2257 2256 2306 2307 2308 2309
212 1 1 1 567 572 573 568 2305 2304 2310 2311 2312 2313 2265 2264 2314 2315 2316 2317
213 1 1 1 568 573 574 569 2313 2312 2318 2319 2320 2321 2273 2272 2322 2323 2324 2325
214 1 1 1 569 574 575 570 2321 2320 2326 2327 2328 2329 2281 2280 2330 2331 2332 2333
215 1 1 1 570 575 576 571 2329 2328 2334 2335 2336 2337 2289 2288 2338 2339 2340 2341
216 1 1 1 571 576 224 225 2337 2336 2342 2343 308 309 2297 2296 2344 2345 2346 2347
217 1 1 1 40 41 577 572 136 137 2348 2349 2350 2351 2303 2302 2352 2353 2354 2355
218 1 1 1 572 577 578 573 2351 2350 2356 2357 2358 2359 2311 2310 2360 2361 2362 2363
219 1 1 1 573 578 579 574 2359 2358 2364 2365 2366 2367 2319 2318 2368 2369 2370 2371
220 1 1 1 574 579 580 575 2367 2366 2372 2373 2374 2375 2327 2326 2376 2377 2378 2379
221 1 1 1 575 580 581 576 2375 2374 2380 2381 2382 2383 2335 2334 2384 2385 2386 2387
222 1 1 1 576 581 223 224 2383 2382 2388 2389 306 307 2343 2342 2390 2391 2392 2393
223 1 1 1 41 42 582 577 138 139 2394 2395 2396 2397 2349 2348 2398 2399 2400 2401
224 1 1 1 577 582 583 578 2397 2396 2402 2403 2404 2405 2357 2356 2406 2407 2408 2409
225 1 1 1 578 583 584 579 2405 2404 2410 2411 2412 2413 2365 2364 2414 2415 2416 2417
226 1 1 1 579 584 585 580 2413 2412 2418 2419 2420 2421 2373 2372 2422 2423 2424 2425
227 1 1 1 580 585 586 581 2421 2420 2426 2427 2428 2429 2381 2380 2430 2431 2432 2433
228 1 1 1 581 586 222 223 2429 2428 2434 2435 304 305 2389 2388 2436 2437 2438 2439
229 1 1 1 42 43 587 582 140 141 2440 2441 2442 2443 2395 2394 2444 2445 2446 2447
230 1 1 1 582 587 588 583 2443 2442 2448 2449 2450 2451 2403 2402 2452 2453 2454 2455
231 1 1 1 583 588 589 584 2451 2450 2456 2457 2458 2459 2411 2410 2460 2461 2462 2463
232 1 1 1 584 589 590 585 2459 2458 2464 2465 2466 2467 2419 2418 2468 2469 2470 2471
233 1 1 1 585 590 591 586 2467 2466 2472 2473 2474 2475 2427 2426 2476 2477 2478 2479
234 1 1 1 586 591 221 222 2475 2474 2480 2481 302 303 2435 2434 2482 2483 2484 2485
235 1 1 1 43 44 592 587 142 143 2486 2487 2488 2489 2441 2440 2490 2491 2492 2493
236 1 1 1 587 592 593 588 2489 2488 2494 2495 2496 2497 2449 2448 2498 2499 2500 2501
237 1 1 1 588 593 594 589 2497 2496 2502 2503 2504 2505 2457 2456 2506 2507 2508 2509
238 1 1 1 589 594 595 590 2505 2504 2510 2511 2512 2513 2465 2464 2514 2515 2516 2517
239 1 1 1 590 595 596 591 2513 2512 2518 2519 2520 2521 2473 2472 2522 2523 2524 2525
240 1 1 1 591 596 220 221 2521 2520 2526 2527 300 301 2481 2480 2528 2529 2530 2531
241 1 1 1 44 45 597 592 144 145 2532 2533 2534 2535 2487 2486 2536 2537 2538 2539
242 1 1 1 592 597 598 593 2535 2534 2540 2541 2542 2543 2495 2494 2544 2545 2546 2547
243 1 1 1 593 598 599 594 2543 2542 2548 2549 2550 2551 2503 2502 2552 2553 2554 2555
244 1 1 1 594 599 600 595 2551 2550 2556 2557 2558 2559 2511 2510 2560 2561 2562 2563
245 1 1 1 595 600 601 596 2559 2558 2564 2565 2566 2567 2519 2518 2568 2569 2570 2571
246 1 1 1 596 601 219 220 2567 2566 2572 2573 298 299 2527 2526 2574 2575 2576 2577
247 1 1 1 45 46 602 597 146 147 2578 2579 2580 2581 2533 2532 2582 2583 2584 2585
248 1 1 1 597 602 603 598 2581 2580 2586 2587 2588 2589 2541 2540 2590 2591 2592 2593
249 1 1 1 598 603 604 599 2589 2588 2594 2595 2596 2597 2549 2548 2598 2599 2600 2601
250 1 1 1 599 604 605 600 2597 2596 2602 2603 2604 2605 2557 2556 2606 2607 2608 2609
251 1 1 1 600 605 606 601 2605 2604 2610 2611 2612 2613 2565 2564 2614 2615 2616 2617
252 1 1 1 601 606 218 219 2613 2612 2618 2619 296 297 2573 2572 2620 2621 2622 2623
253 1 1 1 46 47 607 602 148 149 2624 2625 2626 2627 2579 2578 2628 2629 2630 2631
254 1 1 1 602 607 608 603 2627 2626 2632 2633 2634 2635 2587 2586 2636 2637 2638 2639
255 1 1 1 603 608 609 604 2635 2634 2640 2641 2642 2643 2595 2594 2644 2645 2646 2647
256 1 1 1 604 609 610 605 2643 2642 2648 2649 2650 2651 2603 2602 2652 2653 2654 2655
257 1 1 1 605 610 611 606 2651 2650 2656 2657 2658 2659 2611 2610 2660 2661 2662 2663
258 1 1 1 606 611 217 218 2659 2658 2664 2665 294 295 2619 2618 2666 2667 2668 2669
259 1 1 1 47 48 612 607 150 151 2670 2671 2672 2673 2625 2624 2674 2675 2676 2677
260 1 1 1 607 612 613 608 2673 2672 2678 2679 2680 2681 2633 2632 2682 2683 2684 2685
261 1 1 1 608 613 614 609 2681 2680 2686 2687 2688 2689 2641 2640 2690 2691 2692 2693
262 1 1 1 609 614 615 610 2689 2688 2694 2695 2696 2697 2649 2648 2698 2699 2700 2701
263 1 1 1 610 615 616 611 2697 2696 2702 2703 2704 2705 2657 2656 2706 2707 2708 2709
264 1 1 1 611 616 216 217 2705 2704 2710 2711 292 293 2665 2664 2712 2713 2714 2715
265 1 1 1 48 49 617 612 152 153 2716 2717 2718 2719 2671 2670 2720 2721 2722 2723
266 1 1 1 612 617 618 613 2719 2718 2724 2725 2726 2727 2679 2678 2728 2729 2730 2731
267 1 1 1 613 618 619 614 2727 2726 2732 2733 2734 2735 2687 2686 2736 2737 2738 2739
268 1 1 1 614 619 620 615 2735 2734 2740 2741 2742 2743 2695 2694 2744 2745 2746 2747
269 1 1 1 615 620 621 616 2743 2742 2748 2749 2750 2751 2703 2702 2752 2753 2754 2755
270 1 1 1 616 621 215 216 2751 2750 2756 2757 290 291 2711 2710 2758 2759 2760 2761
271 1 1 1 49 50 622 617 154 155 2762 2763 2764 2765 2717 2716 2766 2767 2768 2769
272 1 1 1 617 622 623 618 2765 2764 2770 2771 2772 2773 2725 2724 2774 2775 2776 2777
273 1 1 1 618 623 624 619 2773 2772 2778 2779 2780 2781 2733 2732 2782 2783 2784 2785
274 1 1 1 619 624 625 620 2781 2780 2786 2787 2788 2789 2741 2740 2790 2791 2792 2793
275 1 1 1 620 625 626 621 2789 2788 2794 2795 2796 2797 2749 2748 2798 2799 2800 2801
276 1 1 1 621 626 214 215 2797 2796 2802 2803 288 289 2757 2756 2804 2805 2806 2807
277 1 1 1 50 51 627 622 156 157 2808 2809 2810 2811 2763 2762 2812 2813 2814 2815
278 1 1 1 622 627 628 623 2811 2810 2816 2817 2818 2819 2771 2770 2820 2821 2822 2823
279 1 1 1 623 628 629 624 2819 2818 2824 2825 2826 2827 2779 2778 2828 2829 2830 2831
280 1 1 1 624 629 630 625 2827 2826 2832 2833 2834 2835 2787 2786 2836 2837 2838 2839
281 1 1 1 625 630 631 626 2835 2834 2840 2841 2842 2843 2795 2794 2844 2845 2846 2847
282 1 1 1 626 631 213 214 2843 2842 2848 2849 286 287 2803 2802 2850 2851 2852 2853
283 1 1 1 51 52 632 627 158 159 2854 2855 2856 2857 2809 2808 2858 2859 2860 2861
284 1 1 1 627 632 633 628 2857 2856 2862 2863 2864 2865 2817 2816 2866 2867 2868 2869
285 1 1 1 628 633 634 629 2865 2864 2870 2871 2872 2873 2825 2824 2874 2875 2876 2877
286 1 1 1 629 634 635 630 2873 2872 2878 2879 2880 2881 2833 2832 2882 2883 2884 2885
287 1 1 1 630 635 636 631 2881 2880 2886 2887 2888 2889 2841 2840 2890 2891 2892 2893
288 1 1 1 631 636 212 213 2889 2888 2894 2895 284 285 2849 2848 2896 2897 2898 2899
289 1 1 1 52 53 637 632 160 161 2900 2901 2902 2903 2855 2854 2904 2905 2906 2907
290 1 1 1 632 637 638 633 2903 2902 2908 2909 2910 2911 2863 2862 2912 2913 2914 2915
291 1 1 1 633 638 639 634 2911 2910 2916 2917 2918 2919 2871 2870 2920 2921 2922 2923
292 1 1 1 634 639 640 635 2919 2918 2924 2925 2926 2927 2879 2878 2928 2929 2930 2931
293 1 1 1 635 640 641 636 2927 2926 2932 2933 2934 2935 2887 2886 2936 2937 2938 2939
294 1 1 1 636 641 211 212 2935 2934 2940 2941 282 283 2895 2894 2942 2943 2944 2945
295 1 1 1 53 54 642 637 162 163 2946 2947 2948 2949 2901 2900 2950 2951 2952 2953
296 1 1 1 637 642 643 638 2949 2948 2954 2955 2956 2957 2909 2908 2958 2959 2960 2961
297 1 1 1 638 643 644 639 2957 2956 2962 2963 2964 2965 2917 2916 2966 2967 2968 2969
298 1 1 1 639 644 645 640 2965 2964 2970 2971 2972 2973 2925 2924 2974 2975 2976 2977
299 1 1 1 640 645 646 641 2973 2972 2978 2979 2980 2981 2933 2932 2982 2983 2984 2985
300 1 1 1 641 646 210 211 2981 2980 2986 2987 280 281 2941 2940 2988 2989 2990 2991
301 1 1 1 54 55 647 642 164 165 2992 2993 2994 2995 2947 2946 2996 2997 2998 2999
302 1 1 1 642 647 648 643 2995 2994 3000 3001 3002 3003 2955 2954 3004 3005 3006 3007
303 1 1 1 643 648 649 644 3003 3002 3008 3009 3010 3011 2963 2962 3012 3013 3014 3015
304 1 1 1 644 649 650 645 3011 3010 3016 3017 3018 3019 2971 2970 3020 3021 3022 3023
305 1 1 1 645 650 651 646 3019 3018 3024 3025 3026 3027 2979 2978 3028 3029 3030 3031
306 1 1 1 646 651 209 210 3027 3026 3032 3033 278 279 2987 2986 3034 3035 3036 3037
307 1 1 1 55 56 652 647 166 167 3038 3039 3040 3041 2993 2992 3042 3043 3044 3045
308 1 1 1 647 652 653 648 3041 3040 3046 3047 3048 3049 3001 3000 3050 3051 3052 3053
309 1 1 1 648 653 654 649 3049 3048 3054 3055 3056 3057 3009 3008 3058 3059 3060 3061
310 1 1 1 649 654 655 650 3057 3056 3062 3063 3064 3065 3017 3016 3066 3067 3068 3069
311 1 1 1 650 655 656 651 3065 3064 3070 3071 3072 3073 3025 3024 3074 3075 3076 3077
312 1 1 1 651 656 208 209 3073 3072 3078 3079 276 277 3033 3032 3080 3081 3082 3083
313 1 1 1 56 57 657 652 168 169 3084 3085 3086 3087 3039 3038 3088 3089 3090 3091
314 1 1 1 652 657 658 653 3087 3086 3092 3093 3094 3095 3047 3046 3096 3097 3098 3099
315 1 1 1 653 658 659 654 3095 3094 3100 3101 3102 3103 3055 3054 3104 3105 3106 3107
316 1 1 1 654 659 660 655 3103 3102 3108 3109 3110 3111 3063 3062 3112 3113 3114 3115
317 1 1 1 655 660 661 656 3111 3110 3116 3117 3118 3119 3071 3070 3120 3121 3122 3123
318 1 1 1 656 661 207 208 3119 3118 3124 3125 274 275 3079 3078 3126 3127 3128 3129
319 1 1 1 57 58 662 657 170 171 3130 3131 3132 3133 3085 3084 3134 3135 3136 3137
320 1 1 1 657 662 663 658 3133 3132 3138 3139 3140 3141 3093 3092 3142 3143 3144 3145
321 1 1 1 658 663 664 659 3141 3140 3146 3147 3148 3149 3101 3100 3150 3151 3152 3153
322 1 1 1 659 664 665 660 3149 3148 3154 3155 3156 3157 3109 3108 3158 3159 3160 3161
323 1 1 1 660 665 666 661 3157 3156 3162 3163 3164 3165 3117 3116 3166 3167 3168 3169
324 1 1 1 661 666 206 207 3165 3164 3170 3171 272 273 3125 3124 3172 3173 3174 3175
325 1 1 1 58 59 667 662 172 173 3176 3177 3178 3179 3131 3130 3180 3181 3182 3183
326 1 1 1 662 667 668 663 3179 3178 3184 3185 3186 3187 3139 3138 3188 3189 3190 3191
327 1 1 1 663 668 669 664 3187 3186 3192 3193 3194 3195 3147 3146 3196 3197 3198 3199
328 1 1 1 664 669 670 665 3195 3194 3200 3201 3202 3203 3155 3154 3204 3205 3206 3207
329 1 1 1 665 670 671 666 3203 3202 3208 3209 3210 3211 3163 3162 3212 3213 3214 3215
330 1 1 1 666 671 205 206 3211 3210 3216 3217 270 271 3171 3170 3218 3219 3220 3221
331 1 1 1 59 60 672 667 174 175 3222 3223 3224 3225 3177 3176 3226 3227 3228 3229
332 1 1 1 667 672 673 668 3225 3224 3230 3231 3232 3233 3185 3184 3234 3235 3236 3237
333 1 1 1 668 673 674 669 3233 3232 3238 3239 3240 3241 3193 3192 3242 3243 3244 3245
334 1 1 1 669 674 675 670 3241 3240 3246 3247 3248 3249 3201 3200 3250 3251 3252 3253
335 1 1 1 670 675 676 671 3249 3248 3254 3255 3256 3257 3209 3208 3258 3259 3260 3261
336 1 1 1 671 676 204 205 3257 3256 3262 3263 268 269 3217 3216 3264 3265 3266 3267
337 1 1 1 60 61 677 672 176 177 3268 3269 3270 3271 3223 3222 3272 3273 3274 3275
338 1 1 1 672 677 678 673 3271 3270 3276 3277 3278 3279 3231 3230 3280 3281 3282 3283
339 1 1 1 673 678 679 674 3279 3278 3284 3285 3286 3287 3239 3238 3288 3289 3290 3291
340 1 1 1 674 679 680 675 3287 3286 3292 3293 3294 3295 3247 3246 3296 3297 3298 3299
341 1 1 1 675 680 681 676 3295 3294 3300 3301 3302 3303 3255 3254 3304 3305 3306 3307
342 1 1 1 676 681 203 204 3303 3302 3308 3309 266 267 3263 3262 3310 3311 3312 3313
343 1 1 1 61 62 682 677 178 179 3314 3315 3316 3317 3269 3268 3318 3319 3320 3321
344 1 1 1 677 682 683 678 3317 3316 3322 3323 3324 3325 3277 3276 3326 3327 3328 3329
345 1 1 1 678 683 684 679 3325 3324 3330 3331 3332 3333 3285 3284 3334 3335 3336 3337
346 1 1 1 679 684 685 680 3333 3332 3338 3339 3340 3341 3293 3292 3342 3343 3344 3345
347 1 1 1 680 685 686 681 3341 3340 3346 3347 3348 3349 3301 3300 3350 3351 3352 3353
348 1 1 1 681 686 202 203 3349 3348 3354 3355 264 265 3309 3308 3356 3357 3358 3359
349 1 1 1 62 63 687 682 180 181 3360 3361 3362 3363 3315 3314 3364 3365 3366 3367
350 1 1 1 682 687 688 683 3363 3362 3368 3369 3370 3371 3323 3322 3372 3373 3374 3375
351 1 1 1 683 688 689 684 3371 3370 3376 3377 3378 3379 3331 3330 3380 3381 3382 3383
352 1 1 1 684 689 690 685 3379 3378 3384 3385 3386 3387 3339 3338 3388 3389 3390 3391
353 1 1 1 685 690 691 686 3387 3386 3392 3393 3394 3395 3347 3346 3396 3397 3398 3399
354 1 1 1 686 691 201 202 3395 3394 3400 3401 262 263 3355 3354 3402 3403 3404 3405
355 1 1 1 63 2 184 687 182 183 189 190 3406 3407 3361 3360 3408 3409 3410 3411
356 1 1 1 687 184 185 688 3407 3406 191 192 3412 3413 3369 3368 3414 3415 3416 3417
357 1 1 1 688 185 186 689 3413 3412 193 194 3418 3419 3377 3376 3420 3421 3422 3423
358 1 1 1 689 186 187 690 3419 3418 195 196 3424 3425 3385 3384 3426 3427 3428 3429
359 1 1 1 690 187 188 691 3425 3424 197 198 3430 3431 3393 3392 3432 3433 3434 3435
360 1 1 1 691 188 3 201 3431 3430 199 200 260 261 3401 3400 3436 3437 3438 3439
