1 1 1 1 1 5 529 510 64 65 66 824 825 826 827 828 829 526 527 528 830 834 831 835 832 836 833 837 838
2 1 1 1 510 529 530 509 829 828 827 839 840 841 842 843 844 523 524 525 845 849 846 850 847 851 848 852 853
3 1 1 1 509 530 531 508 844 843 842 854 855 856 857 858 859 520 521 522 860 864 861 865 862 866 863 867 868
4 1 1 1 508 531 532 507 859 858 857 869 870 871 872 873 874 517 518 519 875 879 876 880 877 881 878 882 883
5 1 1 1 507 532 533 506 874 873 872 884 885 886 887 888 889 514 515 516 890 894 891 895 892 896 893 897 898
6 1 1 1 506 533 325 4 889 888 887 899 900 901 503 504 505 511 512 513 902 906 903 907 904 908 905 909 910
7 1 1 1 5 6 534 529 67 68 69 911 912 913 914 915 916 826 825 824 917 921 918 922 919 923 920 924 925
8 1 1 1 529 534 535 530 916 915 914 926 927 928 929 930 931 841 840 839 932 936 933 937 934 938 935 939 940
9 1 1 1 530 535 536 531 931 930 929 941 942 943 944 945 946 856 855 854 947 951 948 952 949 953 950 954 955
10 1 1 1 531 536 537 532 946 945 944 956 957 958 959 960 961 871 870 869 962 966 963 967 964 968 965 969 970
11 1 1 1 532 537 538 533 961 960 959 971 972 973 974 975 976 886 885 884 977 981 978 982 979 983 980 984 985
12 1 1 1 533 538 324 325 976 975 974 986 987 988 500 501 502 901 900 899 989 993 990 994 991 995 992 996 997
13 1 1 1 6 7 539 534 70 71 72 998 999 1000 1001 1002 1003 913 912 911 1004 1008 1005 1009 1006 1010 1007 1011 1012
14 1 1 1 534 539 540 535 1003 1002 1001 1013 1014 1015 1016 1017 1018 928 927 926 1019 1023 1020 1024 1021 1025 1022 1026 1027
15 1 1 1 535 540 541 536 1018 1017 1016 1028 1029 1030 1031 1032 1033 943 942 941 1034 1038 1035 1039 1036 1040 1037 1041 1042
16 1 1 1 536 541 542 537 1033 1032 1031 1043 1044 1045 1046 1047 1048 958 957 956 1049 1053 1050 1054 1051 1055 1052 1056 1057
17 1 1 1 537 542 543 538 1048 1047 1046 1058 1059 1060 1061 1062 1063 973 972 971 1064 1068 1065 1069 1066 1070 1067 1071 1072
18 1 1 1 538 543 323 324 1063 1062 1061 1073 1074 1075 497 498 499 988 987 986 1076 1080 1077 1081 1078 1082 1079 1083 1084
19 1 1 1 7 8 544 539 73 74 75 1085 1086 1087 1088 1089 1090 1000 999 998 1091 1095 1092 1096 1093 1097 1094 1098 1099
20 1 1 1 539 544 545 540 1090 1089 1088 1100 1101 1102 1103 1104 1105 1015 1014 1013 1106 1110 1107 1111 1108 1112 1109 1113 1114
21 1 1 1 540 545 546 541 1105 1104 1103 1115 1116 1117 1118 1119 1120 1030 1029 1028 1121 1125 1122 1126 1123 1127 1124 1128 1129
22 1 1 1 541 546 547 542 1120 1119 1118 1130 1131 1132 1133 1134 1135 1045 1044 1043 1136 1140 1137 1141 1138 1142 1139 1143 1144
23 1 1 1 542 547 548 543 1135 1134 1133 1145 1146 1147 1148 1149 1150 1060 1059 1058 1151 1155 1152 1156 1153 1157 1154 1158 1159
24 1 1 1 543 548 322 323 1150 1149 1148 1160 1161 1162 494 495 496 1075 1074 1073 1163 1167 1164 1168 1165 1169 1166 1170 1171
25 1 1 1 8 9 549 544 76 77 78 1172 1173 1174 1175 1176 1177 1087 1086 1085 1178 1182 1179 1183 1180 1184 1181 1185 1186
26 1 1 1 544 549 550 545 1177 1176 1175 1187 1188 1189 1190 1191 1192 1102 1101 1100 1193 1197 1194 1198 1195 1199 1196 1200 1201
27 1 1 1 545 550 551 546 1192 1191 1190 1202 1203 1204 1205 1206 1207 1117 1116 1115 1208 1212 1209 1213 1210 1214 1211 1215 1216
28 1 1 1 546 551 552 547 1207 1206 1205 1217 1218 1219 1220 1221 1222 1132 1131 1130 1223 1227 1224 1228 1225 1229 1226 1230 1231
29 1 1 1 547 552 553 548 1222 1221 1220 1232 1233 1234 1235 1236 1237 1147 1146 1145 1238 1242 1239 1243 1240 1244 1241 1245 1246
30 1 1 1 548 553 321 322 1237 1236 1235 1247 1248 1249 491 492 493 1162 1161 1160 1250 1254 1251 1255 1252 1256 1253 1257 1258
31 1 1 1 9 10 554 549 79 80 81 1259 1260 1261 1262 1263 1264 1174 1173 1172 1265 1269 1266 1270 1267 1271 1268 1272 1273
32 1 1 1 549 554 555 550 1264 1263 1262 1274 1275 1276 1277 1278 1279 1189 1188 1187 1280 1284 1281 1285 1282 1286 1283 1287 1288
33 1 1 1 550 555 556 551 1279 1278 1277 1289 1290 1291 1292 1293 1294 1204 1203 1202 1295 1299 1296 1300 1297 1301 1298 1302 1303
34 1 1 1 551 556 557 552 1294 1293 1292 1304 1305 1306 1307 1308 1309 1219 1218 1217 1310 1314 1311 1315 1312 1316 1313 1317 1318
35 1 1 1 552 557 558 553 1309 1308 1307 1319 1320 1321 1322 1323 1324 1234 1233 1232 1325 1329 1326 1330 1327 1331 1328 1332 1333
36 1 1 1 553 558 320 321 1324 1323 1322 1334 1335 1336 488 489 490 1249 1248 1247 1337 1341 1338 1342 1339 1343 1340 1344 1345
37 1 1 1 10 11 559 554 82 83 84 1346 1347 1348 1349 1350 1351 1261 1260 1259 1352 1356 1353 1357 1354 1358 1355 1359 1360
38 1 1 1 554 559 560 555 1351 1350 1349 1361 1362 1363 1364 1365 1366 1276 1275 1274 1367 1371 1368 1372 1369 1373 1370 1374 1375
39 1 1 1 555 560 561 556 1366 1365 1364 1376 1377 1378 1379 1380 1381 1291 1290 1289 1382 1386 1383 1387 1384 1388 1385 1389 1390
40 1 1 1 556 561 562 557 1381 1380 1379 1391 1392 1393 1394 1395 1396 1306 1305 1304 1397 1401 1398 1402 1399 1403 1400 1404 1405
41 1 1 1 557 562 563 558 1396 1395 1394 1406 1407 1408 1409 1410 1411 1321 1320 1319 1412 1416 1413 1417 1414 1418 1415 1419 1420
42 1 1 1 558 563 319 320 1411 1410 1409 1421 1422 1423 485 486 487 1336 1335 1334 1424 1428 1425 1429 1426 1430 1427 1431 1432
43 1 1 1 11 12 564 559 85 86 87 1433 1434 1435 1436 1437 1438 1348 1347 1346 1439 1443 1440 1444 1441 1445 1442 1446 1447
44 1 1 1 559 564 565 560 1438 1437 1436 1448 1449 1450 1451 1452 1453 1363 1362 1361 1454 1458 1455 1459 1456 1460 1457 1461 1462
45 1 1 1 560 565 566 561 1453 1452 1451 1463 1464 1465 1466 1467 1468 1378 1377 1376 1469 1473 1470 1474 1471 1475 1472 1476 1477
46 1 1 1 561 566 567 562 1468 1467 1466 1478 1479 1480 1481 1482 1483 1393 1392 1391 1484 1488 1485 1489 1486 1490 1487 1491 1492
47 1 1 1 562 567 568 563 1483 1482 1481 1493 1494 1495 1496 1497 1498 1408 1407 1406 1499 1503 1500 1504 1501 1505 1502 1506 1507
48 1 1 1 563 568 318 319 1498 1497 1496 1508 1509 1510 482 483 484 1423 1422 1421 1511 1515 1512 1516 1513 1517 1514 1518 1519
49 1 1 1 12 13 569 564 88 89 90 1520 1521 1522 1523 1524 1525 1435 1434 1433 1526 1530 1527 1531 1528 1532 1529 1533 1534
50 1 1 1 564 569 570 565 1525 1524 1523 1535 1536 1537 1538 1539 1540 1450 1449 1448 1541 1545 1542 1546 1543 1547 1544 1548 1549
51 1 1 1 565 570 571 566 1540 1539 1538 1550 1551 1552 1553 1554 1555 1465 1464 1463 1556 1560 1557 1561 1558 1562 1559 1563 1564
52 1 1 1 566 571 572 567 1555 1554 1553 1565 1566 1567 1568 1569 1570 1480 1479 1478 1571 1575 1572 1576 1573 1577 1574 1578 1579
53 1 1 1 567 572 573 568 1570 1569 1568 1580 1581 1582 1583 1584 1585 1495 1494 1493 1586 1590 1587 1591 1588 1592 1589 1593 1594
54 1 1 1 568 573 317 318 1585 1584 1583 1595 1596 1597 479 480 481 1510 1509 1508 1598 1602 1599 1603 1600 1604 1601 1605 1606
55 1 1 1 13 14 574 569 91 92 93 1607 1608 1609 1610 1611 1612 1522 1521 1520 1613 1617 1614 1618 1615 1619 1616 1620 1621
56 1 1 1 569 574 575 570 1612 1611 1610 1622 1623 1624 1625 1626 1627 1537 1536 1535 1628 1632 1629 1633 1630 1634 1631 1635 1636
57 1 1 1 570 575 576 571 1627 1626 1625 1637 1638 1639 1640 1641 1642 1552 1551 1550 1643 1647 1644 1648 1645 1649 1646 1650 1651
58 1 1 1 571 576 577 572 1642 1641 1640 1652 1653 1654 1655 1656 1657 1567 1566 1565 1658 1662 1659 1663 1660 1664 1661 1665 1666
59 1 1 1 572 577 578 573 1657 1656 1655 1667 1668 1669 1670 1671 1672 1582 1581 1580 1673 1677 1674 1678 1675 1679 1676 1680 1681
60 1 1 1 573 578 316 317 1672 1671 1670 1682 1683 1684 476 477 478 1597 1596 1595 1685 1689 1686 1690 1687 1691 1688 1692 1693
61 1 1 1 14 15 579 574 94 95 96 1694 1695 1696 1697 1698 1699 1609 1608 1607 1700 1704 1701 1705 1702 1706 1703 1707 1708
62 1 1 1 574 579 580 575 1699 1698 1697 1709 1710 1711 1712 1713 1714 1624 1623 1622 1715 1719 1716 1720 1717 1721 1718 1722 1723
63 1 1 1 575 580 581 576 1714 1713 1712 1724 1725 1726 1727 1728 1729 1639 1638 1637 1730 1734 1731 1735 1732 1736 1733 1737 1738
64 1 1 1 576 581 582 577 1729 1728 1727 1739 1740 1741 1742 1743 1744 1654 1653 1652 1745 1749 1746 1750 1747 1751 1748 1752 1753
65 1 1 1 577 582 583 578 1744 1743 1742 1754 1755 1756 1757 1758 1759 1669 1668 1667 1760 1764 1761 1765 1762 1766 1763 1767 1768
66 1 1 1 578 583 315 316 1759 1758 1757 1769 1770 1771 473 474 475 1684 1683 1682 1772 1776 1773 1777 1774 1778 1775 1779 1780
67 1 1 1 15 16 584 579 97 98 99 1781 1782 1783 1784 1785 1786 1696 1695 1694 1787 1791 1788 1792 1789 1793 1790 1794 1795
68 1 1 1 579 584 585 580 1786 1785 1784 1796 1797 1798 1799 1800 1801 1711 1710 1709 1802 1806 1803 1807 1804 1808 1805 1809 1810
69 1 1 1 580 585 586 581 1801 1800 1799 1811 1812 1813 1814 1815 1816 1726 1725 1724 1817 1821 1818 1822 1819 1823 1820 1824 1825
70 1 1 1 581 586 587 582 1816 1815 1814 1826 1827 1828 1829 1830 1831 1741 1740 1739 1832 1836 1833 1837 1834 1838 1835 1839 1840
71 1 1 1 582 587 588 583 1831 1830 1829 1841 1842 1843 1844 1845 1846 1756 1755 1754 1847 1851 1848 1852 1849 1853 1850 1854 1855
72 1 1 1 583 588 314 315 1846 1845 1844 1856 1857 1858 470 471 472 1771 1770 1769 1859 1863 1860 1864 1861 1865 1862 1866 1867
73 1 1 1 16 17 589 584 100 101 102 1868 1869 1870 1871 1872 1873 1783 1782 1781 1874 1878 1875 1879 1876 1880 1877 1881 1882
74 1 1 1 584 589 590 585 1873 1872 1871 1883 1884 1885 1886 1887 1888 1798 1797 1796 1889 1893 1890 1894 1891 1895 1892 1896 1897
75 1 1 1 585 590 591 586 1888 1887 1886 1898 1899 1900 1901 1902 1903 1813 1812 1811 1904 1908 1905 1909 1906 1910 1907 1911 1912
76 1 1 1 586 591 592 587 1903 1902 1901 1913 1914 1915 1916 1917 1918 1828 1827 1826 1919 1923 1920 1924 1921 1925 1922 1926 1927
77 1 1 1 587 592 593 588 1918 1917 1916 1928 1929 1930 1931 1932 1933 1843 1842 1841 1934 1938 1935 1939 1936 1940 1937 1941 1942
78 1 1 1 588 593 313 314 1933 1932 1931 1943 1944 1945 467 468 469 1858 1857 1856 1946 1950 1947 1951 1948 1952 1949 1953 1954
79 1 1 1 17 18 594 589 103 104 105 1955 1956 1957 1958 1959 1960 1870 1869 1868 1961 1965 1962 1966 1963 1967 1964 1968 1969
80 1 1 1 589 594 595 590 1960 1959 1958 1970 1971 1972 1973 1974 1975 1885 1884 1883 1976 1980 1977 1981 1978 1982 1979 1983 1984
81 1 1 1 590 595 596 591 1975 1974 1973 1985 1986 1987 1988 1989 1990 1900 1899 1898 1991 1995 1992 1996 1993 1997 1994 1998 1999
82 1 1 1 591 596 597 592 1990 1989 1988 2000 2001 2002 2003 2004 2005 1915 1914 1913 2006 2010 2007 2011 2008 2012 2009 2013 2014
83 1 1 1 592 597 598 593 2005 2004 2003 2015 2016 2017 2018 2019 2020 1930 1929 1928 2021 2025 2022 2026 2023 2027 2024 2028 2029
84 1 1 1 593 598 312 313 2020 2019 2018 2030 2031 2032 464 465 466 1945 1944 1943 2033 2037 2034 2038 2035 2039 2036 2040 2041
85 1 1 1 18 19 599 594 106 107 108 2042 2043 2044 2045 2046 2047 1957 1956 1955 2048 2052 2049 2053 2050 2054 2051 2055 2056
86 1 1 1 594 599 600 595 2047 2046 2045 2057 2058 2059 2060 2061 2062 1972 1971 1970 2063 2067 2064 2068 2065 2069 2066 2070 2071
87 1 1 1 595 600 601 596 2062 2061 2060 2072 2073 2074 2075 2076 2077 1987 1986 1985 2078 2082 2079 2083 2080 2084 2081 2085 2086
88 1 1 1 596 601 602 597 2077 2076 2075 2087 2088 2089 2090 2091 2092 2002 2001 2000 2093 2097 2094 2098 2095 2099 2096 2100 2101
89 1 1 1 597 602 603 598 2092 2091 2090 2102 2103 2104 2105 2106 2107 2017 2016 2015 2108 2112 2109 2113 2110 2114 2111 2115 2116
90 1 1 1 598 603 311 312 2107 2106 2105 2117 2118 2119 461 462 463 2032 2031 2030 2120 2124 2121 2125 2122 2126 2123 2127 2128
91 1 1 1 19 20 604 599 109 110 111 2129 2130 2131 2132 2133 2134 2044 2043 2042 2135 2139 2136 2140 2137 2141 2138 2142 2143
92 1 1 1 599 604 605 600 2134 2133 2132 2144 2145 2146 2147 2148 2149 2059 2058 2057 2150 2154 2151 2155 2152 2156 2153 2157 2158
93 1 1 1 600 605 606 601 2149 2148 2147 2159 2160 2161 2162 2163 2164 2074 2073 2072 2165 2169 2166 2170 2167 2171 2168 2172 2173
94 1 1 1 601 606 607 602 2164 2163 2162 2174 2175 2176 2177 2178 2179 2089 2088 2087 2180 2184 2181 2185 2182 2186 2183 2187 2188
95 1 1 1 602 607 608 603 2179 2178 2177 2189 2190 2191 2192 2193 2194 2104 2103 2102 2195 2199 2196 2200 2197 2201 2198 2202 2203
96 1 1 1 603 608 310 311 2194 2193 2192 2204 2205 2206 458 459 460 2119 2118 2117 2207 2211 2208 2212 2209 2213 2210 2214 2215
97 1 1 1 20 21 609 604 112 113 114 2216 2217 2218 2219 2220 2221 2131 2130 2129 2222 2226 2223 2227 2224 2228 2225 2229 2230
98 1 1 1 604 609 610 605 2221 2220 2219 2231 2232 2233 2234 2235 2236 2146 2145 2144 2237 2241 2238 2242 2239 2243 2240 2244 2245
99 1 1 1 605 610 611 606 2236 2235 2234 2246 2247 2248 2249 2250 2251 2161 2160 2159 2252 2256 2253 2257 2254 2258 2255 2259 2260
100 1 1 1 606 611 612 607 2251 2250 2249 2261 2262 2263 2264 2265 2266 2176 2175 2174 2267 2271 2268 2272 2269 2273 2270 2274 2275
101 1 1 1 607 612 613 608 2266 2265 2264 2276 2277 2278 2279 2280 2281 2191 2190 2189 2282 2286 2283 2287 2284 2288 2285 2289 2290
102 1 1 1 608 613 309 310 2281 2280 2279 2291 2292 2293 455 456 457 2206 2205 2204 2294 2298 2295 2299 2296 2300 2297 2301 2302
103 1 1 1 21 22 614 609 115 116 117 2303 2304 2305 2306 2307 2308 2218 2217 2216 2309 2313 2310 2314 2311 2315 2312 2316 2317
104 1 1 1 609 614 615 610 2308 2307 2306 2318 2319 2320 2321 2322 2323 2233 2232 2231 2324 2328 2325 2329 2326 2330 2327 2331 2332
105 1 1 1 610 615 616 611 2323 2322 2321 2333 2334 2335 2336 2337 2338 2248 2247 2246 2339 2343 2340 2344 2341 2345 2342 2346 2347
106 1 1 1 611 616 617 612 2338 2337 2336 2348 2349 2350 2351 2352 2353 2263 2262 2261 2354 2358 2355 2359 2356 2360 2357 2361 2362
107 1 1 1 612 617 618 613 2353 2352 2351 2363 2364 2365 2366 2367 2368 2278 2277 2276 2369 2373 2370 2374 2371 2375 2372 2376 2377
108 1 1 1 613 618 308 309 2368 2367 2366 2378 2379 2380 452 453 454 2293 2292 2291 2381 2385 2382 2386 2383 2387 2384 2388 2389
109 1 1 1 22 23 619 614 118 119 120 2390 2391 2392 2393 2394 2395 2305 2304 2303 2396 2400 2397 2401 2398 2402 2399 2403 2404
110 1 1 1 614 619 620 615 2395 2394 2393 2405 2406 2407 2408 2409 2410 2320 2319 2318 2411 2415 2412 2416 2413 2417 2414 2418 2419
111 1 1 1 615 620 621 616 2410 2409 2408 2420 2421 2422 2423 2424 2425 2335 2334 2333 2426 2430 2427 2431 2428 2432 2429 2433 2434
112 1 1 1 616 621 622 617 2425 2424 2423 2435 2436 2437 2438 2439 2440 2350 2349 2348 2441 2445 2442 2446 2443 2447 2444 2448 2449
113 1 1 1 617 622 623 618 2440 2439 2438 2450 2451 2452 2453 2454 2455 2365 2364 2363 2456 2460 2457 2461 2458 2462 2459 2463 2464
114 1 1 1 618 623 307 308 2455 2454 2453 2465 2466 2467 449 450 451 2380 2379 2378 2468 2472 2469 2473 2470 2474 2471 2475 2476
115 1 1 1 23 24 624 619 121 122 123 2477 2478 2479 2480 2481 2482 2392 2391 2390 2483 2487 2484 2488 2485 2489 2486 2490 2491
116 1 1 1 619 624 625 620 2482 2481 2480 2492 2493 2494 2495 2496 2497 2407 2406 2405 2498 2502 2499 2503 2500 2504 2501 2505 2506
117 1 1 1 620 625 626 621 2497 2496 2495 2507 2508 2509 2510 2511 2512 2422 2421 2420 2513 2517 2514 2518 2515 2519 2516 2520 2521
118 1 1 1 621 626 627 622 2512 2511 2510 2522 2523 2524 2525 2526 2527 2437 2436 2435 2528 2532 2529 2533 2530 2534 2531 2535 2536
119 1 1 1 622 627 628 623 2527 2526 2525 2537 2538 2539 2540 2541 2542 2452 2451 2450 2543 2547 2544 2548 2545 2549 2546 2550 2551
120 1 1 1 623 628 306 307 2542 2541 2540 2552 2553 2554 446 447 448 2467 2466 2465 2555 2559 2556 2560 2557 2561 2558 2562 2563
121 1 1 1 24 25 629 624 124 125 126 2564 2565 2566 2567 2568 2569 2479 2478 2477 2570 2574 2571 2575 2572 2576 2573 2577 2578
122 1 1 1 624 629 630 625 2569 2568 2567 2579 2580 2581 2582 2583 2584 2494 2493 2492 2585 2589 2586 2590 2587 2591 2588 2592 2593
123 1 1 1 625 630 631 626 2584 2583 2582 2594 2595 2596 2597 2598 2599 2509 2508 2507 2600 2604 2601 2605 2602 2606 2603 2607 2608
124 1 1 1 626 631 632 627 2599 2598 2597 2609 2610 2611 2612 2613 2614 2524 2523 2522 2615 2619 2616 2620 2617 2621 2618 2622 2623
125 1 1 1 627 632 633 628 2614 2613 2612 2624 2625 2626 2627 2628 2629 2539 2538 2537 2630 2634 2631 2635 2632 2636 2633 2637 2638
126 1 1 1 628 633 305 306 2629 2628 2627 2639 2640 2641 443 444 445 2554 2553 2552 2642 2646 2643 2647 2644 2648 2645 2649 2650
127 1 1 1 25 26 634 629 127 128 129 2651 2652 2653 2654 2655 2656 2566 2565 2564 2657 2661 2658 2662 2659 2663 2660 2664 2665
128 1 1 1 629 634 635 630 2656 2655 2654 2666 2667 2668 2669 2670 2671 2581 2580 2579 2672 2676 2673 2677 2674 2678 2675 2679 2680
129 1 1 1 630 635 636 631 2671 2670 2669 2681 2682 2683 2684 2685 2686 2596 2595 2594 2687 2691 2688 2692 2689 2693 2690 2694 2695
130 1 1 1 631 636 637 632 2686 2685 2684 2696 2697 2698 2699 2700 2701 2611 2610 2609 2702 2706 2703 2707 2704 2708 2705 2709 2710
131 1 1 1 632 637 638 633 2701 2700 2699 2711 2712 2713 2714 2715 2716 2626 2625 2624 2717 2721 2718 2722 2719 2723 2720 2724 2725
132 1 1 1 633 638 304 305 2716 2715 2714 2726 2727 2728 440 441 442 2641 2640 2639 2729 2733 2730 2734 2731 2735 2732 2736 2737
133 1 1 1 26 27 639 634 130 131 132 2738 2739 2740 2741 2742 2743 2653 2652 2651 2744 2748 2745 2749 2746 2750 2747 2751 2752
134 1 1 1 634 639 640 635 2743 2742 2741 2753 2754 2755 2756 2757 2758 2668 2667 2666 2759 2763 2760 2764 2761 2765 2762 2766 2767
135 1 1 1 635 640 641 636 2758 2757 2756 2768 2769 2770 2771 2772 2773 2683 2682 2681 2774 2778 2775 2779 2776 2780 2777 2781 2782
136 1 1 1 636 641 642 637 2773 2772 2771 2783 2784 2785 2786 2787 2788 2698 2697 2696 2789 2793 2790 2794 2791 2795 2792 2796 2797
137 1 1 1 637 642 643 638 2788 2787 2786 2798 2799 2800 2801 2802 2803 2713 2712 2711 2804 2808 2805 2809 2806 2810 2807 2811 2812
138 1 1 1 638 643 303 304 2803 2802 2801 2813 2814 2815 437 438 439 2728 2727 2726 2816 2820 2817 2821 2818 2822 2819 2823 2824
139 1 1 1 27 28 644 639 133 134 135 2825 2826 2827 2828 2829 2830 2740 2739 2738 2831 2835 2832 2836 2833 2837 2834 2838 2839
140 1 1 1 639 644 645 640 2830 2829 2828 2840 2841 2842 2843 2844 2845 2755 2754 2753 2846 2850 2847 2851 2848 2852 2849 2853 2854
141 1 1 1 640 645 646 641 2845 2844 2843 2855 2856 2857 2858 2859 2860 2770 2769 2768 2861 2865 2862 2866 2863 2867 2864 2868 2869
142 1 1 1 641 646 647 642 2860 2859 2858 2870 2871 2872 2873 2874 2875 2785 2784 2783 2876 2880 2877 2881 2878 2882 2879 2883 2884
143 1 1 1 642 647 648 643 2875 2874 2873 2885 2886 2887 2888 2889 2890 2800 2799 2798 2891 2895 2892 2896 2893 2897 2894 2898 2899
144 1 1 1 643 648 302 303 2890 2889 2888 2900 2901 2902 434 435 436 2815 2814 2813 2903 2907 2904 2908 2905 2909 2906 2910 2911
145 1 1 1 28 29 649 644 136 137 138 2912 2913 2914 2915 2916 2917 2827 2826 2825 2918 2922 2919 2923 2920 2924 2921 2925 2926
146 1 1 1 644 649 650 645 2917 2916 2915 2927 2928 2929 2930 2931 2932 2842 2841 2840 2933 2937 2934 2938 2935 2939 2936 2940 2941
147 1 1 1 645 650 651 646 2932 2931 2930 2942 2943 2944 2945 2946 2947 2857 2856 2855 2948 2952 2949 2953 2950 2954 2951 2955 2956
148 1 1 1 646 651 652 647 2947 2946 2945 2957 2958 2959 2960 2961 2962 2872 2871 2870 2963 2967 2964 2968 2965 2969 2966 2970 2971
149 1 1 1 647 652 653 648 2962 2961 2960 2972 2973 2974 2975 2976 2977 2887 2886 2885 2978 2982 2979 2983 2980 2984 2981 2985 2986
150 1 1 1 648 653 301 302 2977 2976 2975 2987 2988 2989 431 432 433 2902 2901 2900 2990 2994 2991 2995 2992 2996 2993 2997 2998
151 1 1 1 29 30 654 649 139 140 141 2999 3000 3001 3002 3003 3004 2914 2913 2912 3005 3009 3006 3010 3007 3011 3008 3012 3013
152 1 1 1 649 654 655 650 3004 3003 3002 3014 3015 3016 3017 3018 3019 2929 2928 2927 3020 3024 3021 3025 3022 3026 3023 3027 3028
153 1 1 1 650 655 656 651 3019 3018 3017 3029 3030 3031 3032 3033 3034 2944 2943 2942 3035 3039 3036 3040 3037 3041 3038 3042 3043
154 1 1 1 651 656 657 652 3034 3033 3032 3044 3045 3046 3047 3048 3049 2959 2958 2957 3050 3054 3051 3055 3052 3056 3053 3057 3058
155 1 1 1 652 657 658 653 3049 3048 3047 3059 3060 3061 3062 3063 3064 2974 2973 2972 3065 3069 3066 3070 3067 3071 3068 3072 3073
156 1 1 1 653 658 300 301 3064 3063 3062 3074 3075 3076 428 429 430 2989 2988 2987 3077 3081 3078 3082 3079 3083 3080 3084 3085
157 1 1 1 30 31 659 654 142 143 144 3086 3087 3088 3089 3090 3091 3001 3000 2999 3092 3096 3093 3097 3094 3098 3095 3099 3100
158 1 1 1 654 659 660 655 3091 3090 3089 3101 3102 3103 3104 3105 3106 3016 3015 3014 3107 3111 3108 3112 3109 3113 3110 3114 3115
159 1 1 1 655 660 661 656 3106 3105 3104 3116 3117 3118 3119 3120 3121 3031 3030 3029 3122 3126 3123 3127 3124 3128 3125 3129 3130
160 1 1 1 656 661 662 657 3121 3120 3119 3131 3132 3133 3134 3135 3136 3046 3045 3044 3137 3141 3138 3142 3139 3143 3140 3144 3145
161 1 1 1 657 662 663 658 3136 3135 3134 3146 3147 3148 3149 3150 3151 3061 3060 3059 3152 3156 3153 3157 3154 3158 3155 3159 3160
162 1 1 1 658 663 299 300 3151 3150 3149 3161 3162 3163 425 426 427 3076 3075 3074 3164 3168 3165 3169 3166 3170 3167 3171 3172
163 1 1 1 31 32 664 659 145 146 147 3173 3174 3175 3176 3177 3178 3088 3087 3086 3179 3183 3180 3184 3181 3185 3182 3186 3187
164 1 1 1 659 664 665 660 3178 3177 3176 3188 3189 3190 3191 3192 3193 3103 3102 3101 3194 3198 3195 3199 3196 3200 3197 3201 3202
165 1 1 1 660 665 666 661 3193 3192 3191 3203 3204 3205 3206 3207 3208 3118 3117 3116 3209 3213 3210 3214 3211 3215 3212 3216 3217
166 1 1 1 661 666 667 662 3208 3207 3206 3218 3219 3220 3221 3222 3223 3133 3132 3131 3224 3228 3225 3229 3226 3230 3227 3231 3232
167 1 1 1 662 667 668 663 3223 3222 3221 3233 3234 3235 3236 3237 3238 3148 3147 3146 3239 3243 3240 3244 3241 3245 3242 3246 3247
168 1 1 1 663 668 298 299 3238 3237 3236 3248 3249 3250 422 423 424 3163 3162 3161 3251 3255 3252 3256 3253 3257 3254 3258 3259
169 1 1 1 32 33 669 664 148 149 150 3260 3261 3262 3263 3264 3265 3175 3174 3173 3266 3270 3267 3271 3268 3272 3269 3273 3274
170 1 1 1 664 669 670 665 3265 3264 3263 3275 3276 3277 3278 3279 3280 3190 3189 3188 3281 3285 3282 3286 3283 3287 3284 3288 3289
171 1 1 1 665 670 671 666 3280 3279 3278 3290 3291 3292 3293 3294 3295 3205 3204 3203 3296 3300 3297 3301 3298 3302 3299 3303 3304
172 1 1 1 666 671 672 667 3295 3294 3293 3305 3306 3307 3308 3309 3310 3220 3219 3218 3311 3315 3312 3316 3313 3317 3314 3318 3319
173 1 1 1 667 672 673 668 3310 3309 3308 3320 3321 3322 3323 3324 3325 3235 3234 3233 3326 3330 3327 3331 3328 3332 3329 3333 3334
174 1 1 1 668 673 297 298 3325 3324 3323 3335 3336 3337 419 420 421 3250 3249 3248 3338 3342 3339 3343 3340 3344 3341 3345 3346
175 1 1 1 33 34 674 669 151 152 153 3347 3348 3349 3350 3351 3352 3262 3261 3260 3353 3357 3354 3358 3355 3359 3356 3360 3361
176 1 1 1 669 674 675 670 3352 3351 3350 3362 3363 3364 3365 3366 3367 3277 3276 3275 3368 3372 3369 3373 3370 3374 3371 3375 3376
177 1 1 1 670 675 676 671 3367 3366 3365 3377 3378 3379 3380 3381 3382 3292 3291 3290 3383 3387 3384 3388 3385 3389 3386 3390 3391
178 1 1 1 671 676 677 672 3382 3381 3380 3392 3393 3394 3395 3396 3397 3307 3306 3305 3398 3402 3399 3403 3400 3404 3401 3405 3406
179 1 1 1 672 677 678 673 3397 3396 3395 3407 3408 3409 3410 3411 3412 3322 3321 3320 3413 3417 3414 3418 3415 3419 3416 3420 3421
180 1 1 1 673 678 296 297 3412 3411 3410 3422 3423 3424 416 417 418 3337 3336 3335 3425 3429 3426 3430 3427 3431 3428 3432 3433
181 1 1 1 34 35 679 674 154 155 156 3434 3435 3436 3437 3438 3439 3349 3348 3347 3440 3444 3441 3445 3442 3446 3443 3447 3448
182 1 1 1 674 679 680 675 3439 3438 3437 3449 3450 3451 3452 3453 3454 3364 3363 3362 3455 3459 3456 3460 3457 3461 3458 3462 3463
183 1 1 1 675 680 681 676 3454 3453 3452 3464 3465 3466 3467 3468 3469 3379 3378 3377 3470 3474 3471 3475 3472 3476 3473 3477 3478
184 1 1 1 676 681 682 677 3469 3468 3467 3479 3480 3481 3482 3483 3484 3394 3393 3392 3485 3489 3486 3490 3487 3491 3488 3492 3493
185 1 1 1 677 682 683 678 3484 3483 3482 3494 3495 3496 3497 3498 3499 3409 3408 3407 3500 3504 3501 3505 3502 3506 3503 3507 3508
186 1 1 1 678 683 295 296 3499 3498 3497 3509 3510 3511 413 414 415 3424 3423 3422 3512 3516 3513 3517 3514 3518 3515 3519 3520
187 1 1 1 35 36 684 679 157 158 159 3521 3522 3523 3524 3525 3526 3436 3435 3434 3527 3531 3528 3532 3529 3533 3530 3534 3535
188 1 1 1 679 684 685 680 3526 3525 3524 3536 3537 3538 3539 3540 3541 3451 3450 3449 3542 3546 3543 3547 3544 3548 3545 3549 3550
189 1 1 1 680 685 686 681 3541 3540 3539 3551 3552 3553 3554 3555 3556 3466 3465 3464 3557 3561 3558 3562 3559 3563 3560 3564 3565
190 1 1 1 681 686 687 682 3556 3555 3554 3566 3567 3568 3569 3570 3571 3481 3480 3479 3572 3576 3573 3577 3574 3578 3575 3579 3580
191 1 1 1 682 687 688 683 3571 3570 3569 3581 3582 3583 3584 3585 3586 3496 3495 3494 3587 3591 3588 3592 3589 3593 3590 3594 3595
192 1 1 1 683 688 294 295 3586 3585 3584 3596 3597 3598 410 411 412 3511 3510 3509 3599 3603 3600 3604 3601 3605 3602 3606 3607
193 1 1 1 36 37 689 684 160 161 162 3608 3609 3610 3611 3612 3613 3523 3522 3521 3614 3618 3615 3619 3616 3620 3617 3621 3622
194 1 1 1 684 689 690 685 3613 3612 3611 3623 3624 3625 3626 3627 3628 3538 3537 3536 3629 3633 3630 3634 3631 3635 3632 3636 3637
195 1 1 1 685 690 691 686 3628 3627 3626 3638 3639 3640 3641 3642 3643 3553 3552 3551 3644 3648 3645 3649 3646 3650 3647 3651 3652
196 1 1 1 686 691 692 687 3643 3642 3641 3653 3654 3655 3656 3657 3658 3568 3567 3566 3659 3663 3660 3664 3661 3665 3662 3666 3667
197 1 1 1 687 692 693 688 3658 3657 3656 3668 3669 3670 3671 3672 3673 3583 3582 3581 3674 3678 3675 3679 3676 3680 3677 3681 3682
198 1 1 1 688 693 293 294 3673 3672 3671 3683 3684 3685 407 408 409 3598 3597 3596 3686 3690 3687 3691 3688 3692 3689 3693 3694
199 1 1 1 37 38 694 689 163 164 165 3695 3696 3697 3698 3699 3700 3610 3609 3608 3701 3705 3702 3706 3703 3707 3704 3708 3709
200 1 1 1 689 694 695 690 3700 3699 3698 3710 3711 3712 3713 3714 3715 3625 3624 3623 3716 3720 3717 3721 3718 3722 3719 3723 3724
201 1 1 1 690 695 696 691 3715 3714 3713 3725 3726 3727 3728 3729 3730 3640 3639 3638 3731 3735 3732 3736 3733 3737 3734 3738 3739
202 1 1 1 691 696 697 692 3730 3729 3728 3740 3741 3742 3743 3744 3745 3655 3654 3653 3746 3750 3747 3751 3748 3752 3749 3753 3754
203 1 1 1 692 697 698 693 3745 3744 3743 3755 3756 3757 3758 3759 3760 3670 3669 3668 3761 3765 3762 3766 3763 3767 3764 3768 3769
204 1 1 1 693 698 292 293 3760 3759 3758 3770 3771 3772 404 405 406 3685 3684 3683 3773 3777 3774 3778 3775 3779 3776 3780 3781
205 1 1 1 38 39 699 694 166 167 168 3782 3783 3784 3785 3786 3787 3697 3696 3695 3788 3792 3789 3793 3790 3794 3791 3795 3796
206 1 1 1 694 699 700 695 3787 3786 3785 3797 3798 3799 3800 3801 3802 3712 3711 3710 3803 3807 3804 3808 3805 3809 3806 3810 3811
207 1 1 1 695 700 701 696 3802 3801 3800 3812 3813 3814 3815 3816 3817 3727 3726 3725 3818 3822 3819 3823 3820 3824 3821 3825 3826
208 1 1 1 696 701 702 697 3817 3816 3815 3827 3828 3829 3830 3831 3832 3742 3741 3740 3833 3837 3834 3838 3835 3839 3836 3840 3841
209 1 1 1 697 702 703 698 3832 3831 3830 3842 3843 3844 3845 3846 3847 3757 3756 3755 3848 3852 3849 3853 3850 3854 3851 3855 3856
210 1 1 1 698 703 291 292 3847 3846 3845 3857 3858 3859 401 402 403 3772 3771 3770 3860 3864 3861 3865 3862 3866 3863 3867 3868
211 1 1 1 39 40 704 699 169 170 171 3869 3870 3871 3872 3873 3874 3784 3783 3782 3875 3879 3876 3880 3877 3881 3878 3882 3883
212 1 1 1 699 704 705 700 3874 3873 3872 3884 3885 3886 3887 3888 3889 3799 3798 3797 3890 3894 3891 3895 3892 3896 3893 3897 3898
213 1 1 1 700 705 706 701 3889 3888 3887 3899 3900 3901 3902 3903 3904 3814 3813 3812 3905 3909 3906 3910 3907 3911 3908 3912 3913
214 1 1 1 701 706 707 702 3904 3903 3902 3914 3915 3916 3917 3918 3919 3829 3828 3827 3920 3924 3921 3925 3922 3926 3923 3927 3928
215 1 1 1 702 707 708 703 3919 3918 3917 3929 3930 3931 3932 3933 3934 3844 3843 3842 3935 3939 3936 3940 3937 3941 3938 3942 3943
216 1 1 1 703 708 290 291 3934 3933 3932 3944 3945 3946 398 399 400 3859 3858 3857 3947 3951 3948 3952 3949 3953 3950 3954 3955
217 1 1 1 40 41 709 704 172 173 174 3956 3957 3958 3959 3960 3961 3871 3870 3869 3962 3966 3963 3967 3964 3968 3965 3969 3970
218 1 1 1 704 709 710 705 3961 3960 3959 3971 3972 3973 3974 3975 3976 3886 3885 3884 3977 3981 3978 3982 3979 3983 3980 3984 3985
219 1 1 1 705 710 711 706 3976 3975 3974 3986 3987 3988 3989 3990 3991 3901 3900 3899 3992 3996 3993 3997 3994 3998 3995 3999 4000
220 1 1 1 706 711 712 707 3991 3990 3989 4001 4002 4003 4004 4005 4006 3916 3915 3914 4007 4011 4008 4012 4009 4013 4010 4014 4015
221 1 1 1 707 712 713 708 4006 4005 4004 4016 4017 4018 4019 4020 4021 3931 3930 3929 4022 4026 4023 4027 4024 4028 4025 4029 4030
222 1 1 1 708 713 289 290 4021 4020 4019 4031 4032 4033 395 396 397 3946 3945 3944 4034 4038 4035 4039 4036 4040 4037 4041 4042
223 1 1 1 41 42 714 709 175 176 177 4043 4044 4045 4046 4047 4048 3958 3957 3956 4049 4053 4050 4054 4051 4055 4052 4056 4057
224 1 1 1 709 714 715 710 4048 4047 4046 4058 4059 4060 4061 4062 4063 3973 3972 3971 4064 4068 4065 4069 4066 4070 4067 4071 4072
225 1 1 1 710 715 716 711 4063 4062 4061 4073 4074 4075 4076 4077 4078 3988 3987 3986 4079 4083 4080 4084 4081 4085 4082 4086 4087
226 1 1 1 711 716 717 712 4078 4077 4076 4088 4089 4090 4091 4092 4093 4003 4002 4001 4094 4098 4095 4099 4096 4100 4097 4101 4102
227 1 1 1 712 717 718 713 4093 4092 4091 4103 4104 4105 4106 4107 4108 4018 4017 4016 4109 4113 4110 4114 4111 4115 4112 4116 4117
228 1 1 1 713 718 288 289 4108 4107 4106 4118 4119 4120 392 393 394 4033 4032 4031 4121 4125 4122 4126 4123 4127 4124 4128 4129
229 1 1 1 42 43 719 714 178 179 180 4130 4131 4132 4133 4134 4135 4045 4044 4043 4136 4140 4137 4141 4138 4142 4139 4143 4144
230 1 1 1 714 719 720 715 4135 4134 4133 4145 4146 4147 4148 4149 4150 4060 4059 4058 4151 4155 4152 4156 4153 4157 4154 4158 4159
231 1 1 1 715 720 721 716 4150 4149 4148 4160 4161 4162 4163 4164 4165 4075 4074 4073 4166 4170 4167 4171 4168 4172 4169 4173 4174
232 1 1 1 716 721 722 717 4165 4164 4163 4175 4176 4177 4178 4179 4180 4090 4089 4088 4181 4185 4182 4186 4183 4187 4184 4188 4189
233 1 1 1 717 722 723 718 4180 4179 4178 4190 4191 4192 4193 4194 4195 4105 4104 4103 4196 4200 4197 4201 4198 4202 4199 4203 4204
234 1 1 1 718 723 287 288 4195 4194 4193 4205 4206 4207 389 390 391 4120 4119 4118 4208 4212 4209 4213 4210 4214 4211 4215 4216
235 1 1 1 43 44 724 719 181 182 183 4217 4218 4219 4220 4221 4222 4132 4131 4130 4223 4227 4224 4228 4225 4229 4226 4230 4231
236 1 1 1 719 724 725 720 4222 4221 4220 4232 4233 4234 4235 4236 4237 4147 4146 4145 4238 4242 4239 4243 4240 4244 4241 4245 4246
237 1 1 1 720 725 726 721 4237 4236 4235 4247 4248 4249 4250 4251 4252 4162 4161 4160 4253 4257 4254 4258 4255 4259 4256 4260 4261
238 1 1 1 721 726 727 722 4252 4251 4250 4262 4263 4264 4265 4266 4267 4177 4176 4175 4268 4272 4269 4273 4270 4274 4271 4275 4276
239 1 1 1 722 727 728 723 4267 4266 4265 4277 4278 4279 4280 4281 4282 4192 4191 4190 4283 4287 4284 4288 4285 4289 4286 4290 4291
240 1 1 1 723 728 286 287 4282 4281 4280 4292 4293 4294 386 387 388 4207 4206 4205 4295 4299 4296 4300 4297 4301 4298 4302 4303
241 1 1 1 44 45 729 724 184 185 186 4304 4305 4306 4307 4308 4309 4219 4218 4217 4310 4314 4311 4315 4312 4316 4313 4317 4318
242 1 1 1 724 729 730 725 4309 4308 4307 4319 4320 4321 4322 4323 4324 4234 4233 4232 4325 4329 4326 4330 4327 4331 4328 4332 4333
243 1 1 1 725 730 731 726 4324 4323 4322 4334 4335 4336 4337 4338 4339 4249 4248 4247 4340 4344 4341 4345 4342 4346 4343 4347 4348
244 1 1 1 726 731 732 727 4339 4338 4337 4349 4350 4351 4352 4353 4354 4264 4263 4262 4355 4359 4356 4360 4357 4361 4358 4362 4363
245 1 1 1 727 732 733 728 4354 4353 4352 4364 4365 4366 4367 4368 4369 4279 4278 4277 4370 4374 4371 4375 4372 4376 4373 4377 4378
246 1 1 1 728 733 285 286 4369 4368 4367 4379 4380 4381 383 384 385 4294 4293 4292 4382 4386 4383 4387 4384 4388 4385 4389 4390
247 1 1 1 45 46 734 729 187 188 189 4391 4392 4393 4394 4395 4396 4306 4305 4304 4397 4401 4398 4402 4399 4403 4400 4404 4405
248 1 1 1 729 734 735 730 4396 4395 4394 4406 4407 4408 4409 4410 4411 4321 4320 4319 4412 4416 4413 4417 4414 4418 4415 4419 4420
249 1 1 1 730 735 736 731 4411 4410 4409 4421 4422 4423 4424 4425 4426 4336 4335 4334 4427 4431 4428 4432 4429 4433 4430 4434 4435
250 1 1 1 731 736 737 732 4426 4425 4424 4436 4437 4438 4439 4440 4441 4351 4350 4349 4442 4446 4443 4447 4444 4448 4445 4449 4450
251 1 1 1 732 737 738 733 4441 4440 4439 4451 4452 4453 4454 4455 4456 4366 4365 4364 4457 4461 4458 4462 4459 4463 4460 4464 4465
252 1 1 1 733 738 284 285 4456 4455 4454 4466 4467 4468 380 381 382 4381 4380 4379 4469 4473 4470 4474 4471 4475 4472 4476 4477
253 1 1 1 46 47 739 734 190 191 192 4478 4479 4480 4481 4482 4483 4393 4392 4391 4484 4488 4485 4489 4486 4490 4487 4491 4492
254 1 1 1 734 739 740 735 4483 4482 4481 4493 4494 4495 4496 4497 4498 4408 4407 4406 4499 4503 4500 4504 4501 4505 4502 4506 4507
255 1 1 1 735 740 741 736 4498 4497 4496 4508 4509 4510 4511 4512 4513 4423 4422 4421 4514 4518 4515 4519 4516 4520 4517 4521 4522
256 1 1 1 736 741 742 737 4513 4512 4511 4523 4524 4525 4526 4527 4528 4438 4437 4436 4529 4533 4530 4534 4531 4535 4532 4536 4537
257 1 1 1 737 742 743 738 4528 4527 4526 4538 4539 4540 4541 4542 4543 4453 4452 4451 4544 4548 4545 4549 4546 4550 4547 4551 4552
258 1 1 1 738 743 283 284 4543 4542 4541 4553 4554 4555 377 378 379 4468 4467 4466 4556 4560 4557 4561 4558 4562 4559 4563 4564
259 1 1 1 47 48 744 739 193 194 195 4565 4566 4567 4568 4569 4570 4480 4479 4478 4571 4575 4572 4576 4573 4577 4574 4578 4579
260 1 1 1 739 744 745 740 4570 4569 4568 4580 4581 4582 4583 4584 4585 4495 4494 4493 4586 4590 4587 4591 4588 4592 4589 4593 4594
261 1 1 1 740 745 746 741 4585 4584 4583 4595 4596 4597 4598 4599 4600 4510 4509 4508 4601 4605 4602 4606 4603 4607 4604 4608 4609
262 1 1 1 741 746 747 742 4600 4599 4598 4610 4611 4612 4613 4614 4615 4525 4524 4523 4616 4620 4617 4621 4618 4622 4619 4623 4624
263 1 1 1 742 747 748 743 4615 4614 4613 4625 4626 4627 4628 4629 4630 4540 4539 4538 4631 4635 4632 4636 4633 4637 4634 4638 4639
264 1 1 1 743 748 282 283 4630 4629 4628 4640 4641 4642 374 375 376 4555 4554 4553 4643 4647 4644 4648 4645 4649 4646 4650 4651
265 1 1 1 48 49 749 744 196 197 198 4652 4653 4654 4655 4656 4657 4567 4566 4565 4658 4662 4659 4663 4660 4664 4661 4665 4666
266 1 1 1 744 749 750 745 4657 4656 4655 4667 4668 4669 4670 4671 4672 4582 4581 4580 4673 4677 4674 4678 4675 4679 4676 4680 4681
267 1 1 1 745 750 751 746 4672 4671 4670 4682 4683 4684 4685 4686 4687 4597 4596 4595 4688 4692 4689 4693 4690 4694 4691 4695 4696
268 1 1 1 746 751 752 747 4687 4686 4685 4697 4698 4699 4700 4701 4702 4612 4611 4610 4703 4707 4704 4708 4705 4709 4706 4710 4711
269 1 1 1 747 752 753 748 4702 4701 4700 4712 4713 4714 4715 4716 4717 4627 4626 4625 4718 4722 4719 4723 4720 4724 4721 4725 4726
270 1 1 1 748 753 281 282 4717 4716 4715 4727 4728 4729 371 372 373 4642 4641 4640 4730 4734 4731 4735 4732 4736 4733 4737 4738
271 1 1 1 49 50 754 749 199 200 201 4739 4740 4741 4742 4743 4744 4654 4653 4652 4745 4749 4746 4750 4747 4751 4748 4752 4753
272 1 1 1 749 754 755 750 4744 4743 4742 4754 4755 4756 4757 4758 4759 4669 4668 4667 4760 4764 4761 4765 4762 4766 4763 4767 4768
273 1 1 1 750 755 756 751 4759 4758 4757 4769 4770 4771 4772 4773 4774 4684 4683 4682 4775 4779 4776 4780 4777 4781 4778 4782 4783
274 1 1 1 751 756 757 752 4774 4773 4772 4784 4785 4786 4787 4788 4789 4699 4698 4697 4790 4794 4791 4795 4792 4796 4793 4797 4798
275 1 1 1 752 757 758 753 4789 4788 4787 4799 4800 4801 4802 4803 4804 4714 4713 4712 4805 4809 4806 4810 4807 4811 4808 4812 4813
276 1 1 1 753 758 280 281 4804 4803 4802 4814 4815 4816 368 369 370 4729 4728 4727 4817 4821 4818 4822 4819 4823 4820 4824 4825
277 1 1 1 50 51 759 754 202 203 204 4826 4827 4828 4829 4830 4831 4741 4740 4739 4832 4836 4833 4837 4834 4838 4835 4839 4840
278 1 1 1 754 759 760 755 4831 4830 4829 4841 4842 4843 4844 4845 4846 4756 4755 4754 4847 4851 4848 4852 4849 4853 4850 4854 4855
279 1 1 1 755 760 761 756 4846 4845 4844 4856 4857 4858 4859 4860 4861 4771 4770 4769 4862 4866 4863 4867 4864 4868 4865 4869 4870
280 1 1 1 756 761 762 757 4861 4860 4859 4871 4872 4873 4874 4875 4876 4786 4785 4784 4877 4881 4878 4882 4879 4883 4880 4884 4885
281 1 1 1 757 762 763 758 4876 4875 4874 4886 4887 4888 4889 4890 4891 4801 4800 4799 4892 4896 4893 4897 4894 4898 4895 4899 4900
282 1 1 1 758 763 279 280 4891 4890 4889 4901 4902 4903 365 366 367 4816 4815 4814 4904 4908 4905 4909 4906 4910 4907 4911 4912
283 1 1 1 51 52 764 759 205 206 207 4913 4914 4915 4916 4917 4918 4828 4827 4826 4919 4923 4920 4924 4921 4925 4922 4926 4927
284 1 1 1 759 764 765 760 4918 4917 4916 4928 4929 4930 4931 4932 4933 4843 4842 4841 4934 4938 4935 4939 4936 4940 4937 4941 4942
285 1 1 1 760 765 766 761 4933 4932 4931 4943 4944 4945 4946 4947 4948 4858 4857 4856 4949 4953 4950 4954 4951 4955 4952 4956 4957
286 1 1 1 761 766 767 762 4948 4947 4946 4958 4959 4960 4961 4962 4963 4873 4872 4871 4964 4968 4965 4969 4966 4970 4967 4971 4972
287 1 1 1 762 767 768 763 4963 4962 4961 4973 4974 4975 4976 4977 4978 4888 4887 4886 4979 4983 4980 4984 4981 4985 4982 4986 4987
288 1 1 1 763 768 278 279 4978 4977 4976 4988 4989 4990 362 363 364 4903 4902 4901 4991 4995 4992 4996 4993 4997 4994 4998 4999
289 1 1 1 52 53 769 764 208 209 210 5000 5001 5002 5003 5004 5005 4915 4914 4913 5006 5010 5007 5011 5008 5012 5009 5013 5014
290 1 1 1 764 769 770 765 5005 5004 5003 5015 5016 5017 5018 5019 5020 4930 4929 4928 5021 5025 5022 5026 5023 5027 5024 5028 5029
291 1 1 1 765 770 771 766 5020 5019 5018 5030 5031 5032 5033 5034 5035 4945 4944 4943 5036 5040 5037 5041 5038 5042 5039 5043 5044
292 1 1 1 766 771 772 767 5035 5034 5033 5045 5046 5047 5048 5049 5050 4960 4959 4958 5051 5055 5052 5056 5053 5057 5054 5058 5059
293 1 1 1 767 772 773 768 5050 5049 5048 5060 5061 5062 5063 5064 5065 4975 4974 4973 5066 5070 5067 5071 5068 5072 5069 5073 5074
294 1 1 1 768 773 277 278 5065 5064 5063 5075 5076 5077 359 360 361 4990 4989 4988 5078 5082 5079 5083 5080 5084 5081 5085 5086
295 1 1 1 53 54 774 769 211 212 213 5087 5088 5089 5090 5091 5092 5002 5001 5000 5093 5097 5094 5098 5095 5099 5096 5100 5101
296 1 1 1 769 774 775 770 5092 5091 5090 5102 5103 5104 5105 5106 5107 5017 5016 5015 5108 5112 5109 5113 5110 5114 5111 5115 5116
297 1 1 1 770 775 776 771 5107 5106 5105 5117 5118 5119 5120 5121 5122 5032 5031 5030 5123 5127 5124 5128 5125 5129 5126 5130 5131
298 1 1 1 771 776 777 772 5122 5121 5120 5132 5133 5134 5135 5136 5137 5047 5046 5045 5138 5142 5139 5143 5140 5144 5141 5145 5146
299 1 1 1 772 777 778 773 5137 5136 5135 5147 5148 5149 5150 5151 5152 5062 5061 5060 5153 5157 5154 5158 5155 5159 5156 5160 5161
300 1 1 1 773 778 276 277 5152 5151 5150 5162 5163 5164 356 357 358 5077 5076 5075 5165 5169 5166 5170 5167 5171 5168 5172 5173
301 1 1 1 54 55 779 774 214 215 216 5174 5175 5176 5177 5178 5179 5089 5088 5087 5180 5184 5181 5185 5182 5186 5183 5187 5188
302 1 1 1 774 779 780 775 5179 5178 5177 5189 5190 5191 5192 5193 5194 5104 5103 5102 5195 5199 5196 5200 5197 5201 5198 5202 5203
303 1 1 1 775 780 781 776 5194 5193 5192 5204 5205 5206 5207 5208 5209 5119 5118 5117 5210 5214 5211 5215 5212 5216 5213 5217 5218
304 1 1 1 776 781 782 777 5209 5208 5207 5219 5220 5221 5222 5223 5224 5134 5133 5132 5225 5229 5226 5230 5227 5231 5228 5232 5233
305 1 1 1 777 782 783 778 5224 5223 5222 5234 5235 5236 5237 5238 5239 5149 5148 5147 5240 5244 5241 5245 5242 5246 5243 5247 5248
306 1 1 1 778 783 275 276 5239 5238 5237 5249 5250 5251 353 354 355 5164 5163 5162 5252 5256 5253 5257 5254 5258 5255 5259 5260
307 1 1 1 55 56 784 779 217 218 219 5261 5262 5263 5264 5265 5266 5176 5175 5174 5267 5271 5268 5272 5269 5273 5270 5274 5275
308 1 1 1 779 784 785 780 5266 5265 5264 5276 5277 5278 5279 5280 5281 5191 5190 5189 5282 5286 5283 5287 5284 5288 5285 5289 5290
309 1 1 1 780 785 786 781 5281 5280 5279 5291 5292 5293 5294 5295 5296 5206 5205 5204 5297 5301 5298 5302 5299 5303 5300 5304 5305
310 1 1 1 781 786 787 782 5296 5295 5294 5306 5307 5308 5309 5310 5311 5221 5220 5219 5312 5316 5313 5317 5314 5318 5315 5319 5320
311 1 1 1 782 787 788 783 5311 5310 5309 5321 5322 5323 5324 5325 5326 5236 5235 5234 5327 5331 5328 5332 5329 5333 5330 5334 5335
312 1 1 1 783 788 274 275 5326 5325 5324 5336 5337 5338 350 351 352 5251 5250 5249 5339 5343 5340 5344 5341 5345 5342 5346 5347
313 1 1 1 56 57 789 784 220 221 222 5348 5349 5350 5351 5352 5353 5263 5262 5261 5354 5358 5355 5359 5356 5360 5357 5361 5362
314 1 1 1 784 789 790 785 5353 5352 5351 5363 5364 5365 5366 5367 5368 5278 5277 5276 5369 5373 5370 5374 5371 5375 5372 5376 5377
315 1 1 1 785 790 791 786 5368 5367 5366 5378 5379 5380 5381 5382 5383 5293 5292 5291 5384 5388 5385 5389 5386 5390 5387 5391 5392
316 1 1 1 786 791 792 787 5383 5382 5381 5393 5394 5395 5396 5397 5398 5308 5307 5306 5399 5403 5400 5404 5401 5405 5402 5406 5407
317 1 1 1 787 792 793 788 5398 5397 5396 5408 5409 5410 5411 5412 5413 5323 5322 5321 5414 5418 5415 5419 5416 5420 5417 5421 5422
318 1 1 1 788 793 273 274 5413 5412 5411 5423 5424 5425 347 348 349 5338 5337 5336 5426 5430 5427 5431 5428 5432 5429 5433 5434
319 1 1 1 57 58 794 789 223 224 225 5435 5436 5437 5438 5439 5440 5350 5349 5348 5441 5445 5442 5446 5443 5447 5444 5448 5449
320 1 1 1 789 794 795 790 5440 5439 5438 5450 5451 5452 5453 5454 5455 5365 5364 5363 5456 5460 5457 5461 5458 5462 5459 5463 5464
321 1 1 1 790 795 796 791 5455 5454 5453 5465 5466 5467 5468 5469 5470 5380 5379 5378 5471 5475 5472 5476 5473 5477 5474 5478 5479
322 1 1 1 791 796 797 792 5470 5469 5468 5480 5481 5482 5483 5484 5485 5395 5394 5393 5486 5490 5487 5491 5488 5492 5489 5493 5494
323 1 1 1 792 797 798 793 5485 5484 5483 5495 5496 5497 5498 5499 5500 5410 5409 5408 5501 5505 5502 5506 5503 5507 5504 5508 5509
324 1 1 1 793 798 272 273 5500 5499 5498 5510 5511 5512 344 345 346 5425 5424 5423 5513 5517 5514 5518 5515 5519 5516 5520 5521
325 1 1 1 58 59 799 794 226 227 228 5522 5523 5524 5525 5526 5527 5437 5436 5435 5528 5532 5529 5533 5530 5534 5531 5535 5536
326 1 1 1 794 799 800 795 5527 5526 5525 5537 5538 5539 5540 5541 5542 5452 5451 5450 5543 5547 5544 5548 5545 5549 5546 5550 5551
327 1 1 1 795 800 801 796 5542 5541 5540 5552 5553 5554 5555 5556 5557 5467 5466 5465 5558 5562 5559 5563 5560 5564 5561 5565 5566
328 1 1 1 796 801 802 797 5557 5556 5555 5567 5568 5569 5570 5571 5572 5482 5481 5480 5573 5577 5574 5578 5575 5579 5576 5580 5581
329 1 1 1 797 802 803 798 5572 5571 5570 5582 5583 5584 5585 5586 5587 5497 5496 5495 5588 5592 5589 5593 5590 5594 5591 5595 5596
330 1 1 1 798 803 271 272 5587 5586 5585 5597 5598 5599 341 342 343 5512 5511 5510 5600 5604 5601 5605 5602 5606 5603 5607 5608
331 1 1 1 59 60 804 799 229 230 231 5609 5610 5611 5612 5613 5614 5524 5523 5522 5615 5619 5616 5620 5617 5621 5618 5622 5623
332 1 1 1 799 804 805 800 5614 5613 5612 5624 5625 5626 5627 5628 5629 5539 5538 5537 5630 5634 5631 5635 5632 5636 5633 5637 5638
333 1 1 1 800 805 806 801 5629 5628 5627 5639 5640 5641 5642 5643 5644 5554 5553 5552 5645 5649 5646 5650 5647 5651 5648 5652 5653
334 1 1 1 801 806 807 802 5644 5643 5642 5654 5655 5656 5657 5658 5659 5569 5568 5567 5660 5664 5661 5665 5662 5666 5663 5667 5668
335 1 1 1 802 807 808 803 5659 5658 5657 5669 5670 5671 5672 5673 5674 5584 5583 5582 5675 5679 5676 5680 5677 5681 5678 5682 5683
336 1 1 1 803 808 270 271 5674 5673 5672 5684 5685 5686 338 339 340 5599 5598 5597 5687 5691 5688 5692 5689 5693 5690 5694 5695
337 1 1 1 60 61 809 804 232 233 234 5696 5697 5698 5699 5700 5701 5611 5610 5609 5702 5706 5703 5707 5704 5708 5705 5709 5710
338 1 1 1 804 809 810 805 5701 5700 5699 5711 5712 5713 5714 5715 5716 5626 5625 5624 5717 5721 5718 5722 5719 5723 5720 5724 5725
339 1 1 1 805 810 811 806 5716 5715 5714 5726 5727 5728 5729 5730 5731 5641 5640 5639 5732 5736 5733 5737 5734 5738 5735 5739 5740
340 1 1 1 806 811 812 807 5731 5730 5729 5741 5742 5743 5744 5745 5746 5656 5655 5654 5747 5751 5748 5752 5749 5753 5750 5754 5755
341 1 1 1 807 812 813 808 5746 5745 5744 5756 5757 5758 5759 5760 5761 5671 5670 5669 5762 5766 5763 5767 5764 5768 5765 5769 5770
342 1 1 1 808 813 269 270 5761 5760 5759 5771 5772 5773 335 336 337 5686 5685 5684 5774 5778 5775 5779 5776 5780 5777 5781 5782
343 1 1 1 61 62 814 809 235 236 237 5783 5784 5785 5786 5787 5788 5698 5697 5696 5789 5793 5790 5794 5791 5795 5792 5796 5797
344 1 1 1 809 814 815 810 5788 5787 5786 5798 5799 5800 5801 5802 5803 5713 5712 5711 5804 5808 5805 5809 5806 5810 5807 5811 5812
345 1 1 1 810 815 816 811 5803 5802 5801 5813 5814 5815 5816 5817 5818 5728 5727 5726 5819 5823 5820 5824 5821 5825 5822 5826 5827
346 1 1 1 811 816 817 812 5818 5817 5816 5828 5829 5830 5831 5832 5833 5743 5742 5741 5834 5838 5835 5839 5836 5840 5837 5841 5842
347 1 1 1 812 817 818 813 5833 5832 5831 5843 5844 5845 5846 5847 5848 5758 5757 5756 5849 5853 5850 5854 5851 5855 5852 5856 5857
348 1 1 1 813 818 268 269 5848 5847 5846 5858 5859 5860 332 333 334 5773 5772 5771 5861 5865 5862 5866 5863 5867 5864 5868 5869
349 1 1 1 62 63 819 814 238 239 240 5870 5871 5872 5873 5874 5875 5785 5784 5783 5876 5880 5877 5881 5878 5882 5879 5883 5884
350 1 1 1 814 819 820 815 5875 5874 5873 5885 5886 5887 5888 5889 5890 5800 5799 5798 5891 5895 5892 5896 5893 5897 5894 5898 5899
351 1 1 1 815 820 821 816 5890 5889 5888 5900 5901 5902 5903 5904 5905 5815 5814 5813 5906 5910 5907 5911 5908 5912 5909 5913 5914
352 1 1 1 816 821 822 817 5905 5904 5903 5915 5916 5917 5918 5919 5920 5830 5829 5828 5921 5925 5922 5926 5923 5927 5924 5928 5929
353 1 1 1 817 822 823 818 5920 5919 5918 5930 5931 5932 5933 5934 5935 5845 5844 5843 5936 5940 5937 5941 5938 5942 5939 5943 5944
354 1 1 1 818 823 267 268 5935 5934 5933 5945 5946 5947 329 330 331 5860 5859 5858 5948 5952 5949 5953 5950 5954 5951 5955 5956
355 1 1 1 63 2 244 819 241 242 243 249 250 251 5957 5958 5959 5872 5871 5870 5960 5964 5961 5965 5962 5966 5963 5967 5968
356 1 1 1 819 244 245 820 5959 5958 5957 252 253 254 5969 5970 5971 5887 5886 5885 5972 5976 5973 5977 5974 5978 5975 5979 5980
357 1 1 1 820 245 246 821 5971 5970 5969 255 256 257 5981 5982 5983 5902 5901 5900 5984 5988 5985 5989 5986 5990 5987 5991 5992
358 1 1 1 821 246 247 822 5983 5982 5981 258 259 260 5993 5994 5995 5917 5916 5915 5996 6000 5997 6001 5998 6002 5999 6003 6004
359 1 1 1 822 247 248 823 5995 5994 5993 261 262 263 6005 6006 6007 5932 5931 5930 6008 6012 6009 6013 6010 6014 6011 6015 6016
360 1 1 1 823 248 3 267 6007 6006 6005 264 265 266 326 327 328 5947 5946 5945 6017 6021 6018 6022 6019 6023 6020 6024 6025
