1 0 0 0
2 2.5 0 0
3 2.5 0.25 0
4 0 0.25 0
5 0.0416666666666667 0 0
6 0.0833333333333333 0 0
7 0.125 0 0
8 0.166666666666667 0 0
9 0.208333333333333 0 0
10 0.25 0 0
11 0.291666666666667 0 0
12 0.333333333333333 0 0
13 0.375 0 0
14 0.416666666666667 0 0
15 0.458333333333333 0 0
16 0.5 0 0
17 0.541666666666667 0 0
18 0.583333333333333 0 0
19 0.625 0 0
20 0.666666666666667 0 0
21 0.708333333333333 0 0
22 0.75 0 0
23 0.791666666666667 0 0
24 0.833333333333333 0 0
25 0.875 0 0
26 0.916666666666667 0 0
27 0.958333333333333 0 0
28 1 0 0
29 1.04166666666667 0 0
30 1.08333333333333 0 0
31 1.125 0 0
32 1.16666666666667 0 0
33 1.20833333333333 0 0
34 1.25 0 0
35 1.29166666666667 0 0
36 1.33333333333333 0 0
37 1.375 0 0
38 1.41666666666667 0 0
39 1.45833333333333 0 0
40 1.5 0 0
41 1.54166666666667 0 0
42 1.58333333333333 0 0
43 1.625 0 0
44 1.66666666666667 0 0
45 1.70833333333333 0 0
46 1.75 0 0
47 1.79166666666667 0 0
48 1.83333333333333 0 0
49 1.875 0 0
50 1.91666666666667 0 0
51 1.95833333333333 0 0
52 2 0 0
53 2.04166666666667 0 0
54 2.08333333333333 0 0
55 2.125 0 0
56 2.16666666666667 0 0
57 2.20833333333333 0 0
58 2.25 0 0
59 2.29166666666667 0 0
60 2.33333333333333 0 0
61 2.375 0 0
62 2.41666666666667 0 0
63 2.45833333333333 0 0
64 2.5 0.0416666666666667 0
65 2.5 0.0833333333333333 0
66 2.5 0.125 0
67 2.5 0.166666666666667 0
68 2.5 0.208333333333333 0
69 2.45833333333333 0.25 0
70 2.41666666666667 0.25 0
71 2.375 0.25 0
72 2.33333333333333 0.25 0
73 2.29166666666667 0.25 0
74 2.25 0.25 0
75 2.20833333333333 0.25 0
76 2.16666666666667 0.25 0
77 2.125 0.25 0
78 2.08333333333333 0.25 0
79 2.04166666666667 0.25 0
80 2 0.25 0
81 1.95833333333333 0.25 0
82 1.91666666666667 0.25 0
83 1.875 0.25 0
84 1.83333333333333 0.25 0
85 1.79166666666667 0.25 0
86 1.75 0.25 0
87 1.70833333333333 0.25 0
88 1.66666666666667 0.25 0
89 1.625 0.25 0
90 1.58333333333333 0.25 0
91 1.54166666666667 0.25 0
92 1.5 0.25 0
93 1.45833333333333 0.25 0
94 1.41666666666667 0.25 0
95 1.375 0.25 0
96 1.33333333333333 0.25 0
97 1.29166666666667 0.25 0
98 1.25 0.25 0
99 1.20833333333333 0.25 0
100 1.16666666666667 0.25 0
101 1.125 0.25 0
102 1.08333333333333 0.25 0
103 1.04166666666667 0.25 0
104 1 0.25 0
105 0.958333333333333 0.25 0
106 0.916666666666667 0.25 0
107 0.875 0.25 0
108 0.833333333333333 0.25 0
109 0.791666666666667 0.25 0
110 0.75 0.25 0
111 0.708333333333333 0.25 0
112 0.666666666666667 0.25 0
113 0.625 0.25 0
114 0.583333333333333 0.25 0
115 0.541666666666667 0.25 0
116 0.5 0.25 0
117 0.458333333333333 0.25 0
118 0.416666666666667 0.25 0
119 0.375 0.25 0
120 0.333333333333333 0.25 0
121 0.291666666666667 0.25 0
122 0.25 0.25 0
123 0.208333333333334 0.25 0
124 0.166666666666666 0.25 0
125 0.125 0.25 0
126 0.0833333333333335 0.25 0
127 0.041666666666667 0.25 0
128 0 0.208333333333333 0
129 0 0.166666666666667 0
130 0 0.125 0
131 0 0.0833333333333333 0
132 0 0.0416666666666667 0
133 0.0416666666666667 0.0416666666666667 0
134 0.0416666666666667 0.0833333333333333 0
135 0.0416666666666667 0.125 0
136 0.0416666666666667 0.166666666666667 0
137 0.0416666666666667 0.208333333333333 0
138 0.0833333333333337 0.0416666666666667 0
139 0.0833333333333337 0.0833333333333333 0
140 0.0833333333333335 0.125 0
141 0.0833333333333335 0.166666666666667 0
142 0.0833333333333337 0.208333333333333 0
143 0.125 0.0416666666666667 0
144 0.125 0.0833333333333333 0
145 0.125 0.125 0
146 0.125 0.166666666666667 0
147 0.125 0.208333333333333 0
148 0.166666666666666 0.0416666666666667 0
149 0.166666666666666 0.0833333333333333 0
150 0.166666666666666 0.125 0
151 0.166666666666666 0.166666666666667 0
152 0.166666666666666 0.208333333333333 0
153 0.208333333333333 0.0416666666666667 0
154 0.208333333333333 0.0833333333333333 0
155 0.208333333333334 0.125 0
156 0.208333333333334 0.166666666666667 0
157 0.208333333333334 0.208333333333333 0
158 0.25 0.0416666666666667 0
159 0.25 0.0833333333333333 0
160 0.25 0.125 0
161 0.25 0.166666666666667 0
162 0.25 0.208333333333333 0
163 0.291666666666667 0.0416666666666667 0
164 0.291666666666667 0.0833333333333333 0
165 0.291666666666667 0.125 0
166 0.291666666666667 0.166666666666667 0
167 0.291666666666667 0.208333333333333 0
168 0.333333333333333 0.0416666666666667 0
169 0.333333333333333 0.0833333333333333 0
170 0.333333333333333 0.125 0
171 0.333333333333333 0.166666666666667 0
172 0.333333333333333 0.208333333333333 0
173 0.375 0.0416666666666667 0
174 0.375 0.0833333333333333 0
175 0.375 0.125 0
176 0.375 0.166666666666667 0
177 0.375 0.208333333333333 0
178 0.416666666666667 0.0416666666666667 0
179 0.416666666666667 0.0833333333333333 0
180 0.416666666666667 0.125 0
181 0.416666666666667 0.166666666666667 0
182 0.416666666666667 0.208333333333333 0
183 0.458333333333333 0.0416666666666667 0
184 0.458333333333333 0.0833333333333333 0
185 0.458333333333333 0.125 0
186 0.458333333333333 0.166666666666667 0
187 0.458333333333334 0.208333333333333 0
188 0.5 0.0416666666666667 0
189 0.5 0.0833333333333333 0
190 0.5 0.125 0
191 0.5 0.166666666666667 0
192 0.5 0.208333333333333 0
193 0.541666666666667 0.0416666666666667 0
194 0.541666666666667 0.0833333333333333 0
195 0.541666666666667 0.125 0
196 0.541666666666667 0.166666666666667 0
197 0.541666666666667 0.208333333333333 0
198 0.583333333333333 0.0416666666666667 0
199 0.583333333333334 0.0833333333333333 0
200 0.583333333333333 0.125 0
201 0.583333333333334 0.166666666666667 0
202 0.583333333333333 0.208333333333333 0
203 0.625 0.0416666666666667 0
204 0.625 0.0833333333333333 0
205 0.625 0.125 0
206 0.625 0.166666666666667 0
207 0.625 0.208333333333333 0
208 0.666666666666666 0.0416666666666667 0
209 0.666666666666667 0.0833333333333333 0
210 0.666666666666667 0.125 0
211 0.666666666666667 0.166666666666667 0
212 0.666666666666667 0.208333333333333 0
213 0.708333333333333 0.0416666666666667 0
214 0.708333333333333 0.0833333333333333 0
215 0.708333333333333 0.125 0
216 0.708333333333333 0.166666666666667 0
217 0.708333333333333 0.208333333333333 0
218 0.75 0.0416666666666667 0
219 0.75 0.0833333333333333 0
220 0.75 0.125 0
221 0.75 0.166666666666667 0
222 0.75 0.208333333333333 0
223 0.791666666666667 0.0416666666666667 0
224 0.791666666666667 0.0833333333333333 0
225 0.791666666666667 0.125 0
226 0.791666666666666 0.166666666666667 0
227 0.791666666666667 0.208333333333333 0
228 0.833333333333333 0.0416666666666667 0
229 0.833333333333333 0.0833333333333333 0
230 0.833333333333333 0.125 0
231 0.833333333333333 0.166666666666667 0
232 0.833333333333333 0.208333333333333 0
233 0.875 0.0416666666666667 0
234 0.875 0.0833333333333333 0
235 0.875 0.125 0
236 0.875 0.166666666666667 0
237 0.875 0.208333333333333 0
238 0.916666666666667 0.0416666666666667 0
239 0.916666666666667 0.0833333333333333 0
240 0.916666666666667 0.125 0
241 0.916666666666667 0.166666666666667 0
242 0.916666666666667 0.208333333333333 0
243 0.958333333333333 0.0416666666666667 0
244 0.958333333333333 0.0833333333333333 0
245 0.958333333333333 0.125 0
246 0.958333333333333 0.166666666666667 0
247 0.958333333333333 0.208333333333333 0
248 1 0.0416666666666667 0
249 1 0.0833333333333333 0
250 1 0.125 0
251 1 0.166666666666667 0
252 1 0.208333333333333 0
253 1.04166666666667 0.0416666666666667 0
254 1.04166666666667 0.0833333333333333 0
255 1.04166666666667 0.125 0
256 1.04166666666667 0.166666666666667 0
257 1.04166666666667 0.208333333333333 0
258 1.08333333333333 0.0416666666666667 0
259 1.08333333333333 0.0833333333333333 0
260 1.08333333333333 0.125 0
261 1.08333333333333 0.166666666666667 0
262 1.08333333333333 0.208333333333333 0
263 1.125 0.0416666666666667 0
264 1.125 0.0833333333333333 0
265 1.125 0.125 0
266 1.125 0.166666666666667 0
267 1.125 0.208333333333333 0
268 1.16666666666667 0.0416666666666667 0
269 1.16666666666667 0.0833333333333333 0
270 1.16666666666667 0.125 0
271 1.16666666666667 0.166666666666667 0
272 1.16666666666667 0.208333333333333 0
273 1.20833333333333 0.0416666666666667 0
274 1.20833333333333 0.0833333333333333 0
275 1.20833333333333 0.125 0
276 1.20833333333333 0.166666666666667 0
277 1.20833333333333 0.208333333333333 0
278 1.25 0.0416666666666667 0
279 1.25 0.0833333333333333 0
280 1.25 0.125 0
281 1.25 0.166666666666667 0
282 1.25 0.208333333333333 0
283 1.29166666666667 0.0416666666666667 0
284 1.29166666666667 0.0833333333333333 0
285 1.29166666666667 0.125 0
286 1.29166666666667 0.166666666666667 0
287 1.29166666666667 0.208333333333333 0
288 1.33333333333333 0.0416666666666667 0
289 1.33333333333333 0.0833333333333333 0
290 1.33333333333333 0.125 0
291 1.33333333333333 0.166666666666667 0
292 1.33333333333333 0.208333333333333 0
293 1.375 0.0416666666666667 0
294 1.375 0.0833333333333333 0
295 1.375 0.125 0
296 1.375 0.166666666666667 0
297 1.375 0.208333333333333 0
298 1.41666666666667 0.0416666666666667 0
299 1.41666666666667 0.0833333333333333 0
300 1.41666666666667 0.125 0
301 1.41666666666667 0.166666666666667 0
302 1.41666666666667 0.208333333333333 0
303 1.45833333333333 0.0416666666666667 0
304 1.45833333333333 0.0833333333333333 0
305 1.45833333333333 0.125 0
306 1.45833333333333 0.166666666666667 0
307 1.45833333333333 0.208333333333333 0
308 1.5 0.0416666666666667 0
309 1.5 0.0833333333333333 0
310 1.5 0.125 0
311 1.5 0.166666666666667 0
312 1.5 0.208333333333333 0
313 1.54166666666667 0.0416666666666667 0
314 1.54166666666667 0.0833333333333333 0
315 1.54166666666667 0.125 0
316 1.54166666666667 0.166666666666667 0
317 1.54166666666667 0.208333333333333 0
318 1.58333333333333 0.0416666666666667 0
319 1.58333333333333 0.0833333333333333 0
320 1.58333333333333 0.125 0
321 1.58333333333333 0.166666666666667 0
322 1.58333333333333 0.208333333333333 0
323 1.625 0.0416666666666667 0
324 1.625 0.0833333333333333 0
325 1.625 0.125 0
326 1.625 0.166666666666667 0
327 1.625 0.208333333333333 0
328 1.66666666666667 0.0416666666666667 0
329 1.66666666666667 0.0833333333333333 0
330 1.66666666666667 0.125 0
331 1.66666666666667 0.166666666666667 0
332 1.66666666666667 0.208333333333333 0
333 1.70833333333333 0.0416666666666667 0
334 1.70833333333333 0.0833333333333333 0
335 1.70833333333333 0.125 0
336 1.70833333333333 0.166666666666667 0
337 1.70833333333333 0.208333333333333 0
338 1.75 0.0416666666666667 0
339 1.75 0.0833333333333333 0
340 1.75 0.125 0
341 1.75 0.166666666666667 0
342 1.75 0.208333333333333 0
343 1.79166666666667 0.0416666666666667 0
344 1.79166666666667 0.0833333333333333 0
345 1.79166666666667 0.125 0
346 1.79166666666667 0.166666666666667 0
347 1.79166666666667 0.208333333333333 0
348 1.83333333333333 0.0416666666666667 0
349 1.83333333333333 0.0833333333333333 0
350 1.83333333333333 0.125 0
351 1.83333333333333 0.166666666666667 0
352 1.83333333333333 0.208333333333333 0
353 1.875 0.0416666666666667 0
354 1.875 0.0833333333333333 0
355 1.875 0.125 0
356 1.875 0.166666666666667 0
357 1.875 0.208333333333333 0
358 1.91666666666667 0.0416666666666667 0
359 1.91666666666667 0.0833333333333333 0
360 1.91666666666667 0.125 0
361 1.91666666666667 0.166666666666667 0
362 1.91666666666667 0.208333333333333 0
363 1.95833333333333 0.0416666666666667 0
364 1.95833333333333 0.0833333333333333 0
365 1.95833333333333 0.125 0
366 1.95833333333333 0.166666666666667 0
367 1.95833333333333 0.208333333333333 0
368 2 0.0416666666666667 0
369 2 0.0833333333333333 0
370 2 0.125 0
371 2 0.166666666666667 0
372 2 0.208333333333333 0
373 2.04166666666667 0.0416666666666667 0
374 2.04166666666667 0.0833333333333333 0
375 2.04166666666667 0.125 0
376 2.04166666666667 0.166666666666667 0
377 2.04166666666667 0.208333333333333 0
378 2.08333333333333 0.0416666666666667 0
379 2.08333333333333 0.0833333333333333 0
380 2.08333333333333 0.125 0
381 2.08333333333333 0.166666666666667 0
382 2.08333333333333 0.208333333333333 0
383 2.125 0.0416666666666667 0
384 2.125 0.0833333333333333 0
385 2.125 0.125 0
386 2.125 0.166666666666667 0
387 2.125 0.208333333333333 0
388 2.16666666666667 0.0416666666666667 0
389 2.16666666666667 0.0833333333333333 0
390 2.16666666666667 0.125 0
391 2.16666666666667 0.166666666666667 0
392 2.16666666666667 0.208333333333333 0
393 2.20833333333333 0.0416666666666667 0
394 2.20833333333333 0.0833333333333333 0
395 2.20833333333333 0.125 0
396 2.20833333333333 0.166666666666667 0
397 2.20833333333333 0.208333333333333 0
398 2.25 0.0416666666666667 0
399 2.25 0.0833333333333333 0
400 2.25 0.125 0
401 2.25 0.166666666666667 0
402 2.25 0.208333333333333 0
403 2.29166666666667 0.0416666666666667 0
404 2.29166666666667 0.0833333333333333 0
405 2.29166666666667 0.125 0
406 2.29166666666667 0.166666666666667 0
407 2.29166666666667 0.208333333333333 0
408 2.33333333333333 0.0416666666666667 0
409 2.33333333333333 0.0833333333333333 0
410 2.33333333333333 0.125 0
411 2.33333333333333 0.166666666666667 0
412 2.33333333333333 0.208333333333333 0
413 2.375 0.0416666666666667 0
414 2.375 0.0833333333333333 0
415 2.375 0.125 0
416 2.375 0.166666666666667 0
417 2.375 0.208333333333333 0
418 2.41666666666667 0.0416666666666667 0
419 2.41666666666667 0.0833333333333333 0
420 2.41666666666667 0.125 0
421 2.41666666666667 0.166666666666667 0
422 2.41666666666667 0.208333333333333 0
423 2.45833333333333 0.0416666666666667 0
424 2.45833333333333 0.0833333333333333 0
425 2.45833333333333 0.125 0
426 2.45833333333333 0.166666666666667 0
427 2.45833333333333 0.208333333333333 0
