1 0 0 0
2 2.5 0 0
3 2.5 0.25 0
4 0 0.25 0
5 0.0416666666666667 0 0
6 0.0833333333333333 0 0
7 0.125 0 0
8 0.166666666666667 0 0
9 0.208333333333333 0 0
10 0.25 0 0
11 0.291666666666667 0 0
12 0.333333333333333 0 0
13 0.375 0 0
14 0.416666666666667 0 0
15 0.458333333333333 0 0
16 0.5 0 0
17 0.541666666666667 0 0
18 0.583333333333333 0 0
19 0.625 0 0
20 0.666666666666667 0 0
21 0.708333333333333 0 0
22 0.75 0 0
23 0.791666666666667 0 0
24 0.833333333333333 0 0
25 0.875 0 0
26 0.916666666666667 0 0
27 0.958333333333333 0 0
28 1 0 0
29 1.04166666666667 0 0
30 1.08333333333333 0 0
31 1.125 0 0
32 1.16666666666667 0 0
33 1.20833333333333 0 0
34 1.25 0 0
35 1.29166666666667 0 0
36 1.33333333333333 0 0
37 1.375 0 0
38 1.41666666666667 0 0
39 1.45833333333333 0 0
40 1.5 0 0
41 1.54166666666667 0 0
42 1.58333333333333 0 0
43 1.625 0 0
44 1.66666666666667 0 0
45 1.70833333333333 0 0
46 1.75 0 0
47 1.79166666666667 0 0
48 1.83333333333333 0 0
49 1.875 0 0
50 1.91666666666667 0 0
51 1.95833333333333 0 0
52 2 0 0
53 2.04166666666667 0 0
54 2.08333333333333 0 0
55 2.125 0 0
56 2.16666666666667 0 0
57 2.20833333333333 0 0
58 2.25 0 0
59 2.29166666666667 0 0
60 2.33333333333333 0 0
61 2.375 0 0
62 2.41666666666667 0 0
63 2.45833333333333 0 0
64 0.0208333333333333 0 0
65 0.0625 0 0
66 0.104166666666667 0 0
67 0.145833333333333 0 0
68 0.1875 0 0
69 0.229166666666667 0 0
70 0.270833333333333 0 0
71 0.3125 0 0
72 0.354166666666667 0 0
73 0.395833333333333 0 0
74 0.4375 0 0
75 0.479166666666667 0 0
76 0.520833333333333 0 0
77 0.5625 0 0
78 0.604166666666667 0 0
79 0.645833333333333 0 0
80 0.6875 0 0
81 0.729166666666667 0 0
82 0.770833333333333 0 0
83 0.8125 0 0
84 0.854166666666667 0 0
85 0.895833333333333 0 0
86 0.9375 0 0
87 0.979166666666667 0 0
88 1.02083333333333 0 0
89 1.0625 0 0
90 1.10416666666667 0 0
91 1.14583333333333 0 0
92 1.1875 0 0
93 1.22916666666667 0 0
94 1.27083333333333 0 0
95 1.3125 0 0
96 1.35416666666667 0 0
97 1.39583333333333 0 0
98 1.4375 0 0
99 1.47916666666667 0 0
100 1.52083333333333 0 0
101 1.5625 0 0
102 1.60416666666667 0 0
103 1.64583333333333 0 0
104 1.6875 0 0
105 1.72916666666667 0 0
106 1.77083333333333 0 0
107 1.8125 0 0
108 1.85416666666667 0 0
109 1.89583333333333 0 0
110 1.9375 0 0
111 1.97916666666667 0 0
112 2.02083333333333 0 0
113 2.0625 0 0
114 2.10416666666667 0 0
115 2.14583333333333 0 0
116 2.1875 0 0
117 2.22916666666667 0 0
118 2.27083333333333 0 0
119 2.3125 0 0
120 2.35416666666667 0 0
121 2.39583333333333 0 0
122 2.4375 0 0
123 2.47916666666667 0 0
124 2.5 0.0416666666666667 0
125 2.5 0.0833333333333333 0
126 2.5 0.125 0
127 2.5 0.166666666666667 0
128 2.5 0.208333333333333 0
129 2.5 0.0208333333333333 0
130 2.5 0.0625 0
131 2.5 0.104166666666667 0
132 2.5 0.145833333333333 0
133 2.5 0.1875 0
134 2.5 0.229166666666667 0
135 2.45833333333333 0.25 0
136 2.41666666666667 0.25 0
137 2.375 0.25 0
138 2.33333333333333 0.25 0
139 2.29166666666667 0.25 0
140 2.25 0.25 0
141 2.20833333333333 0.25 0
142 2.16666666666667 0.25 0
143 2.125 0.25 0
144 2.08333333333333 0.25 0
145 2.04166666666667 0.25 0
146 2 0.25 0
147 1.95833333333333 0.25 0
148 1.91666666666667 0.25 0
149 1.875 0.25 0
150 1.83333333333333 0.25 0
151 1.79166666666667 0.25 0
152 1.75 0.25 0
153 1.70833333333333 0.25 0
154 1.66666666666667 0.25 0
155 1.625 0.25 0
156 1.58333333333333 0.25 0
157 1.54166666666667 0.25 0
158 1.5 0.25 0
159 1.45833333333333 0.25 0
160 1.41666666666667 0.25 0
161 1.375 0.25 0
162 1.33333333333333 0.25 0
163 1.29166666666667 0.25 0
164 1.25 0.25 0
165 1.20833333333333 0.25 0
166 1.16666666666667 0.25 0
167 1.125 0.25 0
168 1.08333333333333 0.25 0
169 1.04166666666667 0.25 0
170 1 0.25 0
171 0.958333333333333 0.25 0
172 0.916666666666667 0.25 0
173 0.875 0.25 0
174 0.833333333333333 0.25 0
175 0.791666666666667 0.25 0
176 0.75 0.25 0
177 0.708333333333333 0.25 0
178 0.666666666666667 0.25 0
179 0.625 0.25 0
180 0.583333333333333 0.25 0
181 0.541666666666667 0.25 0
182 0.5 0.25 0
183 0.458333333333333 0.25 0
184 0.416666666666667 0.25 0
185 0.375 0.25 0
186 0.333333333333333 0.25 0
187 0.291666666666667 0.25 0
188 0.25 0.25 0
189 0.208333333333334 0.25 0
190 0.166666666666666 0.25 0
191 0.125 0.25 0
192 0.0833333333333335 0.25 0
193 0.041666666666667 0.25 0
194 2.47916666666667 0.25 0
195 2.4375 0.25 0
196 2.39583333333333 0.25 0
197 2.35416666666667 0.25 0
198 2.3125 0.25 0
199 2.27083333333333 0.25 0
200 2.22916666666667 0.25 0
201 2.1875 0.25 0
202 2.14583333333333 0.25 0
203 2.10416666666667 0.25 0
204 2.0625 0.25 0
205 2.02083333333333 0.25 0
206 1.97916666666667 0.25 0
207 1.9375 0.25 0
208 1.89583333333333 0.25 0
209 1.85416666666667 0.25 0
210 1.8125 0.25 0
211 1.77083333333333 0.25 0
212 1.72916666666667 0.25 0
213 1.6875 0.25 0
214 1.64583333333333 0.25 0
215 1.60416666666667 0.25 0
216 1.5625 0.25 0
217 1.52083333333333 0.25 0
218 1.47916666666667 0.25 0
219 1.4375 0.25 0
220 1.39583333333333 0.25 0
221 1.35416666666667 0.25 0
222 1.3125 0.25 0
223 1.27083333333333 0.25 0
224 1.22916666666667 0.25 0
225 1.1875 0.25 0
226 1.14583333333333 0.25 0
227 1.10416666666667 0.25 0
228 1.0625 0.25 0
229 1.02083333333333 0.25 0
230 0.979166666666667 0.25 0
231 0.9375 0.25 0
232 0.895833333333333 0.25 0
233 0.854166666666667 0.25 0
234 0.8125 0.25 0
235 0.770833333333333 0.25 0
236 0.729166666666667 0.25 0
237 0.6875 0.25 0
238 0.645833333333333 0.25 0
239 0.604166666666667 0.25 0
240 0.5625 0.25 0
241 0.520833333333333 0.25 0
242 0.479166666666667 0.25 0
243 0.4375 0.25 0
244 0.395833333333333 0.25 0
245 0.354166666666667 0.25 0
246 0.3125 0.25 0
247 0.270833333333333 0.25 0
248 0.229166666666667 0.25 0
249 0.1875 0.25 0
250 0.145833333333333 0.25 0
251 0.104166666666667 0.25 0
252 0.0625 0.25 0
253 0.0208333333333335 0.25 0
254 0 0.208333333333333 0
255 0 0.166666666666667 0
256 0 0.125 0
257 0 0.0833333333333333 0
258 0 0.0416666666666667 0
259 0 0.229166666666667 0
260 0 0.1875 0
261 0 0.145833333333333 0
262 0 0.104166666666667 0
263 0 0.0625 0
264 0 0.0208333333333333 0
265 0.0416666666666667 0.0416666666666667 0
266 0.0416666666666667 0.0833333333333333 0
267 0.0416666666666667 0.125 0
268 0.0416666666666667 0.166666666666667 0
269 0.0416666666666667 0.208333333333333 0
270 0.0833333333333337 0.0416666666666667 0
271 0.0833333333333337 0.0833333333333333 0
272 0.0833333333333335 0.125 0
273 0.0833333333333335 0.166666666666667 0
274 0.0833333333333337 0.208333333333333 0
275 0.125 0.0416666666666667 0
276 0.125 0.0833333333333333 0
277 0.125 0.125 0
278 0.125 0.166666666666667 0
279 0.125 0.208333333333333 0
280 0.166666666666666 0.0416666666666667 0
281 0.166666666666666 0.0833333333333333 0
282 0.166666666666666 0.125 0
283 0.166666666666666 0.166666666666667 0
284 0.166666666666666 0.208333333333333 0
285 0.208333333333333 0.0416666666666667 0
286 0.208333333333333 0.0833333333333333 0
287 0.208333333333334 0.125 0
288 0.208333333333334 0.166666666666667 0
289 0.208333333333334 0.208333333333333 0
290 0.25 0.0416666666666667 0
291 0.25 0.0833333333333333 0
292 0.25 0.125 0
293 0.25 0.166666666666667 0
294 0.25 0.208333333333333 0
295 0.291666666666667 0.0416666666666667 0
296 0.291666666666667 0.0833333333333333 0
297 0.291666666666667 0.125 0
298 0.291666666666667 0.166666666666667 0
299 0.291666666666667 0.208333333333333 0
300 0.333333333333333 0.0416666666666667 0
301 0.333333333333333 0.0833333333333333 0
302 0.333333333333333 0.125 0
303 0.333333333333333 0.166666666666667 0
304 0.333333333333333 0.208333333333333 0
305 0.375 0.0416666666666667 0
306 0.375 0.0833333333333333 0
307 0.375 0.125 0
308 0.375 0.166666666666667 0
309 0.375 0.208333333333333 0
310 0.416666666666667 0.0416666666666667 0
311 0.416666666666667 0.0833333333333333 0
312 0.416666666666667 0.125 0
313 0.416666666666667 0.166666666666667 0
314 0.416666666666667 0.208333333333333 0
315 0.458333333333333 0.0416666666666667 0
316 0.458333333333333 0.0833333333333333 0
317 0.458333333333333 0.125 0
318 0.458333333333333 0.166666666666667 0
319 0.458333333333334 0.208333333333333 0
320 0.5 0.0416666666666667 0
321 0.5 0.0833333333333333 0
322 0.5 0.125 0
323 0.5 0.166666666666667 0
324 0.5 0.208333333333333 0
325 0.541666666666667 0.0416666666666667 0
326 0.541666666666667 0.0833333333333333 0
327 0.541666666666667 0.125 0
328 0.541666666666667 0.166666666666667 0
329 0.541666666666667 0.208333333333333 0
330 0.583333333333333 0.0416666666666667 0
331 0.583333333333334 0.0833333333333333 0
332 0.583333333333333 0.125 0
333 0.583333333333334 0.166666666666667 0
334 0.583333333333333 0.208333333333333 0
335 0.625 0.0416666666666667 0
336 0.625 0.0833333333333333 0
337 0.625 0.125 0
338 0.625 0.166666666666667 0
339 0.625 0.208333333333333 0
340 0.666666666666666 0.0416666666666667 0
341 0.666666666666667 0.0833333333333333 0
342 0.666666666666667 0.125 0
343 0.666666666666667 0.166666666666667 0
344 0.666666666666667 0.208333333333333 0
345 0.708333333333333 0.0416666666666667 0
346 0.708333333333333 0.0833333333333333 0
347 0.708333333333333 0.125 0
348 0.708333333333333 0.166666666666667 0
349 0.708333333333333 0.208333333333333 0
350 0.75 0.0416666666666667 0
351 0.75 0.0833333333333333 0
352 0.75 0.125 0
353 0.75 0.166666666666667 0
354 0.75 0.208333333333333 0
355 0.791666666666667 0.0416666666666667 0
356 0.791666666666667 0.0833333333333333 0
357 0.791666666666667 0.125 0
358 0.791666666666666 0.166666666666667 0
359 0.791666666666667 0.208333333333333 0
360 0.833333333333333 0.0416666666666667 0
361 0.833333333333333 0.0833333333333333 0
362 0.833333333333333 0.125 0
363 0.833333333333333 0.166666666666667 0
364 0.833333333333333 0.208333333333333 0
365 0.875 0.0416666666666667 0
366 0.875 0.0833333333333333 0
367 0.875 0.125 0
368 0.875 0.166666666666667 0
369 0.875 0.208333333333333 0
370 0.916666666666667 0.0416666666666667 0
371 0.916666666666667 0.0833333333333333 0
372 0.916666666666667 0.125 0
373 0.916666666666667 0.166666666666667 0
374 0.916666666666667 0.208333333333333 0
375 0.958333333333333 0.0416666666666667 0
376 0.958333333333333 0.0833333333333333 0
377 0.958333333333333 0.125 0
378 0.958333333333333 0.166666666666667 0
379 0.958333333333333 0.208333333333333 0
380 1 0.0416666666666667 0
381 1 0.0833333333333333 0
382 1 0.125 0
383 1 0.166666666666667 0
384 1 0.208333333333333 0
385 1.04166666666667 0.0416666666666667 0
386 1.04166666666667 0.0833333333333333 0
387 1.04166666666667 0.125 0
388 1.04166666666667 0.166666666666667 0
389 1.04166666666667 0.208333333333333 0
390 1.08333333333333 0.0416666666666667 0
391 1.08333333333333 0.0833333333333333 0
392 1.08333333333333 0.125 0
393 1.08333333333333 0.166666666666667 0
394 1.08333333333333 0.208333333333333 0
395 1.125 0.0416666666666667 0
396 1.125 0.0833333333333333 0
397 1.125 0.125 0
398 1.125 0.166666666666667 0
399 1.125 0.208333333333333 0
400 1.16666666666667 0.0416666666666667 0
401 1.16666666666667 0.0833333333333333 0
402 1.16666666666667 0.125 0
403 1.16666666666667 0.166666666666667 0
404 1.16666666666667 0.208333333333333 0
405 1.20833333333333 0.0416666666666667 0
406 1.20833333333333 0.0833333333333333 0
407 1.20833333333333 0.125 0
408 1.20833333333333 0.166666666666667 0
409 1.20833333333333 0.208333333333333 0
410 1.25 0.0416666666666667 0
411 1.25 0.0833333333333333 0
412 1.25 0.125 0
413 1.25 0.166666666666667 0
414 1.25 0.208333333333333 0
415 1.29166666666667 0.0416666666666667 0
416 1.29166666666667 0.0833333333333333 0
417 1.29166666666667 0.125 0
418 1.29166666666667 0.166666666666667 0
419 1.29166666666667 0.208333333333333 0
420 1.33333333333333 0.0416666666666667 0
421 1.33333333333333 0.0833333333333333 0
422 1.33333333333333 0.125 0
423 1.33333333333333 0.166666666666667 0
424 1.33333333333333 0.208333333333333 0
425 1.375 0.0416666666666667 0
426 1.375 0.0833333333333333 0
427 1.375 0.125 0
428 1.375 0.166666666666667 0
429 1.375 0.208333333333333 0
430 1.41666666666667 0.0416666666666667 0
431 1.41666666666667 0.0833333333333333 0
432 1.41666666666667 0.125 0
433 1.41666666666667 0.166666666666667 0
434 1.41666666666667 0.208333333333333 0
435 1.45833333333333 0.0416666666666667 0
436 1.45833333333333 0.0833333333333333 0
437 1.45833333333333 0.125 0
438 1.45833333333333 0.166666666666667 0
439 1.45833333333333 0.208333333333333 0
440 1.5 0.0416666666666667 0
441 1.5 0.0833333333333333 0
442 1.5 0.125 0
443 1.5 0.166666666666667 0
444 1.5 0.208333333333333 0
445 1.54166666666667 0.0416666666666667 0
446 1.54166666666667 0.0833333333333333 0
447 1.54166666666667 0.125 0
448 1.54166666666667 0.166666666666667 0
449 1.54166666666667 0.208333333333333 0
450 1.58333333333333 0.0416666666666667 0
451 1.58333333333333 0.0833333333333333 0
452 1.58333333333333 0.125 0
453 1.58333333333333 0.166666666666667 0
454 1.58333333333333 0.208333333333333 0
455 1.625 0.0416666666666667 0
456 1.625 0.0833333333333333 0
457 1.625 0.125 0
458 1.625 0.166666666666667 0
459 1.625 0.208333333333333 0
460 1.66666666666667 0.0416666666666667 0
461 1.66666666666667 0.0833333333333333 0
462 1.66666666666667 0.125 0
463 1.66666666666667 0.166666666666667 0
464 1.66666666666667 0.208333333333333 0
465 1.70833333333333 0.0416666666666667 0
466 1.70833333333333 0.0833333333333333 0
467 1.70833333333333 0.125 0
468 1.70833333333333 0.166666666666667 0
469 1.70833333333333 0.208333333333333 0
470 1.75 0.0416666666666667 0
471 1.75 0.0833333333333333 0
472 1.75 0.125 0
473 1.75 0.166666666666667 0
474 1.75 0.208333333333333 0
475 1.79166666666667 0.0416666666666667 0
476 1.79166666666667 0.0833333333333333 0
477 1.79166666666667 0.125 0
478 1.79166666666667 0.166666666666667 0
479 1.79166666666667 0.208333333333333 0
480 1.83333333333333 0.0416666666666667 0
481 1.83333333333333 0.0833333333333333 0
482 1.83333333333333 0.125 0
483 1.83333333333333 0.166666666666667 0
484 1.83333333333333 0.208333333333333 0
485 1.875 0.0416666666666667 0
486 1.875 0.0833333333333333 0
487 1.875 0.125 0
488 1.875 0.166666666666667 0
489 1.875 0.208333333333333 0
490 1.91666666666667 0.0416666666666667 0
491 1.91666666666667 0.0833333333333333 0
492 1.91666666666667 0.125 0
493 1.91666666666667 0.166666666666667 0
494 1.91666666666667 0.208333333333333 0
495 1.95833333333333 0.0416666666666667 0
496 1.95833333333333 0.0833333333333333 0
497 1.95833333333333 0.125 0
498 1.95833333333333 0.166666666666667 0
499 1.95833333333333 0.208333333333333 0
500 2 0.0416666666666667 0
501 2 0.0833333333333333 0
502 2 0.125 0
503 2 0.166666666666667 0
504 2 0.208333333333333 0
505 2.04166666666667 0.0416666666666667 0
506 2.04166666666667 0.0833333333333333 0
507 2.04166666666667 0.125 0
508 2.04166666666667 0.166666666666667 0
509 2.04166666666667 0.208333333333333 0
510 2.08333333333333 0.0416666666666667 0
511 2.08333333333333 0.0833333333333333 0
512 2.08333333333333 0.125 0
513 2.08333333333333 0.166666666666667 0
514 2.08333333333333 0.208333333333333 0
515 2.125 0.0416666666666667 0
516 2.125 0.0833333333333333 0
517 2.125 0.125 0
518 2.125 0.166666666666667 0
519 2.125 0.208333333333333 0
520 2.16666666666667 0.0416666666666667 0
521 2.16666666666667 0.0833333333333333 0
522 2.16666666666667 0.125 0
523 2.16666666666667 0.166666666666667 0
524 2.16666666666667 0.208333333333333 0
525 2.20833333333333 0.0416666666666667 0
526 2.20833333333333 0.0833333333333333 0
527 2.20833333333333 0.125 0
528 2.20833333333333 0.166666666666667 0
529 2.20833333333333 0.208333333333333 0
530 2.25 0.0416666666666667 0
531 2.25 0.0833333333333333 0
532 2.25 0.125 0
533 2.25 0.166666666666667 0
534 2.25 0.208333333333333 0
535 2.29166666666667 0.0416666666666667 0
536 2.29166666666667 0.0833333333333333 0
537 2.29166666666667 0.125 0
538 2.29166666666667 0.166666666666667 0
539 2.29166666666667 0.208333333333333 0
540 2.33333333333333 0.0416666666666667 0
541 2.33333333333333 0.0833333333333333 0
542 2.33333333333333 0.125 0
543 2.33333333333333 0.166666666666667 0
544 2.33333333333333 0.208333333333333 0
545 2.375 0.0416666666666667 0
546 2.375 0.0833333333333333 0
547 2.375 0.125 0
548 2.375 0.166666666666667 0
549 2.375 0.208333333333333 0
550 2.41666666666667 0.0416666666666667 0
551 2.41666666666667 0.0833333333333333 0
552 2.41666666666667 0.125 0
553 2.41666666666667 0.166666666666667 0
554 2.41666666666667 0.208333333333333 0
555 2.45833333333333 0.0416666666666667 0
556 2.45833333333333 0.0833333333333333 0
557 2.45833333333333 0.125 0
558 2.45833333333333 0.166666666666667 0
559 2.45833333333333 0.208333333333333 0
560 0.0416666666666667 0.0208333333333333 0
561 0.0208333333333335 0.0416666666666667 0
562 0.0208333333333334 0.0208333333333333 0
563 0.0416666666666667 0.0625 0
564 0.0208333333333335 0.0833333333333333 0
565 0.0208333333333335 0.0625 0
566 0.0416666666666667 0.104166666666667 0
567 0.0208333333333335 0.125 0
568 0.0208333333333335 0.104166666666667 0
569 0.0416666666666667 0.145833333333333 0
570 0.0208333333333335 0.166666666666667 0
571 0.0208333333333335 0.145833333333333 0
572 0.0416666666666667 0.1875 0
573 0.0208333333333335 0.208333333333333 0
574 0.0208333333333335 0.1875 0
575 0.041666666666667 0.229166666666667 0
576 0.0208333333333335 0.229166666666667 0
577 0.0833333333333335 0.0208333333333333 0
578 0.0625000000000002 0.0416666666666667 0
579 0.0625000000000001 0.0208333333333333 0
580 0.0833333333333337 0.0625 0
581 0.0625000000000002 0.0833333333333333 0
582 0.0625000000000002 0.0625 0
583 0.0833333333333335 0.104166666666667 0
584 0.0625 0.125 0
585 0.0625000000000001 0.104166666666667 0
586 0.0833333333333335 0.145833333333333 0
587 0.0625 0.166666666666667 0
588 0.0625 0.145833333333333 0
589 0.0833333333333335 0.1875 0
590 0.0625000000000002 0.208333333333333 0
591 0.0625000000000001 0.1875 0
592 0.0833333333333335 0.229166666666667 0
593 0.0625000000000001 0.229166666666667 0
594 0.125 0.0208333333333333 0
595 0.104166666666667 0.0416666666666667 0
596 0.104166666666667 0.0208333333333333 0
597 0.125 0.0625 0
598 0.104166666666667 0.0833333333333333 0
599 0.104166666666667 0.0625 0
600 0.125 0.104166666666667 0
601 0.104166666666667 0.125 0
602 0.104166666666667 0.104166666666667 0
603 0.125 0.145833333333333 0
604 0.104166666666667 0.166666666666667 0
605 0.104166666666667 0.145833333333333 0
606 0.125 0.1875 0
607 0.104166666666667 0.208333333333333 0
608 0.104166666666667 0.1875 0
609 0.125 0.229166666666667 0
610 0.104166666666667 0.229166666666667 0
611 0.166666666666666 0.0208333333333333 0
612 0.145833333333333 0.0416666666666667 0
613 0.145833333333333 0.0208333333333333 0
614 0.166666666666666 0.0625 0
615 0.145833333333333 0.0833333333333333 0
616 0.145833333333333 0.0625 0
617 0.166666666666666 0.104166666666667 0
618 0.145833333333333 0.125 0
619 0.145833333333333 0.104166666666667 0
620 0.166666666666666 0.145833333333333 0
621 0.145833333333333 0.166666666666667 0
622 0.145833333333333 0.145833333333333 0
623 0.166666666666666 0.1875 0
624 0.145833333333333 0.208333333333333 0
625 0.145833333333333 0.1875 0
626 0.166666666666666 0.229166666666667 0
627 0.145833333333333 0.229166666666667 0
628 0.208333333333333 0.0208333333333333 0
629 0.1875 0.0416666666666667 0
630 0.1875 0.0208333333333333 0
631 0.208333333333333 0.0625 0
632 0.1875 0.0833333333333333 0
633 0.1875 0.0625 0
634 0.208333333333334 0.104166666666667 0
635 0.1875 0.125 0
636 0.1875 0.104166666666667 0
637 0.208333333333334 0.145833333333333 0
638 0.1875 0.166666666666667 0
639 0.1875 0.145833333333333 0
640 0.208333333333334 0.1875 0
641 0.1875 0.208333333333333 0
642 0.1875 0.1875 0
643 0.208333333333334 0.229166666666667 0
644 0.1875 0.229166666666667 0
645 0.25 0.0208333333333333 0
646 0.229166666666666 0.0416666666666667 0
647 0.229166666666667 0.0208333333333333 0
648 0.25 0.0625 0
649 0.229166666666666 0.0833333333333333 0
650 0.229166666666666 0.0625 0
651 0.25 0.104166666666667 0
652 0.229166666666667 0.125 0
653 0.229166666666667 0.104166666666667 0
654 0.25 0.145833333333333 0
655 0.229166666666667 0.166666666666667 0
656 0.229166666666667 0.145833333333333 0
657 0.25 0.1875 0
658 0.229166666666667 0.208333333333333 0
659 0.229166666666667 0.1875 0
660 0.25 0.229166666666667 0
661 0.229166666666667 0.229166666666667 0
662 0.291666666666667 0.0208333333333333 0
663 0.270833333333333 0.0416666666666667 0
664 0.270833333333333 0.0208333333333333 0
665 0.291666666666667 0.0625 0
666 0.270833333333333 0.0833333333333333 0
667 0.270833333333333 0.0625 0
668 0.291666666666667 0.104166666666667 0
669 0.270833333333333 0.125 0
670 0.270833333333333 0.104166666666667 0
671 0.291666666666667 0.145833333333333 0
672 0.270833333333333 0.166666666666667 0
673 0.270833333333333 0.145833333333333 0
674 0.291666666666667 0.1875 0
675 0.270833333333334 0.208333333333333 0
676 0.270833333333334 0.1875 0
677 0.291666666666667 0.229166666666667 0
678 0.270833333333334 0.229166666666667 0
679 0.333333333333333 0.0208333333333333 0
680 0.3125 0.0416666666666667 0
681 0.3125 0.0208333333333333 0
682 0.333333333333333 0.0625 0
683 0.3125 0.0833333333333333 0
684 0.3125 0.0625 0
685 0.333333333333333 0.104166666666667 0
686 0.3125 0.125 0
687 0.3125 0.104166666666667 0
688 0.333333333333333 0.145833333333333 0
689 0.3125 0.166666666666667 0
690 0.3125 0.145833333333333 0
691 0.333333333333333 0.1875 0
692 0.3125 0.208333333333333 0
693 0.3125 0.1875 0
694 0.333333333333333 0.229166666666667 0
695 0.3125 0.229166666666667 0
696 0.375 0.0208333333333333 0
697 0.354166666666667 0.0416666666666667 0
698 0.354166666666667 0.0208333333333333 0
699 0.375 0.0625 0
700 0.354166666666667 0.0833333333333333 0
701 0.354166666666667 0.0625 0
702 0.375 0.104166666666667 0
703 0.354166666666667 0.125 0
704 0.354166666666667 0.104166666666667 0
705 0.375 0.145833333333333 0
706 0.354166666666666 0.166666666666667 0
707 0.354166666666666 0.145833333333333 0
708 0.375 0.1875 0
709 0.354166666666667 0.208333333333333 0
710 0.354166666666666 0.1875 0
711 0.375 0.229166666666667 0
712 0.354166666666667 0.229166666666667 0
713 0.416666666666667 0.0208333333333333 0
714 0.395833333333333 0.0416666666666667 0
715 0.395833333333333 0.0208333333333333 0
716 0.416666666666667 0.0625 0
717 0.395833333333333 0.0833333333333333 0
718 0.395833333333333 0.0625 0
719 0.416666666666667 0.104166666666667 0
720 0.395833333333333 0.125 0
721 0.395833333333333 0.104166666666667 0
722 0.416666666666667 0.145833333333333 0
723 0.395833333333333 0.166666666666667 0
724 0.395833333333333 0.145833333333333 0
725 0.416666666666667 0.1875 0
726 0.395833333333333 0.208333333333333 0
727 0.395833333333333 0.1875 0
728 0.416666666666667 0.229166666666667 0
729 0.395833333333333 0.229166666666667 0
730 0.458333333333333 0.0208333333333333 0
731 0.4375 0.0416666666666667 0
732 0.4375 0.0208333333333333 0
733 0.458333333333333 0.0625 0
734 0.4375 0.0833333333333333 0
735 0.4375 0.0625 0
736 0.458333333333333 0.104166666666667 0
737 0.4375 0.125 0
738 0.4375 0.104166666666667 0
739 0.458333333333333 0.145833333333333 0
740 0.4375 0.166666666666667 0
741 0.4375 0.145833333333333 0
742 0.458333333333333 0.1875 0
743 0.4375 0.208333333333333 0
744 0.4375 0.1875 0
745 0.458333333333333 0.229166666666667 0
746 0.4375 0.229166666666667 0
747 0.5 0.0208333333333333 0
748 0.479166666666667 0.0416666666666667 0
749 0.479166666666667 0.0208333333333333 0
750 0.5 0.0625 0
751 0.479166666666667 0.0833333333333333 0
752 0.479166666666667 0.0625 0
753 0.5 0.104166666666667 0
754 0.479166666666667 0.125 0
755 0.479166666666667 0.104166666666667 0
756 0.5 0.145833333333333 0
757 0.479166666666667 0.166666666666667 0
758 0.479166666666667 0.145833333333333 0
759 0.5 0.1875 0
760 0.479166666666667 0.208333333333333 0
761 0.479166666666667 0.1875 0
762 0.5 0.229166666666667 0
763 0.479166666666667 0.229166666666667 0
764 0.541666666666667 0.0208333333333333 0
765 0.520833333333333 0.0416666666666667 0
766 0.520833333333333 0.0208333333333333 0
767 0.541666666666667 0.0625 0
768 0.520833333333333 0.0833333333333333 0
769 0.520833333333333 0.0625 0
770 0.541666666666667 0.104166666666667 0
771 0.520833333333333 0.125 0
772 0.520833333333333 0.104166666666667 0
773 0.541666666666667 0.145833333333333 0
774 0.520833333333333 0.166666666666667 0
775 0.520833333333333 0.145833333333333 0
776 0.541666666666667 0.1875 0
777 0.520833333333333 0.208333333333333 0
778 0.520833333333333 0.1875 0
779 0.541666666666667 0.229166666666667 0
780 0.520833333333333 0.229166666666667 0
781 0.583333333333333 0.0208333333333333 0
782 0.5625 0.0416666666666667 0
783 0.5625 0.0208333333333333 0
784 0.583333333333333 0.0625 0
785 0.5625 0.0833333333333333 0
786 0.5625 0.0625 0
787 0.583333333333334 0.104166666666667 0
788 0.5625 0.125 0
789 0.5625 0.104166666666667 0
790 0.583333333333333 0.145833333333333 0
791 0.5625 0.166666666666667 0
792 0.5625 0.145833333333333 0
793 0.583333333333333 0.1875 0
794 0.5625 0.208333333333333 0
795 0.5625 0.1875 0
796 0.583333333333333 0.229166666666667 0
797 0.5625 0.229166666666667 0
798 0.625 0.0208333333333333 0
799 0.604166666666667 0.0416666666666667 0
800 0.604166666666667 0.0208333333333333 0
801 0.625 0.0625 0
802 0.604166666666667 0.0833333333333333 0
803 0.604166666666667 0.0625 0
804 0.625 0.104166666666667 0
805 0.604166666666667 0.125 0
806 0.604166666666667 0.104166666666667 0
807 0.625 0.145833333333333 0
808 0.604166666666667 0.166666666666667 0
809 0.604166666666667 0.145833333333333 0
810 0.625 0.1875 0
811 0.604166666666667 0.208333333333333 0
812 0.604166666666667 0.1875 0
813 0.625 0.229166666666667 0
814 0.604166666666667 0.229166666666667 0
815 0.666666666666667 0.0208333333333333 0
816 0.645833333333333 0.0416666666666667 0
817 0.645833333333333 0.0208333333333333 0
818 0.666666666666667 0.0625 0
819 0.645833333333333 0.0833333333333333 0
820 0.645833333333333 0.0625 0
821 0.666666666666667 0.104166666666667 0
822 0.645833333333333 0.125 0
823 0.645833333333333 0.104166666666667 0
824 0.666666666666667 0.145833333333333 0
825 0.645833333333333 0.166666666666667 0
826 0.645833333333333 0.145833333333333 0
827 0.666666666666667 0.1875 0
828 0.645833333333333 0.208333333333333 0
829 0.645833333333333 0.1875 0
830 0.666666666666667 0.229166666666667 0
831 0.645833333333333 0.229166666666667 0
832 0.708333333333333 0.0208333333333333 0
833 0.6875 0.0416666666666667 0
834 0.6875 0.0208333333333333 0
835 0.708333333333333 0.0625 0
836 0.6875 0.0833333333333333 0
837 0.6875 0.0625 0
838 0.708333333333333 0.104166666666667 0
839 0.6875 0.125 0
840 0.6875 0.104166666666667 0
841 0.708333333333333 0.145833333333333 0
842 0.6875 0.166666666666667 0
843 0.6875 0.145833333333333 0
844 0.708333333333333 0.1875 0
845 0.6875 0.208333333333333 0
846 0.6875 0.1875 0
847 0.708333333333333 0.229166666666667 0
848 0.6875 0.229166666666667 0
849 0.75 0.0208333333333333 0
850 0.729166666666667 0.0416666666666667 0
851 0.729166666666667 0.0208333333333333 0
852 0.75 0.0625 0
853 0.729166666666667 0.0833333333333333 0
854 0.729166666666667 0.0625 0
855 0.75 0.104166666666667 0
856 0.729166666666667 0.125 0
857 0.729166666666667 0.104166666666667 0
858 0.75 0.145833333333333 0
859 0.729166666666667 0.166666666666667 0
860 0.729166666666667 0.145833333333333 0
861 0.75 0.1875 0
862 0.729166666666667 0.208333333333333 0
863 0.729166666666667 0.1875 0
864 0.75 0.229166666666667 0
865 0.729166666666667 0.229166666666667 0
866 0.791666666666667 0.0208333333333333 0
867 0.770833333333333 0.0416666666666667 0
868 0.770833333333333 0.0208333333333333 0
869 0.791666666666667 0.0625 0
870 0.770833333333333 0.0833333333333333 0
871 0.770833333333333 0.0625 0
872 0.791666666666667 0.104166666666667 0
873 0.770833333333333 0.125 0
874 0.770833333333333 0.104166666666667 0
875 0.791666666666667 0.145833333333333 0
876 0.770833333333333 0.166666666666667 0
877 0.770833333333333 0.145833333333333 0
878 0.791666666666667 0.1875 0
879 0.770833333333333 0.208333333333333 0
880 0.770833333333333 0.1875 0
881 0.791666666666667 0.229166666666667 0
882 0.770833333333333 0.229166666666667 0
883 0.833333333333333 0.0208333333333333 0
884 0.8125 0.0416666666666667 0
885 0.8125 0.0208333333333333 0
886 0.833333333333333 0.0625 0
887 0.8125 0.0833333333333333 0
888 0.8125 0.0625 0
889 0.833333333333333 0.104166666666667 0
890 0.8125 0.125 0
891 0.8125 0.104166666666667 0
892 0.833333333333333 0.145833333333333 0
893 0.8125 0.166666666666667 0
894 0.8125 0.145833333333333 0
895 0.833333333333333 0.1875 0
896 0.8125 0.208333333333333 0
897 0.8125 0.1875 0
898 0.833333333333333 0.229166666666667 0
899 0.8125 0.229166666666667 0
900 0.875 0.0208333333333333 0
901 0.854166666666667 0.0416666666666667 0
902 0.854166666666667 0.0208333333333333 0
903 0.875 0.0625 0
904 0.854166666666667 0.0833333333333333 0
905 0.854166666666667 0.0625 0
906 0.875 0.104166666666667 0
907 0.854166666666667 0.125 0
908 0.854166666666667 0.104166666666667 0
909 0.875 0.145833333333333 0
910 0.854166666666667 0.166666666666667 0
911 0.854166666666667 0.145833333333333 0
912 0.875 0.1875 0
913 0.854166666666667 0.208333333333333 0
914 0.854166666666667 0.1875 0
915 0.875 0.229166666666667 0
916 0.854166666666667 0.229166666666667 0
917 0.916666666666667 0.0208333333333333 0
918 0.895833333333333 0.0416666666666667 0
919 0.895833333333333 0.0208333333333333 0
920 0.916666666666667 0.0625 0
921 0.895833333333333 0.0833333333333333 0
922 0.895833333333333 0.0625 0
923 0.916666666666667 0.104166666666667 0
924 0.895833333333333 0.125 0
925 0.895833333333333 0.104166666666667 0
926 0.916666666666667 0.145833333333333 0
927 0.895833333333333 0.166666666666667 0
928 0.895833333333333 0.145833333333333 0
929 0.916666666666667 0.1875 0
930 0.895833333333333 0.208333333333333 0
931 0.895833333333333 0.1875 0
932 0.916666666666667 0.229166666666667 0
933 0.895833333333333 0.229166666666667 0
934 0.958333333333333 0.0208333333333333 0
935 0.9375 0.0416666666666667 0
936 0.9375 0.0208333333333333 0
937 0.958333333333333 0.0625 0
938 0.9375 0.0833333333333333 0
939 0.9375 0.0625 0
940 0.958333333333333 0.104166666666667 0
941 0.9375 0.125 0
942 0.9375 0.104166666666667 0
943 0.958333333333333 0.145833333333333 0
944 0.9375 0.166666666666667 0
945 0.9375 0.145833333333333 0
946 0.958333333333333 0.1875 0
947 0.9375 0.208333333333333 0
948 0.9375 0.1875 0
949 0.958333333333333 0.229166666666667 0
950 0.9375 0.229166666666667 0
951 1 0.0208333333333333 0
952 0.979166666666667 0.0416666666666667 0
953 0.979166666666667 0.0208333333333333 0
954 1 0.0625 0
955 0.979166666666667 0.0833333333333333 0
956 0.979166666666667 0.0625 0
957 1 0.104166666666667 0
958 0.979166666666667 0.125 0
959 0.979166666666667 0.104166666666667 0
960 1 0.145833333333333 0
961 0.979166666666667 0.166666666666667 0
962 0.979166666666667 0.145833333333333 0
963 1 0.1875 0
964 0.979166666666667 0.208333333333333 0
965 0.979166666666667 0.1875 0
966 1 0.229166666666667 0
967 0.979166666666667 0.229166666666667 0
968 1.04166666666667 0.0208333333333333 0
969 1.02083333333333 0.0416666666666667 0
970 1.02083333333333 0.0208333333333333 0
971 1.04166666666667 0.0625 0
972 1.02083333333333 0.0833333333333333 0
973 1.02083333333333 0.0625 0
974 1.04166666666667 0.104166666666667 0
975 1.02083333333333 0.125 0
976 1.02083333333333 0.104166666666667 0
977 1.04166666666667 0.145833333333333 0
978 1.02083333333333 0.166666666666667 0
979 1.02083333333333 0.145833333333333 0
980 1.04166666666667 0.1875 0
981 1.02083333333333 0.208333333333333 0
982 1.02083333333333 0.1875 0
983 1.04166666666667 0.229166666666667 0
984 1.02083333333333 0.229166666666667 0
985 1.08333333333333 0.0208333333333333 0
986 1.0625 0.0416666666666667 0
987 1.0625 0.0208333333333333 0
988 1.08333333333333 0.0625 0
989 1.0625 0.0833333333333333 0
990 1.0625 0.0625 0
991 1.08333333333333 0.104166666666667 0
992 1.0625 0.125 0
993 1.0625 0.104166666666667 0
994 1.08333333333333 0.145833333333333 0
995 1.0625 0.166666666666667 0
996 1.0625 0.145833333333333 0
997 1.08333333333333 0.1875 0
998 1.0625 0.208333333333333 0
999 1.0625 0.1875 0
1000 1.08333333333333 0.229166666666667 0
1001 1.0625 0.229166666666667 0
1002 1.125 0.0208333333333333 0
1003 1.10416666666667 0.0416666666666667 0
1004 1.10416666666667 0.0208333333333333 0
1005 1.125 0.0625 0
1006 1.10416666666667 0.0833333333333333 0
1007 1.10416666666667 0.0625 0
1008 1.125 0.104166666666667 0
1009 1.10416666666667 0.125 0
1010 1.10416666666667 0.104166666666667 0
1011 1.125 0.145833333333333 0
1012 1.10416666666667 0.166666666666667 0
1013 1.10416666666667 0.145833333333333 0
1014 1.125 0.1875 0
1015 1.10416666666667 0.208333333333333 0
1016 1.10416666666667 0.1875 0
1017 1.125 0.229166666666667 0
1018 1.10416666666667 0.229166666666667 0
1019 1.16666666666667 0.0208333333333333 0
1020 1.14583333333333 0.0416666666666667 0
1021 1.14583333333333 0.0208333333333333 0
1022 1.16666666666667 0.0625 0
1023 1.14583333333333 0.0833333333333333 0
1024 1.14583333333333 0.0625 0
1025 1.16666666666667 0.104166666666667 0
1026 1.14583333333333 0.125 0
1027 1.14583333333333 0.104166666666667 0
1028 1.16666666666667 0.145833333333333 0
1029 1.14583333333333 0.166666666666667 0
1030 1.14583333333333 0.145833333333333 0
1031 1.16666666666667 0.1875 0
1032 1.14583333333333 0.208333333333333 0
1033 1.14583333333333 0.1875 0
1034 1.16666666666667 0.229166666666667 0
1035 1.14583333333333 0.229166666666667 0
1036 1.20833333333333 0.0208333333333333 0
1037 1.1875 0.0416666666666667 0
1038 1.1875 0.0208333333333333 0
1039 1.20833333333333 0.0625 0
1040 1.1875 0.0833333333333333 0
1041 1.1875 0.0625 0
1042 1.20833333333333 0.104166666666667 0
1043 1.1875 0.125 0
1044 1.1875 0.104166666666667 0
1045 1.20833333333333 0.145833333333333 0
1046 1.1875 0.166666666666667 0
1047 1.1875 0.145833333333333 0
1048 1.20833333333333 0.1875 0
1049 1.1875 0.208333333333333 0
1050 1.1875 0.1875 0
1051 1.20833333333333 0.229166666666667 0
1052 1.1875 0.229166666666667 0
1053 1.25 0.0208333333333333 0
1054 1.22916666666667 0.0416666666666667 0
1055 1.22916666666667 0.0208333333333333 0
1056 1.25 0.0625 0
1057 1.22916666666667 0.0833333333333333 0
1058 1.22916666666667 0.0625 0
1059 1.25 0.104166666666667 0
1060 1.22916666666667 0.125 0
1061 1.22916666666667 0.104166666666667 0
1062 1.25 0.145833333333333 0
1063 1.22916666666667 0.166666666666667 0
1064 1.22916666666667 0.145833333333333 0
1065 1.25 0.1875 0
1066 1.22916666666667 0.208333333333333 0
1067 1.22916666666667 0.1875 0
1068 1.25 0.229166666666667 0
1069 1.22916666666667 0.229166666666667 0
1070 1.29166666666667 0.0208333333333333 0
1071 1.27083333333333 0.0416666666666667 0
1072 1.27083333333333 0.0208333333333333 0
1073 1.29166666666667 0.0625 0
1074 1.27083333333333 0.0833333333333333 0
1075 1.27083333333333 0.0625 0
1076 1.29166666666667 0.104166666666667 0
1077 1.27083333333333 0.125 0
1078 1.27083333333333 0.104166666666667 0
1079 1.29166666666667 0.145833333333333 0
1080 1.27083333333333 0.166666666666667 0
1081 1.27083333333333 0.145833333333333 0
1082 1.29166666666667 0.1875 0
1083 1.27083333333333 0.208333333333333 0
1084 1.27083333333333 0.1875 0
1085 1.29166666666667 0.229166666666667 0
1086 1.27083333333333 0.229166666666667 0
1087 1.33333333333333 0.0208333333333333 0
1088 1.3125 0.0416666666666667 0
1089 1.3125 0.0208333333333333 0
1090 1.33333333333333 0.0625 0
1091 1.3125 0.0833333333333333 0
1092 1.3125 0.0625 0
1093 1.33333333333333 0.104166666666667 0
1094 1.3125 0.125 0
1095 1.3125 0.104166666666667 0
1096 1.33333333333333 0.145833333333333 0
1097 1.3125 0.166666666666667 0
1098 1.3125 0.145833333333333 0
1099 1.33333333333333 0.1875 0
1100 1.3125 0.208333333333333 0
1101 1.3125 0.1875 0
1102 1.33333333333333 0.229166666666667 0
1103 1.3125 0.229166666666667 0
1104 1.375 0.0208333333333333 0
1105 1.35416666666667 0.0416666666666667 0
1106 1.35416666666667 0.0208333333333333 0
1107 1.375 0.0625 0
1108 1.35416666666667 0.0833333333333333 0
1109 1.35416666666667 0.0625 0
1110 1.375 0.104166666666667 0
1111 1.35416666666667 0.125 0
1112 1.35416666666667 0.104166666666667 0
1113 1.375 0.145833333333333 0
1114 1.35416666666667 0.166666666666667 0
1115 1.35416666666667 0.145833333333333 0
1116 1.375 0.1875 0
1117 1.35416666666667 0.208333333333333 0
1118 1.35416666666667 0.1875 0
1119 1.375 0.229166666666667 0
1120 1.35416666666667 0.229166666666667 0
1121 1.41666666666667 0.0208333333333333 0
1122 1.39583333333333 0.0416666666666667 0
1123 1.39583333333333 0.0208333333333333 0
1124 1.41666666666667 0.0625 0
1125 1.39583333333333 0.0833333333333333 0
1126 1.39583333333333 0.0625 0
1127 1.41666666666667 0.104166666666667 0
1128 1.39583333333333 0.125 0
1129 1.39583333333333 0.104166666666667 0
1130 1.41666666666667 0.145833333333333 0
1131 1.39583333333333 0.166666666666667 0
1132 1.39583333333333 0.145833333333333 0
1133 1.41666666666667 0.1875 0
1134 1.39583333333333 0.208333333333333 0
1135 1.39583333333333 0.1875 0
1136 1.41666666666667 0.229166666666667 0
1137 1.39583333333333 0.229166666666667 0
1138 1.45833333333333 0.0208333333333333 0
1139 1.4375 0.0416666666666667 0
1140 1.4375 0.0208333333333333 0
1141 1.45833333333333 0.0625 0
1142 1.4375 0.0833333333333333 0
1143 1.4375 0.0625 0
1144 1.45833333333333 0.104166666666667 0
1145 1.4375 0.125 0
1146 1.4375 0.104166666666667 0
1147 1.45833333333333 0.145833333333333 0
1148 1.4375 0.166666666666667 0
1149 1.4375 0.145833333333333 0
1150 1.45833333333333 0.1875 0
1151 1.4375 0.208333333333333 0
1152 1.4375 0.1875 0
1153 1.45833333333333 0.229166666666667 0
1154 1.4375 0.229166666666667 0
1155 1.5 0.0208333333333333 0
1156 1.47916666666667 0.0416666666666667 0
1157 1.47916666666667 0.0208333333333333 0
1158 1.5 0.0625 0
1159 1.47916666666667 0.0833333333333333 0
1160 1.47916666666667 0.0625 0
1161 1.5 0.104166666666667 0
1162 1.47916666666667 0.125 0
1163 1.47916666666667 0.104166666666667 0
1164 1.5 0.145833333333333 0
1165 1.47916666666667 0.166666666666667 0
1166 1.47916666666667 0.145833333333333 0
1167 1.5 0.1875 0
1168 1.47916666666667 0.208333333333333 0
1169 1.47916666666667 0.1875 0
1170 1.5 0.229166666666667 0
1171 1.47916666666667 0.229166666666667 0
1172 1.54166666666667 0.0208333333333333 0
1173 1.52083333333333 0.0416666666666667 0
1174 1.52083333333333 0.0208333333333333 0
1175 1.54166666666667 0.0625 0
1176 1.52083333333333 0.0833333333333333 0
1177 1.52083333333333 0.0625 0
1178 1.54166666666667 0.104166666666667 0
1179 1.52083333333333 0.125 0
1180 1.52083333333333 0.104166666666667 0
1181 1.54166666666667 0.145833333333333 0
1182 1.52083333333333 0.166666666666667 0
1183 1.52083333333333 0.145833333333333 0
1184 1.54166666666667 0.1875 0
1185 1.52083333333333 0.208333333333333 0
1186 1.52083333333333 0.1875 0
1187 1.54166666666667 0.229166666666667 0
1188 1.52083333333333 0.229166666666667 0
1189 1.58333333333333 0.0208333333333333 0
1190 1.5625 0.0416666666666667 0
1191 1.5625 0.0208333333333333 0
1192 1.58333333333333 0.0625 0
1193 1.5625 0.0833333333333333 0
1194 1.5625 0.0625 0
1195 1.58333333333333 0.104166666666667 0
1196 1.5625 0.125 0
1197 1.5625 0.104166666666667 0
1198 1.58333333333333 0.145833333333333 0
1199 1.5625 0.166666666666667 0
1200 1.5625 0.145833333333333 0
1201 1.58333333333333 0.1875 0
1202 1.5625 0.208333333333333 0
1203 1.5625 0.1875 0
1204 1.58333333333333 0.229166666666667 0
1205 1.5625 0.229166666666667 0
1206 1.625 0.0208333333333333 0
1207 1.60416666666667 0.0416666666666667 0
1208 1.60416666666667 0.0208333333333333 0
1209 1.625 0.0625 0
1210 1.60416666666667 0.0833333333333333 0
1211 1.60416666666667 0.0625 0
1212 1.625 0.104166666666667 0
1213 1.60416666666667 0.125 0
1214 1.60416666666667 0.104166666666667 0
1215 1.625 0.145833333333333 0
1216 1.60416666666667 0.166666666666667 0
1217 1.60416666666667 0.145833333333333 0
1218 1.625 0.1875 0
1219 1.60416666666667 0.208333333333333 0
1220 1.60416666666667 0.1875 0
1221 1.625 0.229166666666667 0
1222 1.60416666666667 0.229166666666667 0
1223 1.66666666666667 0.0208333333333333 0
1224 1.64583333333333 0.0416666666666667 0
1225 1.64583333333333 0.0208333333333333 0
1226 1.66666666666667 0.0625 0
1227 1.64583333333333 0.0833333333333333 0
1228 1.64583333333333 0.0625 0
1229 1.66666666666667 0.104166666666667 0
1230 1.64583333333333 0.125 0
1231 1.64583333333333 0.104166666666667 0
1232 1.66666666666667 0.145833333333333 0
1233 1.64583333333333 0.166666666666667 0
1234 1.64583333333333 0.145833333333333 0
1235 1.66666666666667 0.1875 0
1236 1.64583333333333 0.208333333333333 0
1237 1.64583333333333 0.1875 0
1238 1.66666666666667 0.229166666666667 0
1239 1.64583333333333 0.229166666666667 0
1240 1.70833333333333 0.0208333333333333 0
1241 1.6875 0.0416666666666667 0
1242 1.6875 0.0208333333333333 0
1243 1.70833333333333 0.0625 0
1244 1.6875 0.0833333333333333 0
1245 1.6875 0.0625 0
1246 1.70833333333333 0.104166666666667 0
1247 1.6875 0.125 0
1248 1.6875 0.104166666666667 0
1249 1.70833333333333 0.145833333333333 0
1250 1.6875 0.166666666666667 0
1251 1.6875 0.145833333333333 0
1252 1.70833333333333 0.1875 0
1253 1.6875 0.208333333333333 0
1254 1.6875 0.1875 0
1255 1.70833333333333 0.229166666666667 0
1256 1.6875 0.229166666666667 0
1257 1.75 0.0208333333333333 0
1258 1.72916666666667 0.0416666666666667 0
1259 1.72916666666667 0.0208333333333333 0
1260 1.75 0.0625 0
1261 1.72916666666667 0.0833333333333333 0
1262 1.72916666666667 0.0625 0
1263 1.75 0.104166666666667 0
1264 1.72916666666667 0.125 0
1265 1.72916666666667 0.104166666666667 0
1266 1.75 0.145833333333333 0
1267 1.72916666666667 0.166666666666667 0
1268 1.72916666666667 0.145833333333333 0
1269 1.75 0.1875 0
1270 1.72916666666667 0.208333333333333 0
1271 1.72916666666667 0.1875 0
1272 1.75 0.229166666666667 0
1273 1.72916666666667 0.229166666666667 0
1274 1.79166666666667 0.0208333333333333 0
1275 1.77083333333333 0.0416666666666667 0
1276 1.77083333333333 0.0208333333333333 0
1277 1.79166666666667 0.0625 0
1278 1.77083333333333 0.0833333333333333 0
1279 1.77083333333333 0.0625 0
1280 1.79166666666667 0.104166666666667 0
1281 1.77083333333333 0.125 0
1282 1.77083333333333 0.104166666666667 0
1283 1.79166666666667 0.145833333333333 0
1284 1.77083333333333 0.166666666666667 0
1285 1.77083333333333 0.145833333333333 0
1286 1.79166666666667 0.1875 0
1287 1.77083333333333 0.208333333333333 0
1288 1.77083333333333 0.1875 0
1289 1.79166666666667 0.229166666666667 0
1290 1.77083333333333 0.229166666666667 0
1291 1.83333333333333 0.0208333333333333 0
1292 1.8125 0.0416666666666667 0
1293 1.8125 0.0208333333333333 0
1294 1.83333333333333 0.0625 0
1295 1.8125 0.0833333333333333 0
1296 1.8125 0.0625 0
1297 1.83333333333333 0.104166666666667 0
1298 1.8125 0.125 0
1299 1.8125 0.104166666666667 0
1300 1.83333333333333 0.145833333333333 0
1301 1.8125 0.166666666666667 0
1302 1.8125 0.145833333333333 0
1303 1.83333333333333 0.1875 0
1304 1.8125 0.208333333333333 0
1305 1.8125 0.1875 0
1306 1.83333333333333 0.229166666666667 0
1307 1.8125 0.229166666666667 0
1308 1.875 0.0208333333333333 0
1309 1.85416666666667 0.0416666666666667 0
1310 1.85416666666667 0.0208333333333333 0
1311 1.875 0.0625 0
1312 1.85416666666667 0.0833333333333333 0
1313 1.85416666666667 0.0625 0
1314 1.875 0.104166666666667 0
1315 1.85416666666667 0.125 0
1316 1.85416666666667 0.104166666666667 0
1317 1.875 0.145833333333333 0
1318 1.85416666666667 0.166666666666667 0
1319 1.85416666666667 0.145833333333333 0
1320 1.875 0.1875 0
1321 1.85416666666667 0.208333333333333 0
1322 1.85416666666667 0.1875 0
1323 1.875 0.229166666666667 0
1324 1.85416666666667 0.229166666666667 0
1325 1.91666666666667 0.0208333333333333 0
1326 1.89583333333333 0.0416666666666667 0
1327 1.89583333333333 0.0208333333333333 0
1328 1.91666666666667 0.0625 0
1329 1.89583333333333 0.0833333333333333 0
1330 1.89583333333333 0.0625 0
1331 1.91666666666667 0.104166666666667 0
1332 1.89583333333333 0.125 0
1333 1.89583333333333 0.104166666666667 0
1334 1.91666666666667 0.145833333333333 0
1335 1.89583333333333 0.166666666666667 0
1336 1.89583333333333 0.145833333333333 0
1337 1.91666666666667 0.1875 0
1338 1.89583333333333 0.208333333333333 0
1339 1.89583333333333 0.1875 0
1340 1.91666666666667 0.229166666666667 0
1341 1.89583333333333 0.229166666666667 0
1342 1.95833333333333 0.0208333333333333 0
1343 1.9375 0.0416666666666667 0
1344 1.9375 0.0208333333333333 0
1345 1.95833333333333 0.0625 0
1346 1.9375 0.0833333333333333 0
1347 1.9375 0.0625 0
1348 1.95833333333333 0.104166666666667 0
1349 1.9375 0.125 0
1350 1.9375 0.104166666666667 0
1351 1.95833333333333 0.145833333333333 0
1352 1.9375 0.166666666666667 0
1353 1.9375 0.145833333333333 0
1354 1.95833333333333 0.1875 0
1355 1.9375 0.208333333333333 0
1356 1.9375 0.1875 0
1357 1.95833333333333 0.229166666666667 0
1358 1.9375 0.229166666666667 0
1359 2 0.0208333333333333 0
1360 1.97916666666667 0.0416666666666667 0
1361 1.97916666666667 0.0208333333333333 0
1362 2 0.0625 0
1363 1.97916666666667 0.0833333333333333 0
1364 1.97916666666667 0.0625 0
1365 2 0.104166666666667 0
1366 1.97916666666667 0.125 0
1367 1.97916666666667 0.104166666666667 0
1368 2 0.145833333333333 0
1369 1.97916666666667 0.166666666666667 0
1370 1.97916666666667 0.145833333333333 0
1371 2 0.1875 0
1372 1.97916666666667 0.208333333333333 0
1373 1.97916666666667 0.1875 0
1374 2 0.229166666666667 0
1375 1.97916666666667 0.229166666666667 0
1376 2.04166666666667 0.0208333333333333 0
1377 2.02083333333333 0.0416666666666667 0
1378 2.02083333333333 0.0208333333333333 0
1379 2.04166666666667 0.0625 0
1380 2.02083333333333 0.0833333333333333 0
1381 2.02083333333333 0.0625 0
1382 2.04166666666667 0.104166666666667 0
1383 2.02083333333333 0.125 0
1384 2.02083333333333 0.104166666666667 0
1385 2.04166666666667 0.145833333333333 0
1386 2.02083333333333 0.166666666666667 0
1387 2.02083333333333 0.145833333333333 0
1388 2.04166666666667 0.1875 0
1389 2.02083333333333 0.208333333333333 0
1390 2.02083333333333 0.1875 0
1391 2.04166666666667 0.229166666666667 0
1392 2.02083333333333 0.229166666666667 0
1393 2.08333333333333 0.0208333333333333 0
1394 2.0625 0.0416666666666667 0
1395 2.0625 0.0208333333333333 0
1396 2.08333333333333 0.0625 0
1397 2.0625 0.0833333333333333 0
1398 2.0625 0.0625 0
1399 2.08333333333333 0.104166666666667 0
1400 2.0625 0.125 0
1401 2.0625 0.104166666666667 0
1402 2.08333333333333 0.145833333333333 0
1403 2.0625 0.166666666666667 0
1404 2.0625 0.145833333333333 0
1405 2.08333333333333 0.1875 0
1406 2.0625 0.208333333333333 0
1407 2.0625 0.1875 0
1408 2.08333333333333 0.229166666666667 0
1409 2.0625 0.229166666666667 0
1410 2.125 0.0208333333333333 0
1411 2.10416666666667 0.0416666666666667 0
1412 2.10416666666667 0.0208333333333333 0
1413 2.125 0.0625 0
1414 2.10416666666667 0.0833333333333333 0
1415 2.10416666666667 0.0625 0
1416 2.125 0.104166666666667 0
1417 2.10416666666667 0.125 0
1418 2.10416666666667 0.104166666666667 0
1419 2.125 0.145833333333333 0
1420 2.10416666666667 0.166666666666667 0
1421 2.10416666666667 0.145833333333333 0
1422 2.125 0.1875 0
1423 2.10416666666667 0.208333333333333 0
1424 2.10416666666667 0.1875 0
1425 2.125 0.229166666666667 0
1426 2.10416666666667 0.229166666666667 0
1427 2.16666666666667 0.0208333333333333 0
1428 2.14583333333333 0.0416666666666667 0
1429 2.14583333333333 0.0208333333333333 0
1430 2.16666666666667 0.0625 0
1431 2.14583333333333 0.0833333333333333 0
1432 2.14583333333333 0.0625 0
1433 2.16666666666667 0.104166666666667 0
1434 2.14583333333333 0.125 0
1435 2.14583333333333 0.104166666666667 0
1436 2.16666666666667 0.145833333333333 0
1437 2.14583333333333 0.166666666666667 0
1438 2.14583333333333 0.145833333333333 0
1439 2.16666666666667 0.1875 0
1440 2.14583333333333 0.208333333333333 0
1441 2.14583333333333 0.1875 0
1442 2.16666666666667 0.229166666666667 0
1443 2.14583333333333 0.229166666666667 0
1444 2.20833333333333 0.0208333333333333 0
1445 2.1875 0.0416666666666667 0
1446 2.1875 0.0208333333333333 0
1447 2.20833333333333 0.0625 0
1448 2.1875 0.0833333333333333 0
1449 2.1875 0.0625 0
1450 2.20833333333333 0.104166666666667 0
1451 2.1875 0.125 0
1452 2.1875 0.104166666666667 0
1453 2.20833333333333 0.145833333333333 0
1454 2.1875 0.166666666666667 0
1455 2.1875 0.145833333333333 0
1456 2.20833333333333 0.1875 0
1457 2.1875 0.208333333333333 0
1458 2.1875 0.1875 0
1459 2.20833333333333 0.229166666666667 0
1460 2.1875 0.229166666666667 0
1461 2.25 0.0208333333333333 0
1462 2.22916666666667 0.0416666666666667 0
1463 2.22916666666667 0.0208333333333333 0
1464 2.25 0.0625 0
1465 2.22916666666667 0.0833333333333333 0
1466 2.22916666666667 0.0625 0
1467 2.25 0.104166666666667 0
1468 2.22916666666667 0.125 0
1469 2.22916666666667 0.104166666666667 0
1470 2.25 0.145833333333333 0
1471 2.22916666666667 0.166666666666667 0
1472 2.22916666666667 0.145833333333333 0
1473 2.25 0.1875 0
1474 2.22916666666667 0.208333333333333 0
1475 2.22916666666667 0.1875 0
1476 2.25 0.229166666666667 0
1477 2.22916666666667 0.229166666666667 0
1478 2.29166666666667 0.0208333333333333 0
1479 2.27083333333333 0.0416666666666667 0
1480 2.27083333333333 0.0208333333333333 0
1481 2.29166666666667 0.0625 0
1482 2.27083333333333 0.0833333333333333 0
1483 2.27083333333333 0.0625 0
1484 2.29166666666667 0.104166666666667 0
1485 2.27083333333333 0.125 0
1486 2.27083333333333 0.104166666666667 0
1487 2.29166666666667 0.145833333333333 0
1488 2.27083333333333 0.166666666666667 0
1489 2.27083333333333 0.145833333333333 0
1490 2.29166666666667 0.1875 0
1491 2.27083333333333 0.208333333333333 0
1492 2.27083333333333 0.1875 0
1493 2.29166666666667 0.229166666666667 0
1494 2.27083333333333 0.229166666666667 0
1495 2.33333333333333 0.0208333333333333 0
1496 2.3125 0.0416666666666667 0
1497 2.3125 0.0208333333333333 0
1498 2.33333333333333 0.0625 0
1499 2.3125 0.0833333333333333 0
1500 2.3125 0.0625 0
1501 2.33333333333333 0.104166666666667 0
1502 2.3125 0.125 0
1503 2.3125 0.104166666666667 0
1504 2.33333333333333 0.145833333333333 0
1505 2.3125 0.166666666666667 0
1506 2.3125 0.145833333333333 0
1507 2.33333333333333 0.1875 0
1508 2.3125 0.208333333333333 0
1509 2.3125 0.1875 0
1510 2.33333333333333 0.229166666666667 0
1511 2.3125 0.229166666666667 0
1512 2.375 0.0208333333333333 0
1513 2.35416666666667 0.0416666666666667 0
1514 2.35416666666667 0.0208333333333333 0
1515 2.375 0.0625 0
1516 2.35416666666667 0.0833333333333333 0
1517 2.35416666666667 0.0625 0
1518 2.375 0.104166666666667 0
1519 2.35416666666667 0.125 0
1520 2.35416666666667 0.104166666666667 0
1521 2.375 0.145833333333333 0
1522 2.35416666666667 0.166666666666667 0
1523 2.35416666666667 0.145833333333333 0
1524 2.375 0.1875 0
1525 2.35416666666667 0.208333333333333 0
1526 2.35416666666667 0.1875 0
1527 2.375 0.229166666666667 0
1528 2.35416666666667 0.229166666666667 0
1529 2.41666666666667 0.0208333333333333 0
1530 2.39583333333333 0.0416666666666667 0
1531 2.39583333333333 0.0208333333333333 0
1532 2.41666666666667 0.0625 0
1533 2.39583333333333 0.0833333333333333 0
1534 2.39583333333333 0.0625 0
1535 2.41666666666667 0.104166666666667 0
1536 2.39583333333333 0.125 0
1537 2.39583333333333 0.104166666666667 0
1538 2.41666666666667 0.145833333333333 0
1539 2.39583333333333 0.166666666666667 0
1540 2.39583333333333 0.145833333333333 0
1541 2.41666666666667 0.1875 0
1542 2.39583333333333 0.208333333333333 0
1543 2.39583333333333 0.1875 0
1544 2.41666666666667 0.229166666666667 0
1545 2.39583333333333 0.229166666666667 0
1546 2.45833333333333 0.0208333333333333 0
1547 2.4375 0.0416666666666667 0
1548 2.4375 0.0208333333333333 0
1549 2.45833333333333 0.0625 0
1550 2.4375 0.0833333333333333 0
1551 2.4375 0.0625 0
1552 2.45833333333333 0.104166666666667 0
1553 2.4375 0.125 0
1554 2.4375 0.104166666666667 0
1555 2.45833333333333 0.145833333333333 0
1556 2.4375 0.166666666666667 0
1557 2.4375 0.145833333333333 0
1558 2.45833333333333 0.1875 0
1559 2.4375 0.208333333333333 0
1560 2.4375 0.1875 0
1561 2.45833333333333 0.229166666666667 0
1562 2.4375 0.229166666666667 0
1563 2.47916666666667 0.0416666666666667 0
1564 2.47916666666667 0.0208333333333333 0
1565 2.47916666666667 0.0833333333333333 0
1566 2.47916666666667 0.0625 0
1567 2.47916666666667 0.125 0
1568 2.47916666666667 0.104166666666667 0
1569 2.47916666666667 0.166666666666667 0
1570 2.47916666666667 0.145833333333333 0
1571 2.47916666666667 0.208333333333333 0
1572 2.47916666666667 0.1875 0
1573 2.47916666666667 0.229166666666667 0
