1 0 0 0
2 5 0 0
3 5 1 0
4 0 1 0
5 0.125 0 0
6 0.25 0 0
7 0.375 0 0
8 0.5 0 0
9 0.625 0 0
10 0.75 0 0
11 0.875 0 0
12 1 0 0
13 1.125 0 0
14 1.25 0 0
15 1.375 0 0
16 1.5 0 0
17 1.625 0 0
18 1.75 0 0
19 1.875 0 0
20 2 0 0
21 2.125 0 0
22 2.25 0 0
23 2.375 0 0
24 2.5 0 0
25 2.625 0 0
26 2.75 0 0
27 2.875 0 0
28 3 0 0
29 3.125 0 0
30 3.25 0 0
31 3.375 0 0
32 3.5 0 0
33 3.625 0 0
34 3.75 0 0
35 3.875 0 0
36 4 0 0
37 4.125 0 0
38 4.25 0 0
39 4.375 0 0
40 4.5 0 0
41 4.625 0 0
42 4.75 0 0
43 4.875 0 0
44 0.0416666666666667 0 0
45 0.0833333333333333 0 0
46 0.166666666666667 0 0
47 0.208333333333333 0 0
48 0.291666666666667 0 0
49 0.333333333333333 0 0
50 0.416666666666667 0 0
51 0.458333333333333 0 0
52 0.541666666666667 0 0
53 0.583333333333333 0 0
54 0.666666666666667 0 0
55 0.708333333333333 0 0
56 0.791666666666667 0 0
57 0.833333333333333 0 0
58 0.916666666666667 0 0
59 0.958333333333333 0 0
60 1.04166666666667 0 0
61 1.08333333333333 0 0
62 1.16666666666667 0 0
63 1.20833333333333 0 0
64 1.29166666666667 0 0
65 1.33333333333333 0 0
66 1.41666666666667 0 0
67 1.45833333333333 0 0
68 1.54166666666667 0 0
69 1.58333333333333 0 0
70 1.66666666666667 0 0
71 1.70833333333333 0 0
72 1.79166666666667 0 0
73 1.83333333333333 0 0
74 1.91666666666667 0 0
75 1.95833333333333 0 0
76 2.04166666666667 0 0
77 2.08333333333333 0 0
78 2.16666666666667 0 0
79 2.20833333333333 0 0
80 2.29166666666667 0 0
81 2.33333333333333 0 0
82 2.41666666666667 0 0
83 2.45833333333333 0 0
84 2.54166666666667 0 0
85 2.58333333333333 0 0
86 2.66666666666667 0 0
87 2.70833333333333 0 0
88 2.79166666666667 0 0
89 2.83333333333333 0 0
90 2.91666666666667 0 0
91 2.95833333333333 0 0
92 3.04166666666667 0 0
93 3.08333333333333 0 0
94 3.16666666666667 0 0
95 3.20833333333333 0 0
96 3.29166666666667 0 0
97 3.33333333333333 0 0
98 3.41666666666667 0 0
99 3.45833333333333 0 0
100 3.54166666666667 0 0
101 3.58333333333333 0 0
102 3.66666666666667 0 0
103 3.70833333333333 0 0
104 3.79166666666667 0 0
105 3.83333333333333 0 0
106 3.91666666666667 0 0
107 3.95833333333333 0 0
108 4.04166666666667 0 0
109 4.08333333333333 0 0
110 4.16666666666667 0 0
111 4.20833333333333 0 0
112 4.29166666666667 0 0
113 4.33333333333333 0 0
114 4.41666666666667 0 0
115 4.45833333333333 0 0
116 4.54166666666667 0 0
117 4.58333333333333 0 0
118 4.66666666666667 0 0
119 4.70833333333333 0 0
120 4.79166666666667 0 0
121 4.83333333333333 0 0
122 4.91666666666667 0 0
123 4.95833333333333 0 0
124 5 0.125 0
125 5 0.25 0
126 5 0.375 0
127 5 0.5 0
128 5 0.625 0
129 5 0.75 0
130 5 0.875 0
131 5 0.0416666666666667 0
132 5 0.0833333333333333 0
133 5 0.166666666666667 0
134 5 0.208333333333333 0
135 5 0.291666666666667 0
136 5 0.333333333333333 0
137 5 0.416666666666667 0
138 5 0.458333333333333 0
139 5 0.541666666666667 0
140 5 0.583333333333333 0
141 5 0.666666666666667 0
142 5 0.708333333333333 0
143 5 0.791666666666667 0
144 5 0.833333333333333 0
145 5 0.916666666666667 0
146 5 0.958333333333333 0
147 4.875 1 0
148 4.75 1 0
149 4.625 1 0
150 4.5 1 0
151 4.375 1 0
152 4.25 1 0
153 4.125 1 0
154 4 1 0
155 3.875 1 0
156 3.75 1 0
157 3.625 1 0
158 3.5 1 0
159 3.375 1 0
160 3.25 1 0
161 3.125 1 0
162 3 1 0
163 2.875 1 0
164 2.75 1 0
165 2.625 1 0
166 2.5 1 0
167 2.375 1 0
168 2.25 1 0
169 2.125 1 0
170 2 1 0
171 1.875 1 0
172 1.75 1 0
173 1.625 1 0
174 1.5 1 0
175 1.375 1 0
176 1.25 1 0
177 1.125 1 0
178 1 1 0
179 0.875 1 0
180 0.75 1 0
181 0.625 1 0
182 0.5 1 0
183 0.375 1 0
184 0.25 1 0
185 0.125 1 0
186 4.95833333333333 1 0
187 4.91666666666667 1 0
188 4.83333333333333 1 0
189 4.79166666666667 1 0
190 4.70833333333333 1 0
191 4.66666666666667 1 0
192 4.58333333333333 1 0
193 4.54166666666667 1 0
194 4.45833333333333 1 0
195 4.41666666666667 1 0
196 4.33333333333333 1 0
197 4.29166666666667 1 0
198 4.20833333333333 1 0
199 4.16666666666667 1 0
200 4.08333333333333 1 0
201 4.04166666666667 1 0
202 3.95833333333333 1 0
203 3.91666666666667 1 0
204 3.83333333333333 1 0
205 3.79166666666667 1 0
206 3.70833333333333 1 0
207 3.66666666666667 1 0
208 3.58333333333333 1 0
209 3.54166666666667 1 0
210 3.45833333333333 1 0
211 3.41666666666667 1 0
212 3.33333333333333 1 0
213 3.29166666666667 1 0
214 3.20833333333333 1 0
215 3.16666666666667 1 0
216 3.08333333333333 1 0
217 3.04166666666667 1 0
218 2.95833333333333 1 0
219 2.91666666666667 1 0
220 2.83333333333333 1 0
221 2.79166666666667 1 0
222 2.70833333333333 1 0
223 2.66666666666667 1 0
224 2.58333333333333 1 0
225 2.54166666666667 1 0
226 2.45833333333333 1 0
227 2.41666666666667 1 0
228 2.33333333333333 1 0
229 2.29166666666667 1 0
230 2.20833333333333 1 0
231 2.16666666666667 1 0
232 2.08333333333333 1 0
233 2.04166666666667 1 0
234 1.95833333333333 1 0
235 1.91666666666667 1 0
236 1.83333333333333 1 0
237 1.79166666666667 1 0
238 1.70833333333333 1 0
239 1.66666666666667 1 0
240 1.58333333333333 1 0
241 1.54166666666667 1 0
242 1.45833333333333 1 0
243 1.41666666666667 1 0
244 1.33333333333333 1 0
245 1.29166666666667 1 0
246 1.20833333333333 1 0
247 1.16666666666667 1 0
248 1.08333333333333 1 0
249 1.04166666666667 1 0
250 0.958333333333333 1 0
251 0.916666666666666 1 0
252 0.833333333333333 1 0
253 0.791666666666666 1 0
254 0.708333333333333 1 0
255 0.666666666666666 1 0
256 0.583333333333333 1 0
257 0.541666666666666 1 0
258 0.458333333333333 1 0
259 0.416666666666666 1 0
260 0.333333333333333 1 0
261 0.291666666666666 1 0
262 0.208333333333333 1 0
263 0.166666666666666 1 0
264 0.083333333333333 1 0
265 0.0416666666666661 1 0
266 0 0.875 0
267 0 0.75 0
268 0 0.625 0
269 0 0.5 0
270 0 0.375 0
271 0 0.25 0
272 0 0.125 0
273 0 0.958333333333333 0
274 0 0.916666666666667 0
275 0 0.833333333333333 0
276 0 0.791666666666667 0
277 0 0.708333333333333 0
278 0 0.666666666666667 0
279 0 0.583333333333333 0
280 0 0.541666666666667 0
281 0 0.458333333333333 0
282 0 0.416666666666667 0
283 0 0.333333333333333 0
284 0 0.291666666666667 0
285 0 0.208333333333333 0
286 0 0.166666666666667 0
287 0 0.0833333333333334 0
288 0 0.0416666666666667 0
289 0.25 0.25 0
290 0.25 0.5 0
291 0.25 0.75 0
292 0.5 0.25 0
293 0.5 0.5 0
294 0.5 0.75 0
295 0.75 0.25 0
296 0.75 0.5 0
297 0.75 0.75 0
298 1 0.25 0
299 1 0.5 0
300 1 0.75 0
301 1.25 0.25 0
302 1.25 0.5 0
303 1.25 0.75 0
304 1.5 0.25 0
305 1.5 0.5 0
306 1.5 0.75 0
307 1.75 0.25 0
308 1.75 0.5 0
309 1.75 0.75 0
310 2 0.25 0
311 2 0.5 0
312 2 0.75 0
313 2.25 0.25 0
314 2.25 0.5 0
315 2.25 0.75 0
316 2.5 0.25 0
317 2.5 0.5 0
318 2.5 0.75 0
319 2.75 0.25 0
320 2.75 0.5 0
321 2.75 0.75 0
322 3 0.25 0
323 3 0.5 0
324 3 0.75 0
325 3.25 0.25 0
326 3.25 0.5 0
327 3.25 0.75 0
328 3.5 0.25 0
329 3.5 0.5 0
330 3.5 0.75 0
331 3.75 0.25 0
332 3.75 0.5 0
333 3.75 0.75 0
334 4 0.25 0
335 4 0.5 0
336 4 0.75 0
337 4.25 0.25 0
338 4.25 0.5 0
339 4.25 0.75 0
340 4.5 0.25 0
341 4.5 0.5 0
342 4.5 0.75 0
343 4.75 0.25 0
344 4.75 0.5 0
345 4.75 0.75 0
346 0.25 0.125 0
347 0.125 0.25 0
348 0.125 0.125 0
349 0.25 0.375 0
350 0.125 0.5 0
351 0.125 0.375 0
352 0.25 0.625 0
353 0.125 0.75 0
354 0.125 0.625 0
355 0.25 0.875 0
356 0.125 0.875 0
357 0.5 0.125 0
358 0.375 0.25 0
359 0.375 0.125 0
360 0.5 0.375 0
361 0.375 0.5 0
362 0.375 0.375 0
363 0.5 0.625 0
364 0.375 0.75 0
365 0.375 0.625 0
366 0.5 0.875 0
367 0.375 0.875 0
368 0.75 0.125 0
369 0.625 0.25 0
370 0.625 0.125 0
371 0.75 0.375 0
372 0.625 0.5 0
373 0.625 0.375 0
374 0.75 0.625 0
375 0.625 0.75 0
376 0.625 0.625 0
377 0.75 0.875 0
378 0.625 0.875 0
379 1 0.125 0
380 0.875 0.25 0
381 0.875 0.125 0
382 1 0.375 0
383 0.875 0.5 0
384 0.875 0.375 0
385 1 0.625 0
386 0.875 0.75 0
387 0.875 0.625 0
388 1 0.875 0
389 0.875 0.875 0
390 1.25 0.125 0
391 1.125 0.25 0
392 1.125 0.125 0
393 1.25 0.375 0
394 1.125 0.5 0
395 1.125 0.375 0
396 1.25 0.625 0
397 1.125 0.75 0
398 1.125 0.625 0
399 1.25 0.875 0
400 1.125 0.875 0
401 1.5 0.125 0
402 1.375 0.25 0
403 1.375 0.125 0
404 1.5 0.375 0
405 1.375 0.5 0
406 1.375 0.375 0
407 1.5 0.625 0
408 1.375 0.75 0
409 1.375 0.625 0
410 1.5 0.875 0
411 1.375 0.875 0
412 1.75 0.125 0
413 1.625 0.25 0
414 1.625 0.125 0
415 1.75 0.375 0
416 1.625 0.5 0
417 1.625 0.375 0
418 1.75 0.625 0
419 1.625 0.75 0
420 1.625 0.625 0
421 1.75 0.875 0
422 1.625 0.875 0
423 2 0.125 0
424 1.875 0.25 0
425 1.875 0.125 0
426 2 0.375 0
427 1.875 0.5 0
428 1.875 0.375 0
429 2 0.625 0
430 1.875 0.75 0
431 1.875 0.625 0
432 2 0.875 0
433 1.875 0.875 0
434 2.25 0.125 0
435 2.125 0.25 0
436 2.125 0.125 0
437 2.25 0.375 0
438 2.125 0.5 0
439 2.125 0.375 0
440 2.25 0.625 0
441 2.125 0.75 0
442 2.125 0.625 0
443 2.25 0.875 0
444 2.125 0.875 0
445 2.5 0.125 0
446 2.375 0.25 0
447 2.375 0.125 0
448 2.5 0.375 0
449 2.375 0.5 0
450 2.375 0.375 0
451 2.5 0.625 0
452 2.375 0.75 0
453 2.375 0.625 0
454 2.5 0.875 0
455 2.375 0.875 0
456 2.75 0.125 0
457 2.625 0.25 0
458 2.625 0.125 0
459 2.75 0.375 0
460 2.625 0.5 0
461 2.625 0.375 0
462 2.75 0.625 0
463 2.625 0.75 0
464 2.625 0.625 0
465 2.75 0.875 0
466 2.625 0.875 0
467 3 0.125 0
468 2.875 0.25 0
469 2.875 0.125 0
470 3 0.375 0
471 2.875 0.5 0
472 2.875 0.375 0
473 3 0.625 0
474 2.875 0.75 0
475 2.875 0.625 0
476 3 0.875 0
477 2.875 0.875 0
478 3.25 0.125 0
479 3.125 0.25 0
480 3.125 0.125 0
481 3.25 0.375 0
482 3.125 0.5 0
483 3.125 0.375 0
484 3.25 0.625 0
485 3.125 0.75 0
486 3.125 0.625 0
487 3.25 0.875 0
488 3.125 0.875 0
489 3.5 0.125 0
490 3.375 0.25 0
491 3.375 0.125 0
492 3.5 0.375 0
493 3.375 0.5 0
494 3.375 0.375 0
495 3.5 0.625 0
496 3.375 0.75 0
497 3.375 0.625 0
498 3.5 0.875 0
499 3.375 0.875 0
500 3.75 0.125 0
501 3.625 0.25 0
502 3.625 0.125 0
503 3.75 0.375 0
504 3.625 0.5 0
505 3.625 0.375 0
506 3.75 0.625 0
507 3.625 0.75 0
508 3.625 0.625 0
509 3.75 0.875 0
510 3.625 0.875 0
511 4 0.125 0
512 3.875 0.25 0
513 3.875 0.125 0
514 4 0.375 0
515 3.875 0.5 0
516 3.875 0.375 0
517 4 0.625 0
518 3.875 0.75 0
519 3.875 0.625 0
520 4 0.875 0
521 3.875 0.875 0
522 4.25 0.125 0
523 4.125 0.25 0
524 4.125 0.125 0
525 4.25 0.375 0
526 4.125 0.5 0
527 4.125 0.375 0
528 4.25 0.625 0
529 4.125 0.75 0
530 4.125 0.625 0
531 4.25 0.875 0
532 4.125 0.875 0
533 4.5 0.125 0
534 4.375 0.25 0
535 4.375 0.125 0
536 4.5 0.375 0
537 4.375 0.5 0
538 4.375 0.375 0
539 4.5 0.625 0
540 4.375 0.75 0
541 4.375 0.625 0
542 4.5 0.875 0
543 4.375 0.875 0
544 4.75 0.125 0
545 4.625 0.25 0
546 4.625 0.125 0
547 4.75 0.375 0
548 4.625 0.5 0
549 4.625 0.375 0
550 4.75 0.625 0
551 4.625 0.75 0
552 4.625 0.625 0
553 4.75 0.875 0
554 4.625 0.875 0
555 4.875 0.25 0
556 4.875 0.125 0
557 4.875 0.5 0
558 4.875 0.375 0
559 4.875 0.75 0
560 4.875 0.625 0
561 4.875 0.875 0
562 0.125 0.0416666666666667 0
563 0.125 0.0833333333333333 0
564 0.0833333333333335 0.125 0
565 0.0416666666666665 0.125 0
566 0.0416666666666666 0.0416666666666667 0
567 0.0833333333333334 0.0416666666666667 0
568 0.0833333333333334 0.0833333333333333 0
569 0.0416666666666666 0.0833333333333333 0
570 0.25 0.0416666666666667 0
571 0.25 0.0833333333333333 0
572 0.208333333333334 0.125 0
573 0.166666666666666 0.125 0
574 0.166666666666667 0.0416666666666667 0
575 0.208333333333333 0.0416666666666667 0
576 0.208333333333333 0.0833333333333333 0
577 0.166666666666667 0.0833333333333333 0
578 0.25 0.166666666666667 0
579 0.25 0.208333333333333 0
580 0.208333333333334 0.25 0
581 0.166666666666666 0.25 0
582 0.125 0.208333333333333 0
583 0.125 0.166666666666667 0
584 0.166666666666666 0.166666666666667 0
585 0.208333333333334 0.166666666666667 0
586 0.208333333333334 0.208333333333333 0
587 0.166666666666666 0.208333333333333 0
588 0.0833333333333335 0.25 0
589 0.0416666666666665 0.25 0
590 0.0416666666666665 0.166666666666667 0
591 0.0833333333333335 0.166666666666667 0
592 0.0833333333333335 0.208333333333333 0
593 0.0416666666666665 0.208333333333333 0
594 0.125 0.291666666666667 0
595 0.125 0.333333333333333 0
596 0.0833333333333335 0.375 0
597 0.0416666666666665 0.375 0
598 0.0416666666666665 0.291666666666667 0
599 0.0833333333333335 0.291666666666667 0
600 0.0833333333333335 0.333333333333333 0
601 0.0416666666666665 0.333333333333333 0
602 0.25 0.291666666666667 0
603 0.25 0.333333333333333 0
604 0.208333333333334 0.375 0
605 0.166666666666666 0.375 0
606 0.166666666666666 0.291666666666667 0
607 0.208333333333334 0.291666666666667 0
608 0.208333333333334 0.333333333333333 0
609 0.166666666666666 0.333333333333333 0
610 0.25 0.416666666666667 0
611 0.25 0.458333333333333 0
612 0.208333333333334 0.5 0
613 0.166666666666666 0.5 0
614 0.125 0.458333333333333 0
615 0.125 0.416666666666667 0
616 0.166666666666666 0.416666666666667 0
617 0.208333333333334 0.416666666666667 0
618 0.208333333333334 0.458333333333333 0
619 0.166666666666666 0.458333333333333 0
620 0.0833333333333335 0.5 0
621 0.0416666666666665 0.5 0
622 0.0416666666666665 0.416666666666667 0
623 0.0833333333333335 0.416666666666667 0
624 0.0833333333333335 0.458333333333333 0
625 0.0416666666666665 0.458333333333333 0
626 0.125 0.541666666666667 0
627 0.125 0.583333333333333 0
628 0.0833333333333335 0.625 0
629 0.0416666666666665 0.625 0
630 0.0416666666666665 0.541666666666667 0
631 0.0833333333333335 0.541666666666667 0
632 0.0833333333333335 0.583333333333333 0
633 0.0416666666666665 0.583333333333333 0
634 0.25 0.541666666666667 0
635 0.25 0.583333333333333 0
636 0.208333333333334 0.625 0
637 0.166666666666666 0.625 0
638 0.166666666666666 0.541666666666667 0
639 0.208333333333334 0.541666666666667 0
640 0.208333333333334 0.583333333333333 0
641 0.166666666666666 0.583333333333333 0
642 0.25 0.666666666666667 0
643 0.25 0.708333333333333 0
644 0.208333333333334 0.75 0
645 0.166666666666666 0.75 0
646 0.125 0.708333333333333 0
647 0.125 0.666666666666667 0
648 0.166666666666666 0.666666666666667 0
649 0.208333333333334 0.666666666666667 0
650 0.208333333333334 0.708333333333333 0
651 0.166666666666666 0.708333333333333 0
652 0.0833333333333335 0.75 0
653 0.0416666666666665 0.75 0
654 0.0416666666666665 0.666666666666667 0
655 0.0833333333333335 0.666666666666667 0
656 0.0833333333333335 0.708333333333333 0
657 0.0416666666666665 0.708333333333333 0
658 0.125 0.791666666666667 0
659 0.125 0.833333333333333 0
660 0.0833333333333335 0.875 0
661 0.0416666666666665 0.875 0
662 0.0416666666666665 0.791666666666667 0
663 0.0833333333333335 0.791666666666667 0
664 0.0833333333333335 0.833333333333333 0
665 0.0416666666666665 0.833333333333333 0
666 0.25 0.791666666666667 0
667 0.25 0.833333333333333 0
668 0.208333333333334 0.875 0
669 0.166666666666666 0.875 0
670 0.166666666666666 0.791666666666667 0
671 0.208333333333334 0.791666666666667 0
672 0.208333333333334 0.833333333333333 0
673 0.166666666666666 0.833333333333333 0
674 0.25 0.916666666666667 0
675 0.25 0.958333333333333 0
676 0.125 0.958333333333333 0
677 0.125 0.916666666666667 0
678 0.166666666666666 0.916666666666667 0
679 0.208333333333333 0.916666666666667 0
680 0.208333333333333 0.958333333333333 0
681 0.166666666666666 0.958333333333333 0
682 0.0416666666666664 0.916666666666667 0
683 0.0833333333333333 0.916666666666667 0
684 0.0833333333333332 0.958333333333333 0
685 0.0416666666666662 0.958333333333333 0
686 0.375 0.0416666666666667 0
687 0.375 0.0833333333333333 0
688 0.333333333333333 0.125 0
689 0.291666666666667 0.125 0
690 0.291666666666667 0.0416666666666667 0
691 0.333333333333333 0.0416666666666667 0
692 0.333333333333333 0.0833333333333333 0
693 0.291666666666667 0.0833333333333333 0
694 0.5 0.0416666666666667 0
695 0.5 0.0833333333333333 0
696 0.458333333333333 0.125 0
697 0.416666666666667 0.125 0
698 0.416666666666667 0.0416666666666667 0
699 0.458333333333333 0.0416666666666667 0
700 0.458333333333333 0.0833333333333333 0
701 0.416666666666667 0.0833333333333333 0
702 0.5 0.166666666666667 0
703 0.5 0.208333333333333 0
704 0.458333333333333 0.25 0
705 0.416666666666667 0.25 0
706 0.375 0.208333333333333 0
707 0.375 0.166666666666667 0
708 0.416666666666667 0.166666666666667 0
709 0.458333333333333 0.166666666666667 0
710 0.458333333333333 0.208333333333333 0
711 0.416666666666667 0.208333333333333 0
712 0.333333333333333 0.25 0
713 0.291666666666667 0.25 0
714 0.291666666666667 0.166666666666667 0
715 0.333333333333333 0.166666666666667 0
716 0.333333333333333 0.208333333333333 0
717 0.291666666666667 0.208333333333333 0
718 0.375 0.291666666666667 0
719 0.375 0.333333333333333 0
720 0.333333333333333 0.375 0
721 0.291666666666667 0.375 0
722 0.291666666666667 0.291666666666667 0
723 0.333333333333333 0.291666666666667 0
724 0.333333333333333 0.333333333333333 0
725 0.291666666666667 0.333333333333333 0
726 0.5 0.291666666666667 0
727 0.5 0.333333333333333 0
728 0.458333333333333 0.375 0
729 0.416666666666667 0.375 0
730 0.416666666666667 0.291666666666667 0
731 0.458333333333333 0.291666666666667 0
732 0.458333333333333 0.333333333333333 0
733 0.416666666666667 0.333333333333333 0
734 0.5 0.416666666666667 0
735 0.5 0.458333333333333 0
736 0.458333333333333 0.5 0
737 0.416666666666667 0.5 0
738 0.375 0.458333333333333 0
739 0.375 0.416666666666667 0
740 0.416666666666667 0.416666666666667 0
741 0.458333333333333 0.416666666666667 0
742 0.458333333333333 0.458333333333333 0
743 0.416666666666667 0.458333333333333 0
744 0.333333333333333 0.5 0
745 0.291666666666667 0.5 0
746 0.291666666666667 0.416666666666667 0
747 0.333333333333333 0.416666666666667 0
748 0.333333333333333 0.458333333333333 0
749 0.291666666666667 0.458333333333333 0
750 0.375 0.541666666666667 0
751 0.375 0.583333333333333 0
752 0.333333333333333 0.625 0
753 0.291666666666667 0.625 0
754 0.291666666666667 0.541666666666667 0
755 0.333333333333333 0.541666666666667 0
756 0.333333333333333 0.583333333333333 0
757 0.291666666666667 0.583333333333333 0
758 0.5 0.541666666666667 0
759 0.5 0.583333333333333 0
760 0.458333333333333 0.625 0
761 0.416666666666667 0.625 0
762 0.416666666666667 0.541666666666667 0
763 0.458333333333333 0.541666666666667 0
764 0.458333333333333 0.583333333333333 0
765 0.416666666666667 0.583333333333333 0
766 0.5 0.666666666666667 0
767 0.5 0.708333333333333 0
768 0.458333333333333 0.75 0
769 0.416666666666667 0.75 0
770 0.375 0.708333333333333 0
771 0.375 0.666666666666667 0
772 0.416666666666667 0.666666666666667 0
773 0.458333333333333 0.666666666666667 0
774 0.458333333333333 0.708333333333333 0
775 0.416666666666667 0.708333333333333 0
776 0.333333333333333 0.75 0
777 0.291666666666667 0.75 0
778 0.291666666666667 0.666666666666667 0
779 0.333333333333333 0.666666666666667 0
780 0.333333333333333 0.708333333333333 0
781 0.291666666666667 0.708333333333333 0
782 0.375 0.791666666666667 0
783 0.375 0.833333333333333 0
784 0.333333333333333 0.875 0
785 0.291666666666667 0.875 0
786 0.291666666666667 0.791666666666667 0
787 0.333333333333333 0.791666666666667 0
788 0.333333333333333 0.833333333333333 0
789 0.291666666666667 0.833333333333333 0
790 0.5 0.791666666666667 0
791 0.5 0.833333333333333 0
792 0.458333333333333 0.875 0
793 0.416666666666667 0.875 0
794 0.416666666666667 0.791666666666667 0
795 0.458333333333333 0.791666666666667 0
796 0.458333333333333 0.833333333333333 0
797 0.416666666666667 0.833333333333333 0
798 0.5 0.916666666666667 0
799 0.5 0.958333333333333 0
800 0.375 0.958333333333333 0
801 0.375 0.916666666666667 0
802 0.416666666666666 0.916666666666667 0
803 0.458333333333333 0.916666666666667 0
804 0.458333333333333 0.958333333333333 0
805 0.416666666666666 0.958333333333333 0
806 0.291666666666666 0.916666666666667 0
807 0.333333333333333 0.916666666666667 0
808 0.333333333333333 0.958333333333333 0
809 0.291666666666666 0.958333333333333 0
810 0.625 0.0416666666666667 0
811 0.625 0.0833333333333333 0
812 0.583333333333333 0.125 0
813 0.541666666666667 0.125 0
814 0.541666666666667 0.0416666666666667 0
815 0.583333333333333 0.0416666666666667 0
816 0.583333333333333 0.0833333333333333 0
817 0.541666666666667 0.0833333333333333 0
818 0.75 0.0416666666666667 0
819 0.75 0.0833333333333333 0
820 0.708333333333333 0.125 0
821 0.666666666666667 0.125 0
822 0.666666666666667 0.0416666666666667 0
823 0.708333333333333 0.0416666666666667 0
824 0.708333333333333 0.0833333333333333 0
825 0.666666666666667 0.0833333333333333 0
826 0.75 0.166666666666667 0
827 0.75 0.208333333333333 0
828 0.708333333333333 0.25 0
829 0.666666666666667 0.25 0
830 0.625 0.208333333333333 0
831 0.625 0.166666666666667 0
832 0.666666666666667 0.166666666666667 0
833 0.708333333333333 0.166666666666667 0
834 0.708333333333333 0.208333333333333 0
835 0.666666666666667 0.208333333333333 0
836 0.583333333333333 0.25 0
837 0.541666666666667 0.25 0
838 0.541666666666667 0.166666666666667 0
839 0.583333333333333 0.166666666666667 0
840 0.583333333333333 0.208333333333333 0
841 0.541666666666667 0.208333333333333 0
842 0.625 0.291666666666667 0
843 0.625 0.333333333333333 0
844 0.583333333333333 0.375 0
845 0.541666666666667 0.375 0
846 0.541666666666667 0.291666666666667 0
847 0.583333333333333 0.291666666666667 0
848 0.583333333333333 0.333333333333333 0
849 0.541666666666667 0.333333333333333 0
850 0.75 0.291666666666667 0
851 0.75 0.333333333333333 0
852 0.708333333333333 0.375 0
853 0.666666666666667 0.375 0
854 0.666666666666667 0.291666666666667 0
855 0.708333333333333 0.291666666666667 0
856 0.708333333333333 0.333333333333333 0
857 0.666666666666667 0.333333333333333 0
858 0.75 0.416666666666667 0
859 0.75 0.458333333333333 0
860 0.708333333333333 0.5 0
861 0.666666666666667 0.5 0
862 0.625 0.458333333333333 0
863 0.625 0.416666666666667 0
864 0.666666666666667 0.416666666666667 0
865 0.708333333333333 0.416666666666667 0
866 0.708333333333333 0.458333333333333 0
867 0.666666666666667 0.458333333333333 0
868 0.583333333333333 0.5 0
869 0.541666666666667 0.5 0
870 0.541666666666667 0.416666666666667 0
871 0.583333333333333 0.416666666666667 0
872 0.583333333333333 0.458333333333333 0
873 0.541666666666667 0.458333333333333 0
874 0.625 0.541666666666667 0
875 0.625 0.583333333333333 0
876 0.583333333333333 0.625 0
877 0.541666666666667 0.625 0
878 0.541666666666667 0.541666666666667 0
879 0.583333333333333 0.541666666666667 0
880 0.583333333333333 0.583333333333333 0
881 0.541666666666667 0.583333333333333 0
882 0.75 0.541666666666667 0
883 0.75 0.583333333333333 0
884 0.708333333333333 0.625 0
885 0.666666666666667 0.625 0
886 0.666666666666667 0.541666666666667 0
887 0.708333333333333 0.541666666666667 0
888 0.708333333333333 0.583333333333333 0
889 0.666666666666667 0.583333333333333 0
890 0.75 0.666666666666667 0
891 0.75 0.708333333333333 0
892 0.708333333333333 0.75 0
893 0.666666666666667 0.75 0
894 0.625 0.708333333333333 0
895 0.625 0.666666666666667 0
896 0.666666666666667 0.666666666666667 0
897 0.708333333333333 0.666666666666667 0
898 0.708333333333333 0.708333333333333 0
899 0.666666666666667 0.708333333333333 0
900 0.583333333333333 0.75 0
901 0.541666666666667 0.75 0
902 0.541666666666667 0.666666666666667 0
903 0.583333333333333 0.666666666666667 0
904 0.583333333333333 0.708333333333333 0
905 0.541666666666667 0.708333333333333 0
906 0.625 0.791666666666667 0
907 0.625 0.833333333333333 0
908 0.583333333333333 0.875 0
909 0.541666666666667 0.875 0
910 0.541666666666667 0.791666666666667 0
911 0.583333333333333 0.791666666666667 0
912 0.583333333333333 0.833333333333333 0
913 0.541666666666667 0.833333333333333 0
914 0.75 0.791666666666667 0
915 0.75 0.833333333333333 0
916 0.708333333333333 0.875 0
917 0.666666666666667 0.875 0
918 0.666666666666667 0.791666666666667 0
919 0.708333333333333 0.791666666666667 0
920 0.708333333333333 0.833333333333333 0
921 0.666666666666667 0.833333333333333 0
922 0.75 0.916666666666667 0
923 0.75 0.958333333333333 0
924 0.625 0.958333333333333 0
925 0.625 0.916666666666667 0
926 0.666666666666666 0.916666666666667 0
927 0.708333333333333 0.916666666666667 0
928 0.708333333333333 0.958333333333333 0
929 0.666666666666666 0.958333333333333 0
930 0.541666666666667 0.916666666666667 0
931 0.583333333333333 0.916666666666667 0
932 0.583333333333333 0.958333333333333 0
933 0.541666666666666 0.958333333333333 0
934 0.875 0.0416666666666667 0
935 0.875 0.0833333333333333 0
936 0.833333333333333 0.125 0
937 0.791666666666667 0.125 0
938 0.791666666666667 0.0416666666666667 0
939 0.833333333333333 0.0416666666666667 0
940 0.833333333333333 0.0833333333333333 0
941 0.791666666666667 0.0833333333333333 0
942 1 0.0416666666666667 0
943 1 0.0833333333333333 0
944 0.958333333333333 0.125 0
945 0.916666666666667 0.125 0
946 0.916666666666667 0.0416666666666667 0
947 0.958333333333333 0.0416666666666667 0
948 0.958333333333333 0.0833333333333333 0
949 0.916666666666667 0.0833333333333333 0
950 1 0.166666666666667 0
951 1 0.208333333333333 0
952 0.958333333333333 0.25 0
953 0.916666666666667 0.25 0
954 0.875 0.208333333333333 0
955 0.875 0.166666666666667 0
956 0.916666666666667 0.166666666666667 0
957 0.958333333333333 0.166666666666667 0
958 0.958333333333333 0.208333333333333 0
959 0.916666666666667 0.208333333333333 0
960 0.833333333333333 0.25 0
961 0.791666666666667 0.25 0
962 0.791666666666667 0.166666666666667 0
963 0.833333333333333 0.166666666666667 0
964 0.833333333333333 0.208333333333333 0
965 0.791666666666667 0.208333333333333 0
966 0.875 0.291666666666667 0
967 0.875 0.333333333333333 0
968 0.833333333333333 0.375 0
969 0.791666666666667 0.375 0
970 0.791666666666667 0.291666666666667 0
971 0.833333333333333 0.291666666666667 0
972 0.833333333333333 0.333333333333333 0
973 0.791666666666667 0.333333333333333 0
974 1 0.291666666666667 0
975 1 0.333333333333333 0
976 0.958333333333333 0.375 0
977 0.916666666666667 0.375 0
978 0.916666666666667 0.291666666666667 0
979 0.958333333333333 0.291666666666667 0
980 0.958333333333333 0.333333333333333 0
981 0.916666666666667 0.333333333333333 0
982 1 0.416666666666667 0
983 1 0.458333333333333 0
984 0.958333333333333 0.5 0
985 0.916666666666667 0.5 0
986 0.875 0.458333333333333 0
987 0.875 0.416666666666667 0
988 0.916666666666667 0.416666666666667 0
989 0.958333333333333 0.416666666666667 0
990 0.958333333333333 0.458333333333333 0
991 0.916666666666667 0.458333333333333 0
992 0.833333333333333 0.5 0
993 0.791666666666667 0.5 0
994 0.791666666666667 0.416666666666667 0
995 0.833333333333333 0.416666666666667 0
996 0.833333333333333 0.458333333333333 0
997 0.791666666666667 0.458333333333333 0
998 0.875 0.541666666666667 0
999 0.875 0.583333333333333 0
1000 0.833333333333333 0.625 0
1001 0.791666666666667 0.625 0
1002 0.791666666666667 0.541666666666667 0
1003 0.833333333333333 0.541666666666667 0
1004 0.833333333333333 0.583333333333333 0
1005 0.791666666666667 0.583333333333333 0
1006 1 0.541666666666667 0
1007 1 0.583333333333333 0
1008 0.958333333333333 0.625 0
1009 0.916666666666667 0.625 0
1010 0.916666666666667 0.541666666666667 0
1011 0.958333333333333 0.541666666666667 0
1012 0.958333333333333 0.583333333333333 0
1013 0.916666666666667 0.583333333333333 0
1014 1 0.666666666666667 0
1015 1 0.708333333333333 0
1016 0.958333333333333 0.75 0
1017 0.916666666666667 0.75 0
1018 0.875 0.708333333333333 0
1019 0.875 0.666666666666667 0
1020 0.916666666666667 0.666666666666667 0
1021 0.958333333333333 0.666666666666667 0
1022 0.958333333333333 0.708333333333333 0
1023 0.916666666666667 0.708333333333333 0
1024 0.833333333333333 0.75 0
1025 0.791666666666667 0.75 0
1026 0.791666666666667 0.666666666666667 0
1027 0.833333333333333 0.666666666666667 0
1028 0.833333333333333 0.708333333333333 0
1029 0.791666666666667 0.708333333333333 0
1030 0.875 0.791666666666667 0
1031 0.875 0.833333333333333 0
1032 0.833333333333333 0.875 0
1033 0.791666666666667 0.875 0
1034 0.791666666666667 0.791666666666667 0
1035 0.833333333333333 0.791666666666667 0
1036 0.833333333333333 0.833333333333333 0
1037 0.791666666666667 0.833333333333333 0
1038 1 0.791666666666667 0
1039 1 0.833333333333333 0
1040 0.958333333333333 0.875 0
1041 0.916666666666667 0.875 0
1042 0.916666666666667 0.791666666666667 0
1043 0.958333333333333 0.791666666666667 0
1044 0.958333333333333 0.833333333333333 0
1045 0.916666666666667 0.833333333333333 0
1046 1 0.916666666666667 0
1047 1 0.958333333333333 0
1048 0.875 0.958333333333333 0
1049 0.875 0.916666666666667 0
1050 0.916666666666666 0.916666666666667 0
1051 0.958333333333333 0.916666666666667 0
1052 0.958333333333333 0.958333333333333 0
1053 0.916666666666666 0.958333333333333 0
1054 0.791666666666667 0.916666666666667 0
1055 0.833333333333333 0.916666666666667 0
1056 0.833333333333333 0.958333333333333 0
1057 0.791666666666666 0.958333333333333 0
1058 1.125 0.0416666666666667 0
1059 1.125 0.0833333333333333 0
1060 1.08333333333333 0.125 0
1061 1.04166666666667 0.125 0
1062 1.04166666666667 0.0416666666666667 0
1063 1.08333333333333 0.0416666666666667 0
1064 1.08333333333333 0.0833333333333333 0
1065 1.04166666666667 0.0833333333333333 0
1066 1.25 0.0416666666666667 0
1067 1.25 0.0833333333333333 0
1068 1.20833333333333 0.125 0
1069 1.16666666666667 0.125 0
1070 1.16666666666667 0.0416666666666667 0
1071 1.20833333333333 0.0416666666666667 0
1072 1.20833333333333 0.0833333333333333 0
1073 1.16666666666667 0.0833333333333333 0
1074 1.25 0.166666666666667 0
1075 1.25 0.208333333333333 0
1076 1.20833333333333 0.25 0
1077 1.16666666666667 0.25 0
1078 1.125 0.208333333333333 0
1079 1.125 0.166666666666667 0
1080 1.16666666666667 0.166666666666667 0
1081 1.20833333333333 0.166666666666667 0
1082 1.20833333333333 0.208333333333333 0
1083 1.16666666666667 0.208333333333333 0
1084 1.08333333333333 0.25 0
1085 1.04166666666667 0.25 0
1086 1.04166666666667 0.166666666666667 0
1087 1.08333333333333 0.166666666666667 0
1088 1.08333333333333 0.208333333333333 0
1089 1.04166666666667 0.208333333333333 0
1090 1.125 0.291666666666667 0
1091 1.125 0.333333333333333 0
1092 1.08333333333333 0.375 0
1093 1.04166666666667 0.375 0
1094 1.04166666666667 0.291666666666667 0
1095 1.08333333333333 0.291666666666667 0
1096 1.08333333333333 0.333333333333333 0
1097 1.04166666666667 0.333333333333333 0
1098 1.25 0.291666666666667 0
1099 1.25 0.333333333333333 0
1100 1.20833333333333 0.375 0
1101 1.16666666666667 0.375 0
1102 1.16666666666667 0.291666666666667 0
1103 1.20833333333333 0.291666666666667 0
1104 1.20833333333333 0.333333333333333 0
1105 1.16666666666667 0.333333333333333 0
1106 1.25 0.416666666666667 0
1107 1.25 0.458333333333333 0
1108 1.20833333333333 0.5 0
1109 1.16666666666667 0.5 0
1110 1.125 0.458333333333333 0
1111 1.125 0.416666666666667 0
1112 1.16666666666667 0.416666666666667 0
1113 1.20833333333333 0.416666666666667 0
1114 1.20833333333333 0.458333333333333 0
1115 1.16666666666667 0.458333333333333 0
1116 1.08333333333333 0.5 0
1117 1.04166666666667 0.5 0
1118 1.04166666666667 0.416666666666667 0
1119 1.08333333333333 0.416666666666667 0
1120 1.08333333333333 0.458333333333333 0
1121 1.04166666666667 0.458333333333333 0
1122 1.125 0.541666666666667 0
1123 1.125 0.583333333333333 0
1124 1.08333333333333 0.625 0
1125 1.04166666666667 0.625 0
1126 1.04166666666667 0.541666666666667 0
1127 1.08333333333333 0.541666666666667 0
1128 1.08333333333333 0.583333333333333 0
1129 1.04166666666667 0.583333333333333 0
1130 1.25 0.541666666666667 0
1131 1.25 0.583333333333333 0
1132 1.20833333333333 0.625 0
1133 1.16666666666667 0.625 0
1134 1.16666666666667 0.541666666666667 0
1135 1.20833333333333 0.541666666666667 0
1136 1.20833333333333 0.583333333333333 0
1137 1.16666666666667 0.583333333333333 0
1138 1.25 0.666666666666667 0
1139 1.25 0.708333333333333 0
1140 1.20833333333333 0.75 0
1141 1.16666666666667 0.75 0
1142 1.125 0.708333333333333 0
1143 1.125 0.666666666666667 0
1144 1.16666666666667 0.666666666666667 0
1145 1.20833333333333 0.666666666666667 0
1146 1.20833333333333 0.708333333333333 0
1147 1.16666666666667 0.708333333333333 0
1148 1.08333333333333 0.75 0
1149 1.04166666666667 0.75 0
1150 1.04166666666667 0.666666666666667 0
1151 1.08333333333333 0.666666666666667 0
1152 1.08333333333333 0.708333333333333 0
1153 1.04166666666667 0.708333333333333 0
1154 1.125 0.791666666666667 0
1155 1.125 0.833333333333333 0
1156 1.08333333333333 0.875 0
1157 1.04166666666667 0.875 0
1158 1.04166666666667 0.791666666666667 0
1159 1.08333333333333 0.791666666666667 0
1160 1.08333333333333 0.833333333333333 0
1161 1.04166666666667 0.833333333333333 0
1162 1.25 0.791666666666667 0
1163 1.25 0.833333333333333 0
1164 1.20833333333333 0.875 0
1165 1.16666666666667 0.875 0
1166 1.16666666666667 0.791666666666667 0
1167 1.20833333333333 0.791666666666667 0
1168 1.20833333333333 0.833333333333333 0
1169 1.16666666666667 0.833333333333333 0
1170 1.25 0.916666666666667 0
1171 1.25 0.958333333333333 0
1172 1.125 0.958333333333333 0
1173 1.125 0.916666666666667 0
1174 1.16666666666667 0.916666666666667 0
1175 1.20833333333333 0.916666666666667 0
1176 1.20833333333333 0.958333333333333 0
1177 1.16666666666667 0.958333333333333 0
1178 1.04166666666667 0.916666666666667 0
1179 1.08333333333333 0.916666666666667 0
1180 1.08333333333333 0.958333333333333 0
1181 1.04166666666667 0.958333333333333 0
1182 1.375 0.0416666666666667 0
1183 1.375 0.0833333333333333 0
1184 1.33333333333333 0.125 0
1185 1.29166666666667 0.125 0
1186 1.29166666666667 0.0416666666666667 0
1187 1.33333333333333 0.0416666666666667 0
1188 1.33333333333333 0.0833333333333333 0
1189 1.29166666666667 0.0833333333333333 0
1190 1.5 0.0416666666666667 0
1191 1.5 0.0833333333333333 0
1192 1.45833333333333 0.125 0
1193 1.41666666666667 0.125 0
1194 1.41666666666667 0.0416666666666667 0
1195 1.45833333333333 0.0416666666666667 0
1196 1.45833333333333 0.0833333333333333 0
1197 1.41666666666667 0.0833333333333333 0
1198 1.5 0.166666666666667 0
1199 1.5 0.208333333333333 0
1200 1.45833333333333 0.25 0
1201 1.41666666666667 0.25 0
1202 1.375 0.208333333333333 0
1203 1.375 0.166666666666667 0
1204 1.41666666666667 0.166666666666667 0
1205 1.45833333333333 0.166666666666667 0
1206 1.45833333333333 0.208333333333333 0
1207 1.41666666666667 0.208333333333333 0
1208 1.33333333333333 0.25 0
1209 1.29166666666667 0.25 0
1210 1.29166666666667 0.166666666666667 0
1211 1.33333333333333 0.166666666666667 0
1212 1.33333333333333 0.208333333333333 0
1213 1.29166666666667 0.208333333333333 0
1214 1.375 0.291666666666667 0
1215 1.375 0.333333333333333 0
1216 1.33333333333333 0.375 0
1217 1.29166666666667 0.375 0
1218 1.29166666666667 0.291666666666667 0
1219 1.33333333333333 0.291666666666667 0
1220 1.33333333333333 0.333333333333333 0
1221 1.29166666666667 0.333333333333333 0
1222 1.5 0.291666666666667 0
1223 1.5 0.333333333333333 0
1224 1.45833333333333 0.375 0
1225 1.41666666666667 0.375 0
1226 1.41666666666667 0.291666666666667 0
1227 1.45833333333333 0.291666666666667 0
1228 1.45833333333333 0.333333333333333 0
1229 1.41666666666667 0.333333333333333 0
1230 1.5 0.416666666666667 0
1231 1.5 0.458333333333333 0
1232 1.45833333333333 0.5 0
1233 1.41666666666667 0.5 0
1234 1.375 0.458333333333333 0
1235 1.375 0.416666666666667 0
1236 1.41666666666667 0.416666666666667 0
1237 1.45833333333333 0.416666666666667 0
1238 1.45833333333333 0.458333333333333 0
1239 1.41666666666667 0.458333333333333 0
1240 1.33333333333333 0.5 0
1241 1.29166666666667 0.5 0
1242 1.29166666666667 0.416666666666667 0
1243 1.33333333333333 0.416666666666667 0
1244 1.33333333333333 0.458333333333333 0
1245 1.29166666666667 0.458333333333333 0
1246 1.375 0.541666666666667 0
1247 1.375 0.583333333333333 0
1248 1.33333333333333 0.625 0
1249 1.29166666666667 0.625 0
1250 1.29166666666667 0.541666666666667 0
1251 1.33333333333333 0.541666666666667 0
1252 1.33333333333333 0.583333333333333 0
1253 1.29166666666667 0.583333333333333 0
1254 1.5 0.541666666666667 0
1255 1.5 0.583333333333333 0
1256 1.45833333333333 0.625 0
1257 1.41666666666667 0.625 0
1258 1.41666666666667 0.541666666666667 0
1259 1.45833333333333 0.541666666666667 0
1260 1.45833333333333 0.583333333333333 0
1261 1.41666666666667 0.583333333333333 0
1262 1.5 0.666666666666667 0
1263 1.5 0.708333333333333 0
1264 1.45833333333333 0.75 0
1265 1.41666666666667 0.75 0
1266 1.375 0.708333333333333 0
1267 1.375 0.666666666666667 0
1268 1.41666666666667 0.666666666666667 0
1269 1.45833333333333 0.666666666666667 0
1270 1.45833333333333 0.708333333333333 0
1271 1.41666666666667 0.708333333333333 0
1272 1.33333333333333 0.75 0
1273 1.29166666666667 0.75 0
1274 1.29166666666667 0.666666666666667 0
1275 1.33333333333333 0.666666666666667 0
1276 1.33333333333333 0.708333333333333 0
1277 1.29166666666667 0.708333333333333 0
1278 1.375 0.791666666666667 0
1279 1.375 0.833333333333333 0
1280 1.33333333333333 0.875 0
1281 1.29166666666667 0.875 0
1282 1.29166666666667 0.791666666666667 0
1283 1.33333333333333 0.791666666666667 0
1284 1.33333333333333 0.833333333333333 0
1285 1.29166666666667 0.833333333333333 0
1286 1.5 0.791666666666667 0
1287 1.5 0.833333333333333 0
1288 1.45833333333333 0.875 0
1289 1.41666666666667 0.875 0
1290 1.41666666666667 0.791666666666667 0
1291 1.45833333333333 0.791666666666667 0
1292 1.45833333333333 0.833333333333333 0
1293 1.41666666666667 0.833333333333333 0
1294 1.5 0.916666666666667 0
1295 1.5 0.958333333333333 0
1296 1.375 0.958333333333333 0
1297 1.375 0.916666666666667 0
1298 1.41666666666667 0.916666666666667 0
1299 1.45833333333333 0.916666666666667 0
1300 1.45833333333333 0.958333333333333 0
1301 1.41666666666667 0.958333333333333 0
1302 1.29166666666667 0.916666666666667 0
1303 1.33333333333333 0.916666666666667 0
1304 1.33333333333333 0.958333333333333 0
1305 1.29166666666667 0.958333333333333 0
1306 1.625 0.0416666666666667 0
1307 1.625 0.0833333333333333 0
1308 1.58333333333333 0.125 0
1309 1.54166666666667 0.125 0
1310 1.54166666666667 0.0416666666666667 0
1311 1.58333333333333 0.0416666666666667 0
1312 1.58333333333333 0.0833333333333333 0
1313 1.54166666666667 0.0833333333333333 0
1314 1.75 0.0416666666666667 0
1315 1.75 0.0833333333333333 0
1316 1.70833333333333 0.125 0
1317 1.66666666666667 0.125 0
1318 1.66666666666667 0.0416666666666667 0
1319 1.70833333333333 0.0416666666666667 0
1320 1.70833333333333 0.0833333333333333 0
1321 1.66666666666667 0.0833333333333333 0
1322 1.75 0.166666666666667 0
1323 1.75 0.208333333333333 0
1324 1.70833333333333 0.25 0
1325 1.66666666666667 0.25 0
1326 1.625 0.208333333333333 0
1327 1.625 0.166666666666667 0
1328 1.66666666666667 0.166666666666667 0
1329 1.70833333333333 0.166666666666667 0
1330 1.70833333333333 0.208333333333333 0
1331 1.66666666666667 0.208333333333333 0
1332 1.58333333333333 0.25 0
1333 1.54166666666667 0.25 0
1334 1.54166666666667 0.166666666666667 0
1335 1.58333333333333 0.166666666666667 0
1336 1.58333333333333 0.208333333333333 0
1337 1.54166666666667 0.208333333333333 0
1338 1.625 0.291666666666667 0
1339 1.625 0.333333333333333 0
1340 1.58333333333333 0.375 0
1341 1.54166666666667 0.375 0
1342 1.54166666666667 0.291666666666667 0
1343 1.58333333333333 0.291666666666667 0
1344 1.58333333333333 0.333333333333333 0
1345 1.54166666666667 0.333333333333333 0
1346 1.75 0.291666666666667 0
1347 1.75 0.333333333333333 0
1348 1.70833333333333 0.375 0
1349 1.66666666666667 0.375 0
1350 1.66666666666667 0.291666666666667 0
1351 1.70833333333333 0.291666666666667 0
1352 1.70833333333333 0.333333333333333 0
1353 1.66666666666667 0.333333333333333 0
1354 1.75 0.416666666666667 0
1355 1.75 0.458333333333333 0
1356 1.70833333333333 0.5 0
1357 1.66666666666667 0.5 0
1358 1.625 0.458333333333333 0
1359 1.625 0.416666666666667 0
1360 1.66666666666667 0.416666666666667 0
1361 1.70833333333333 0.416666666666667 0
1362 1.70833333333333 0.458333333333333 0
1363 1.66666666666667 0.458333333333333 0
1364 1.58333333333333 0.5 0
1365 1.54166666666667 0.5 0
1366 1.54166666666667 0.416666666666667 0
1367 1.58333333333333 0.416666666666667 0
1368 1.58333333333333 0.458333333333333 0
1369 1.54166666666667 0.458333333333333 0
1370 1.625 0.541666666666667 0
1371 1.625 0.583333333333333 0
1372 1.58333333333333 0.625 0
1373 1.54166666666667 0.625 0
1374 1.54166666666667 0.541666666666667 0
1375 1.58333333333333 0.541666666666667 0
1376 1.58333333333333 0.583333333333333 0
1377 1.54166666666667 0.583333333333333 0
1378 1.75 0.541666666666667 0
1379 1.75 0.583333333333333 0
1380 1.70833333333333 0.625 0
1381 1.66666666666667 0.625 0
1382 1.66666666666667 0.541666666666667 0
1383 1.70833333333333 0.541666666666667 0
1384 1.70833333333333 0.583333333333333 0
1385 1.66666666666667 0.583333333333333 0
1386 1.75 0.666666666666667 0
1387 1.75 0.708333333333333 0
1388 1.70833333333333 0.75 0
1389 1.66666666666667 0.75 0
1390 1.625 0.708333333333333 0
1391 1.625 0.666666666666667 0
1392 1.66666666666667 0.666666666666667 0
1393 1.70833333333333 0.666666666666667 0
1394 1.70833333333333 0.708333333333333 0
1395 1.66666666666667 0.708333333333333 0
1396 1.58333333333333 0.75 0
1397 1.54166666666667 0.75 0
1398 1.54166666666667 0.666666666666667 0
1399 1.58333333333333 0.666666666666667 0
1400 1.58333333333333 0.708333333333333 0
1401 1.54166666666667 0.708333333333333 0
1402 1.625 0.791666666666667 0
1403 1.625 0.833333333333333 0
1404 1.58333333333333 0.875 0
1405 1.54166666666667 0.875 0
1406 1.54166666666667 0.791666666666667 0
1407 1.58333333333333 0.791666666666667 0
1408 1.58333333333333 0.833333333333333 0
1409 1.54166666666667 0.833333333333333 0
1410 1.75 0.791666666666667 0
1411 1.75 0.833333333333333 0
1412 1.70833333333333 0.875 0
1413 1.66666666666667 0.875 0
1414 1.66666666666667 0.791666666666667 0
1415 1.70833333333333 0.791666666666667 0
1416 1.70833333333333 0.833333333333333 0
1417 1.66666666666667 0.833333333333333 0
1418 1.75 0.916666666666667 0
1419 1.75 0.958333333333333 0
1420 1.625 0.958333333333333 0
1421 1.625 0.916666666666667 0
1422 1.66666666666667 0.916666666666667 0
1423 1.70833333333333 0.916666666666667 0
1424 1.70833333333333 0.958333333333333 0
1425 1.66666666666667 0.958333333333333 0
1426 1.54166666666667 0.916666666666667 0
1427 1.58333333333333 0.916666666666667 0
1428 1.58333333333333 0.958333333333333 0
1429 1.54166666666667 0.958333333333333 0
1430 1.875 0.0416666666666667 0
1431 1.875 0.0833333333333333 0
1432 1.83333333333333 0.125 0
1433 1.79166666666667 0.125 0
1434 1.79166666666667 0.0416666666666667 0
1435 1.83333333333333 0.0416666666666667 0
1436 1.83333333333333 0.0833333333333333 0
1437 1.79166666666667 0.0833333333333333 0
1438 2 0.0416666666666667 0
1439 2 0.0833333333333333 0
1440 1.95833333333333 0.125 0
1441 1.91666666666667 0.125 0
1442 1.91666666666667 0.0416666666666667 0
1443 1.95833333333333 0.0416666666666667 0
1444 1.95833333333333 0.0833333333333333 0
1445 1.91666666666667 0.0833333333333333 0
1446 2 0.166666666666667 0
1447 2 0.208333333333333 0
1448 1.95833333333333 0.25 0
1449 1.91666666666667 0.25 0
1450 1.875 0.208333333333333 0
1451 1.875 0.166666666666667 0
1452 1.91666666666667 0.166666666666667 0
1453 1.95833333333333 0.166666666666667 0
1454 1.95833333333333 0.208333333333333 0
1455 1.91666666666667 0.208333333333333 0
1456 1.83333333333333 0.25 0
1457 1.79166666666667 0.25 0
1458 1.79166666666667 0.166666666666667 0
1459 1.83333333333333 0.166666666666667 0
1460 1.83333333333333 0.208333333333333 0
1461 1.79166666666667 0.208333333333333 0
1462 1.875 0.291666666666667 0
1463 1.875 0.333333333333333 0
1464 1.83333333333333 0.375 0
1465 1.79166666666667 0.375 0
1466 1.79166666666667 0.291666666666667 0
1467 1.83333333333333 0.291666666666667 0
1468 1.83333333333333 0.333333333333333 0
1469 1.79166666666667 0.333333333333333 0
1470 2 0.291666666666667 0
1471 2 0.333333333333333 0
1472 1.95833333333333 0.375 0
1473 1.91666666666667 0.375 0
1474 1.91666666666667 0.291666666666667 0
1475 1.95833333333333 0.291666666666667 0
1476 1.95833333333333 0.333333333333333 0
1477 1.91666666666667 0.333333333333333 0
1478 2 0.416666666666667 0
1479 2 0.458333333333333 0
1480 1.95833333333333 0.5 0
1481 1.91666666666667 0.5 0
1482 1.875 0.458333333333333 0
1483 1.875 0.416666666666667 0
1484 1.91666666666667 0.416666666666667 0
1485 1.95833333333333 0.416666666666667 0
1486 1.95833333333333 0.458333333333333 0
1487 1.91666666666667 0.458333333333333 0
1488 1.83333333333333 0.5 0
1489 1.79166666666667 0.5 0
1490 1.79166666666667 0.416666666666667 0
1491 1.83333333333333 0.416666666666667 0
1492 1.83333333333333 0.458333333333333 0
1493 1.79166666666667 0.458333333333333 0
1494 1.875 0.541666666666667 0
1495 1.875 0.583333333333333 0
1496 1.83333333333333 0.625 0
1497 1.79166666666667 0.625 0
1498 1.79166666666667 0.541666666666667 0
1499 1.83333333333333 0.541666666666667 0
1500 1.83333333333333 0.583333333333333 0
1501 1.79166666666667 0.583333333333333 0
1502 2 0.541666666666667 0
1503 2 0.583333333333333 0
1504 1.95833333333333 0.625 0
1505 1.91666666666667 0.625 0
1506 1.91666666666667 0.541666666666667 0
1507 1.95833333333333 0.541666666666667 0
1508 1.95833333333333 0.583333333333333 0
1509 1.91666666666667 0.583333333333333 0
1510 2 0.666666666666667 0
1511 2 0.708333333333333 0
1512 1.95833333333333 0.75 0
1513 1.91666666666667 0.75 0
1514 1.875 0.708333333333333 0
1515 1.875 0.666666666666667 0
1516 1.91666666666667 0.666666666666667 0
1517 1.95833333333333 0.666666666666667 0
1518 1.95833333333333 0.708333333333333 0
1519 1.91666666666667 0.708333333333333 0
1520 1.83333333333333 0.75 0
1521 1.79166666666667 0.75 0
1522 1.79166666666667 0.666666666666667 0
1523 1.83333333333333 0.666666666666667 0
1524 1.83333333333333 0.708333333333333 0
1525 1.79166666666667 0.708333333333333 0
1526 1.875 0.791666666666667 0
1527 1.875 0.833333333333333 0
1528 1.83333333333333 0.875 0
1529 1.79166666666667 0.875 0
1530 1.79166666666667 0.791666666666667 0
1531 1.83333333333333 0.791666666666667 0
1532 1.83333333333333 0.833333333333333 0
1533 1.79166666666667 0.833333333333333 0
1534 2 0.791666666666667 0
1535 2 0.833333333333333 0
1536 1.95833333333333 0.875 0
1537 1.91666666666667 0.875 0
1538 1.91666666666667 0.791666666666667 0
1539 1.95833333333333 0.791666666666667 0
1540 1.95833333333333 0.833333333333333 0
1541 1.91666666666667 0.833333333333333 0
1542 2 0.916666666666667 0
1543 2 0.958333333333333 0
1544 1.875 0.958333333333333 0
1545 1.875 0.916666666666667 0
1546 1.91666666666667 0.916666666666667 0
1547 1.95833333333333 0.916666666666667 0
1548 1.95833333333333 0.958333333333333 0
1549 1.91666666666667 0.958333333333333 0
1550 1.79166666666667 0.916666666666667 0
1551 1.83333333333333 0.916666666666667 0
1552 1.83333333333333 0.958333333333333 0
1553 1.79166666666667 0.958333333333333 0
1554 2.125 0.0416666666666667 0
1555 2.125 0.0833333333333333 0
1556 2.08333333333333 0.125 0
1557 2.04166666666667 0.125 0
1558 2.04166666666667 0.0416666666666667 0
1559 2.08333333333333 0.0416666666666667 0
1560 2.08333333333333 0.0833333333333333 0
1561 2.04166666666667 0.0833333333333333 0
1562 2.25 0.0416666666666667 0
1563 2.25 0.0833333333333333 0
1564 2.20833333333333 0.125 0
1565 2.16666666666667 0.125 0
1566 2.16666666666667 0.0416666666666667 0
1567 2.20833333333333 0.0416666666666667 0
1568 2.20833333333333 0.0833333333333333 0
1569 2.16666666666667 0.0833333333333333 0
1570 2.25 0.166666666666667 0
1571 2.25 0.208333333333333 0
1572 2.20833333333333 0.25 0
1573 2.16666666666667 0.25 0
1574 2.125 0.208333333333333 0
1575 2.125 0.166666666666667 0
1576 2.16666666666667 0.166666666666667 0
1577 2.20833333333333 0.166666666666667 0
1578 2.20833333333333 0.208333333333333 0
1579 2.16666666666667 0.208333333333333 0
1580 2.08333333333333 0.25 0
1581 2.04166666666667 0.25 0
1582 2.04166666666667 0.166666666666667 0
1583 2.08333333333333 0.166666666666667 0
1584 2.08333333333333 0.208333333333333 0
1585 2.04166666666667 0.208333333333333 0
1586 2.125 0.291666666666667 0
1587 2.125 0.333333333333333 0
1588 2.08333333333333 0.375 0
1589 2.04166666666667 0.375 0
1590 2.04166666666667 0.291666666666667 0
1591 2.08333333333333 0.291666666666667 0
1592 2.08333333333333 0.333333333333333 0
1593 2.04166666666667 0.333333333333333 0
1594 2.25 0.291666666666667 0
1595 2.25 0.333333333333333 0
1596 2.20833333333333 0.375 0
1597 2.16666666666667 0.375 0
1598 2.16666666666667 0.291666666666667 0
1599 2.20833333333333 0.291666666666667 0
1600 2.20833333333333 0.333333333333333 0
1601 2.16666666666667 0.333333333333333 0
1602 2.25 0.416666666666667 0
1603 2.25 0.458333333333333 0
1604 2.20833333333333 0.5 0
1605 2.16666666666667 0.5 0
1606 2.125 0.458333333333333 0
1607 2.125 0.416666666666667 0
1608 2.16666666666667 0.416666666666667 0
1609 2.20833333333333 0.416666666666667 0
1610 2.20833333333333 0.458333333333333 0
1611 2.16666666666667 0.458333333333333 0
1612 2.08333333333333 0.5 0
1613 2.04166666666667 0.5 0
1614 2.04166666666667 0.416666666666667 0
1615 2.08333333333333 0.416666666666667 0
1616 2.08333333333333 0.458333333333333 0
1617 2.04166666666667 0.458333333333333 0
1618 2.125 0.541666666666667 0
1619 2.125 0.583333333333333 0
1620 2.08333333333333 0.625 0
1621 2.04166666666667 0.625 0
1622 2.04166666666667 0.541666666666667 0
1623 2.08333333333333 0.541666666666667 0
1624 2.08333333333333 0.583333333333333 0
1625 2.04166666666667 0.583333333333333 0
1626 2.25 0.541666666666667 0
1627 2.25 0.583333333333333 0
1628 2.20833333333333 0.625 0
1629 2.16666666666667 0.625 0
1630 2.16666666666667 0.541666666666667 0
1631 2.20833333333333 0.541666666666667 0
1632 2.20833333333333 0.583333333333333 0
1633 2.16666666666667 0.583333333333333 0
1634 2.25 0.666666666666667 0
1635 2.25 0.708333333333333 0
1636 2.20833333333333 0.75 0
1637 2.16666666666667 0.75 0
1638 2.125 0.708333333333333 0
1639 2.125 0.666666666666667 0
1640 2.16666666666667 0.666666666666667 0
1641 2.20833333333333 0.666666666666667 0
1642 2.20833333333333 0.708333333333333 0
1643 2.16666666666667 0.708333333333333 0
1644 2.08333333333333 0.75 0
1645 2.04166666666667 0.75 0
1646 2.04166666666667 0.666666666666667 0
1647 2.08333333333333 0.666666666666667 0
1648 2.08333333333333 0.708333333333333 0
1649 2.04166666666667 0.708333333333333 0
1650 2.125 0.791666666666667 0
1651 2.125 0.833333333333333 0
1652 2.08333333333333 0.875 0
1653 2.04166666666667 0.875 0
1654 2.04166666666667 0.791666666666667 0
1655 2.08333333333333 0.791666666666667 0
1656 2.08333333333333 0.833333333333333 0
1657 2.04166666666667 0.833333333333333 0
1658 2.25 0.791666666666667 0
1659 2.25 0.833333333333333 0
1660 2.20833333333333 0.875 0
1661 2.16666666666667 0.875 0
1662 2.16666666666667 0.791666666666667 0
1663 2.20833333333333 0.791666666666667 0
1664 2.20833333333333 0.833333333333333 0
1665 2.16666666666667 0.833333333333333 0
1666 2.25 0.916666666666667 0
1667 2.25 0.958333333333333 0
1668 2.125 0.958333333333333 0
1669 2.125 0.916666666666667 0
1670 2.16666666666667 0.916666666666667 0
1671 2.20833333333333 0.916666666666667 0
1672 2.20833333333333 0.958333333333333 0
1673 2.16666666666667 0.958333333333333 0
1674 2.04166666666667 0.916666666666667 0
1675 2.08333333333333 0.916666666666667 0
1676 2.08333333333333 0.958333333333333 0
1677 2.04166666666667 0.958333333333333 0
1678 2.375 0.0416666666666667 0
1679 2.375 0.0833333333333333 0
1680 2.33333333333333 0.125 0
1681 2.29166666666667 0.125 0
1682 2.29166666666667 0.0416666666666667 0
1683 2.33333333333333 0.0416666666666667 0
1684 2.33333333333333 0.0833333333333333 0
1685 2.29166666666667 0.0833333333333333 0
1686 2.5 0.0416666666666667 0
1687 2.5 0.0833333333333333 0
1688 2.45833333333333 0.125 0
1689 2.41666666666667 0.125 0
1690 2.41666666666667 0.0416666666666667 0
1691 2.45833333333333 0.0416666666666667 0
1692 2.45833333333333 0.0833333333333333 0
1693 2.41666666666667 0.0833333333333333 0
1694 2.5 0.166666666666667 0
1695 2.5 0.208333333333333 0
1696 2.45833333333333 0.25 0
1697 2.41666666666667 0.25 0
1698 2.375 0.208333333333333 0
1699 2.375 0.166666666666667 0
1700 2.41666666666667 0.166666666666667 0
1701 2.45833333333333 0.166666666666667 0
1702 2.45833333333333 0.208333333333333 0
1703 2.41666666666667 0.208333333333333 0
1704 2.33333333333333 0.25 0
1705 2.29166666666667 0.25 0
1706 2.29166666666667 0.166666666666667 0
1707 2.33333333333333 0.166666666666667 0
1708 2.33333333333333 0.208333333333333 0
1709 2.29166666666667 0.208333333333333 0
1710 2.375 0.291666666666667 0
1711 2.375 0.333333333333333 0
1712 2.33333333333333 0.375 0
1713 2.29166666666667 0.375 0
1714 2.29166666666667 0.291666666666667 0
1715 2.33333333333333 0.291666666666667 0
1716 2.33333333333333 0.333333333333333 0
1717 2.29166666666667 0.333333333333333 0
1718 2.5 0.291666666666667 0
1719 2.5 0.333333333333333 0
1720 2.45833333333333 0.375 0
1721 2.41666666666667 0.375 0
1722 2.41666666666667 0.291666666666667 0
1723 2.45833333333333 0.291666666666667 0
1724 2.45833333333333 0.333333333333333 0
1725 2.41666666666667 0.333333333333333 0
1726 2.5 0.416666666666667 0
1727 2.5 0.458333333333333 0
1728 2.45833333333333 0.5 0
1729 2.41666666666667 0.5 0
1730 2.375 0.458333333333333 0
1731 2.375 0.416666666666667 0
1732 2.41666666666667 0.416666666666667 0
1733 2.45833333333333 0.416666666666667 0
1734 2.45833333333333 0.458333333333333 0
1735 2.41666666666667 0.458333333333333 0
1736 2.33333333333333 0.5 0
1737 2.29166666666667 0.5 0
1738 2.29166666666667 0.416666666666667 0
1739 2.33333333333333 0.416666666666667 0
1740 2.33333333333333 0.458333333333333 0
1741 2.29166666666667 0.458333333333333 0
1742 2.375 0.541666666666667 0
1743 2.375 0.583333333333333 0
1744 2.33333333333333 0.625 0
1745 2.29166666666667 0.625 0
1746 2.29166666666667 0.541666666666667 0
1747 2.33333333333333 0.541666666666667 0
1748 2.33333333333333 0.583333333333333 0
1749 2.29166666666667 0.583333333333333 0
1750 2.5 0.541666666666667 0
1751 2.5 0.583333333333333 0
1752 2.45833333333333 0.625 0
1753 2.41666666666667 0.625 0
1754 2.41666666666667 0.541666666666667 0
1755 2.45833333333333 0.541666666666667 0
1756 2.45833333333333 0.583333333333333 0
1757 2.41666666666667 0.583333333333333 0
1758 2.5 0.666666666666667 0
1759 2.5 0.708333333333333 0
1760 2.45833333333333 0.75 0
1761 2.41666666666667 0.75 0
1762 2.375 0.708333333333333 0
1763 2.375 0.666666666666667 0
1764 2.41666666666667 0.666666666666667 0
1765 2.45833333333333 0.666666666666667 0
1766 2.45833333333333 0.708333333333333 0
1767 2.41666666666667 0.708333333333333 0
1768 2.33333333333333 0.75 0
1769 2.29166666666667 0.75 0
1770 2.29166666666667 0.666666666666667 0
1771 2.33333333333333 0.666666666666667 0
1772 2.33333333333333 0.708333333333333 0
1773 2.29166666666667 0.708333333333333 0
1774 2.375 0.791666666666667 0
1775 2.375 0.833333333333333 0
1776 2.33333333333333 0.875 0
1777 2.29166666666667 0.875 0
1778 2.29166666666667 0.791666666666667 0
1779 2.33333333333333 0.791666666666667 0
1780 2.33333333333333 0.833333333333333 0
1781 2.29166666666667 0.833333333333333 0
1782 2.5 0.791666666666667 0
1783 2.5 0.833333333333333 0
1784 2.45833333333333 0.875 0
1785 2.41666666666667 0.875 0
1786 2.41666666666667 0.791666666666667 0
1787 2.45833333333333 0.791666666666667 0
1788 2.45833333333333 0.833333333333333 0
1789 2.41666666666667 0.833333333333333 0
1790 2.5 0.916666666666667 0
1791 2.5 0.958333333333333 0
1792 2.375 0.958333333333333 0
1793 2.375 0.916666666666667 0
1794 2.41666666666667 0.916666666666667 0
1795 2.45833333333333 0.916666666666667 0
1796 2.45833333333333 0.958333333333333 0
1797 2.41666666666667 0.958333333333333 0
1798 2.29166666666667 0.916666666666667 0
1799 2.33333333333333 0.916666666666667 0
1800 2.33333333333333 0.958333333333333 0
1801 2.29166666666667 0.958333333333333 0
1802 2.625 0.0416666666666667 0
1803 2.625 0.0833333333333333 0
1804 2.58333333333333 0.125 0
1805 2.54166666666667 0.125 0
1806 2.54166666666667 0.0416666666666667 0
1807 2.58333333333333 0.0416666666666667 0
1808 2.58333333333333 0.0833333333333333 0
1809 2.54166666666667 0.0833333333333333 0
1810 2.75 0.0416666666666667 0
1811 2.75 0.0833333333333333 0
1812 2.70833333333333 0.125 0
1813 2.66666666666667 0.125 0
1814 2.66666666666667 0.0416666666666667 0
1815 2.70833333333333 0.0416666666666667 0
1816 2.70833333333333 0.0833333333333333 0
1817 2.66666666666667 0.0833333333333333 0
1818 2.75 0.166666666666667 0
1819 2.75 0.208333333333333 0
1820 2.70833333333333 0.25 0
1821 2.66666666666667 0.25 0
1822 2.625 0.208333333333333 0
1823 2.625 0.166666666666667 0
1824 2.66666666666667 0.166666666666667 0
1825 2.70833333333333 0.166666666666667 0
1826 2.70833333333333 0.208333333333333 0
1827 2.66666666666667 0.208333333333333 0
1828 2.58333333333333 0.25 0
1829 2.54166666666667 0.25 0
1830 2.54166666666667 0.166666666666667 0
1831 2.58333333333333 0.166666666666667 0
1832 2.58333333333333 0.208333333333333 0
1833 2.54166666666667 0.208333333333333 0
1834 2.625 0.291666666666667 0
1835 2.625 0.333333333333333 0
1836 2.58333333333333 0.375 0
1837 2.54166666666667 0.375 0
1838 2.54166666666667 0.291666666666667 0
1839 2.58333333333333 0.291666666666667 0
1840 2.58333333333333 0.333333333333333 0
1841 2.54166666666667 0.333333333333333 0
1842 2.75 0.291666666666667 0
1843 2.75 0.333333333333333 0
1844 2.70833333333333 0.375 0
1845 2.66666666666667 0.375 0
1846 2.66666666666667 0.291666666666667 0
1847 2.70833333333333 0.291666666666667 0
1848 2.70833333333333 0.333333333333333 0
1849 2.66666666666667 0.333333333333333 0
1850 2.75 0.416666666666667 0
1851 2.75 0.458333333333333 0
1852 2.70833333333333 0.5 0
1853 2.66666666666667 0.5 0
1854 2.625 0.458333333333333 0
1855 2.625 0.416666666666667 0
1856 2.66666666666667 0.416666666666667 0
1857 2.70833333333333 0.416666666666667 0
1858 2.70833333333333 0.458333333333333 0
1859 2.66666666666667 0.458333333333333 0
1860 2.58333333333333 0.5 0
1861 2.54166666666667 0.5 0
1862 2.54166666666667 0.416666666666667 0
1863 2.58333333333333 0.416666666666667 0
1864 2.58333333333333 0.458333333333333 0
1865 2.54166666666667 0.458333333333333 0
1866 2.625 0.541666666666667 0
1867 2.625 0.583333333333333 0
1868 2.58333333333333 0.625 0
1869 2.54166666666667 0.625 0
1870 2.54166666666667 0.541666666666667 0
1871 2.58333333333333 0.541666666666667 0
1872 2.58333333333333 0.583333333333333 0
1873 2.54166666666667 0.583333333333333 0
1874 2.75 0.541666666666667 0
1875 2.75 0.583333333333333 0
1876 2.70833333333333 0.625 0
1877 2.66666666666667 0.625 0
1878 2.66666666666667 0.541666666666667 0
1879 2.70833333333333 0.541666666666667 0
1880 2.70833333333333 0.583333333333333 0
1881 2.66666666666667 0.583333333333333 0
1882 2.75 0.666666666666667 0
1883 2.75 0.708333333333333 0
1884 2.70833333333333 0.75 0
1885 2.66666666666667 0.75 0
1886 2.625 0.708333333333333 0
1887 2.625 0.666666666666667 0
1888 2.66666666666667 0.666666666666667 0
1889 2.70833333333333 0.666666666666667 0
1890 2.70833333333333 0.708333333333333 0
1891 2.66666666666667 0.708333333333333 0
1892 2.58333333333333 0.75 0
1893 2.54166666666667 0.75 0
1894 2.54166666666667 0.666666666666667 0
1895 2.58333333333333 0.666666666666667 0
1896 2.58333333333333 0.708333333333333 0
1897 2.54166666666667 0.708333333333333 0
1898 2.625 0.791666666666667 0
1899 2.625 0.833333333333333 0
1900 2.58333333333333 0.875 0
1901 2.54166666666667 0.875 0
1902 2.54166666666667 0.791666666666667 0
1903 2.58333333333333 0.791666666666667 0
1904 2.58333333333333 0.833333333333333 0
1905 2.54166666666667 0.833333333333333 0
1906 2.75 0.791666666666667 0
1907 2.75 0.833333333333333 0
1908 2.70833333333333 0.875 0
1909 2.66666666666667 0.875 0
1910 2.66666666666667 0.791666666666667 0
1911 2.70833333333333 0.791666666666667 0
1912 2.70833333333333 0.833333333333333 0
1913 2.66666666666667 0.833333333333333 0
1914 2.75 0.916666666666667 0
1915 2.75 0.958333333333333 0
1916 2.625 0.958333333333333 0
1917 2.625 0.916666666666667 0
1918 2.66666666666667 0.916666666666667 0
1919 2.70833333333333 0.916666666666667 0
1920 2.70833333333333 0.958333333333333 0
1921 2.66666666666667 0.958333333333333 0
1922 2.54166666666667 0.916666666666667 0
1923 2.58333333333333 0.916666666666667 0
1924 2.58333333333333 0.958333333333333 0
1925 2.54166666666667 0.958333333333333 0
1926 2.875 0.0416666666666667 0
1927 2.875 0.0833333333333333 0
1928 2.83333333333333 0.125 0
1929 2.79166666666667 0.125 0
1930 2.79166666666667 0.0416666666666667 0
1931 2.83333333333333 0.0416666666666667 0
1932 2.83333333333333 0.0833333333333333 0
1933 2.79166666666667 0.0833333333333333 0
1934 3 0.0416666666666667 0
1935 3 0.0833333333333333 0
1936 2.95833333333333 0.125 0
1937 2.91666666666667 0.125 0
1938 2.91666666666667 0.0416666666666667 0
1939 2.95833333333333 0.0416666666666667 0
1940 2.95833333333333 0.0833333333333333 0
1941 2.91666666666667 0.0833333333333333 0
1942 3 0.166666666666667 0
1943 3 0.208333333333333 0
1944 2.95833333333333 0.25 0
1945 2.91666666666667 0.25 0
1946 2.875 0.208333333333333 0
1947 2.875 0.166666666666667 0
1948 2.91666666666667 0.166666666666667 0
1949 2.95833333333333 0.166666666666667 0
1950 2.95833333333333 0.208333333333333 0
1951 2.91666666666667 0.208333333333333 0
1952 2.83333333333333 0.25 0
1953 2.79166666666667 0.25 0
1954 2.79166666666667 0.166666666666667 0
1955 2.83333333333333 0.166666666666667 0
1956 2.83333333333333 0.208333333333333 0
1957 2.79166666666667 0.208333333333333 0
1958 2.875 0.291666666666667 0
1959 2.875 0.333333333333333 0
1960 2.83333333333333 0.375 0
1961 2.79166666666667 0.375 0
1962 2.79166666666667 0.291666666666667 0
1963 2.83333333333333 0.291666666666667 0
1964 2.83333333333333 0.333333333333333 0
1965 2.79166666666667 0.333333333333333 0
1966 3 0.291666666666667 0
1967 3 0.333333333333333 0
1968 2.95833333333333 0.375 0
1969 2.91666666666667 0.375 0
1970 2.91666666666667 0.291666666666667 0
1971 2.95833333333333 0.291666666666667 0
1972 2.95833333333333 0.333333333333333 0
1973 2.91666666666667 0.333333333333333 0
1974 3 0.416666666666667 0
1975 3 0.458333333333333 0
1976 2.95833333333333 0.5 0
1977 2.91666666666667 0.5 0
1978 2.875 0.458333333333333 0
1979 2.875 0.416666666666667 0
1980 2.91666666666667 0.416666666666667 0
1981 2.95833333333333 0.416666666666667 0
1982 2.95833333333333 0.458333333333333 0
1983 2.91666666666667 0.458333333333333 0
1984 2.83333333333333 0.5 0
1985 2.79166666666667 0.5 0
1986 2.79166666666667 0.416666666666667 0
1987 2.83333333333333 0.416666666666667 0
1988 2.83333333333333 0.458333333333333 0
1989 2.79166666666667 0.458333333333333 0
1990 2.875 0.541666666666667 0
1991 2.875 0.583333333333333 0
1992 2.83333333333333 0.625 0
1993 2.79166666666667 0.625 0
1994 2.79166666666667 0.541666666666667 0
1995 2.83333333333333 0.541666666666667 0
1996 2.83333333333333 0.583333333333333 0
1997 2.79166666666667 0.583333333333333 0
1998 3 0.541666666666667 0
1999 3 0.583333333333333 0
2000 2.95833333333333 0.625 0
2001 2.91666666666667 0.625 0
2002 2.91666666666667 0.541666666666667 0
2003 2.95833333333333 0.541666666666667 0
2004 2.95833333333333 0.583333333333333 0
2005 2.91666666666667 0.583333333333333 0
2006 3 0.666666666666667 0
2007 3 0.708333333333333 0
2008 2.95833333333333 0.75 0
2009 2.91666666666667 0.75 0
2010 2.875 0.708333333333333 0
2011 2.875 0.666666666666667 0
2012 2.91666666666667 0.666666666666667 0
2013 2.95833333333333 0.666666666666667 0
2014 2.95833333333333 0.708333333333333 0
2015 2.91666666666667 0.708333333333333 0
2016 2.83333333333333 0.75 0
2017 2.79166666666667 0.75 0
2018 2.79166666666667 0.666666666666667 0
2019 2.83333333333333 0.666666666666667 0
2020 2.83333333333333 0.708333333333333 0
2021 2.79166666666667 0.708333333333333 0
2022 2.875 0.791666666666667 0
2023 2.875 0.833333333333333 0
2024 2.83333333333333 0.875 0
2025 2.79166666666667 0.875 0
2026 2.79166666666667 0.791666666666667 0
2027 2.83333333333333 0.791666666666667 0
2028 2.83333333333333 0.833333333333333 0
2029 2.79166666666667 0.833333333333333 0
2030 3 0.791666666666667 0
2031 3 0.833333333333333 0
2032 2.95833333333333 0.875 0
2033 2.91666666666667 0.875 0
2034 2.91666666666667 0.791666666666667 0
2035 2.95833333333333 0.791666666666667 0
2036 2.95833333333333 0.833333333333333 0
2037 2.91666666666667 0.833333333333333 0
2038 3 0.916666666666667 0
2039 3 0.958333333333333 0
2040 2.875 0.958333333333333 0
2041 2.875 0.916666666666667 0
2042 2.91666666666667 0.916666666666667 0
2043 2.95833333333333 0.916666666666667 0
2044 2.95833333333333 0.958333333333333 0
2045 2.91666666666667 0.958333333333333 0
2046 2.79166666666667 0.916666666666667 0
2047 2.83333333333333 0.916666666666667 0
2048 2.83333333333333 0.958333333333333 0
2049 2.79166666666667 0.958333333333333 0
2050 3.125 0.0416666666666667 0
2051 3.125 0.0833333333333333 0
2052 3.08333333333333 0.125 0
2053 3.04166666666667 0.125 0
2054 3.04166666666667 0.0416666666666667 0
2055 3.08333333333333 0.0416666666666667 0
2056 3.08333333333333 0.0833333333333333 0
2057 3.04166666666667 0.0833333333333333 0
2058 3.25 0.0416666666666667 0
2059 3.25 0.0833333333333333 0
2060 3.20833333333333 0.125 0
2061 3.16666666666667 0.125 0
2062 3.16666666666667 0.0416666666666667 0
2063 3.20833333333333 0.0416666666666667 0
2064 3.20833333333333 0.0833333333333333 0
2065 3.16666666666667 0.0833333333333333 0
2066 3.25 0.166666666666667 0
2067 3.25 0.208333333333333 0
2068 3.20833333333333 0.25 0
2069 3.16666666666667 0.25 0
2070 3.125 0.208333333333333 0
2071 3.125 0.166666666666667 0
2072 3.16666666666667 0.166666666666667 0
2073 3.20833333333333 0.166666666666667 0
2074 3.20833333333333 0.208333333333333 0
2075 3.16666666666667 0.208333333333333 0
2076 3.08333333333333 0.25 0
2077 3.04166666666667 0.25 0
2078 3.04166666666667 0.166666666666667 0
2079 3.08333333333333 0.166666666666667 0
2080 3.08333333333333 0.208333333333333 0
2081 3.04166666666667 0.208333333333333 0
2082 3.125 0.291666666666667 0
2083 3.125 0.333333333333333 0
2084 3.08333333333333 0.375 0
2085 3.04166666666667 0.375 0
2086 3.04166666666667 0.291666666666667 0
2087 3.08333333333333 0.291666666666667 0
2088 3.08333333333333 0.333333333333333 0
2089 3.04166666666667 0.333333333333333 0
2090 3.25 0.291666666666667 0
2091 3.25 0.333333333333333 0
2092 3.20833333333333 0.375 0
2093 3.16666666666667 0.375 0
2094 3.16666666666667 0.291666666666667 0
2095 3.20833333333333 0.291666666666667 0
2096 3.20833333333333 0.333333333333333 0
2097 3.16666666666667 0.333333333333333 0
2098 3.25 0.416666666666667 0
2099 3.25 0.458333333333333 0
2100 3.20833333333333 0.5 0
2101 3.16666666666667 0.5 0
2102 3.125 0.458333333333333 0
2103 3.125 0.416666666666667 0
2104 3.16666666666667 0.416666666666667 0
2105 3.20833333333333 0.416666666666667 0
2106 3.20833333333333 0.458333333333333 0
2107 3.16666666666667 0.458333333333333 0
2108 3.08333333333333 0.5 0
2109 3.04166666666667 0.5 0
2110 3.04166666666667 0.416666666666667 0
2111 3.08333333333333 0.416666666666667 0
2112 3.08333333333333 0.458333333333333 0
2113 3.04166666666667 0.458333333333333 0
2114 3.125 0.541666666666667 0
2115 3.125 0.583333333333333 0
2116 3.08333333333333 0.625 0
2117 3.04166666666667 0.625 0
2118 3.04166666666667 0.541666666666667 0
2119 3.08333333333333 0.541666666666667 0
2120 3.08333333333333 0.583333333333333 0
2121 3.04166666666667 0.583333333333333 0
2122 3.25 0.541666666666667 0
2123 3.25 0.583333333333333 0
2124 3.20833333333333 0.625 0
2125 3.16666666666667 0.625 0
2126 3.16666666666667 0.541666666666667 0
2127 3.20833333333333 0.541666666666667 0
2128 3.20833333333333 0.583333333333333 0
2129 3.16666666666667 0.583333333333333 0
2130 3.25 0.666666666666667 0
2131 3.25 0.708333333333333 0
2132 3.20833333333333 0.75 0
2133 3.16666666666667 0.75 0
2134 3.125 0.708333333333333 0
2135 3.125 0.666666666666667 0
2136 3.16666666666667 0.666666666666667 0
2137 3.20833333333333 0.666666666666667 0
2138 3.20833333333333 0.708333333333333 0
2139 3.16666666666667 0.708333333333333 0
2140 3.08333333333333 0.75 0
2141 3.04166666666667 0.75 0
2142 3.04166666666667 0.666666666666667 0
2143 3.08333333333333 0.666666666666667 0
2144 3.08333333333333 0.708333333333333 0
2145 3.04166666666667 0.708333333333333 0
2146 3.125 0.791666666666667 0
2147 3.125 0.833333333333333 0
2148 3.08333333333333 0.875 0
2149 3.04166666666667 0.875 0
2150 3.04166666666667 0.791666666666667 0
2151 3.08333333333333 0.791666666666667 0
2152 3.08333333333333 0.833333333333333 0
2153 3.04166666666667 0.833333333333333 0
2154 3.25 0.791666666666667 0
2155 3.25 0.833333333333333 0
2156 3.20833333333333 0.875 0
2157 3.16666666666667 0.875 0
2158 3.16666666666667 0.791666666666667 0
2159 3.20833333333333 0.791666666666667 0
2160 3.20833333333333 0.833333333333333 0
2161 3.16666666666667 0.833333333333333 0
2162 3.25 0.916666666666667 0
2163 3.25 0.958333333333333 0
2164 3.125 0.958333333333333 0
2165 3.125 0.916666666666667 0
2166 3.16666666666667 0.916666666666667 0
2167 3.20833333333333 0.916666666666667 0
2168 3.20833333333333 0.958333333333333 0
2169 3.16666666666667 0.958333333333333 0
2170 3.04166666666667 0.916666666666667 0
2171 3.08333333333333 0.916666666666667 0
2172 3.08333333333333 0.958333333333333 0
2173 3.04166666666667 0.958333333333333 0
2174 3.375 0.0416666666666667 0
2175 3.375 0.0833333333333333 0
2176 3.33333333333333 0.125 0
2177 3.29166666666667 0.125 0
2178 3.29166666666667 0.0416666666666667 0
2179 3.33333333333333 0.0416666666666667 0
2180 3.33333333333333 0.0833333333333333 0
2181 3.29166666666667 0.0833333333333333 0
2182 3.5 0.0416666666666667 0
2183 3.5 0.0833333333333333 0
2184 3.45833333333333 0.125 0
2185 3.41666666666667 0.125 0
2186 3.41666666666667 0.0416666666666667 0
2187 3.45833333333333 0.0416666666666667 0
2188 3.45833333333333 0.0833333333333333 0
2189 3.41666666666667 0.0833333333333333 0
2190 3.5 0.166666666666667 0
2191 3.5 0.208333333333333 0
2192 3.45833333333333 0.25 0
2193 3.41666666666667 0.25 0
2194 3.375 0.208333333333333 0
2195 3.375 0.166666666666667 0
2196 3.41666666666667 0.166666666666667 0
2197 3.45833333333333 0.166666666666667 0
2198 3.45833333333333 0.208333333333333 0
2199 3.41666666666667 0.208333333333333 0
2200 3.33333333333333 0.25 0
2201 3.29166666666667 0.25 0
2202 3.29166666666667 0.166666666666667 0
2203 3.33333333333333 0.166666666666667 0
2204 3.33333333333333 0.208333333333333 0
2205 3.29166666666667 0.208333333333333 0
2206 3.375 0.291666666666667 0
2207 3.375 0.333333333333333 0
2208 3.33333333333333 0.375 0
2209 3.29166666666667 0.375 0
2210 3.29166666666667 0.291666666666667 0
2211 3.33333333333333 0.291666666666667 0
2212 3.33333333333333 0.333333333333333 0
2213 3.29166666666667 0.333333333333333 0
2214 3.5 0.291666666666667 0
2215 3.5 0.333333333333333 0
2216 3.45833333333333 0.375 0
2217 3.41666666666667 0.375 0
2218 3.41666666666667 0.291666666666667 0
2219 3.45833333333333 0.291666666666667 0
2220 3.45833333333333 0.333333333333333 0
2221 3.41666666666667 0.333333333333333 0
2222 3.5 0.416666666666667 0
2223 3.5 0.458333333333333 0
2224 3.45833333333333 0.5 0
2225 3.41666666666667 0.5 0
2226 3.375 0.458333333333333 0
2227 3.375 0.416666666666667 0
2228 3.41666666666667 0.416666666666667 0
2229 3.45833333333333 0.416666666666667 0
2230 3.45833333333333 0.458333333333333 0
2231 3.41666666666667 0.458333333333333 0
2232 3.33333333333333 0.5 0
2233 3.29166666666667 0.5 0
2234 3.29166666666667 0.416666666666667 0
2235 3.33333333333333 0.416666666666667 0
2236 3.33333333333333 0.458333333333333 0
2237 3.29166666666667 0.458333333333333 0
2238 3.375 0.541666666666667 0
2239 3.375 0.583333333333333 0
2240 3.33333333333333 0.625 0
2241 3.29166666666667 0.625 0
2242 3.29166666666667 0.541666666666667 0
2243 3.33333333333333 0.541666666666667 0
2244 3.33333333333333 0.583333333333333 0
2245 3.29166666666667 0.583333333333333 0
2246 3.5 0.541666666666667 0
2247 3.5 0.583333333333333 0
2248 3.45833333333333 0.625 0
2249 3.41666666666667 0.625 0
2250 3.41666666666667 0.541666666666667 0
2251 3.45833333333333 0.541666666666667 0
2252 3.45833333333333 0.583333333333333 0
2253 3.41666666666667 0.583333333333333 0
2254 3.5 0.666666666666667 0
2255 3.5 0.708333333333333 0
2256 3.45833333333333 0.75 0
2257 3.41666666666667 0.75 0
2258 3.375 0.708333333333333 0
2259 3.375 0.666666666666667 0
2260 3.41666666666667 0.666666666666667 0
2261 3.45833333333333 0.666666666666667 0
2262 3.45833333333333 0.708333333333333 0
2263 3.41666666666667 0.708333333333333 0
2264 3.33333333333333 0.75 0
2265 3.29166666666667 0.75 0
2266 3.29166666666667 0.666666666666667 0
2267 3.33333333333333 0.666666666666667 0
2268 3.33333333333333 0.708333333333333 0
2269 3.29166666666667 0.708333333333333 0
2270 3.375 0.791666666666667 0
2271 3.375 0.833333333333333 0
2272 3.33333333333333 0.875 0
2273 3.29166666666667 0.875 0
2274 3.29166666666667 0.791666666666667 0
2275 3.33333333333333 0.791666666666667 0
2276 3.33333333333333 0.833333333333333 0
2277 3.29166666666667 0.833333333333333 0
2278 3.5 0.791666666666667 0
2279 3.5 0.833333333333333 0
2280 3.45833333333333 0.875 0
2281 3.41666666666667 0.875 0
2282 3.41666666666667 0.791666666666667 0
2283 3.45833333333333 0.791666666666667 0
2284 3.45833333333333 0.833333333333333 0
2285 3.41666666666667 0.833333333333333 0
2286 3.5 0.916666666666667 0
2287 3.5 0.958333333333333 0
2288 3.375 0.958333333333333 0
2289 3.375 0.916666666666667 0
2290 3.41666666666667 0.916666666666667 0
2291 3.45833333333333 0.916666666666667 0
2292 3.45833333333333 0.958333333333333 0
2293 3.41666666666667 0.958333333333333 0
2294 3.29166666666667 0.916666666666667 0
2295 3.33333333333333 0.916666666666667 0
2296 3.33333333333333 0.958333333333333 0
2297 3.29166666666667 0.958333333333333 0
2298 3.625 0.0416666666666667 0
2299 3.625 0.0833333333333333 0
2300 3.58333333333333 0.125 0
2301 3.54166666666667 0.125 0
2302 3.54166666666667 0.0416666666666667 0
2303 3.58333333333333 0.0416666666666667 0
2304 3.58333333333333 0.0833333333333333 0
2305 3.54166666666667 0.0833333333333333 0
2306 3.75 0.0416666666666667 0
2307 3.75 0.0833333333333333 0
2308 3.70833333333333 0.125 0
2309 3.66666666666667 0.125 0
2310 3.66666666666667 0.0416666666666667 0
2311 3.70833333333333 0.0416666666666667 0
2312 3.70833333333333 0.0833333333333333 0
2313 3.66666666666667 0.0833333333333333 0
2314 3.75 0.166666666666667 0
2315 3.75 0.208333333333333 0
2316 3.70833333333333 0.25 0
2317 3.66666666666667 0.25 0
2318 3.625 0.208333333333333 0
2319 3.625 0.166666666666667 0
2320 3.66666666666667 0.166666666666667 0
2321 3.70833333333333 0.166666666666667 0
2322 3.70833333333333 0.208333333333333 0
2323 3.66666666666667 0.208333333333333 0
2324 3.58333333333333 0.25 0
2325 3.54166666666667 0.25 0
2326 3.54166666666667 0.166666666666667 0
2327 3.58333333333333 0.166666666666667 0
2328 3.58333333333333 0.208333333333333 0
2329 3.54166666666667 0.208333333333333 0
2330 3.625 0.291666666666667 0
2331 3.625 0.333333333333333 0
2332 3.58333333333333 0.375 0
2333 3.54166666666667 0.375 0
2334 3.54166666666667 0.291666666666667 0
2335 3.58333333333333 0.291666666666667 0
2336 3.58333333333333 0.333333333333333 0
2337 3.54166666666667 0.333333333333333 0
2338 3.75 0.291666666666667 0
2339 3.75 0.333333333333333 0
2340 3.70833333333333 0.375 0
2341 3.66666666666667 0.375 0
2342 3.66666666666667 0.291666666666667 0
2343 3.70833333333333 0.291666666666667 0
2344 3.70833333333333 0.333333333333333 0
2345 3.66666666666667 0.333333333333333 0
2346 3.75 0.416666666666667 0
2347 3.75 0.458333333333333 0
2348 3.70833333333333 0.5 0
2349 3.66666666666667 0.5 0
2350 3.625 0.458333333333333 0
2351 3.625 0.416666666666667 0
2352 3.66666666666667 0.416666666666667 0
2353 3.70833333333333 0.416666666666667 0
2354 3.70833333333333 0.458333333333333 0
2355 3.66666666666667 0.458333333333333 0
2356 3.58333333333333 0.5 0
2357 3.54166666666667 0.5 0
2358 3.54166666666667 0.416666666666667 0
2359 3.58333333333333 0.416666666666667 0
2360 3.58333333333333 0.458333333333333 0
2361 3.54166666666667 0.458333333333333 0
2362 3.625 0.541666666666667 0
2363 3.625 0.583333333333333 0
2364 3.58333333333333 0.625 0
2365 3.54166666666667 0.625 0
2366 3.54166666666667 0.541666666666667 0
2367 3.58333333333333 0.541666666666667 0
2368 3.58333333333333 0.583333333333333 0
2369 3.54166666666667 0.583333333333333 0
2370 3.75 0.541666666666667 0
2371 3.75 0.583333333333333 0
2372 3.70833333333333 0.625 0
2373 3.66666666666667 0.625 0
2374 3.66666666666667 0.541666666666667 0
2375 3.70833333333333 0.541666666666667 0
2376 3.70833333333333 0.583333333333333 0
2377 3.66666666666667 0.583333333333333 0
2378 3.75 0.666666666666667 0
2379 3.75 0.708333333333333 0
2380 3.70833333333333 0.75 0
2381 3.66666666666667 0.75 0
2382 3.625 0.708333333333333 0
2383 3.625 0.666666666666667 0
2384 3.66666666666667 0.666666666666667 0
2385 3.70833333333333 0.666666666666667 0
2386 3.70833333333333 0.708333333333333 0
2387 3.66666666666667 0.708333333333333 0
2388 3.58333333333333 0.75 0
2389 3.54166666666667 0.75 0
2390 3.54166666666667 0.666666666666667 0
2391 3.58333333333333 0.666666666666667 0
2392 3.58333333333333 0.708333333333333 0
2393 3.54166666666667 0.708333333333333 0
2394 3.625 0.791666666666667 0
2395 3.625 0.833333333333333 0
2396 3.58333333333333 0.875 0
2397 3.54166666666667 0.875 0
2398 3.54166666666667 0.791666666666667 0
2399 3.58333333333333 0.791666666666667 0
2400 3.58333333333333 0.833333333333333 0
2401 3.54166666666667 0.833333333333333 0
2402 3.75 0.791666666666667 0
2403 3.75 0.833333333333333 0
2404 3.70833333333333 0.875 0
2405 3.66666666666667 0.875 0
2406 3.66666666666667 0.791666666666667 0
2407 3.70833333333333 0.791666666666667 0
2408 3.70833333333333 0.833333333333333 0
2409 3.66666666666667 0.833333333333333 0
2410 3.75 0.916666666666667 0
2411 3.75 0.958333333333333 0
2412 3.625 0.958333333333333 0
2413 3.625 0.916666666666667 0
2414 3.66666666666667 0.916666666666667 0
2415 3.70833333333333 0.916666666666667 0
2416 3.70833333333333 0.958333333333333 0
2417 3.66666666666667 0.958333333333333 0
2418 3.54166666666667 0.916666666666667 0
2419 3.58333333333333 0.916666666666667 0
2420 3.58333333333333 0.958333333333333 0
2421 3.54166666666667 0.958333333333333 0
2422 3.875 0.0416666666666667 0
2423 3.875 0.0833333333333333 0
2424 3.83333333333333 0.125 0
2425 3.79166666666667 0.125 0
2426 3.79166666666667 0.0416666666666667 0
2427 3.83333333333333 0.0416666666666667 0
2428 3.83333333333333 0.0833333333333333 0
2429 3.79166666666667 0.0833333333333333 0
2430 4 0.0416666666666667 0
2431 4 0.0833333333333333 0
2432 3.95833333333333 0.125 0
2433 3.91666666666667 0.125 0
2434 3.91666666666667 0.0416666666666667 0
2435 3.95833333333333 0.0416666666666667 0
2436 3.95833333333333 0.0833333333333333 0
2437 3.91666666666667 0.0833333333333333 0
2438 4 0.166666666666667 0
2439 4 0.208333333333333 0
2440 3.95833333333333 0.25 0
2441 3.91666666666667 0.25 0
2442 3.875 0.208333333333333 0
2443 3.875 0.166666666666667 0
2444 3.91666666666667 0.166666666666667 0
2445 3.95833333333333 0.166666666666667 0
2446 3.95833333333333 0.208333333333333 0
2447 3.91666666666667 0.208333333333333 0
2448 3.83333333333333 0.25 0
2449 3.79166666666667 0.25 0
2450 3.79166666666667 0.166666666666667 0
2451 3.83333333333333 0.166666666666667 0
2452 3.83333333333333 0.208333333333333 0
2453 3.79166666666667 0.208333333333333 0
2454 3.875 0.291666666666667 0
2455 3.875 0.333333333333333 0
2456 3.83333333333333 0.375 0
2457 3.79166666666667 0.375 0
2458 3.79166666666667 0.291666666666667 0
2459 3.83333333333333 0.291666666666667 0
2460 3.83333333333333 0.333333333333333 0
2461 3.79166666666667 0.333333333333333 0
2462 4 0.291666666666667 0
2463 4 0.333333333333333 0
2464 3.95833333333333 0.375 0
2465 3.91666666666667 0.375 0
2466 3.91666666666667 0.291666666666667 0
2467 3.95833333333333 0.291666666666667 0
2468 3.95833333333333 0.333333333333333 0
2469 3.91666666666667 0.333333333333333 0
2470 4 0.416666666666667 0
2471 4 0.458333333333333 0
2472 3.95833333333333 0.5 0
2473 3.91666666666667 0.5 0
2474 3.875 0.458333333333333 0
2475 3.875 0.416666666666667 0
2476 3.91666666666667 0.416666666666667 0
2477 3.95833333333333 0.416666666666667 0
2478 3.95833333333333 0.458333333333333 0
2479 3.91666666666667 0.458333333333333 0
2480 3.83333333333333 0.5 0
2481 3.79166666666667 0.5 0
2482 3.79166666666667 0.416666666666667 0
2483 3.83333333333333 0.416666666666667 0
2484 3.83333333333333 0.458333333333333 0
2485 3.79166666666667 0.458333333333333 0
2486 3.875 0.541666666666667 0
2487 3.875 0.583333333333333 0
2488 3.83333333333333 0.625 0
2489 3.79166666666667 0.625 0
2490 3.79166666666667 0.541666666666667 0
2491 3.83333333333333 0.541666666666667 0
2492 3.83333333333333 0.583333333333333 0
2493 3.79166666666667 0.583333333333333 0
2494 4 0.541666666666667 0
2495 4 0.583333333333333 0
2496 3.95833333333333 0.625 0
2497 3.91666666666667 0.625 0
2498 3.91666666666667 0.541666666666667 0
2499 3.95833333333333 0.541666666666667 0
2500 3.95833333333333 0.583333333333333 0
2501 3.91666666666667 0.583333333333333 0
2502 4 0.666666666666667 0
2503 4 0.708333333333333 0
2504 3.95833333333333 0.75 0
2505 3.91666666666667 0.75 0
2506 3.875 0.708333333333333 0
2507 3.875 0.666666666666667 0
2508 3.91666666666667 0.666666666666667 0
2509 3.95833333333333 0.666666666666667 0
2510 3.95833333333333 0.708333333333333 0
2511 3.91666666666667 0.708333333333333 0
2512 3.83333333333333 0.75 0
2513 3.79166666666667 0.75 0
2514 3.79166666666667 0.666666666666667 0
2515 3.83333333333333 0.666666666666667 0
2516 3.83333333333333 0.708333333333333 0
2517 3.79166666666667 0.708333333333333 0
2518 3.875 0.791666666666667 0
2519 3.875 0.833333333333333 0
2520 3.83333333333333 0.875 0
2521 3.79166666666667 0.875 0
2522 3.79166666666667 0.791666666666667 0
2523 3.83333333333333 0.791666666666667 0
2524 3.83333333333333 0.833333333333333 0
2525 3.79166666666667 0.833333333333333 0
2526 4 0.791666666666667 0
2527 4 0.833333333333333 0
2528 3.95833333333333 0.875 0
2529 3.91666666666667 0.875 0
2530 3.91666666666667 0.791666666666667 0
2531 3.95833333333333 0.791666666666667 0
2532 3.95833333333333 0.833333333333333 0
2533 3.91666666666667 0.833333333333333 0
2534 4 0.916666666666667 0
2535 4 0.958333333333333 0
2536 3.875 0.958333333333333 0
2537 3.875 0.916666666666667 0
2538 3.91666666666667 0.916666666666667 0
2539 3.95833333333333 0.916666666666667 0
2540 3.95833333333333 0.958333333333333 0
2541 3.91666666666667 0.958333333333333 0
2542 3.79166666666667 0.916666666666667 0
2543 3.83333333333333 0.916666666666667 0
2544 3.83333333333333 0.958333333333333 0
2545 3.79166666666667 0.958333333333333 0
2546 4.125 0.0416666666666667 0
2547 4.125 0.0833333333333333 0
2548 4.08333333333333 0.125 0
2549 4.04166666666667 0.125 0
2550 4.04166666666667 0.0416666666666667 0
2551 4.08333333333333 0.0416666666666667 0
2552 4.08333333333333 0.0833333333333333 0
2553 4.04166666666667 0.0833333333333333 0
2554 4.25 0.0416666666666667 0
2555 4.25 0.0833333333333333 0
2556 4.20833333333333 0.125 0
2557 4.16666666666667 0.125 0
2558 4.16666666666667 0.0416666666666667 0
2559 4.20833333333333 0.0416666666666667 0
2560 4.20833333333333 0.0833333333333333 0
2561 4.16666666666667 0.0833333333333333 0
2562 4.25 0.166666666666667 0
2563 4.25 0.208333333333333 0
2564 4.20833333333333 0.25 0
2565 4.16666666666667 0.25 0
2566 4.125 0.208333333333333 0
2567 4.125 0.166666666666667 0
2568 4.16666666666667 0.166666666666667 0
2569 4.20833333333333 0.166666666666667 0
2570 4.20833333333333 0.208333333333333 0
2571 4.16666666666667 0.208333333333333 0
2572 4.08333333333333 0.25 0
2573 4.04166666666667 0.25 0
2574 4.04166666666667 0.166666666666667 0
2575 4.08333333333333 0.166666666666667 0
2576 4.08333333333333 0.208333333333333 0
2577 4.04166666666667 0.208333333333333 0
2578 4.125 0.291666666666667 0
2579 4.125 0.333333333333333 0
2580 4.08333333333333 0.375 0
2581 4.04166666666667 0.375 0
2582 4.04166666666667 0.291666666666667 0
2583 4.08333333333333 0.291666666666667 0
2584 4.08333333333333 0.333333333333333 0
2585 4.04166666666667 0.333333333333333 0
2586 4.25 0.291666666666667 0
2587 4.25 0.333333333333333 0
2588 4.20833333333333 0.375 0
2589 4.16666666666667 0.375 0
2590 4.16666666666667 0.291666666666667 0
2591 4.20833333333333 0.291666666666667 0
2592 4.20833333333333 0.333333333333333 0
2593 4.16666666666667 0.333333333333333 0
2594 4.25 0.416666666666667 0
2595 4.25 0.458333333333333 0
2596 4.20833333333333 0.5 0
2597 4.16666666666667 0.5 0
2598 4.125 0.458333333333333 0
2599 4.125 0.416666666666667 0
2600 4.16666666666667 0.416666666666667 0
2601 4.20833333333333 0.416666666666667 0
2602 4.20833333333333 0.458333333333333 0
2603 4.16666666666667 0.458333333333333 0
2604 4.08333333333333 0.5 0
2605 4.04166666666667 0.5 0
2606 4.04166666666667 0.416666666666667 0
2607 4.08333333333333 0.416666666666667 0
2608 4.08333333333333 0.458333333333333 0
2609 4.04166666666667 0.458333333333333 0
2610 4.125 0.541666666666667 0
2611 4.125 0.583333333333333 0
2612 4.08333333333333 0.625 0
2613 4.04166666666667 0.625 0
2614 4.04166666666667 0.541666666666667 0
2615 4.08333333333333 0.541666666666667 0
2616 4.08333333333333 0.583333333333333 0
2617 4.04166666666667 0.583333333333333 0
2618 4.25 0.541666666666667 0
2619 4.25 0.583333333333333 0
2620 4.20833333333333 0.625 0
2621 4.16666666666667 0.625 0
2622 4.16666666666667 0.541666666666667 0
2623 4.20833333333333 0.541666666666667 0
2624 4.20833333333333 0.583333333333333 0
2625 4.16666666666667 0.583333333333333 0
2626 4.25 0.666666666666667 0
2627 4.25 0.708333333333333 0
2628 4.20833333333333 0.75 0
2629 4.16666666666667 0.75 0
2630 4.125 0.708333333333333 0
2631 4.125 0.666666666666667 0
2632 4.16666666666667 0.666666666666667 0
2633 4.20833333333333 0.666666666666667 0
2634 4.20833333333333 0.708333333333333 0
2635 4.16666666666667 0.708333333333333 0
2636 4.08333333333333 0.75 0
2637 4.04166666666667 0.75 0
2638 4.04166666666667 0.666666666666667 0
2639 4.08333333333333 0.666666666666667 0
2640 4.08333333333333 0.708333333333333 0
2641 4.04166666666667 0.708333333333333 0
2642 4.125 0.791666666666667 0
2643 4.125 0.833333333333333 0
2644 4.08333333333333 0.875 0
2645 4.04166666666667 0.875 0
2646 4.04166666666667 0.791666666666667 0
2647 4.08333333333333 0.791666666666667 0
2648 4.08333333333333 0.833333333333333 0
2649 4.04166666666667 0.833333333333333 0
2650 4.25 0.791666666666667 0
2651 4.25 0.833333333333333 0
2652 4.20833333333333 0.875 0
2653 4.16666666666667 0.875 0
2654 4.16666666666667 0.791666666666667 0
2655 4.20833333333333 0.791666666666667 0
2656 4.20833333333333 0.833333333333333 0
2657 4.16666666666667 0.833333333333333 0
2658 4.25 0.916666666666667 0
2659 4.25 0.958333333333333 0
2660 4.125 0.958333333333333 0
2661 4.125 0.916666666666667 0
2662 4.16666666666667 0.916666666666667 0
2663 4.20833333333333 0.916666666666667 0
2664 4.20833333333333 0.958333333333333 0
2665 4.16666666666667 0.958333333333333 0
2666 4.04166666666667 0.916666666666667 0
2667 4.08333333333333 0.916666666666667 0
2668 4.08333333333333 0.958333333333333 0
2669 4.04166666666667 0.958333333333333 0
2670 4.375 0.0416666666666667 0
2671 4.375 0.0833333333333333 0
2672 4.33333333333333 0.125 0
2673 4.29166666666667 0.125 0
2674 4.29166666666667 0.0416666666666667 0
2675 4.33333333333333 0.0416666666666667 0
2676 4.33333333333333 0.0833333333333333 0
2677 4.29166666666667 0.0833333333333333 0
2678 4.5 0.0416666666666667 0
2679 4.5 0.0833333333333333 0
2680 4.45833333333333 0.125 0
2681 4.41666666666667 0.125 0
2682 4.41666666666667 0.0416666666666667 0
2683 4.45833333333333 0.0416666666666667 0
2684 4.45833333333333 0.0833333333333333 0
2685 4.41666666666667 0.0833333333333333 0
2686 4.5 0.166666666666667 0
2687 4.5 0.208333333333333 0
2688 4.45833333333333 0.25 0
2689 4.41666666666667 0.25 0
2690 4.375 0.208333333333333 0
2691 4.375 0.166666666666667 0
2692 4.41666666666667 0.166666666666667 0
2693 4.45833333333333 0.166666666666667 0
2694 4.45833333333333 0.208333333333333 0
2695 4.41666666666667 0.208333333333333 0
2696 4.33333333333333 0.25 0
2697 4.29166666666667 0.25 0
2698 4.29166666666667 0.166666666666667 0
2699 4.33333333333333 0.166666666666667 0
2700 4.33333333333333 0.208333333333333 0
2701 4.29166666666667 0.208333333333333 0
2702 4.375 0.291666666666667 0
2703 4.375 0.333333333333333 0
2704 4.33333333333333 0.375 0
2705 4.29166666666667 0.375 0
2706 4.29166666666667 0.291666666666667 0
2707 4.33333333333333 0.291666666666667 0
2708 4.33333333333333 0.333333333333333 0
2709 4.29166666666667 0.333333333333333 0
2710 4.5 0.291666666666667 0
2711 4.5 0.333333333333333 0
2712 4.45833333333333 0.375 0
2713 4.41666666666667 0.375 0
2714 4.41666666666667 0.291666666666667 0
2715 4.45833333333333 0.291666666666667 0
2716 4.45833333333333 0.333333333333333 0
2717 4.41666666666667 0.333333333333333 0
2718 4.5 0.416666666666667 0
2719 4.5 0.458333333333333 0
2720 4.45833333333333 0.5 0
2721 4.41666666666667 0.5 0
2722 4.375 0.458333333333333 0
2723 4.375 0.416666666666667 0
2724 4.41666666666667 0.416666666666667 0
2725 4.45833333333333 0.416666666666667 0
2726 4.45833333333333 0.458333333333333 0
2727 4.41666666666667 0.458333333333333 0
2728 4.33333333333333 0.5 0
2729 4.29166666666667 0.5 0
2730 4.29166666666667 0.416666666666667 0
2731 4.33333333333333 0.416666666666667 0
2732 4.33333333333333 0.458333333333333 0
2733 4.29166666666667 0.458333333333333 0
2734 4.375 0.541666666666667 0
2735 4.375 0.583333333333333 0
2736 4.33333333333333 0.625 0
2737 4.29166666666667 0.625 0
2738 4.29166666666667 0.541666666666667 0
2739 4.33333333333333 0.541666666666667 0
2740 4.33333333333333 0.583333333333333 0
2741 4.29166666666667 0.583333333333333 0
2742 4.5 0.541666666666667 0
2743 4.5 0.583333333333333 0
2744 4.45833333333333 0.625 0
2745 4.41666666666667 0.625 0
2746 4.41666666666667 0.541666666666667 0
2747 4.45833333333333 0.541666666666667 0
2748 4.45833333333333 0.583333333333333 0
2749 4.41666666666667 0.583333333333333 0
2750 4.5 0.666666666666667 0
2751 4.5 0.708333333333333 0
2752 4.45833333333333 0.75 0
2753 4.41666666666667 0.75 0
2754 4.375 0.708333333333333 0
2755 4.375 0.666666666666667 0
2756 4.41666666666667 0.666666666666667 0
2757 4.45833333333333 0.666666666666667 0
2758 4.45833333333333 0.708333333333333 0
2759 4.41666666666667 0.708333333333333 0
2760 4.33333333333333 0.75 0
2761 4.29166666666667 0.75 0
2762 4.29166666666667 0.666666666666667 0
2763 4.33333333333333 0.666666666666667 0
2764 4.33333333333333 0.708333333333333 0
2765 4.29166666666667 0.708333333333333 0
2766 4.375 0.791666666666667 0
2767 4.375 0.833333333333333 0
2768 4.33333333333333 0.875 0
2769 4.29166666666667 0.875 0
2770 4.29166666666667 0.791666666666667 0
2771 4.33333333333333 0.791666666666667 0
2772 4.33333333333333 0.833333333333333 0
2773 4.29166666666667 0.833333333333333 0
2774 4.5 0.791666666666667 0
2775 4.5 0.833333333333333 0
2776 4.45833333333333 0.875 0
2777 4.41666666666667 0.875 0
2778 4.41666666666667 0.791666666666667 0
2779 4.45833333333333 0.791666666666667 0
2780 4.45833333333333 0.833333333333333 0
2781 4.41666666666667 0.833333333333333 0
2782 4.5 0.916666666666667 0
2783 4.5 0.958333333333333 0
2784 4.375 0.958333333333333 0
2785 4.375 0.916666666666667 0
2786 4.41666666666667 0.916666666666667 0
2787 4.45833333333333 0.916666666666667 0
2788 4.45833333333333 0.958333333333333 0
2789 4.41666666666667 0.958333333333333 0
2790 4.29166666666667 0.916666666666667 0
2791 4.33333333333333 0.916666666666667 0
2792 4.33333333333333 0.958333333333333 0
2793 4.29166666666667 0.958333333333333 0
2794 4.625 0.0416666666666667 0
2795 4.625 0.0833333333333333 0
2796 4.58333333333333 0.125 0
2797 4.54166666666667 0.125 0
2798 4.54166666666667 0.0416666666666667 0
2799 4.58333333333333 0.0416666666666667 0
2800 4.58333333333333 0.0833333333333333 0
2801 4.54166666666667 0.0833333333333333 0
2802 4.75 0.0416666666666667 0
2803 4.75 0.0833333333333333 0
2804 4.70833333333333 0.125 0
2805 4.66666666666667 0.125 0
2806 4.66666666666667 0.0416666666666667 0
2807 4.70833333333333 0.0416666666666667 0
2808 4.70833333333333 0.0833333333333333 0
2809 4.66666666666667 0.0833333333333333 0
2810 4.75 0.166666666666667 0
2811 4.75 0.208333333333333 0
2812 4.70833333333333 0.25 0
2813 4.66666666666667 0.25 0
2814 4.625 0.208333333333333 0
2815 4.625 0.166666666666667 0
2816 4.66666666666667 0.166666666666667 0
2817 4.70833333333333 0.166666666666667 0
2818 4.70833333333333 0.208333333333333 0
2819 4.66666666666667 0.208333333333333 0
2820 4.58333333333333 0.25 0
2821 4.54166666666667 0.25 0
2822 4.54166666666667 0.166666666666667 0
2823 4.58333333333333 0.166666666666667 0
2824 4.58333333333333 0.208333333333333 0
2825 4.54166666666667 0.208333333333333 0
2826 4.625 0.291666666666667 0
2827 4.625 0.333333333333333 0
2828 4.58333333333333 0.375 0
2829 4.54166666666667 0.375 0
2830 4.54166666666667 0.291666666666667 0
2831 4.58333333333333 0.291666666666667 0
2832 4.58333333333333 0.333333333333333 0
2833 4.54166666666667 0.333333333333333 0
2834 4.75 0.291666666666667 0
2835 4.75 0.333333333333333 0
2836 4.70833333333333 0.375 0
2837 4.66666666666667 0.375 0
2838 4.66666666666667 0.291666666666667 0
2839 4.70833333333333 0.291666666666667 0
2840 4.70833333333333 0.333333333333333 0
2841 4.66666666666667 0.333333333333333 0
2842 4.75 0.416666666666667 0
2843 4.75 0.458333333333333 0
2844 4.70833333333333 0.5 0
2845 4.66666666666667 0.5 0
2846 4.625 0.458333333333333 0
2847 4.625 0.416666666666667 0
2848 4.66666666666667 0.416666666666667 0
2849 4.70833333333333 0.416666666666667 0
2850 4.70833333333333 0.458333333333333 0
2851 4.66666666666667 0.458333333333333 0
2852 4.58333333333333 0.5 0
2853 4.54166666666667 0.5 0
2854 4.54166666666667 0.416666666666667 0
2855 4.58333333333333 0.416666666666667 0
2856 4.58333333333333 0.458333333333333 0
2857 4.54166666666667 0.458333333333333 0
2858 4.625 0.541666666666667 0
2859 4.625 0.583333333333333 0
2860 4.58333333333333 0.625 0
2861 4.54166666666667 0.625 0
2862 4.54166666666667 0.541666666666667 0
2863 4.58333333333333 0.541666666666667 0
2864 4.58333333333333 0.583333333333333 0
2865 4.54166666666667 0.583333333333333 0
2866 4.75 0.541666666666667 0
2867 4.75 0.583333333333333 0
2868 4.70833333333333 0.625 0
2869 4.66666666666667 0.625 0
2870 4.66666666666667 0.541666666666667 0
2871 4.70833333333333 0.541666666666667 0
2872 4.70833333333333 0.583333333333333 0
2873 4.66666666666667 0.583333333333333 0
2874 4.75 0.666666666666667 0
2875 4.75 0.708333333333333 0
2876 4.70833333333333 0.75 0
2877 4.66666666666667 0.75 0
2878 4.625 0.708333333333333 0
2879 4.625 0.666666666666667 0
2880 4.66666666666667 0.666666666666667 0
2881 4.70833333333333 0.666666666666667 0
2882 4.70833333333333 0.708333333333333 0
2883 4.66666666666667 0.708333333333333 0
2884 4.58333333333333 0.75 0
2885 4.54166666666667 0.75 0
2886 4.54166666666667 0.666666666666667 0
2887 4.58333333333333 0.666666666666667 0
2888 4.58333333333333 0.708333333333333 0
2889 4.54166666666667 0.708333333333333 0
2890 4.625 0.791666666666667 0
2891 4.625 0.833333333333333 0
2892 4.58333333333333 0.875 0
2893 4.54166666666667 0.875 0
2894 4.54166666666667 0.791666666666667 0
2895 4.58333333333333 0.791666666666667 0
2896 4.58333333333333 0.833333333333333 0
2897 4.54166666666667 0.833333333333333 0
2898 4.75 0.791666666666667 0
2899 4.75 0.833333333333333 0
2900 4.70833333333333 0.875 0
2901 4.66666666666667 0.875 0
2902 4.66666666666667 0.791666666666667 0
2903 4.70833333333333 0.791666666666667 0
2904 4.70833333333333 0.833333333333333 0
2905 4.66666666666667 0.833333333333333 0
2906 4.75 0.916666666666667 0
2907 4.75 0.958333333333333 0
2908 4.625 0.958333333333333 0
2909 4.625 0.916666666666667 0
2910 4.66666666666667 0.916666666666667 0
2911 4.70833333333333 0.916666666666667 0
2912 4.70833333333333 0.958333333333333 0
2913 4.66666666666667 0.958333333333333 0
2914 4.54166666666667 0.916666666666667 0
2915 4.58333333333333 0.916666666666667 0
2916 4.58333333333333 0.958333333333333 0
2917 4.54166666666667 0.958333333333333 0
2918 4.875 0.0416666666666667 0
2919 4.875 0.0833333333333333 0
2920 4.83333333333333 0.125 0
2921 4.79166666666667 0.125 0
2922 4.79166666666667 0.0416666666666667 0
2923 4.83333333333333 0.0416666666666667 0
2924 4.83333333333333 0.0833333333333333 0
2925 4.79166666666667 0.0833333333333333 0
2926 4.95833333333333 0.125 0
2927 4.91666666666667 0.125 0
2928 4.91666666666667 0.0416666666666667 0
2929 4.95833333333333 0.0416666666666667 0
2930 4.95833333333333 0.0833333333333333 0
2931 4.91666666666667 0.0833333333333333 0
2932 4.95833333333333 0.25 0
2933 4.91666666666667 0.25 0
2934 4.875 0.208333333333333 0
2935 4.875 0.166666666666667 0
2936 4.91666666666667 0.166666666666667 0
2937 4.95833333333333 0.166666666666667 0
2938 4.95833333333333 0.208333333333333 0
2939 4.91666666666667 0.208333333333333 0
2940 4.83333333333333 0.25 0
2941 4.79166666666667 0.25 0
2942 4.79166666666667 0.166666666666667 0
2943 4.83333333333333 0.166666666666667 0
2944 4.83333333333333 0.208333333333333 0
2945 4.79166666666667 0.208333333333333 0
2946 4.875 0.291666666666667 0
2947 4.875 0.333333333333333 0
2948 4.83333333333333 0.375 0
2949 4.79166666666667 0.375 0
2950 4.79166666666667 0.291666666666667 0
2951 4.83333333333333 0.291666666666667 0
2952 4.83333333333333 0.333333333333333 0
2953 4.79166666666667 0.333333333333333 0
2954 4.95833333333333 0.375 0
2955 4.91666666666667 0.375 0
2956 4.91666666666667 0.291666666666667 0
2957 4.95833333333333 0.291666666666667 0
2958 4.95833333333333 0.333333333333333 0
2959 4.91666666666667 0.333333333333333 0
2960 4.95833333333333 0.5 0
2961 4.91666666666667 0.5 0
2962 4.875 0.458333333333333 0
2963 4.875 0.416666666666667 0
2964 4.91666666666667 0.416666666666667 0
2965 4.95833333333333 0.416666666666667 0
2966 4.95833333333333 0.458333333333333 0
2967 4.91666666666667 0.458333333333333 0
2968 4.83333333333333 0.5 0
2969 4.79166666666667 0.5 0
2970 4.79166666666667 0.416666666666667 0
2971 4.83333333333333 0.416666666666667 0
2972 4.83333333333333 0.458333333333333 0
2973 4.79166666666667 0.458333333333333 0
2974 4.875 0.541666666666667 0
2975 4.875 0.583333333333333 0
2976 4.83333333333333 0.625 0
2977 4.79166666666667 0.625 0
2978 4.79166666666667 0.541666666666667 0
2979 4.83333333333333 0.541666666666667 0
2980 4.83333333333333 0.583333333333333 0
2981 4.79166666666667 0.583333333333333 0
2982 4.95833333333333 0.625 0
2983 4.91666666666667 0.625 0
2984 4.91666666666667 0.541666666666667 0
2985 4.95833333333333 0.541666666666667 0
2986 4.95833333333333 0.583333333333333 0
2987 4.91666666666667 0.583333333333333 0
2988 4.95833333333333 0.75 0
2989 4.91666666666667 0.75 0
2990 4.875 0.708333333333333 0
2991 4.875 0.666666666666667 0
2992 4.91666666666667 0.666666666666667 0
2993 4.95833333333333 0.666666666666667 0
2994 4.95833333333333 0.708333333333333 0
2995 4.91666666666667 0.708333333333333 0
2996 4.83333333333333 0.75 0
2997 4.79166666666667 0.75 0
2998 4.79166666666667 0.666666666666667 0
2999 4.83333333333333 0.666666666666667 0
3000 4.83333333333333 0.708333333333333 0
3001 4.79166666666667 0.708333333333333 0
3002 4.875 0.791666666666667 0
3003 4.875 0.833333333333333 0
3004 4.83333333333333 0.875 0
3005 4.79166666666667 0.875 0
3006 4.79166666666667 0.791666666666667 0
3007 4.83333333333333 0.791666666666667 0
3008 4.83333333333333 0.833333333333333 0
3009 4.79166666666667 0.833333333333333 0
3010 4.95833333333333 0.875 0
3011 4.91666666666667 0.875 0
3012 4.91666666666667 0.791666666666667 0
3013 4.95833333333333 0.791666666666667 0
3014 4.95833333333333 0.833333333333333 0
3015 4.91666666666667 0.833333333333333 0
3016 4.875 0.958333333333333 0
3017 4.875 0.916666666666667 0
3018 4.91666666666667 0.916666666666667 0
3019 4.95833333333333 0.916666666666667 0
3020 4.95833333333333 0.958333333333333 0
3021 4.91666666666667 0.958333333333333 0
3022 4.79166666666667 0.916666666666667 0
3023 4.83333333333333 0.916666666666667 0
3024 4.83333333333333 0.958333333333333 0
3025 4.79166666666667 0.958333333333333 0
