1 1 1 1 1 5 97 92 24 154 155 96 156
2 1 1 1 92 97 98 91 155 157 158 95 159
3 1 1 1 91 98 99 90 158 160 161 94 162
4 1 1 1 90 99 69 4 161 163 89 93 164
5 1 1 1 5 6 100 97 25 165 166 154 167
6 1 1 1 97 100 101 98 166 168 169 157 170
7 1 1 1 98 101 102 99 169 171 172 160 173
8 1 1 1 99 102 68 69 172 174 88 163 175
9 1 1 1 6 7 103 100 26 176 177 165 178
10 1 1 1 100 103 104 101 177 179 180 168 181
11 1 1 1 101 104 105 102 180 182 183 171 184
12 1 1 1 102 105 67 68 183 185 87 174 186
13 1 1 1 7 8 106 103 27 187 188 176 189
14 1 1 1 103 106 107 104 188 190 191 179 192
15 1 1 1 104 107 108 105 191 193 194 182 195
16 1 1 1 105 108 66 67 194 196 86 185 197
17 1 1 1 8 9 109 106 28 198 199 187 200
18 1 1 1 106 109 110 107 199 201 202 190 203
19 1 1 1 107 110 111 108 202 204 205 193 206
20 1 1 1 108 111 65 66 205 207 85 196 208
21 1 1 1 9 10 112 109 29 209 210 198 211
22 1 1 1 109 112 113 110 210 212 213 201 214
23 1 1 1 110 113 114 111 213 215 216 204 217
24 1 1 1 111 114 64 65 216 218 84 207 219
25 1 1 1 10 11 115 112 30 220 221 209 222
26 1 1 1 112 115 116 113 221 223 224 212 225
27 1 1 1 113 116 117 114 224 226 227 215 228
28 1 1 1 114 117 63 64 227 229 83 218 230
29 1 1 1 11 12 118 115 31 231 232 220 233
30 1 1 1 115 118 119 116 232 234 235 223 236
31 1 1 1 116 119 120 117 235 237 238 226 239
32 1 1 1 117 120 62 63 238 240 82 229 241
33 1 1 1 12 13 121 118 32 242 243 231 244
34 1 1 1 118 121 122 119 243 245 246 234 247
35 1 1 1 119 122 123 120 246 248 249 237 250
36 1 1 1 120 123 61 62 249 251 81 240 252
37 1 1 1 13 14 124 121 33 253 254 242 255
38 1 1 1 121 124 125 122 254 256 257 245 258
39 1 1 1 122 125 126 123 257 259 260 248 261
40 1 1 1 123 126 60 61 260 262 80 251 263
41 1 1 1 14 15 127 124 34 264 265 253 266
42 1 1 1 124 127 128 125 265 267 268 256 269
43 1 1 1 125 128 129 126 268 270 271 259 272
44 1 1 1 126 129 59 60 271 273 79 262 274
45 1 1 1 15 16 130 127 35 275 276 264 277
46 1 1 1 127 130 131 128 276 278 279 267 280
47 1 1 1 128 131 132 129 279 281 282 270 283
48 1 1 1 129 132 58 59 282 284 78 273 285
49 1 1 1 16 17 133 130 36 286 287 275 288
50 1 1 1 130 133 134 131 287 289 290 278 291
51 1 1 1 131 134 135 132 290 292 293 281 294
52 1 1 1 132 135 57 58 293 295 77 284 296
53 1 1 1 17 18 136 133 37 297 298 286 299
54 1 1 1 133 136 137 134 298 300 301 289 302
55 1 1 1 134 137 138 135 301 303 304 292 305
56 1 1 1 135 138 56 57 304 306 76 295 307
57 1 1 1 18 19 139 136 38 308 309 297 310
58 1 1 1 136 139 140 137 309 311 312 300 313
59 1 1 1 137 140 141 138 312 314 315 303 316
60 1 1 1 138 141 55 56 315 317 75 306 318
61 1 1 1 19 20 142 139 39 319 320 308 321
62 1 1 1 139 142 143 140 320 322 323 311 324
63 1 1 1 140 143 144 141 323 325 326 314 327
64 1 1 1 141 144 54 55 326 328 74 317 329
65 1 1 1 20 21 145 142 40 330 331 319 332
66 1 1 1 142 145 146 143 331 333 334 322 335
67 1 1 1 143 146 147 144 334 336 337 325 338
68 1 1 1 144 147 53 54 337 339 73 328 340
69 1 1 1 21 22 148 145 41 341 342 330 343
70 1 1 1 145 148 149 146 342 344 345 333 346
71 1 1 1 146 149 150 147 345 347 348 336 349
72 1 1 1 147 150 52 53 348 350 72 339 351
73 1 1 1 22 23 151 148 42 352 353 341 354
74 1 1 1 148 151 152 149 353 355 356 344 357
75 1 1 1 149 152 153 150 356 358 359 347 360
76 1 1 1 150 153 51 52 359 361 71 350 362
77 1 1 1 23 2 44 151 43 47 363 352 364
78 1 1 1 151 44 45 152 363 48 365 355 366
79 1 1 1 152 45 46 153 365 49 367 358 368
80 1 1 1 153 46 3 51 367 50 70 361 369
