1 0 0 0
2 0 1 0
3 0 0.875 0
4 0 0.75 0
5 0 0.625 0
6 0 0.5 0
7 0 0.375 0
8 0 0.25 0
9 0 0.125 0
10 0.125 0 0
11 0.125 1 0
12 0.125 0.25 0
13 0.125 0.125 0
14 0.125 0.5 0
15 0.125 0.375 0
16 0.125 0.75 0
17 0.125 0.625 0
18 0.125 0.875 0
19 0.25 0 0
20 0.25 1 0
21 0.25 0.25 0
22 0.25 0.5 0
23 0.25 0.75 0
24 0.25 0.125 0
25 0.25 0.375 0
26 0.25 0.625 0
27 0.25 0.875 0
28 0.375 0 0
29 0.375 1 0
30 0.375 0.25 0
31 0.375 0.125 0
32 0.375 0.5 0
33 0.375 0.375 0
34 0.375 0.75 0
35 0.375 0.625 0
36 0.375 0.875 0
37 0.5 0 0
38 0.5 1 0
39 0.5 0.25 0
40 0.5 0.5 0
41 0.5 0.75 0
42 0.5 0.125 0
43 0.5 0.375 0
44 0.5 0.625 0
45 0.5 0.875 0
46 0.625 0 0
47 0.625 1 0
48 0.625 0.25 0
49 0.625 0.125 0
50 0.625 0.5 0
51 0.625 0.375 0
52 0.625 0.75 0
53 0.625 0.625 0
54 0.625 0.875 0
55 0.75 1 0
56 0.75 0.25 0
57 0.75 0.5 0
58 0.75 0.75 0
59 0.75 0.125 0
60 0.75 0.375 0
61 0.75 0.625 0
62 0.75 0.875 0
63 0.75 0 0
64 0.875 0 0
65 0.875 1 0
66 0.875 0.25 0
67 0.875 0.125 0
68 0.875 0.5 0
69 0.875 0.375 0
70 0.875 0.75 0
71 0.875 0.625 0
72 0.875 0.875 0
73 1 0 0
74 1 1 0
75 1 0.25 0
76 1 0.5 0
77 1 0.75 0
78 1 0.125 0
79 1 0.375 0
80 1 0.625 0
81 1 0.875 0
82 1.125 0 0
83 1.125 1 0
84 1.125 0.25 0
85 1.125 0.125 0
86 1.125 0.5 0
87 1.125 0.375 0
88 1.125 0.75 0
89 1.125 0.625 0
90 1.125 0.875 0
91 1.25 0 0
92 1.25 1 0
93 1.25 0.25 0
94 1.25 0.5 0
95 1.25 0.75 0
96 1.25 0.125 0
97 1.25 0.375 0
98 1.25 0.625 0
99 1.25 0.875 0
100 1.375 0 0
101 1.375 1 0
102 1.375 0.25 0
103 1.375 0.125 0
104 1.375 0.5 0
105 1.375 0.375 0
106 1.375 0.75 0
107 1.375 0.625 0
108 1.375 0.875 0
109 1.5 0 0
110 1.5 1 0
111 1.5 0.25 0
112 1.5 0.5 0
113 1.5 0.75 0
114 1.5 0.125 0
115 1.5 0.375 0
116 1.5 0.625 0
117 1.5 0.875 0
118 1.625 0 0
119 1.625 1 0
120 1.625 0.25 0
121 1.625 0.125 0
122 1.625 0.5 0
123 1.625 0.375 0
124 1.625 0.75 0
125 1.625 0.625 0
126 1.625 0.875 0
127 1.75 0 0
128 1.75 1 0
129 1.75 0.25 0
130 1.75 0.5 0
131 1.75 0.75 0
132 1.75 0.125 0
133 1.75 0.375 0
134 1.75 0.625 0
135 1.75 0.875 0
136 1.875 0 0
137 1.875 1 0
138 1.875 0.25 0
139 1.875 0.125 0
140 1.875 0.5 0
141 1.875 0.375 0
142 1.875 0.75 0
143 1.875 0.625 0
144 1.875 0.875 0
145 2 0 0
146 2 1 0
147 2 0.25 0
148 2 0.5 0
149 2 0.75 0
150 2 0.125 0
151 2 0.375 0
152 2 0.625 0
153 2 0.875 0
154 2.125 0 0
155 2.125 1 0
156 2.125 0.25 0
157 2.125 0.125 0
158 2.125 0.5 0
159 2.125 0.375 0
160 2.125 0.75 0
161 2.125 0.625 0
162 2.125 0.875 0
163 2.25 0 0
164 2.25 1 0
165 2.25 0.25 0
166 2.25 0.5 0
167 2.25 0.75 0
168 2.25 0.125 0
169 2.25 0.375 0
170 2.25 0.625 0
171 2.25 0.875 0
172 2.375 0 0
173 2.375 1 0
174 2.375 0.25 0
175 2.375 0.125 0
176 2.375 0.5 0
177 2.375 0.375 0
178 2.375 0.75 0
179 2.375 0.625 0
180 2.375 0.875 0
181 2.5 0 0
182 2.5 1 0
183 2.5 0.25 0
184 2.5 0.5 0
185 2.5 0.75 0
186 2.5 0.125 0
187 2.5 0.375 0
188 2.5 0.625 0
189 2.5 0.875 0
190 2.625 0 0
191 2.625 1 0
192 2.625 0.25 0
193 2.625 0.125 0
194 2.625 0.5 0
195 2.625 0.375 0
196 2.625 0.75 0
197 2.625 0.625 0
198 2.625 0.875 0
199 2.75 0 0
200 2.75 1 0
201 2.75 0.25 0
202 2.75 0.5 0
203 2.75 0.75 0
204 2.75 0.125 0
205 2.75 0.375 0
206 2.75 0.625 0
207 2.75 0.875 0
208 2.875 0 0
209 2.875 1 0
210 2.875 0.25 0
211 2.875 0.125 0
212 2.875 0.5 0
213 2.875 0.375 0
214 2.875 0.75 0
215 2.875 0.625 0
216 2.875 0.875 0
217 3 0 0
218 3 1 0
219 3 0.25 0
220 3 0.5 0
221 3 0.75 0
222 3 0.125 0
223 3 0.375 0
224 3 0.625 0
225 3 0.875 0
226 3.125 0 0
227 3.125 1 0
228 3.125 0.25 0
229 3.125 0.125 0
230 3.125 0.5 0
231 3.125 0.375 0
232 3.125 0.75 0
233 3.125 0.625 0
234 3.125 0.875 0
235 3.25 0 0
236 3.25 1 0
237 3.25 0.25 0
238 3.25 0.5 0
239 3.25 0.75 0
240 3.25 0.125 0
241 3.25 0.375 0
242 3.25 0.625 0
243 3.25 0.875 0
244 3.375 0 0
245 3.375 1 0
246 3.375 0.25 0
247 3.375 0.5 0
248 3.375 0.375 0
249 3.375 0.75 0
250 3.375 0.625 0
251 3.375 0.875 0
252 3.375 0.125 0
253 3.5 0 0
254 3.5 1 0
255 3.5 0.5 0
256 3.5 0.75 0
257 3.5 0.375 0
258 3.5 0.625 0
259 3.5 0.875 0
260 3.5 0.25 0
261 3.5 0.125 0
262 3.625 0 0
263 3.625 1 0
264 3.625 0.25 0
265 3.625 0.5 0
266 3.625 0.375 0
267 3.625 0.75 0
268 3.625 0.625 0
269 3.625 0.875 0
270 3.625 0.125 0
271 3.75 0 0
272 3.75 1 0
273 3.75 0.25 0
274 3.75 0.5 0
275 3.75 0.75 0
276 3.75 0.125 0
277 3.75 0.375 0
278 3.75 0.625 0
279 3.75 0.875 0
280 3.875 0 0
281 3.875 1 0
282 3.875 0.25 0
283 3.875 0.125 0
284 3.875 0.5 0
285 3.875 0.375 0
286 3.875 0.75 0
287 3.875 0.625 0
288 3.875 0.875 0
289 4 0 0
290 4 1 0
291 4 0.25 0
292 4 0.5 0
293 4 0.75 0
294 4 0.125 0
295 4 0.375 0
296 4 0.625 0
297 4 0.875 0
298 4.125 0 0
299 4.125 1 0
300 4.125 0.25 0
301 4.125 0.125 0
302 4.125 0.5 0
303 4.125 0.375 0
304 4.125 0.75 0
305 4.125 0.625 0
306 4.125 0.875 0
307 4.25 0 0
308 4.25 1 0
309 4.25 0.25 0
310 4.25 0.5 0
311 4.25 0.75 0
312 4.25 0.125 0
313 4.25 0.375 0
314 4.25 0.625 0
315 4.25 0.875 0
316 4.375 0 0
317 4.375 1 0
318 4.375 0.25 0
319 4.375 0.125 0
320 4.375 0.5 0
321 4.375 0.375 0
322 4.375 0.75 0
323 4.375 0.625 0
324 4.375 0.875 0
325 4.5 0 0
326 4.5 1 0
327 4.5 0.25 0
328 4.5 0.5 0
329 4.5 0.75 0
330 4.5 0.125 0
331 4.5 0.375 0
332 4.5 0.625 0
333 4.5 0.875 0
334 4.625 0 0
335 4.625 1 0
336 4.625 0.25 0
337 4.625 0.125 0
338 4.625 0.5 0
339 4.625 0.375 0
340 4.625 0.75 0
341 4.625 0.625 0
342 4.625 0.875 0
343 4.75 0 0
344 4.75 1 0
345 4.75 0.25 0
346 4.75 0.5 0
347 4.75 0.75 0
348 4.75 0.125 0
349 4.75 0.375 0
350 4.75 0.625 0
351 4.75 0.875 0
352 4.875 0 0
353 4.875 1 0
354 4.875 0.25 0
355 4.875 0.125 0
356 4.875 0.5 0
357 4.875 0.375 0
358 4.875 0.75 0
359 4.875 0.625 0
360 4.875 0.875 0
361 5 0 0
362 5 1 0
363 5 0.125 0
364 5 0.25 0
365 5 0.375 0
366 5 0.5 0
367 5 0.625 0
368 5 0.75 0
369 5 0.875 0
