1 0 0 0
2 0 1 0
3 0 0.75 0
4 0 0.5 0
5 0 0.25 0
6 0.25 0 0
7 0.25 1 0
8 0.25 0.25 0
9 0.25 0.5 0
10 0.25 0.75 0
11 0.5 0 0
12 0.5 1 0
13 0.5 0.25 0
14 0.5 0.5 0
15 0.5 0.75 0
16 0.75 1 0
17 0.75 0.25 0
18 0.75 0.5 0
19 0.75 0.75 0
20 0.75 0 0
21 1 0 0
22 1 1 0
23 1 0.25 0
24 1 0.5 0
25 1 0.75 0
26 1.25 0 0
27 1.25 1 0
28 1.25 0.25 0
29 1.25 0.5 0
30 1.25 0.75 0
31 1.5 0 0
32 1.5 1 0
33 1.5 0.25 0
34 1.5 0.5 0
35 1.5 0.75 0
36 1.75 0 0
37 1.75 1 0
38 1.75 0.25 0
39 1.75 0.5 0
40 1.75 0.75 0
41 2 0 0
42 2 1 0
43 2 0.25 0
44 2 0.5 0
45 2 0.75 0
46 2.25 0 0
47 2.25 1 0
48 2.25 0.25 0
49 2.25 0.5 0
50 2.25 0.75 0
51 2.5 0 0
52 2.5 1 0
53 2.5 0.25 0
54 2.5 0.5 0
55 2.5 0.75 0
56 2.75 0 0
57 2.75 1 0
58 2.75 0.25 0
59 2.75 0.5 0
60 2.75 0.75 0
61 3 0 0
62 3 1 0
63 3 0.25 0
64 3 0.5 0
65 3 0.75 0
66 3.25 0 0
67 3.25 1 0
68 3.25 0.25 0
69 3.25 0.5 0
70 3.25 0.75 0
71 3.5 0 0
72 3.5 1 0
73 3.5 0.5 0
74 3.5 0.75 0
75 3.5 0.25 0
76 3.75 0 0
77 3.75 1 0
78 3.75 0.25 0
79 3.75 0.5 0
80 3.75 0.75 0
81 4 0 0
82 4 1 0
83 4 0.25 0
84 4 0.5 0
85 4 0.75 0
86 4.25 0 0
87 4.25 1 0
88 4.25 0.25 0
89 4.25 0.5 0
90 4.25 0.75 0
91 4.5 0 0
92 4.5 1 0
93 4.5 0.25 0
94 4.5 0.5 0
95 4.5 0.75 0
96 4.75 0 0
97 4.75 1 0
98 4.75 0.25 0
99 4.75 0.5 0
100 4.75 0.75 0
101 5 0 0
102 5 1 0
103 5 0.25 0
104 5 0.5 0
105 5 0.75 0
