1 1 1 1 1 18 21 17
2 1 1 1 18 35 44 21
3 1 1 1 21 44 38 20
4 1 1 1 17 21 20 16
5 1 1 1 35 52 55 44
6 1 1 1 52 69 78 55
7 1 1 1 55 78 74 54
8 1 1 1 44 55 54 38
9 1 1 1 38 54 57 45
10 1 1 1 54 74 79 57
11 1 1 1 57 79 71 56
12 1 1 1 45 57 56 37
13 1 1 1 16 20 23 15
14 1 1 1 20 38 45 23
15 1 1 1 23 45 37 22
16 1 1 1 15 23 22 14
17 1 1 1 14 22 25 13
18 1 1 1 22 37 46 25
19 1 1 1 25 46 40 24
20 1 1 1 13 25 24 12
21 1 1 1 37 56 59 46
22 1 1 1 56 71 80 59
23 1 1 1 59 80 75 58
24 1 1 1 46 59 58 40
25 1 1 1 40 58 61 47
26 1 1 1 58 75 81 61
27 1 1 1 61 81 72 60
28 1 1 1 47 61 60 39
29 1 1 1 12 24 27 11
30 1 1 1 24 40 47 27
31 1 1 1 27 47 39 26
32 1 1 1 11 27 26 10
33 1 1 1 10 26 29 9
34 1 1 1 26 39 48 29
35 1 1 1 29 48 42 28
36 1 1 1 9 29 28 8
37 1 1 1 39 60 63 48
38 1 1 1 60 72 82 63
39 1 1 1 63 82 76 62
40 1 1 1 48 63 62 42
41 1 1 1 42 62 65 49
42 1 1 1 62 76 83 65
43 1 1 1 65 83 73 64
44 1 1 1 49 65 64 41
45 1 1 1 8 28 31 7
46 1 1 1 28 42 49 31
47 1 1 1 31 49 41 30
48 1 1 1 7 31 30 6
49 1 1 1 6 30 33 5
50 1 1 1 30 41 50 33
51 1 1 1 33 50 43 32
52 1 1 1 5 33 32 4
53 1 1 1 41 64 67 50
54 1 1 1 64 73 84 67
55 1 1 1 67 84 77 66
56 1 1 1 50 67 66 43
57 1 1 1 43 66 68 51
58 1 1 1 66 77 85 68
59 1 1 1 68 85 70 53
60 1 1 1 51 68 53 36
61 1 1 1 4 32 34 3
62 1 1 1 32 43 51 34
63 1 1 1 34 51 36 19
64 1 1 1 3 34 19 2
65 1 1 1 69 86 89 78
66 1 1 1 86 103 112 89
67 1 1 1 89 112 106 88
68 1 1 1 78 89 88 74
69 1 1 1 103 120 123 112
70 1 1 1 120 137 146 123
71 1 1 1 123 146 142 122
72 1 1 1 112 123 122 106
73 1 1 1 106 122 125 113
74 1 1 1 122 142 147 125
75 1 1 1 125 147 139 124
76 1 1 1 113 125 124 105
77 1 1 1 74 88 91 79
78 1 1 1 88 106 113 91
79 1 1 1 91 113 105 90
80 1 1 1 79 91 90 71
81 1 1 1 71 90 93 80
82 1 1 1 90 105 114 93
83 1 1 1 93 114 108 92
84 1 1 1 80 93 92 75
85 1 1 1 105 124 127 114
86 1 1 1 124 139 148 127
87 1 1 1 127 148 143 126
88 1 1 1 114 127 126 108
89 1 1 1 108 126 129 115
90 1 1 1 126 143 149 129
91 1 1 1 129 149 140 128
92 1 1 1 115 129 128 107
93 1 1 1 75 92 95 81
94 1 1 1 92 108 115 95
95 1 1 1 95 115 107 94
96 1 1 1 81 95 94 72
97 1 1 1 72 94 97 82
98 1 1 1 94 107 116 97
99 1 1 1 97 116 110 96
100 1 1 1 82 97 96 76
101 1 1 1 107 128 131 116
102 1 1 1 128 140 150 131
103 1 1 1 131 150 144 130
104 1 1 1 116 131 130 110
105 1 1 1 110 130 133 117
106 1 1 1 130 144 151 133
107 1 1 1 133 151 141 132
108 1 1 1 117 133 132 109
109 1 1 1 76 96 99 83
110 1 1 1 96 110 117 99
111 1 1 1 99 117 109 98
112 1 1 1 83 99 98 73
113 1 1 1 73 98 101 84
114 1 1 1 98 109 118 101
115 1 1 1 101 118 111 100
116 1 1 1 84 101 100 77
117 1 1 1 109 132 135 118
118 1 1 1 132 141 152 135
119 1 1 1 135 152 145 134
120 1 1 1 118 135 134 111
121 1 1 1 111 134 136 119
122 1 1 1 134 145 153 136
123 1 1 1 136 153 138 121
124 1 1 1 119 136 121 104
125 1 1 1 77 100 102 85
126 1 1 1 100 111 119 102
127 1 1 1 102 119 104 87
128 1 1 1 85 102 87 70
129 1 1 1 137 154 157 146
130 1 1 1 154 171 180 157
131 1 1 1 157 180 174 156
132 1 1 1 146 157 156 142
133 1 1 1 171 188 191 180
134 1 1 1 188 221 213 191
135 1 1 1 191 213 209 190
136 1 1 1 180 191 190 174
137 1 1 1 174 190 193 181
138 1 1 1 190 209 214 193
139 1 1 1 193 214 206 192
140 1 1 1 181 193 192 173
141 1 1 1 142 156 159 147
142 1 1 1 156 174 181 159
143 1 1 1 159 181 173 158
144 1 1 1 147 159 158 139
145 1 1 1 139 158 161 148
146 1 1 1 158 173 182 161
147 1 1 1 161 182 176 160
148 1 1 1 148 161 160 143
149 1 1 1 173 192 195 182
150 1 1 1 192 206 215 195
151 1 1 1 195 215 210 194
152 1 1 1 182 195 194 176
153 1 1 1 176 194 197 183
154 1 1 1 194 210 216 197
155 1 1 1 197 216 207 196
156 1 1 1 183 197 196 175
157 1 1 1 143 160 163 149
158 1 1 1 160 176 183 163
159 1 1 1 163 183 175 162
160 1 1 1 149 163 162 140
161 1 1 1 140 162 165 150
162 1 1 1 162 175 184 165
163 1 1 1 165 184 178 164
164 1 1 1 150 165 164 144
165 1 1 1 175 196 199 184
166 1 1 1 196 207 217 199
167 1 1 1 199 217 211 198
168 1 1 1 184 199 198 178
169 1 1 1 178 198 201 185
170 1 1 1 198 211 218 201
171 1 1 1 201 218 208 200
172 1 1 1 185 201 200 177
173 1 1 1 144 164 167 151
174 1 1 1 164 178 185 167
175 1 1 1 167 185 177 166
176 1 1 1 151 167 166 141
177 1 1 1 141 166 169 152
178 1 1 1 166 177 186 169
179 1 1 1 169 186 179 168
180 1 1 1 152 169 168 145
181 1 1 1 177 200 203 186
182 1 1 1 200 208 219 203
183 1 1 1 203 219 212 202
184 1 1 1 186 203 202 179
185 1 1 1 179 202 204 187
186 1 1 1 202 212 220 204
187 1 1 1 204 220 205 189
188 1 1 1 187 204 189 172
189 1 1 1 145 168 170 153
190 1 1 1 168 179 187 170
191 1 1 1 170 187 172 155
192 1 1 1 153 170 155 138
193 1 1 1 221 238 224 213
194 1 1 1 238 239 248 224
195 1 1 1 224 248 242 223
196 1 1 1 213 224 223 209
197 1 1 1 239 256 259 248
198 1 1 1 256 273 282 259
199 1 1 1 259 282 278 258
200 1 1 1 248 259 258 242
201 1 1 1 242 258 261 249
202 1 1 1 258 278 283 261
203 1 1 1 261 283 275 260
204 1 1 1 249 261 260 241
205 1 1 1 209 223 226 214
206 1 1 1 223 242 249 226
207 1 1 1 226 249 241 225
208 1 1 1 214 226 225 206
209 1 1 1 206 225 228 215
210 1 1 1 225 241 250 228
211 1 1 1 228 250 244 227
212 1 1 1 215 228 227 210
213 1 1 1 241 260 263 250
214 1 1 1 260 275 284 263
215 1 1 1 263 284 279 262
216 1 1 1 250 263 262 244
217 1 1 1 244 262 265 251
218 1 1 1 262 279 285 265
219 1 1 1 265 285 276 264
220 1 1 1 251 265 264 243
221 1 1 1 210 227 230 216
222 1 1 1 227 244 251 230
223 1 1 1 230 251 243 229
224 1 1 1 216 230 229 207
225 1 1 1 207 229 232 217
226 1 1 1 229 243 252 232
227 1 1 1 232 252 246 231
228 1 1 1 217 232 231 211
229 1 1 1 243 264 267 252
230 1 1 1 264 276 286 267
231 1 1 1 267 286 280 266
232 1 1 1 252 267 266 246
233 1 1 1 246 266 269 253
234 1 1 1 266 280 287 269
235 1 1 1 269 287 277 268
236 1 1 1 253 269 268 245
237 1 1 1 211 231 234 218
238 1 1 1 231 246 253 234
239 1 1 1 234 253 245 233
240 1 1 1 218 234 233 208
241 1 1 1 208 233 236 219
242 1 1 1 233 245 254 236
243 1 1 1 236 254 247 235
244 1 1 1 219 236 235 212
245 1 1 1 245 268 271 254
246 1 1 1 268 277 288 271
247 1 1 1 271 288 281 270
248 1 1 1 254 271 270 247
249 1 1 1 247 270 272 255
250 1 1 1 270 281 289 272
251 1 1 1 272 289 274 257
252 1 1 1 255 272 257 240
253 1 1 1 212 235 237 220
254 1 1 1 235 247 255 237
255 1 1 1 237 255 240 222
256 1 1 1 220 237 222 205
257 1 1 1 273 290 293 282
258 1 1 1 290 307 316 293
259 1 1 1 293 316 310 292
260 1 1 1 282 293 292 278
261 1 1 1 307 324 327 316
262 1 1 1 324 341 350 327
263 1 1 1 327 350 346 326
264 1 1 1 316 327 326 310
265 1 1 1 310 326 329 317
266 1 1 1 326 346 351 329
267 1 1 1 329 351 343 328
268 1 1 1 317 329 328 309
269 1 1 1 278 292 295 283
270 1 1 1 292 310 317 295
271 1 1 1 295 317 309 294
272 1 1 1 283 295 294 275
273 1 1 1 275 294 297 284
274 1 1 1 294 309 318 297
275 1 1 1 297 318 312 296
276 1 1 1 284 297 296 279
277 1 1 1 309 328 331 318
278 1 1 1 328 343 352 331
279 1 1 1 331 352 347 330
280 1 1 1 318 331 330 312
281 1 1 1 312 330 333 319
282 1 1 1 330 347 353 333
283 1 1 1 333 353 344 332
284 1 1 1 319 333 332 311
285 1 1 1 279 296 299 285
286 1 1 1 296 312 319 299
287 1 1 1 299 319 311 298
288 1 1 1 285 299 298 276
289 1 1 1 276 298 301 286
290 1 1 1 298 311 320 301
291 1 1 1 301 320 314 300
292 1 1 1 286 301 300 280
293 1 1 1 311 332 335 320
294 1 1 1 332 344 354 335
295 1 1 1 335 354 348 334
296 1 1 1 320 335 334 314
297 1 1 1 314 334 337 321
298 1 1 1 334 348 355 337
299 1 1 1 337 355 345 336
300 1 1 1 321 337 336 313
301 1 1 1 280 300 303 287
302 1 1 1 300 314 321 303
303 1 1 1 303 321 313 302
304 1 1 1 287 303 302 277
305 1 1 1 277 302 305 288
306 1 1 1 302 313 322 305
307 1 1 1 305 322 315 304
308 1 1 1 288 305 304 281
309 1 1 1 313 336 339 322
310 1 1 1 336 345 356 339
311 1 1 1 339 356 349 338
312 1 1 1 322 339 338 315
313 1 1 1 315 338 340 323
314 1 1 1 338 349 357 340
315 1 1 1 340 357 342 325
316 1 1 1 323 340 325 308
317 1 1 1 281 304 306 289
318 1 1 1 304 315 323 306
319 1 1 1 306 323 308 291
320 1 1 1 289 306 291 274
321 1 1 1 341 358 361 350
322 1 1 1 358 375 384 361
323 1 1 1 361 384 378 360
324 1 1 1 350 361 360 346
325 1 1 1 375 392 395 384
326 1 1 1 392 409 418 395
327 1 1 1 395 418 414 394
328 1 1 1 384 395 394 378
329 1 1 1 378 394 397 385
330 1 1 1 394 414 419 397
331 1 1 1 397 419 411 396
332 1 1 1 385 397 396 377
333 1 1 1 346 360 363 351
334 1 1 1 360 378 385 363
335 1 1 1 363 385 377 362
336 1 1 1 351 363 362 343
337 1 1 1 343 362 365 352
338 1 1 1 362 377 386 365
339 1 1 1 365 386 380 364
340 1 1 1 352 365 364 347
341 1 1 1 377 396 399 386
342 1 1 1 396 411 420 399
343 1 1 1 399 420 415 398
344 1 1 1 386 399 398 380
345 1 1 1 380 398 401 387
346 1 1 1 398 415 421 401
347 1 1 1 401 421 412 400
348 1 1 1 387 401 400 379
349 1 1 1 347 364 367 353
350 1 1 1 364 380 387 367
351 1 1 1 367 387 379 366
352 1 1 1 353 367 366 344
353 1 1 1 344 366 369 354
354 1 1 1 366 379 388 369
355 1 1 1 369 388 382 368
356 1 1 1 354 369 368 348
357 1 1 1 379 400 403 388
358 1 1 1 400 412 422 403
359 1 1 1 403 422 416 402
360 1 1 1 388 403 402 382
361 1 1 1 382 402 405 389
362 1 1 1 402 416 423 405
363 1 1 1 405 423 413 404
364 1 1 1 389 405 404 381
365 1 1 1 348 368 371 355
366 1 1 1 368 382 389 371
367 1 1 1 371 389 381 370
368 1 1 1 355 371 370 345
369 1 1 1 345 370 373 356
370 1 1 1 370 381 390 373
371 1 1 1 373 390 383 372
372 1 1 1 356 373 372 349
373 1 1 1 381 404 407 390
374 1 1 1 404 413 424 407
375 1 1 1 407 424 417 406
376 1 1 1 390 407 406 383
377 1 1 1 383 406 408 391
378 1 1 1 406 417 425 408
379 1 1 1 408 425 410 393
380 1 1 1 391 408 393 376
381 1 1 1 349 372 374 357
382 1 1 1 372 383 391 374
383 1 1 1 374 391 376 359
384 1 1 1 357 374 359 342
385 1 1 1 409 426 429 418
386 1 1 1 426 443 452 429
387 1 1 1 429 452 446 428
388 1 1 1 418 429 428 414
389 1 1 1 443 460 463 452
390 1 1 1 460 477 486 463
391 1 1 1 463 486 482 462
392 1 1 1 452 463 462 446
393 1 1 1 446 462 465 453
394 1 1 1 462 482 487 465
395 1 1 1 465 487 479 464
396 1 1 1 453 465 464 445
397 1 1 1 414 428 431 419
398 1 1 1 428 446 453 431
399 1 1 1 431 453 445 430
400 1 1 1 419 431 430 411
401 1 1 1 411 430 433 420
402 1 1 1 430 445 454 433
403 1 1 1 433 454 448 432
404 1 1 1 420 433 432 415
405 1 1 1 445 464 467 454
406 1 1 1 464 479 488 467
407 1 1 1 467 488 483 466
408 1 1 1 454 467 466 448
409 1 1 1 448 466 469 455
410 1 1 1 466 483 489 469
411 1 1 1 469 489 480 468
412 1 1 1 455 469 468 447
413 1 1 1 415 432 435 421
414 1 1 1 432 448 455 435
415 1 1 1 435 455 447 434
416 1 1 1 421 435 434 412
417 1 1 1 412 434 437 422
418 1 1 1 434 447 456 437
419 1 1 1 437 456 450 436
420 1 1 1 422 437 436 416
421 1 1 1 447 468 471 456
422 1 1 1 468 480 490 471
423 1 1 1 471 490 484 470
424 1 1 1 456 471 470 450
425 1 1 1 450 470 473 457
426 1 1 1 470 484 491 473
427 1 1 1 473 491 481 472
428 1 1 1 457 473 472 449
429 1 1 1 416 436 439 423
430 1 1 1 436 450 457 439
431 1 1 1 439 457 449 438
432 1 1 1 423 439 438 413
433 1 1 1 413 438 441 424
434 1 1 1 438 449 458 441
435 1 1 1 441 458 451 440
436 1 1 1 424 441 440 417
437 1 1 1 449 472 475 458
438 1 1 1 472 481 492 475
439 1 1 1 475 492 485 474
440 1 1 1 458 475 474 451
441 1 1 1 451 474 476 459
442 1 1 1 474 485 493 476
443 1 1 1 476 493 478 461
444 1 1 1 459 476 461 444
445 1 1 1 417 440 442 425
446 1 1 1 440 451 459 442
447 1 1 1 442 459 444 427
448 1 1 1 425 442 427 410
449 1 1 1 477 494 497 486
450 1 1 1 494 511 520 497
451 1 1 1 497 520 514 496
452 1 1 1 486 497 496 482
453 1 1 1 511 528 531 520
454 1 1 1 528 545 554 531
455 1 1 1 531 554 550 530
456 1 1 1 520 531 530 514
457 1 1 1 514 530 533 521
458 1 1 1 530 550 555 533
459 1 1 1 533 555 547 532
460 1 1 1 521 533 532 513
461 1 1 1 482 496 499 487
462 1 1 1 496 514 521 499
463 1 1 1 499 521 513 498
464 1 1 1 487 499 498 479
465 1 1 1 479 498 501 488
466 1 1 1 498 513 522 501
467 1 1 1 501 522 516 500
468 1 1 1 488 501 500 483
469 1 1 1 513 532 535 522
470 1 1 1 532 547 556 535
471 1 1 1 535 556 551 534
472 1 1 1 522 535 534 516
473 1 1 1 516 534 537 523
474 1 1 1 534 551 557 537
475 1 1 1 537 557 548 536
476 1 1 1 523 537 536 515
477 1 1 1 483 500 503 489
478 1 1 1 500 516 523 503
479 1 1 1 503 523 515 502
480 1 1 1 489 503 502 480
481 1 1 1 480 502 505 490
482 1 1 1 502 515 524 505
483 1 1 1 505 524 518 504
484 1 1 1 490 505 504 484
485 1 1 1 515 536 539 524
486 1 1 1 536 548 558 539
487 1 1 1 539 558 552 538
488 1 1 1 524 539 538 518
489 1 1 1 518 538 541 525
490 1 1 1 538 552 559 541
491 1 1 1 541 559 549 540
492 1 1 1 525 541 540 517
493 1 1 1 484 504 507 491
494 1 1 1 504 518 525 507
495 1 1 1 507 525 517 506
496 1 1 1 491 507 506 481
497 1 1 1 481 506 509 492
498 1 1 1 506 517 526 509
499 1 1 1 509 526 519 508
500 1 1 1 492 509 508 485
501 1 1 1 517 540 543 526
502 1 1 1 540 549 560 543
503 1 1 1 543 560 553 542
504 1 1 1 526 543 542 519
505 1 1 1 519 542 544 527
506 1 1 1 542 553 561 544
507 1 1 1 544 561 546 529
508 1 1 1 527 544 529 512
509 1 1 1 485 508 510 493
510 1 1 1 508 519 527 510
511 1 1 1 510 527 512 495
512 1 1 1 493 510 495 478
513 1 1 1 545 562 565 554
514 1 1 1 562 579 588 565
515 1 1 1 565 588 582 564
516 1 1 1 554 565 564 550
517 1 1 1 579 596 599 588
518 1 1 1 596 613 622 599
519 1 1 1 599 622 618 598
520 1 1 1 588 599 598 582
521 1 1 1 582 598 601 589
522 1 1 1 598 618 623 601
523 1 1 1 601 623 615 600
524 1 1 1 589 601 600 581
525 1 1 1 550 564 567 555
526 1 1 1 564 582 589 567
527 1 1 1 567 589 581 566
528 1 1 1 555 567 566 547
529 1 1 1 547 566 569 556
530 1 1 1 566 581 590 569
531 1 1 1 569 590 584 568
532 1 1 1 556 569 568 551
533 1 1 1 581 600 603 590
534 1 1 1 600 615 624 603
535 1 1 1 603 624 619 602
536 1 1 1 590 603 602 584
537 1 1 1 584 602 605 591
538 1 1 1 602 619 625 605
539 1 1 1 605 625 616 604
540 1 1 1 591 605 604 583
541 1 1 1 551 568 571 557
542 1 1 1 568 584 591 571
543 1 1 1 571 591 583 570
544 1 1 1 557 571 570 548
545 1 1 1 548 570 573 558
546 1 1 1 570 583 592 573
547 1 1 1 573 592 586 572
548 1 1 1 558 573 572 552
549 1 1 1 583 604 607 592
550 1 1 1 604 616 626 607
551 1 1 1 607 626 620 606
552 1 1 1 592 607 606 586
553 1 1 1 586 606 609 593
554 1 1 1 606 620 627 609
555 1 1 1 609 627 617 608
556 1 1 1 593 609 608 585
557 1 1 1 552 572 575 559
558 1 1 1 572 586 593 575
559 1 1 1 575 593 585 574
560 1 1 1 559 575 574 549
561 1 1 1 549 574 577 560
562 1 1 1 574 585 594 577
563 1 1 1 577 594 587 576
564 1 1 1 560 577 576 553
565 1 1 1 585 608 611 594
566 1 1 1 608 617 628 611
567 1 1 1 611 628 621 610
568 1 1 1 594 611 610 587
569 1 1 1 587 610 612 595
570 1 1 1 610 621 629 612
571 1 1 1 612 629 614 597
572 1 1 1 595 612 597 580
573 1 1 1 553 576 578 561
574 1 1 1 576 587 595 578
575 1 1 1 578 595 580 563
576 1 1 1 561 578 563 546
577 1 1 1 613 630 633 622
578 1 1 1 630 647 656 633
579 1 1 1 633 656 650 632
580 1 1 1 622 633 632 618
581 1 1 1 647 664 667 656
582 1 1 1 664 681 690 667
583 1 1 1 667 690 686 666
584 1 1 1 656 667 666 650
585 1 1 1 650 666 669 657
586 1 1 1 666 686 691 669
587 1 1 1 669 691 683 668
588 1 1 1 657 669 668 649
589 1 1 1 618 632 635 623
590 1 1 1 632 650 657 635
591 1 1 1 635 657 649 634
592 1 1 1 623 635 634 615
593 1 1 1 615 634 637 624
594 1 1 1 634 649 658 637
595 1 1 1 637 658 652 636
596 1 1 1 624 637 636 619
597 1 1 1 649 668 671 658
598 1 1 1 668 683 692 671
599 1 1 1 671 692 687 670
600 1 1 1 658 671 670 652
601 1 1 1 652 670 673 659
602 1 1 1 670 687 693 673
603 1 1 1 673 693 684 672
604 1 1 1 659 673 672 651
605 1 1 1 619 636 639 625
606 1 1 1 636 652 659 639
607 1 1 1 639 659 651 638
608 1 1 1 625 639 638 616
609 1 1 1 616 638 641 626
610 1 1 1 638 651 660 641
611 1 1 1 641 660 654 640
612 1 1 1 626 641 640 620
613 1 1 1 651 672 675 660
614 1 1 1 672 684 694 675
615 1 1 1 675 694 688 674
616 1 1 1 660 675 674 654
617 1 1 1 654 674 677 661
618 1 1 1 674 688 695 677
619 1 1 1 677 695 685 676
620 1 1 1 661 677 676 653
621 1 1 1 620 640 643 627
622 1 1 1 640 654 661 643
623 1 1 1 643 661 653 642
624 1 1 1 627 643 642 617
625 1 1 1 617 642 645 628
626 1 1 1 642 653 662 645
627 1 1 1 645 662 655 644
628 1 1 1 628 645 644 621
629 1 1 1 653 676 679 662
630 1 1 1 676 685 696 679
631 1 1 1 679 696 689 678
632 1 1 1 662 679 678 655
633 1 1 1 655 678 680 663
634 1 1 1 678 689 697 680
635 1 1 1 680 697 682 665
636 1 1 1 663 680 665 648
637 1 1 1 621 644 646 629
638 1 1 1 644 655 663 646
639 1 1 1 646 663 648 631
640 1 1 1 629 646 631 614
641 1 1 1 681 698 701 690
642 1 1 1 698 715 724 701
643 1 1 1 701 724 718 700
644 1 1 1 690 701 700 686
645 1 1 1 715 732 735 724
646 1 1 1 732 749 758 735
647 1 1 1 735 758 754 734
648 1 1 1 724 735 734 718
649 1 1 1 718 734 737 725
650 1 1 1 734 754 759 737
651 1 1 1 737 759 751 736
652 1 1 1 725 737 736 717
653 1 1 1 686 700 703 691
654 1 1 1 700 718 725 703
655 1 1 1 703 725 717 702
656 1 1 1 691 703 702 683
657 1 1 1 683 702 705 692
658 1 1 1 702 717 726 705
659 1 1 1 705 726 720 704
660 1 1 1 692 705 704 687
661 1 1 1 717 736 739 726
662 1 1 1 736 751 760 739
663 1 1 1 739 760 755 738
664 1 1 1 726 739 738 720
665 1 1 1 720 738 741 727
666 1 1 1 738 755 761 741
667 1 1 1 741 761 752 740
668 1 1 1 727 741 740 719
669 1 1 1 687 704 707 693
670 1 1 1 704 720 727 707
671 1 1 1 707 727 719 706
672 1 1 1 693 707 706 684
673 1 1 1 684 706 709 694
674 1 1 1 706 719 728 709
675 1 1 1 709 728 722 708
676 1 1 1 694 709 708 688
677 1 1 1 719 740 743 728
678 1 1 1 740 752 762 743
679 1 1 1 743 762 756 742
680 1 1 1 728 743 742 722
681 1 1 1 722 742 745 729
682 1 1 1 742 756 763 745
683 1 1 1 745 763 753 744
684 1 1 1 729 745 744 721
685 1 1 1 688 708 711 695
686 1 1 1 708 722 729 711
687 1 1 1 711 729 721 710
688 1 1 1 695 711 710 685
689 1 1 1 685 710 713 696
690 1 1 1 710 721 730 713
691 1 1 1 713 730 723 712
692 1 1 1 696 713 712 689
693 1 1 1 721 744 747 730
694 1 1 1 744 753 764 747
695 1 1 1 747 764 757 746
696 1 1 1 730 747 746 723
697 1 1 1 723 746 748 731
698 1 1 1 746 757 765 748
699 1 1 1 748 765 750 733
700 1 1 1 731 748 733 716
701 1 1 1 689 712 714 697
702 1 1 1 712 723 731 714
703 1 1 1 714 731 716 699
704 1 1 1 697 714 699 682
705 1 1 1 749 766 769 758
706 1 1 1 766 783 792 769
707 1 1 1 769 792 786 768
708 1 1 1 758 769 768 754
709 1 1 1 783 800 803 792
710 1 1 1 800 817 826 803
711 1 1 1 803 826 822 802
712 1 1 1 792 803 802 786
713 1 1 1 786 802 805 793
714 1 1 1 802 822 827 805
715 1 1 1 805 827 819 804
716 1 1 1 793 805 804 785
717 1 1 1 754 768 771 759
718 1 1 1 768 786 793 771
719 1 1 1 771 793 785 770
720 1 1 1 759 771 770 751
721 1 1 1 751 770 773 760
722 1 1 1 770 785 794 773
723 1 1 1 773 794 788 772
724 1 1 1 760 773 772 755
725 1 1 1 785 804 807 794
726 1 1 1 804 819 828 807
727 1 1 1 807 828 823 806
728 1 1 1 794 807 806 788
729 1 1 1 788 806 809 795
730 1 1 1 806 823 829 809
731 1 1 1 809 829 820 808
732 1 1 1 795 809 808 787
733 1 1 1 755 772 775 761
734 1 1 1 772 788 795 775
735 1 1 1 775 795 787 774
736 1 1 1 761 775 774 752
737 1 1 1 752 774 777 762
738 1 1 1 774 787 796 777
739 1 1 1 777 796 790 776
740 1 1 1 762 777 776 756
741 1 1 1 787 808 811 796
742 1 1 1 808 820 830 811
743 1 1 1 811 830 824 810
744 1 1 1 796 811 810 790
745 1 1 1 790 810 813 797
746 1 1 1 810 824 831 813
747 1 1 1 813 831 821 812
748 1 1 1 797 813 812 789
749 1 1 1 756 776 779 763
750 1 1 1 776 790 797 779
751 1 1 1 779 797 789 778
752 1 1 1 763 779 778 753
753 1 1 1 753 778 781 764
754 1 1 1 778 789 798 781
755 1 1 1 781 798 791 780
756 1 1 1 764 781 780 757
757 1 1 1 789 812 815 798
758 1 1 1 812 821 832 815
759 1 1 1 815 832 825 814
760 1 1 1 798 815 814 791
761 1 1 1 791 814 816 799
762 1 1 1 814 825 833 816
763 1 1 1 816 833 818 801
764 1 1 1 799 816 801 784
765 1 1 1 757 780 782 765
766 1 1 1 780 791 799 782
767 1 1 1 782 799 784 767
768 1 1 1 765 782 767 750
769 1 1 1 817 834 837 826
770 1 1 1 834 851 860 837
771 1 1 1 837 860 854 836
772 1 1 1 826 837 836 822
773 1 1 1 851 868 871 860
774 1 1 1 868 885 894 871
775 1 1 1 871 894 890 870
776 1 1 1 860 871 870 854
777 1 1 1 854 870 873 861
778 1 1 1 870 890 895 873
779 1 1 1 873 895 887 872
780 1 1 1 861 873 872 853
781 1 1 1 822 836 839 827
782 1 1 1 836 854 861 839
783 1 1 1 839 861 853 838
784 1 1 1 827 839 838 819
785 1 1 1 819 838 841 828
786 1 1 1 838 853 862 841
787 1 1 1 841 862 856 840
788 1 1 1 828 841 840 823
789 1 1 1 853 872 875 862
790 1 1 1 872 887 896 875
791 1 1 1 875 896 891 874
792 1 1 1 862 875 874 856
793 1 1 1 856 874 877 863
794 1 1 1 874 891 897 877
795 1 1 1 877 897 888 876
796 1 1 1 863 877 876 855
797 1 1 1 823 840 843 829
798 1 1 1 840 856 863 843
799 1 1 1 843 863 855 842
800 1 1 1 829 843 842 820
801 1 1 1 820 842 845 830
802 1 1 1 842 855 864 845
803 1 1 1 845 864 858 844
804 1 1 1 830 845 844 824
805 1 1 1 855 876 879 864
806 1 1 1 876 888 898 879
807 1 1 1 879 898 892 878
808 1 1 1 864 879 878 858
809 1 1 1 858 878 881 865
810 1 1 1 878 892 899 881
811 1 1 1 881 899 889 880
812 1 1 1 865 881 880 857
813 1 1 1 824 844 847 831
814 1 1 1 844 858 865 847
815 1 1 1 847 865 857 846
816 1 1 1 831 847 846 821
817 1 1 1 821 846 849 832
818 1 1 1 846 857 866 849
819 1 1 1 849 866 859 848
820 1 1 1 832 849 848 825
821 1 1 1 857 880 883 866
822 1 1 1 880 889 900 883
823 1 1 1 883 900 893 882
824 1 1 1 866 883 882 859
825 1 1 1 859 882 884 867
826 1 1 1 882 893 901 884
827 1 1 1 884 901 886 869
828 1 1 1 867 884 869 852
829 1 1 1 825 848 850 833
830 1 1 1 848 859 867 850
831 1 1 1 850 867 852 835
832 1 1 1 833 850 835 818
833 1 1 1 885 902 905 894
834 1 1 1 902 919 927 905
835 1 1 1 905 927 934 904
836 1 1 1 894 905 904 890
837 1 1 1 919 936 949 927
838 1 1 1 936 953 967 949
839 1 1 1 949 967 966 948
840 1 1 1 927 949 948 934
841 1 1 1 934 948 951 935
842 1 1 1 948 966 968 951
843 1 1 1 951 968 965 950
844 1 1 1 935 951 950 921
845 1 1 1 890 904 907 895
846 1 1 1 904 934 935 907
847 1 1 1 907 935 921 906
848 1 1 1 895 907 906 887
849 1 1 1 887 906 909 896
850 1 1 1 906 921 928 909
851 1 1 1 909 928 923 908
852 1 1 1 896 909 908 891
853 1 1 1 921 950 952 928
854 1 1 1 950 965 969 952
855 1 1 1 952 969 957 938
856 1 1 1 928 952 938 923
857 1 1 1 923 938 940 929
858 1 1 1 938 957 960 940
859 1 1 1 940 960 955 939
860 1 1 1 929 940 939 922
861 1 1 1 891 908 911 897
862 1 1 1 908 923 929 911
863 1 1 1 911 929 922 910
864 1 1 1 897 911 910 888
865 1 1 1 888 910 913 898
866 1 1 1 910 922 930 913
867 1 1 1 913 930 925 912
868 1 1 1 898 913 912 892
869 1 1 1 922 939 942 930
870 1 1 1 939 955 961 942
871 1 1 1 942 961 958 941
872 1 1 1 930 942 941 925
873 1 1 1 925 941 944 931
874 1 1 1 941 958 962 944
875 1 1 1 944 962 956 943
876 1 1 1 931 944 943 924
877 1 1 1 892 912 915 899
878 1 1 1 912 925 931 915
879 1 1 1 915 931 924 914
880 1 1 1 899 915 914 889
881 1 1 1 889 914 917 900
882 1 1 1 914 924 932 917
883 1 1 1 917 932 926 916
884 1 1 1 900 917 916 893
885 1 1 1 924 943 946 932
886 1 1 1 943 956 963 946
887 1 1 1 946 963 959 945
888 1 1 1 932 946 945 926
889 1 1 1 926 945 947 933
890 1 1 1 945 959 964 947
891 1 1 1 947 964 954 937
892 1 1 1 933 947 937 920
893 1 1 1 893 916 918 901
894 1 1 1 916 926 933 918
895 1 1 1 918 933 920 903
896 1 1 1 901 918 903 886
897 1 1 1 953 970 983 967
898 1 1 1 970 987 1002 983
899 1 1 1 983 1002 1001 982
900 1 1 1 967 983 982 966
901 1 1 1 987 1004 1019 1002
902 1 1 1 1004 1021 1030 1019
903 1 1 1 1019 1030 1026 1006
904 1 1 1 1002 1019 1006 1001
905 1 1 1 1001 1006 1020 1003
906 1 1 1 1006 1026 1031 1020
907 1 1 1 1020 1031 1023 1007
908 1 1 1 1003 1020 1007 989
909 1 1 1 966 982 985 968
910 1 1 1 982 1001 1003 985
911 1 1 1 985 1003 989 984
912 1 1 1 968 985 984 965
913 1 1 1 965 984 986 969
914 1 1 1 984 989 995 986
915 1 1 1 986 995 991 972
916 1 1 1 969 986 972 957
917 1 1 1 989 1007 1009 995
918 1 1 1 1007 1023 1032 1009
919 1 1 1 1009 1032 1027 1008
920 1 1 1 995 1009 1008 991
921 1 1 1 991 1008 1011 996
922 1 1 1 1008 1027 1033 1011
923 1 1 1 1011 1033 1024 1010
924 1 1 1 996 1011 1010 990
925 1 1 1 957 972 974 960
926 1 1 1 972 991 996 974
927 1 1 1 974 996 990 973
928 1 1 1 960 974 973 955
929 1 1 1 955 973 976 961
930 1 1 1 973 990 997 976
931 1 1 1 976 997 993 975
932 1 1 1 961 976 975 958
933 1 1 1 990 1010 1013 997
934 1 1 1 1010 1024 1034 1013
935 1 1 1 1013 1034 1028 1012
936 1 1 1 997 1013 1012 993
937 1 1 1 993 1012 1015 998
938 1 1 1 1012 1028 1035 1015
939 1 1 1 1015 1035 1025 1014
940 1 1 1 998 1015 1014 992
941 1 1 1 958 975 978 962
942 1 1 1 975 993 998 978
943 1 1 1 978 998 992 977
944 1 1 1 962 978 977 956
945 1 1 1 956 977 980 963
946 1 1 1 977 992 999 980
947 1 1 1 980 999 994 979
948 1 1 1 963 980 979 959
949 1 1 1 992 1014 1017 999
950 1 1 1 1014 1025 1036 1017
951 1 1 1 1017 1036 1029 1016
952 1 1 1 999 1017 1016 994
953 1 1 1 994 1016 1018 1000
954 1 1 1 1016 1029 1037 1018
955 1 1 1 1018 1037 1022 1005
956 1 1 1 1000 1018 1005 988
957 1 1 1 959 979 981 964
958 1 1 1 979 994 1000 981
959 1 1 1 981 1000 988 971
960 1 1 1 964 981 971 954
961 1 1 1 1021 1038 1041 1030
962 1 1 1 1038 1055 1064 1041
963 1 1 1 1041 1064 1058 1040
964 1 1 1 1030 1041 1040 1026
965 1 1 1 1055 1072 1075 1064
966 1 1 1 1072 1089 1098 1075
967 1 1 1 1075 1098 1094 1074
968 1 1 1 1064 1075 1074 1058
969 1 1 1 1058 1074 1077 1065
970 1 1 1 1074 1094 1099 1077
971 1 1 1 1077 1099 1091 1076
972 1 1 1 1065 1077 1076 1057
973 1 1 1 1026 1040 1043 1031
974 1 1 1 1040 1058 1065 1043
975 1 1 1 1043 1065 1057 1042
976 1 1 1 1031 1043 1042 1023
977 1 1 1 1023 1042 1045 1032
978 1 1 1 1042 1057 1066 1045
979 1 1 1 1045 1066 1060 1044
980 1 1 1 1032 1045 1044 1027
981 1 1 1 1057 1076 1079 1066
982 1 1 1 1076 1091 1100 1079
983 1 1 1 1079 1100 1095 1078
984 1 1 1 1066 1079 1078 1060
985 1 1 1 1060 1078 1081 1067
986 1 1 1 1078 1095 1101 1081
987 1 1 1 1081 1101 1092 1080
988 1 1 1 1067 1081 1080 1059
989 1 1 1 1027 1044 1047 1033
990 1 1 1 1044 1060 1067 1047
991 1 1 1 1047 1067 1059 1046
992 1 1 1 1033 1047 1046 1024
993 1 1 1 1024 1046 1049 1034
994 1 1 1 1046 1059 1068 1049
995 1 1 1 1049 1068 1062 1048
996 1 1 1 1034 1049 1048 1028
997 1 1 1 1059 1080 1083 1068
998 1 1 1 1080 1092 1102 1083
999 1 1 1 1083 1102 1096 1082
1000 1 1 1 1068 1083 1082 1062
1001 1 1 1 1062 1082 1085 1069
1002 1 1 1 1082 1096 1103 1085
1003 1 1 1 1085 1103 1093 1084
1004 1 1 1 1069 1085 1084 1061
1005 1 1 1 1028 1048 1051 1035
1006 1 1 1 1048 1062 1069 1051
1007 1 1 1 1051 1069 1061 1050
1008 1 1 1 1035 1051 1050 1025
1009 1 1 1 1025 1050 1053 1036
1010 1 1 1 1050 1061 1070 1053
1011 1 1 1 1053 1070 1063 1052
1012 1 1 1 1036 1053 1052 1029
1013 1 1 1 1061 1084 1087 1070
1014 1 1 1 1084 1093 1104 1087
1015 1 1 1 1087 1104 1097 1086
1016 1 1 1 1070 1087 1086 1063
1017 1 1 1 1063 1086 1088 1071
1018 1 1 1 1086 1097 1105 1088
1019 1 1 1 1088 1105 1090 1073
1020 1 1 1 1071 1088 1073 1056
1021 1 1 1 1029 1052 1054 1037
1022 1 1 1 1052 1063 1071 1054
1023 1 1 1 1054 1071 1056 1039
1024 1 1 1 1037 1054 1039 1022
1025 1 1 1 1089 1106 1109 1098
1026 1 1 1 1106 1123 1132 1109
1027 1 1 1 1109 1132 1126 1108
1028 1 1 1 1098 1109 1108 1094
1029 1 1 1 1123 1140 1143 1132
1030 1 1 1 1140 1157 1166 1143
1031 1 1 1 1143 1166 1162 1142
1032 1 1 1 1132 1143 1142 1126
1033 1 1 1 1126 1142 1145 1133
1034 1 1 1 1142 1162 1167 1145
1035 1 1 1 1145 1167 1159 1144
1036 1 1 1 1133 1145 1144 1125
1037 1 1 1 1094 1108 1111 1099
1038 1 1 1 1108 1126 1133 1111
1039 1 1 1 1111 1133 1125 1110
1040 1 1 1 1099 1111 1110 1091
1041 1 1 1 1091 1110 1113 1100
1042 1 1 1 1110 1125 1134 1113
1043 1 1 1 1113 1134 1128 1112
1044 1 1 1 1100 1113 1112 1095
1045 1 1 1 1125 1144 1147 1134
1046 1 1 1 1144 1159 1168 1147
1047 1 1 1 1147 1168 1163 1146
1048 1 1 1 1134 1147 1146 1128
1049 1 1 1 1128 1146 1149 1135
1050 1 1 1 1146 1163 1169 1149
1051 1 1 1 1149 1169 1160 1148
1052 1 1 1 1135 1149 1148 1127
1053 1 1 1 1095 1112 1115 1101
1054 1 1 1 1112 1128 1135 1115
1055 1 1 1 1115 1135 1127 1114
1056 1 1 1 1101 1115 1114 1092
1057 1 1 1 1092 1114 1117 1102
1058 1 1 1 1114 1127 1136 1117
1059 1 1 1 1117 1136 1130 1116
1060 1 1 1 1102 1117 1116 1096
1061 1 1 1 1127 1148 1151 1136
1062 1 1 1 1148 1160 1170 1151
1063 1 1 1 1151 1170 1164 1150
1064 1 1 1 1136 1151 1150 1130
1065 1 1 1 1130 1150 1153 1137
1066 1 1 1 1150 1164 1171 1153
1067 1 1 1 1153 1171 1161 1152
1068 1 1 1 1137 1153 1152 1129
1069 1 1 1 1096 1116 1119 1103
1070 1 1 1 1116 1130 1137 1119
1071 1 1 1 1119 1137 1129 1118
1072 1 1 1 1103 1119 1118 1093
1073 1 1 1 1093 1118 1121 1104
1074 1 1 1 1118 1129 1138 1121
1075 1 1 1 1121 1138 1131 1120
1076 1 1 1 1104 1121 1120 1097
1077 1 1 1 1129 1152 1155 1138
1078 1 1 1 1152 1161 1172 1155
1079 1 1 1 1155 1172 1165 1154
1080 1 1 1 1138 1155 1154 1131
1081 1 1 1 1131 1154 1156 1139
1082 1 1 1 1154 1165 1173 1156
1083 1 1 1 1156 1173 1158 1141
1084 1 1 1 1139 1156 1141 1124
1085 1 1 1 1097 1120 1122 1105
1086 1 1 1 1120 1131 1139 1122
1087 1 1 1 1122 1139 1124 1107
1088 1 1 1 1105 1122 1107 1090
1089 1 1 1 1157 1174 1177 1166
1090 1 1 1 1174 1191 1200 1177
1091 1 1 1 1177 1200 1194 1176
1092 1 1 1 1166 1177 1176 1162
1093 1 1 1 1191 1208 1211 1200
1094 1 1 1 1208 1225 1234 1211
1095 1 1 1 1211 1234 1230 1210
1096 1 1 1 1200 1211 1210 1194
1097 1 1 1 1194 1210 1213 1201
1098 1 1 1 1210 1230 1235 1213
1099 1 1 1 1213 1235 1227 1212
1100 1 1 1 1201 1213 1212 1193
1101 1 1 1 1162 1176 1179 1167
1102 1 1 1 1176 1194 1201 1179
1103 1 1 1 1179 1201 1193 1178
1104 1 1 1 1167 1179 1178 1159
1105 1 1 1 1159 1178 1181 1168
1106 1 1 1 1178 1193 1202 1181
1107 1 1 1 1181 1202 1196 1180
1108 1 1 1 1168 1181 1180 1163
1109 1 1 1 1193 1212 1215 1202
1110 1 1 1 1212 1227 1236 1215
1111 1 1 1 1215 1236 1231 1214
1112 1 1 1 1202 1215 1214 1196
1113 1 1 1 1196 1214 1217 1203
1114 1 1 1 1214 1231 1237 1217
1115 1 1 1 1217 1237 1228 1216
1116 1 1 1 1203 1217 1216 1195
1117 1 1 1 1163 1180 1183 1169
1118 1 1 1 1180 1196 1203 1183
1119 1 1 1 1183 1203 1195 1182
1120 1 1 1 1169 1183 1182 1160
1121 1 1 1 1160 1182 1185 1170
1122 1 1 1 1182 1195 1204 1185
1123 1 1 1 1185 1204 1198 1184
1124 1 1 1 1170 1185 1184 1164
1125 1 1 1 1195 1216 1219 1204
1126 1 1 1 1216 1228 1238 1219
1127 1 1 1 1219 1238 1232 1218
1128 1 1 1 1204 1219 1218 1198
1129 1 1 1 1198 1218 1221 1205
1130 1 1 1 1218 1232 1239 1221
1131 1 1 1 1221 1239 1229 1220
1132 1 1 1 1205 1221 1220 1197
1133 1 1 1 1164 1184 1187 1171
1134 1 1 1 1184 1198 1205 1187
1135 1 1 1 1187 1205 1197 1186
1136 1 1 1 1171 1187 1186 1161
1137 1 1 1 1161 1186 1189 1172
1138 1 1 1 1186 1197 1206 1189
1139 1 1 1 1189 1206 1199 1188
1140 1 1 1 1172 1189 1188 1165
1141 1 1 1 1197 1220 1223 1206
1142 1 1 1 1220 1229 1240 1223
1143 1 1 1 1223 1240 1233 1222
1144 1 1 1 1206 1223 1222 1199
1145 1 1 1 1199 1222 1224 1207
1146 1 1 1 1222 1233 1241 1224
1147 1 1 1 1224 1241 1226 1209
1148 1 1 1 1207 1224 1209 1192
1149 1 1 1 1165 1188 1190 1173
1150 1 1 1 1188 1199 1207 1190
1151 1 1 1 1190 1207 1192 1175
1152 1 1 1 1173 1190 1175 1158
1153 1 1 1 1225 1242 1245 1234
1154 1 1 1 1242 1259 1268 1245
1155 1 1 1 1245 1268 1262 1244
1156 1 1 1 1234 1245 1244 1230
1157 1 1 1 1259 1276 1279 1268
1158 1 1 1 1276 1293 1302 1279
1159 1 1 1 1279 1302 1298 1278
1160 1 1 1 1268 1279 1278 1262
1161 1 1 1 1262 1278 1281 1269
1162 1 1 1 1278 1298 1303 1281
1163 1 1 1 1281 1303 1295 1280
1164 1 1 1 1269 1281 1280 1261
1165 1 1 1 1230 1244 1247 1235
1166 1 1 1 1244 1262 1269 1247
1167 1 1 1 1247 1269 1261 1246
1168 1 1 1 1235 1247 1246 1227
1169 1 1 1 1227 1246 1249 1236
1170 1 1 1 1246 1261 1270 1249
1171 1 1 1 1249 1270 1264 1248
1172 1 1 1 1236 1249 1248 1231
1173 1 1 1 1261 1280 1283 1270
1174 1 1 1 1280 1295 1304 1283
1175 1 1 1 1283 1304 1299 1282
1176 1 1 1 1270 1283 1282 1264
1177 1 1 1 1264 1282 1285 1271
1178 1 1 1 1282 1299 1305 1285
1179 1 1 1 1285 1305 1296 1284
1180 1 1 1 1271 1285 1284 1263
1181 1 1 1 1231 1248 1251 1237
1182 1 1 1 1248 1264 1271 1251
1183 1 1 1 1251 1271 1263 1250
1184 1 1 1 1237 1251 1250 1228
1185 1 1 1 1228 1250 1253 1238
1186 1 1 1 1250 1263 1272 1253
1187 1 1 1 1253 1272 1266 1252
1188 1 1 1 1238 1253 1252 1232
1189 1 1 1 1263 1284 1287 1272
1190 1 1 1 1284 1296 1306 1287
1191 1 1 1 1287 1306 1300 1286
1192 1 1 1 1272 1287 1286 1266
1193 1 1 1 1266 1286 1289 1273
1194 1 1 1 1286 1300 1307 1289
1195 1 1 1 1289 1307 1297 1288
1196 1 1 1 1273 1289 1288 1265
1197 1 1 1 1232 1252 1255 1239
1198 1 1 1 1252 1266 1273 1255
1199 1 1 1 1255 1273 1265 1254
1200 1 1 1 1239 1255 1254 1229
1201 1 1 1 1229 1254 1257 1240
1202 1 1 1 1254 1265 1274 1257
1203 1 1 1 1257 1274 1267 1256
1204 1 1 1 1240 1257 1256 1233
1205 1 1 1 1265 1288 1291 1274
1206 1 1 1 1288 1297 1308 1291
1207 1 1 1 1291 1308 1301 1290
1208 1 1 1 1274 1291 1290 1267
1209 1 1 1 1267 1290 1292 1275
1210 1 1 1 1290 1301 1309 1292
1211 1 1 1 1292 1309 1294 1277
1212 1 1 1 1275 1292 1277 1260
1213 1 1 1 1233 1256 1258 1241
1214 1 1 1 1256 1267 1275 1258
1215 1 1 1 1258 1275 1260 1243
1216 1 1 1 1241 1258 1243 1226
1217 1 1 1 1293 1310 1313 1302
1218 1 1 1 1310 1327 1336 1313
1219 1 1 1 1313 1336 1330 1312
1220 1 1 1 1302 1313 1312 1298
1221 1 1 1 1327 1344 1347 1336
1222 1 1 1 1344 1361 1363 1347
1223 1 1 1 1347 1363 1364 1346
1224 1 1 1 1336 1347 1346 1330
1225 1 1 1 1330 1346 1349 1337
1226 1 1 1 1346 1364 1365 1349
1227 1 1 1 1349 1365 1366 1348
1228 1 1 1 1337 1349 1348 1329
1229 1 1 1 1298 1312 1315 1303
1230 1 1 1 1312 1330 1337 1315
1231 1 1 1 1315 1337 1329 1314
1232 1 1 1 1303 1315 1314 1295
1233 1 1 1 1295 1314 1317 1304
1234 1 1 1 1314 1329 1338 1317
1235 1 1 1 1317 1338 1332 1316
1236 1 1 1 1304 1317 1316 1299
1237 1 1 1 1329 1348 1351 1338
1238 1 1 1 1348 1366 1367 1351
1239 1 1 1 1351 1367 1368 1350
1240 1 1 1 1338 1351 1350 1332
1241 1 1 1 1332 1350 1353 1339
1242 1 1 1 1350 1368 1369 1353
1243 1 1 1 1353 1369 1370 1352
1244 1 1 1 1339 1353 1352 1331
1245 1 1 1 1299 1316 1319 1305
1246 1 1 1 1316 1332 1339 1319
1247 1 1 1 1319 1339 1331 1318
1248 1 1 1 1305 1319 1318 1296
1249 1 1 1 1296 1318 1321 1306
1250 1 1 1 1318 1331 1340 1321
1251 1 1 1 1321 1340 1334 1320
1252 1 1 1 1306 1321 1320 1300
1253 1 1 1 1331 1352 1355 1340
1254 1 1 1 1352 1370 1371 1355
1255 1 1 1 1355 1371 1372 1354
1256 1 1 1 1340 1355 1354 1334
1257 1 1 1 1334 1354 1357 1341
1258 1 1 1 1354 1372 1373 1357
1259 1 1 1 1357 1373 1374 1356
1260 1 1 1 1341 1357 1356 1333
1261 1 1 1 1300 1320 1323 1307
1262 1 1 1 1320 1334 1341 1323
1263 1 1 1 1323 1341 1333 1322
1264 1 1 1 1307 1323 1322 1297
1265 1 1 1 1297 1322 1325 1308
1266 1 1 1 1322 1333 1342 1325
1267 1 1 1 1325 1342 1335 1324
1268 1 1 1 1308 1325 1324 1301
1269 1 1 1 1333 1356 1359 1342
1270 1 1 1 1356 1374 1375 1359
1271 1 1 1 1359 1375 1376 1358
1272 1 1 1 1342 1359 1358 1335
1273 1 1 1 1335 1358 1360 1343
1274 1 1 1 1358 1376 1377 1360
1275 1 1 1 1360 1377 1362 1345
1276 1 1 1 1343 1360 1345 1328
1277 1 1 1 1301 1324 1326 1309
1278 1 1 1 1324 1335 1343 1326
1279 1 1 1 1326 1343 1328 1311
1280 1 1 1 1309 1326 1311 1294
