1 0 0 0
2 0 1 0
3 0 0.9375 0
4 0 0.875 0
5 0 0.8125 0
6 0 0.75 0
7 0 0.6875 0
8 0 0.625 0
9 0 0.5625 0
10 0 0.5 0
11 0 0.4375 0
12 0 0.375 0
13 0 0.3125 0
14 0 0.25 0
15 0 0.1875 0
16 0 0.125 0
17 0 0.0625 0
18 0.0625 0 0
19 0.0625 1 0
20 0.0625 0.125 0
21 0.0625 0.0625 0
22 0.0625 0.25 0
23 0.0625 0.1875 0
24 0.0625 0.375 0
25 0.0625 0.3125 0
26 0.0625 0.5 0
27 0.0625 0.4375 0
28 0.0625 0.625 0
29 0.0625 0.5625 0
30 0.0625 0.75 0
31 0.0625 0.6875 0
32 0.0625 0.875 0
33 0.0625 0.8125 0
34 0.0625 0.9375 0
35 0.125 0 0
36 0.125 1 0
37 0.125 0.25 0
38 0.125 0.125 0
39 0.125 0.5 0
40 0.125 0.375 0
41 0.125 0.75 0
42 0.125 0.625 0
43 0.125 0.875 0
44 0.125 0.0625 0
45 0.125 0.1875 0
46 0.125 0.3125 0
47 0.125 0.4375 0
48 0.125 0.5625 0
49 0.125 0.6875 0
50 0.125 0.8125 0
51 0.125 0.9375 0
52 0.1875 0 0
53 0.1875 1 0
54 0.1875 0.125 0
55 0.1875 0.0625 0
56 0.1875 0.25 0
57 0.1875 0.1875 0
58 0.1875 0.375 0
59 0.1875 0.3125 0
60 0.1875 0.5 0
61 0.1875 0.4375 0
62 0.1875 0.625 0
63 0.1875 0.5625 0
64 0.1875 0.75 0
65 0.1875 0.6875 0
66 0.1875 0.875 0
67 0.1875 0.8125 0
68 0.1875 0.9375 0
69 0.25 0 0
70 0.25 1 0
71 0.25 0.25 0
72 0.25 0.5 0
73 0.25 0.75 0
74 0.25 0.125 0
75 0.25 0.375 0
76 0.25 0.625 0
77 0.25 0.875 0
78 0.25 0.0625 0
79 0.25 0.1875 0
80 0.25 0.3125 0
81 0.25 0.4375 0
82 0.25 0.5625 0
83 0.25 0.6875 0
84 0.25 0.8125 0
85 0.25 0.9375 0
86 0.3125 0 0
87 0.3125 1 0
88 0.3125 0.125 0
89 0.3125 0.0625 0
90 0.3125 0.25 0
91 0.3125 0.1875 0
92 0.3125 0.375 0
93 0.3125 0.3125 0
94 0.3125 0.5 0
95 0.3125 0.4375 0
96 0.3125 0.625 0
97 0.3125 0.5625 0
98 0.3125 0.75 0
99 0.3125 0.6875 0
100 0.3125 0.875 0
101 0.3125 0.8125 0
102 0.3125 0.9375 0
103 0.375 0 0
104 0.375 1 0
105 0.375 0.25 0
106 0.375 0.125 0
107 0.375 0.5 0
108 0.375 0.375 0
109 0.375 0.75 0
110 0.375 0.625 0
111 0.375 0.875 0
112 0.375 0.0625 0
113 0.375 0.1875 0
114 0.375 0.3125 0
115 0.375 0.4375 0
116 0.375 0.5625 0
117 0.375 0.6875 0
118 0.375 0.8125 0
119 0.375 0.9375 0
120 0.4375 0 0
121 0.4375 1 0
122 0.4375 0.125 0
123 0.4375 0.0625 0
124 0.4375 0.25 0
125 0.4375 0.1875 0
126 0.4375 0.375 0
127 0.4375 0.3125 0
128 0.4375 0.5 0
129 0.4375 0.4375 0
130 0.4375 0.625 0
131 0.4375 0.5625 0
132 0.4375 0.75 0
133 0.4375 0.6875 0
134 0.4375 0.875 0
135 0.4375 0.8125 0
136 0.4375 0.9375 0
137 0.5 0 0
138 0.5 1 0
139 0.5 0.25 0
140 0.5 0.5 0
141 0.5 0.75 0
142 0.5 0.125 0
143 0.5 0.375 0
144 0.5 0.625 0
145 0.5 0.875 0
146 0.5 0.0625 0
147 0.5 0.1875 0
148 0.5 0.3125 0
149 0.5 0.4375 0
150 0.5 0.5625 0
151 0.5 0.6875 0
152 0.5 0.8125 0
153 0.5 0.9375 0
154 0.5625 0 0
155 0.5625 1 0
156 0.5625 0.125 0
157 0.5625 0.0625 0
158 0.5625 0.25 0
159 0.5625 0.1875 0
160 0.5625 0.375 0
161 0.5625 0.3125 0
162 0.5625 0.5 0
163 0.5625 0.4375 0
164 0.5625 0.625 0
165 0.5625 0.5625 0
166 0.5625 0.75 0
167 0.5625 0.6875 0
168 0.5625 0.875 0
169 0.5625 0.8125 0
170 0.5625 0.9375 0
171 0.625 0 0
172 0.625 1 0
173 0.625 0.25 0
174 0.625 0.125 0
175 0.625 0.5 0
176 0.625 0.375 0
177 0.625 0.75 0
178 0.625 0.625 0
179 0.625 0.875 0
180 0.625 0.0625 0
181 0.625 0.1875 0
182 0.625 0.3125 0
183 0.625 0.4375 0
184 0.625 0.5625 0
185 0.625 0.6875 0
186 0.625 0.8125 0
187 0.625 0.9375 0
188 0.6875 0 0
189 0.6875 1 0
190 0.6875 0.125 0
191 0.6875 0.0625 0
192 0.6875 0.25 0
193 0.6875 0.1875 0
194 0.6875 0.375 0
195 0.6875 0.3125 0
196 0.6875 0.5 0
197 0.6875 0.4375 0
198 0.6875 0.625 0
199 0.6875 0.5625 0
200 0.6875 0.75 0
201 0.6875 0.6875 0
202 0.6875 0.875 0
203 0.6875 0.8125 0
204 0.6875 0.9375 0
205 0.75 1 0
206 0.75 0.25 0
207 0.75 0.5 0
208 0.75 0.75 0
209 0.75 0.125 0
210 0.75 0.375 0
211 0.75 0.625 0
212 0.75 0.875 0
213 0.75 0.0625 0
214 0.75 0.1875 0
215 0.75 0.3125 0
216 0.75 0.4375 0
217 0.75 0.5625 0
218 0.75 0.6875 0
219 0.75 0.8125 0
220 0.75 0.9375 0
221 0.75 0 0
222 0.8125 1 0
223 0.8125 0.125 0
224 0.8125 0.0625 0
225 0.8125 0.25 0
226 0.8125 0.1875 0
227 0.8125 0.375 0
228 0.8125 0.3125 0
229 0.8125 0.5 0
230 0.8125 0.4375 0
231 0.8125 0.625 0
232 0.8125 0.5625 0
233 0.8125 0.75 0
234 0.8125 0.6875 0
235 0.8125 0.875 0
236 0.8125 0.8125 0
237 0.8125 0.9375 0
238 0.8125 0 0
239 0.875 0 0
240 0.875 1 0
241 0.875 0.25 0
242 0.875 0.125 0
243 0.875 0.5 0
244 0.875 0.375 0
245 0.875 0.75 0
246 0.875 0.625 0
247 0.875 0.875 0
248 0.875 0.0625 0
249 0.875 0.1875 0
250 0.875 0.3125 0
251 0.875 0.4375 0
252 0.875 0.5625 0
253 0.875 0.6875 0
254 0.875 0.8125 0
255 0.875 0.9375 0
256 0.9375 0 0
257 0.9375 1 0
258 0.9375 0.125 0
259 0.9375 0.0625 0
260 0.9375 0.25 0
261 0.9375 0.1875 0
262 0.9375 0.375 0
263 0.9375 0.3125 0
264 0.9375 0.5 0
265 0.9375 0.4375 0
266 0.9375 0.625 0
267 0.9375 0.5625 0
268 0.9375 0.75 0
269 0.9375 0.6875 0
270 0.9375 0.875 0
271 0.9375 0.8125 0
272 0.9375 0.9375 0
273 1 0 0
274 1 1 0
275 1 0.25 0
276 1 0.5 0
277 1 0.75 0
278 1 0.125 0
279 1 0.375 0
280 1 0.625 0
281 1 0.875 0
282 1 0.0625 0
283 1 0.1875 0
284 1 0.3125 0
285 1 0.4375 0
286 1 0.5625 0
287 1 0.6875 0
288 1 0.8125 0
289 1 0.9375 0
290 1.0625 0 0
291 1.0625 1 0
292 1.0625 0.125 0
293 1.0625 0.0625 0
294 1.0625 0.25 0
295 1.0625 0.1875 0
296 1.0625 0.375 0
297 1.0625 0.3125 0
298 1.0625 0.5 0
299 1.0625 0.4375 0
300 1.0625 0.625 0
301 1.0625 0.5625 0
302 1.0625 0.75 0
303 1.0625 0.6875 0
304 1.0625 0.875 0
305 1.0625 0.8125 0
306 1.0625 0.9375 0
307 1.125 0 0
308 1.125 1 0
309 1.125 0.25 0
310 1.125 0.125 0
311 1.125 0.5 0
312 1.125 0.375 0
313 1.125 0.75 0
314 1.125 0.625 0
315 1.125 0.875 0
316 1.125 0.0625 0
317 1.125 0.1875 0
318 1.125 0.3125 0
319 1.125 0.4375 0
320 1.125 0.5625 0
321 1.125 0.6875 0
322 1.125 0.8125 0
323 1.125 0.9375 0
324 1.1875 0 0
325 1.1875 1 0
326 1.1875 0.125 0
327 1.1875 0.0625 0
328 1.1875 0.25 0
329 1.1875 0.1875 0
330 1.1875 0.375 0
331 1.1875 0.3125 0
332 1.1875 0.5 0
333 1.1875 0.4375 0
334 1.1875 0.625 0
335 1.1875 0.5625 0
336 1.1875 0.75 0
337 1.1875 0.6875 0
338 1.1875 0.875 0
339 1.1875 0.8125 0
340 1.1875 0.9375 0
341 1.25 0 0
342 1.25 1 0
343 1.25 0.25 0
344 1.25 0.5 0
345 1.25 0.75 0
346 1.25 0.125 0
347 1.25 0.375 0
348 1.25 0.625 0
349 1.25 0.875 0
350 1.25 0.0625 0
351 1.25 0.1875 0
352 1.25 0.3125 0
353 1.25 0.4375 0
354 1.25 0.5625 0
355 1.25 0.6875 0
356 1.25 0.8125 0
357 1.25 0.9375 0
358 1.3125 0 0
359 1.3125 1 0
360 1.3125 0.125 0
361 1.3125 0.0625 0
362 1.3125 0.25 0
363 1.3125 0.1875 0
364 1.3125 0.375 0
365 1.3125 0.3125 0
366 1.3125 0.5 0
367 1.3125 0.4375 0
368 1.3125 0.625 0
369 1.3125 0.5625 0
370 1.3125 0.75 0
371 1.3125 0.6875 0
372 1.3125 0.875 0
373 1.3125 0.8125 0
374 1.3125 0.9375 0
375 1.375 0 0
376 1.375 1 0
377 1.375 0.25 0
378 1.375 0.125 0
379 1.375 0.5 0
380 1.375 0.375 0
381 1.375 0.75 0
382 1.375 0.625 0
383 1.375 0.875 0
384 1.375 0.0625 0
385 1.375 0.1875 0
386 1.375 0.3125 0
387 1.375 0.4375 0
388 1.375 0.5625 0
389 1.375 0.6875 0
390 1.375 0.8125 0
391 1.375 0.9375 0
392 1.4375 0 0
393 1.4375 1 0
394 1.4375 0.125 0
395 1.4375 0.0625 0
396 1.4375 0.25 0
397 1.4375 0.1875 0
398 1.4375 0.375 0
399 1.4375 0.3125 0
400 1.4375 0.5 0
401 1.4375 0.4375 0
402 1.4375 0.625 0
403 1.4375 0.5625 0
404 1.4375 0.75 0
405 1.4375 0.6875 0
406 1.4375 0.875 0
407 1.4375 0.8125 0
408 1.4375 0.9375 0
409 1.5 0 0
410 1.5 1 0
411 1.5 0.25 0
412 1.5 0.5 0
413 1.5 0.75 0
414 1.5 0.125 0
415 1.5 0.375 0
416 1.5 0.625 0
417 1.5 0.875 0
418 1.5 0.0625 0
419 1.5 0.1875 0
420 1.5 0.3125 0
421 1.5 0.4375 0
422 1.5 0.5625 0
423 1.5 0.6875 0
424 1.5 0.8125 0
425 1.5 0.9375 0
426 1.5625 0 0
427 1.5625 1 0
428 1.5625 0.125 0
429 1.5625 0.0625 0
430 1.5625 0.25 0
431 1.5625 0.1875 0
432 1.5625 0.375 0
433 1.5625 0.3125 0
434 1.5625 0.5 0
435 1.5625 0.4375 0
436 1.5625 0.625 0
437 1.5625 0.5625 0
438 1.5625 0.75 0
439 1.5625 0.6875 0
440 1.5625 0.875 0
441 1.5625 0.8125 0
442 1.5625 0.9375 0
443 1.625 0 0
444 1.625 1 0
445 1.625 0.25 0
446 1.625 0.125 0
447 1.625 0.5 0
448 1.625 0.375 0
449 1.625 0.75 0
450 1.625 0.625 0
451 1.625 0.875 0
452 1.625 0.0625 0
453 1.625 0.1875 0
454 1.625 0.3125 0
455 1.625 0.4375 0
456 1.625 0.5625 0
457 1.625 0.6875 0
458 1.625 0.8125 0
459 1.625 0.9375 0
460 1.6875 0 0
461 1.6875 1 0
462 1.6875 0.125 0
463 1.6875 0.0625 0
464 1.6875 0.25 0
465 1.6875 0.1875 0
466 1.6875 0.375 0
467 1.6875 0.3125 0
468 1.6875 0.5 0
469 1.6875 0.4375 0
470 1.6875 0.625 0
471 1.6875 0.5625 0
472 1.6875 0.75 0
473 1.6875 0.6875 0
474 1.6875 0.875 0
475 1.6875 0.8125 0
476 1.6875 0.9375 0
477 1.75 0 0
478 1.75 1 0
479 1.75 0.25 0
480 1.75 0.5 0
481 1.75 0.75 0
482 1.75 0.125 0
483 1.75 0.375 0
484 1.75 0.625 0
485 1.75 0.875 0
486 1.75 0.0625 0
487 1.75 0.1875 0
488 1.75 0.3125 0
489 1.75 0.4375 0
490 1.75 0.5625 0
491 1.75 0.6875 0
492 1.75 0.8125 0
493 1.75 0.9375 0
494 1.8125 0 0
495 1.8125 1 0
496 1.8125 0.125 0
497 1.8125 0.0625 0
498 1.8125 0.25 0
499 1.8125 0.1875 0
500 1.8125 0.375 0
501 1.8125 0.3125 0
502 1.8125 0.5 0
503 1.8125 0.4375 0
504 1.8125 0.625 0
505 1.8125 0.5625 0
506 1.8125 0.75 0
507 1.8125 0.6875 0
508 1.8125 0.875 0
509 1.8125 0.8125 0
510 1.8125 0.9375 0
511 1.875 0 0
512 1.875 1 0
513 1.875 0.25 0
514 1.875 0.125 0
515 1.875 0.5 0
516 1.875 0.375 0
517 1.875 0.75 0
518 1.875 0.625 0
519 1.875 0.875 0
520 1.875 0.0625 0
521 1.875 0.1875 0
522 1.875 0.3125 0
523 1.875 0.4375 0
524 1.875 0.5625 0
525 1.875 0.6875 0
526 1.875 0.8125 0
527 1.875 0.9375 0
528 1.9375 0 0
529 1.9375 1 0
530 1.9375 0.125 0
531 1.9375 0.0625 0
532 1.9375 0.25 0
533 1.9375 0.1875 0
534 1.9375 0.375 0
535 1.9375 0.3125 0
536 1.9375 0.5 0
537 1.9375 0.4375 0
538 1.9375 0.625 0
539 1.9375 0.5625 0
540 1.9375 0.75 0
541 1.9375 0.6875 0
542 1.9375 0.875 0
543 1.9375 0.8125 0
544 1.9375 0.9375 0
545 2 0 0
546 2 1 0
547 2 0.25 0
548 2 0.5 0
549 2 0.75 0
550 2 0.125 0
551 2 0.375 0
552 2 0.625 0
553 2 0.875 0
554 2 0.0625 0
555 2 0.1875 0
556 2 0.3125 0
557 2 0.4375 0
558 2 0.5625 0
559 2 0.6875 0
560 2 0.8125 0
561 2 0.9375 0
562 2.0625 0 0
563 2.0625 1 0
564 2.0625 0.125 0
565 2.0625 0.0625 0
566 2.0625 0.25 0
567 2.0625 0.1875 0
568 2.0625 0.375 0
569 2.0625 0.3125 0
570 2.0625 0.5 0
571 2.0625 0.4375 0
572 2.0625 0.625 0
573 2.0625 0.5625 0
574 2.0625 0.75 0
575 2.0625 0.6875 0
576 2.0625 0.875 0
577 2.0625 0.8125 0
578 2.0625 0.9375 0
579 2.125 0 0
580 2.125 1 0
581 2.125 0.25 0
582 2.125 0.125 0
583 2.125 0.5 0
584 2.125 0.375 0
585 2.125 0.75 0
586 2.125 0.625 0
587 2.125 0.875 0
588 2.125 0.0625 0
589 2.125 0.1875 0
590 2.125 0.3125 0
591 2.125 0.4375 0
592 2.125 0.5625 0
593 2.125 0.6875 0
594 2.125 0.8125 0
595 2.125 0.9375 0
596 2.1875 0 0
597 2.1875 1 0
598 2.1875 0.125 0
599 2.1875 0.0625 0
600 2.1875 0.25 0
601 2.1875 0.1875 0
602 2.1875 0.375 0
603 2.1875 0.3125 0
604 2.1875 0.5 0
605 2.1875 0.4375 0
606 2.1875 0.625 0
607 2.1875 0.5625 0
608 2.1875 0.75 0
609 2.1875 0.6875 0
610 2.1875 0.875 0
611 2.1875 0.8125 0
612 2.1875 0.9375 0
613 2.25 0 0
614 2.25 1 0
615 2.25 0.25 0
616 2.25 0.5 0
617 2.25 0.75 0
618 2.25 0.125 0
619 2.25 0.375 0
620 2.25 0.625 0
621 2.25 0.875 0
622 2.25 0.0625 0
623 2.25 0.1875 0
624 2.25 0.3125 0
625 2.25 0.4375 0
626 2.25 0.5625 0
627 2.25 0.6875 0
628 2.25 0.8125 0
629 2.25 0.9375 0
630 2.3125 0 0
631 2.3125 1 0
632 2.3125 0.125 0
633 2.3125 0.0625 0
634 2.3125 0.25 0
635 2.3125 0.1875 0
636 2.3125 0.375 0
637 2.3125 0.3125 0
638 2.3125 0.5 0
639 2.3125 0.4375 0
640 2.3125 0.625 0
641 2.3125 0.5625 0
642 2.3125 0.75 0
643 2.3125 0.6875 0
644 2.3125 0.875 0
645 2.3125 0.8125 0
646 2.3125 0.9375 0
647 2.375 0 0
648 2.375 1 0
649 2.375 0.25 0
650 2.375 0.125 0
651 2.375 0.5 0
652 2.375 0.375 0
653 2.375 0.75 0
654 2.375 0.625 0
655 2.375 0.875 0
656 2.375 0.0625 0
657 2.375 0.1875 0
658 2.375 0.3125 0
659 2.375 0.4375 0
660 2.375 0.5625 0
661 2.375 0.6875 0
662 2.375 0.8125 0
663 2.375 0.9375 0
664 2.4375 0 0
665 2.4375 1 0
666 2.4375 0.125 0
667 2.4375 0.0625 0
668 2.4375 0.25 0
669 2.4375 0.1875 0
670 2.4375 0.375 0
671 2.4375 0.3125 0
672 2.4375 0.5 0
673 2.4375 0.4375 0
674 2.4375 0.625 0
675 2.4375 0.5625 0
676 2.4375 0.75 0
677 2.4375 0.6875 0
678 2.4375 0.875 0
679 2.4375 0.8125 0
680 2.4375 0.9375 0
681 2.5 0 0
682 2.5 1 0
683 2.5 0.25 0
684 2.5 0.5 0
685 2.5 0.75 0
686 2.5 0.125 0
687 2.5 0.375 0
688 2.5 0.625 0
689 2.5 0.875 0
690 2.5 0.0625 0
691 2.5 0.1875 0
692 2.5 0.3125 0
693 2.5 0.4375 0
694 2.5 0.5625 0
695 2.5 0.6875 0
696 2.5 0.8125 0
697 2.5 0.9375 0
698 2.5625 0 0
699 2.5625 1 0
700 2.5625 0.125 0
701 2.5625 0.0625 0
702 2.5625 0.25 0
703 2.5625 0.1875 0
704 2.5625 0.375 0
705 2.5625 0.3125 0
706 2.5625 0.5 0
707 2.5625 0.4375 0
708 2.5625 0.625 0
709 2.5625 0.5625 0
710 2.5625 0.75 0
711 2.5625 0.6875 0
712 2.5625 0.875 0
713 2.5625 0.8125 0
714 2.5625 0.9375 0
715 2.625 0 0
716 2.625 1 0
717 2.625 0.25 0
718 2.625 0.125 0
719 2.625 0.5 0
720 2.625 0.375 0
721 2.625 0.75 0
722 2.625 0.625 0
723 2.625 0.875 0
724 2.625 0.0625 0
725 2.625 0.1875 0
726 2.625 0.3125 0
727 2.625 0.4375 0
728 2.625 0.5625 0
729 2.625 0.6875 0
730 2.625 0.8125 0
731 2.625 0.9375 0
732 2.6875 0 0
733 2.6875 1 0
734 2.6875 0.125 0
735 2.6875 0.0625 0
736 2.6875 0.25 0
737 2.6875 0.1875 0
738 2.6875 0.375 0
739 2.6875 0.3125 0
740 2.6875 0.5 0
741 2.6875 0.4375 0
742 2.6875 0.625 0
743 2.6875 0.5625 0
744 2.6875 0.75 0
745 2.6875 0.6875 0
746 2.6875 0.875 0
747 2.6875 0.8125 0
748 2.6875 0.9375 0
749 2.75 0 0
750 2.75 1 0
751 2.75 0.25 0
752 2.75 0.5 0
753 2.75 0.75 0
754 2.75 0.125 0
755 2.75 0.375 0
756 2.75 0.625 0
757 2.75 0.875 0
758 2.75 0.0625 0
759 2.75 0.1875 0
760 2.75 0.3125 0
761 2.75 0.4375 0
762 2.75 0.5625 0
763 2.75 0.6875 0
764 2.75 0.8125 0
765 2.75 0.9375 0
766 2.8125 0 0
767 2.8125 1 0
768 2.8125 0.125 0
769 2.8125 0.0625 0
770 2.8125 0.25 0
771 2.8125 0.1875 0
772 2.8125 0.375 0
773 2.8125 0.3125 0
774 2.8125 0.5 0
775 2.8125 0.4375 0
776 2.8125 0.625 0
777 2.8125 0.5625 0
778 2.8125 0.75 0
779 2.8125 0.6875 0
780 2.8125 0.875 0
781 2.8125 0.8125 0
782 2.8125 0.9375 0
783 2.875 0 0
784 2.875 1 0
785 2.875 0.25 0
786 2.875 0.125 0
787 2.875 0.5 0
788 2.875 0.375 0
789 2.875 0.75 0
790 2.875 0.625 0
791 2.875 0.875 0
792 2.875 0.0625 0
793 2.875 0.1875 0
794 2.875 0.3125 0
795 2.875 0.4375 0
796 2.875 0.5625 0
797 2.875 0.6875 0
798 2.875 0.8125 0
799 2.875 0.9375 0
800 2.9375 0 0
801 2.9375 1 0
802 2.9375 0.125 0
803 2.9375 0.0625 0
804 2.9375 0.25 0
805 2.9375 0.1875 0
806 2.9375 0.375 0
807 2.9375 0.3125 0
808 2.9375 0.5 0
809 2.9375 0.4375 0
810 2.9375 0.625 0
811 2.9375 0.5625 0
812 2.9375 0.75 0
813 2.9375 0.6875 0
814 2.9375 0.875 0
815 2.9375 0.8125 0
816 2.9375 0.9375 0
817 3 0 0
818 3 1 0
819 3 0.25 0
820 3 0.5 0
821 3 0.75 0
822 3 0.125 0
823 3 0.375 0
824 3 0.625 0
825 3 0.875 0
826 3 0.0625 0
827 3 0.1875 0
828 3 0.3125 0
829 3 0.4375 0
830 3 0.5625 0
831 3 0.6875 0
832 3 0.8125 0
833 3 0.9375 0
834 3.0625 0 0
835 3.0625 1 0
836 3.0625 0.125 0
837 3.0625 0.0625 0
838 3.0625 0.25 0
839 3.0625 0.1875 0
840 3.0625 0.375 0
841 3.0625 0.3125 0
842 3.0625 0.5 0
843 3.0625 0.4375 0
844 3.0625 0.625 0
845 3.0625 0.5625 0
846 3.0625 0.75 0
847 3.0625 0.6875 0
848 3.0625 0.875 0
849 3.0625 0.8125 0
850 3.0625 0.9375 0
851 3.125 0 0
852 3.125 1 0
853 3.125 0.25 0
854 3.125 0.125 0
855 3.125 0.5 0
856 3.125 0.375 0
857 3.125 0.75 0
858 3.125 0.625 0
859 3.125 0.875 0
860 3.125 0.0625 0
861 3.125 0.1875 0
862 3.125 0.3125 0
863 3.125 0.4375 0
864 3.125 0.5625 0
865 3.125 0.6875 0
866 3.125 0.8125 0
867 3.125 0.9375 0
868 3.1875 0 0
869 3.1875 1 0
870 3.1875 0.125 0
871 3.1875 0.0625 0
872 3.1875 0.25 0
873 3.1875 0.1875 0
874 3.1875 0.375 0
875 3.1875 0.3125 0
876 3.1875 0.5 0
877 3.1875 0.4375 0
878 3.1875 0.625 0
879 3.1875 0.5625 0
880 3.1875 0.75 0
881 3.1875 0.6875 0
882 3.1875 0.875 0
883 3.1875 0.8125 0
884 3.1875 0.9375 0
885 3.25 0 0
886 3.25 1 0
887 3.25 0.25 0
888 3.25 0.5 0
889 3.25 0.75 0
890 3.25 0.125 0
891 3.25 0.375 0
892 3.25 0.625 0
893 3.25 0.875 0
894 3.25 0.0625 0
895 3.25 0.1875 0
896 3.25 0.3125 0
897 3.25 0.4375 0
898 3.25 0.5625 0
899 3.25 0.6875 0
900 3.25 0.8125 0
901 3.25 0.9375 0
902 3.3125 0 0
903 3.3125 1 0
904 3.3125 0.125 0
905 3.3125 0.0625 0
906 3.3125 0.25 0
907 3.3125 0.1875 0
908 3.3125 0.375 0
909 3.3125 0.3125 0
910 3.3125 0.5 0
911 3.3125 0.4375 0
912 3.3125 0.625 0
913 3.3125 0.5625 0
914 3.3125 0.75 0
915 3.3125 0.6875 0
916 3.3125 0.875 0
917 3.3125 0.8125 0
918 3.3125 0.9375 0
919 3.375 0 0
920 3.375 1 0
921 3.375 0.25 0
922 3.375 0.5 0
923 3.375 0.375 0
924 3.375 0.75 0
925 3.375 0.625 0
926 3.375 0.875 0
927 3.375 0.0625 0
928 3.375 0.3125 0
929 3.375 0.4375 0
930 3.375 0.5625 0
931 3.375 0.6875 0
932 3.375 0.8125 0
933 3.375 0.9375 0
934 3.375 0.125 0
935 3.375 0.1875 0
936 3.4375 0 0
937 3.4375 1 0
938 3.4375 0.375 0
939 3.4375 0.5 0
940 3.4375 0.4375 0
941 3.4375 0.625 0
942 3.4375 0.5625 0
943 3.4375 0.75 0
944 3.4375 0.6875 0
945 3.4375 0.875 0
946 3.4375 0.8125 0
947 3.4375 0.9375 0
948 3.4375 0.125 0
949 3.4375 0.0625 0
950 3.4375 0.25 0
951 3.4375 0.1875 0
952 3.4375 0.3125 0
953 3.5 0 0
954 3.5 1 0
955 3.5 0.5 0
956 3.5 0.75 0
957 3.5 0.375 0
958 3.5 0.625 0
959 3.5 0.875 0
960 3.5 0.4375 0
961 3.5 0.5625 0
962 3.5 0.6875 0
963 3.5 0.8125 0
964 3.5 0.9375 0
965 3.5 0.25 0
966 3.5 0.125 0
967 3.5 0.0625 0
968 3.5 0.1875 0
969 3.5 0.3125 0
970 3.5625 0 0
971 3.5625 1 0
972 3.5625 0.375 0
973 3.5625 0.5 0
974 3.5625 0.4375 0
975 3.5625 0.625 0
976 3.5625 0.5625 0
977 3.5625 0.75 0
978 3.5625 0.6875 0
979 3.5625 0.875 0
980 3.5625 0.8125 0
981 3.5625 0.9375 0
982 3.5625 0.125 0
983 3.5625 0.0625 0
984 3.5625 0.25 0
985 3.5625 0.1875 0
986 3.5625 0.3125 0
987 3.625 0 0
988 3.625 1 0
989 3.625 0.25 0
990 3.625 0.5 0
991 3.625 0.375 0
992 3.625 0.75 0
993 3.625 0.625 0
994 3.625 0.875 0
995 3.625 0.3125 0
996 3.625 0.4375 0
997 3.625 0.5625 0
998 3.625 0.6875 0
999 3.625 0.8125 0
1000 3.625 0.9375 0
1001 3.625 0.125 0
1002 3.625 0.0625 0
1003 3.625 0.1875 0
1004 3.6875 0 0
1005 3.6875 1 0
1006 3.6875 0.125 0
1007 3.6875 0.25 0
1008 3.6875 0.375 0
1009 3.6875 0.3125 0
1010 3.6875 0.5 0
1011 3.6875 0.4375 0
1012 3.6875 0.625 0
1013 3.6875 0.5625 0
1014 3.6875 0.75 0
1015 3.6875 0.6875 0
1016 3.6875 0.875 0
1017 3.6875 0.8125 0
1018 3.6875 0.9375 0
1019 3.6875 0.0625 0
1020 3.6875 0.1875 0
1021 3.75 0 0
1022 3.75 1 0
1023 3.75 0.25 0
1024 3.75 0.5 0
1025 3.75 0.75 0
1026 3.75 0.125 0
1027 3.75 0.375 0
1028 3.75 0.625 0
1029 3.75 0.875 0
1030 3.75 0.0625 0
1031 3.75 0.1875 0
1032 3.75 0.3125 0
1033 3.75 0.4375 0
1034 3.75 0.5625 0
1035 3.75 0.6875 0
1036 3.75 0.8125 0
1037 3.75 0.9375 0
1038 3.8125 0 0
1039 3.8125 1 0
1040 3.8125 0.125 0
1041 3.8125 0.0625 0
1042 3.8125 0.25 0
1043 3.8125 0.1875 0
1044 3.8125 0.375 0
1045 3.8125 0.3125 0
1046 3.8125 0.5 0
1047 3.8125 0.4375 0
1048 3.8125 0.625 0
1049 3.8125 0.5625 0
1050 3.8125 0.75 0
1051 3.8125 0.6875 0
1052 3.8125 0.875 0
1053 3.8125 0.8125 0
1054 3.8125 0.9375 0
1055 3.875 0 0
1056 3.875 1 0
1057 3.875 0.25 0
1058 3.875 0.125 0
1059 3.875 0.5 0
1060 3.875 0.375 0
1061 3.875 0.75 0
1062 3.875 0.625 0
1063 3.875 0.875 0
1064 3.875 0.0625 0
1065 3.875 0.1875 0
1066 3.875 0.3125 0
1067 3.875 0.4375 0
1068 3.875 0.5625 0
1069 3.875 0.6875 0
1070 3.875 0.8125 0
1071 3.875 0.9375 0
1072 3.9375 0 0
1073 3.9375 1 0
1074 3.9375 0.125 0
1075 3.9375 0.0625 0
1076 3.9375 0.25 0
1077 3.9375 0.1875 0
1078 3.9375 0.375 0
1079 3.9375 0.3125 0
1080 3.9375 0.5 0
1081 3.9375 0.4375 0
1082 3.9375 0.625 0
1083 3.9375 0.5625 0
1084 3.9375 0.75 0
1085 3.9375 0.6875 0
1086 3.9375 0.875 0
1087 3.9375 0.8125 0
1088 3.9375 0.9375 0
1089 4 0 0
1090 4 1 0
1091 4 0.25 0
1092 4 0.5 0
1093 4 0.75 0
1094 4 0.125 0
1095 4 0.375 0
1096 4 0.625 0
1097 4 0.875 0
1098 4 0.0625 0
1099 4 0.1875 0
1100 4 0.3125 0
1101 4 0.4375 0
1102 4 0.5625 0
1103 4 0.6875 0
1104 4 0.8125 0
1105 4 0.9375 0
1106 4.0625 0 0
1107 4.0625 1 0
1108 4.0625 0.125 0
1109 4.0625 0.0625 0
1110 4.0625 0.25 0
1111 4.0625 0.1875 0
1112 4.0625 0.375 0
1113 4.0625 0.3125 0
1114 4.0625 0.5 0
1115 4.0625 0.4375 0
1116 4.0625 0.625 0
1117 4.0625 0.5625 0
1118 4.0625 0.75 0
1119 4.0625 0.6875 0
1120 4.0625 0.875 0
1121 4.0625 0.8125 0
1122 4.0625 0.9375 0
1123 4.125 0 0
1124 4.125 1 0
1125 4.125 0.25 0
1126 4.125 0.125 0
1127 4.125 0.5 0
1128 4.125 0.375 0
1129 4.125 0.75 0
1130 4.125 0.625 0
1131 4.125 0.875 0
1132 4.125 0.0625 0
1133 4.125 0.1875 0
1134 4.125 0.3125 0
1135 4.125 0.4375 0
1136 4.125 0.5625 0
1137 4.125 0.6875 0
1138 4.125 0.8125 0
1139 4.125 0.9375 0
1140 4.1875 0 0
1141 4.1875 1 0
1142 4.1875 0.125 0
1143 4.1875 0.0625 0
1144 4.1875 0.25 0
1145 4.1875 0.1875 0
1146 4.1875 0.375 0
1147 4.1875 0.3125 0
1148 4.1875 0.5 0
1149 4.1875 0.4375 0
1150 4.1875 0.625 0
1151 4.1875 0.5625 0
1152 4.1875 0.75 0
1153 4.1875 0.6875 0
1154 4.1875 0.875 0
1155 4.1875 0.8125 0
1156 4.1875 0.9375 0
1157 4.25 0 0
1158 4.25 1 0
1159 4.25 0.25 0
1160 4.25 0.5 0
1161 4.25 0.75 0
1162 4.25 0.125 0
1163 4.25 0.375 0
1164 4.25 0.625 0
1165 4.25 0.875 0
1166 4.25 0.0625 0
1167 4.25 0.1875 0
1168 4.25 0.3125 0
1169 4.25 0.4375 0
1170 4.25 0.5625 0
1171 4.25 0.6875 0
1172 4.25 0.8125 0
1173 4.25 0.9375 0
1174 4.3125 0 0
1175 4.3125 1 0
1176 4.3125 0.125 0
1177 4.3125 0.0625 0
1178 4.3125 0.25 0
1179 4.3125 0.1875 0
1180 4.3125 0.375 0
1181 4.3125 0.3125 0
1182 4.3125 0.5 0
1183 4.3125 0.4375 0
1184 4.3125 0.625 0
1185 4.3125 0.5625 0
1186 4.3125 0.75 0
1187 4.3125 0.6875 0
1188 4.3125 0.875 0
1189 4.3125 0.8125 0
1190 4.3125 0.9375 0
1191 4.375 0 0
1192 4.375 1 0
1193 4.375 0.25 0
1194 4.375 0.125 0
1195 4.375 0.5 0
1196 4.375 0.375 0
1197 4.375 0.75 0
1198 4.375 0.625 0
1199 4.375 0.875 0
1200 4.375 0.0625 0
1201 4.375 0.1875 0
1202 4.375 0.3125 0
1203 4.375 0.4375 0
1204 4.375 0.5625 0
1205 4.375 0.6875 0
1206 4.375 0.8125 0
1207 4.375 0.9375 0
1208 4.4375 0 0
1209 4.4375 1 0
1210 4.4375 0.125 0
1211 4.4375 0.0625 0
1212 4.4375 0.25 0
1213 4.4375 0.1875 0
1214 4.4375 0.375 0
1215 4.4375 0.3125 0
1216 4.4375 0.5 0
1217 4.4375 0.4375 0
1218 4.4375 0.625 0
1219 4.4375 0.5625 0
1220 4.4375 0.75 0
1221 4.4375 0.6875 0
1222 4.4375 0.875 0
1223 4.4375 0.8125 0
1224 4.4375 0.9375 0
1225 4.5 0 0
1226 4.5 1 0
1227 4.5 0.25 0
1228 4.5 0.5 0
1229 4.5 0.75 0
1230 4.5 0.125 0
1231 4.5 0.375 0
1232 4.5 0.625 0
1233 4.5 0.875 0
1234 4.5 0.0625 0
1235 4.5 0.1875 0
1236 4.5 0.3125 0
1237 4.5 0.4375 0
1238 4.5 0.5625 0
1239 4.5 0.6875 0
1240 4.5 0.8125 0
1241 4.5 0.9375 0
1242 4.5625 0 0
1243 4.5625 1 0
1244 4.5625 0.125 0
1245 4.5625 0.0625 0
1246 4.5625 0.25 0
1247 4.5625 0.1875 0
1248 4.5625 0.375 0
1249 4.5625 0.3125 0
1250 4.5625 0.5 0
1251 4.5625 0.4375 0
1252 4.5625 0.625 0
1253 4.5625 0.5625 0
1254 4.5625 0.75 0
1255 4.5625 0.6875 0
1256 4.5625 0.875 0
1257 4.5625 0.8125 0
1258 4.5625 0.9375 0
1259 4.625 0 0
1260 4.625 1 0
1261 4.625 0.25 0
1262 4.625 0.125 0
1263 4.625 0.5 0
1264 4.625 0.375 0
1265 4.625 0.75 0
1266 4.625 0.625 0
1267 4.625 0.875 0
1268 4.625 0.0625 0
1269 4.625 0.1875 0
1270 4.625 0.3125 0
1271 4.625 0.4375 0
1272 4.625 0.5625 0
1273 4.625 0.6875 0
1274 4.625 0.8125 0
1275 4.625 0.9375 0
1276 4.6875 0 0
1277 4.6875 1 0
1278 4.6875 0.125 0
1279 4.6875 0.0625 0
1280 4.6875 0.25 0
1281 4.6875 0.1875 0
1282 4.6875 0.375 0
1283 4.6875 0.3125 0
1284 4.6875 0.5 0
1285 4.6875 0.4375 0
1286 4.6875 0.625 0
1287 4.6875 0.5625 0
1288 4.6875 0.75 0
1289 4.6875 0.6875 0
1290 4.6875 0.875 0
1291 4.6875 0.8125 0
1292 4.6875 0.9375 0
1293 4.75 0 0
1294 4.75 1 0
1295 4.75 0.25 0
1296 4.75 0.5 0
1297 4.75 0.75 0
1298 4.75 0.125 0
1299 4.75 0.375 0
1300 4.75 0.625 0
1301 4.75 0.875 0
1302 4.75 0.0625 0
1303 4.75 0.1875 0
1304 4.75 0.3125 0
1305 4.75 0.4375 0
1306 4.75 0.5625 0
1307 4.75 0.6875 0
1308 4.75 0.8125 0
1309 4.75 0.9375 0
1310 4.8125 0 0
1311 4.8125 1 0
1312 4.8125 0.125 0
1313 4.8125 0.0625 0
1314 4.8125 0.25 0
1315 4.8125 0.1875 0
1316 4.8125 0.375 0
1317 4.8125 0.3125 0
1318 4.8125 0.5 0
1319 4.8125 0.4375 0
1320 4.8125 0.625 0
1321 4.8125 0.5625 0
1322 4.8125 0.75 0
1323 4.8125 0.6875 0
1324 4.8125 0.875 0
1325 4.8125 0.8125 0
1326 4.8125 0.9375 0
1327 4.875 0 0
1328 4.875 1 0
1329 4.875 0.25 0
1330 4.875 0.125 0
1331 4.875 0.5 0
1332 4.875 0.375 0
1333 4.875 0.75 0
1334 4.875 0.625 0
1335 4.875 0.875 0
1336 4.875 0.0625 0
1337 4.875 0.1875 0
1338 4.875 0.3125 0
1339 4.875 0.4375 0
1340 4.875 0.5625 0
1341 4.875 0.6875 0
1342 4.875 0.8125 0
1343 4.875 0.9375 0
1344 4.9375 0 0
1345 4.9375 1 0
1346 4.9375 0.125 0
1347 4.9375 0.0625 0
1348 4.9375 0.25 0
1349 4.9375 0.1875 0
1350 4.9375 0.375 0
1351 4.9375 0.3125 0
1352 4.9375 0.5 0
1353 4.9375 0.4375 0
1354 4.9375 0.625 0
1355 4.9375 0.5625 0
1356 4.9375 0.75 0
1357 4.9375 0.6875 0
1358 4.9375 0.875 0
1359 4.9375 0.8125 0
1360 4.9375 0.9375 0
1361 5 0 0
1362 5 1 0
1363 5 0.0625 0
1364 5 0.125 0
1365 5 0.1875 0
1366 5 0.25 0
1367 5 0.3125 0
1368 5 0.375 0
1369 5 0.4375 0
1370 5 0.5 0
1371 5 0.5625 0
1372 5 0.625 0
1373 5 0.6875 0
1374 5 0.75 0
1375 5 0.8125 0
1376 5 0.875 0
1377 5 0.9375 0
