0,0,0,0
0,1,0,0
0,0.9375,0,0
0,0.875,0,0
0,0.8125,0,0
0,0.75,0,0
0,0.6875,0,0
0,0.625,0,0
0,0.5625,0,0
0,0.5,0,0
0,0.4375,0,0
0,0.375,0,0
0,0.3125,0,0
0,0.25,0,0
0,0.1875,0,0
0,0.125,0,0
0,0.0625,0,0
0.0625,0,-0.3890404207,-0.1732594101
0.0625,1,0.3860236633,-0.1722487653
0.0625,0.125,-0.2097650328,-0.1191968127
0.0625,0.0625,-0.2683696913,-0.1318367019
0.0625,0.25,-0.1265170272,-0.1131776016
0.0625,0.1875,-0.1645740773,-0.1146791035
0.0625,0.375,-0.0608428522,-0.1131507795
0.0625,0.3125,-0.09245324683,-0.1129409899
0.0625,0.5,-0.001180970774,-0.1134793646
0.0625,0.4375,-0.03067447657,-0.1133969397
0.0625,0.625,0.05847352765,-0.1130282786
0.0625,0.5625,0.02831072967,-0.1133369478
0.0625,0.75,0.1241218319,-0.1129103222
0.0625,0.6875,0.09007396604,-0.1127506205
0.0625,0.875,0.2072966637,-0.1187205065
0.0625,0.8125,0.1621532184,-0.1143201375
0.0625,0.9375,0.265804748,-0.1311861812
0.125,0,-0.7051715177,-0.3568203049
0.125,1,0.6995727407,-0.3552121689
0.125,0.25,-0.2526328245,-0.2717814705
0.125,0.125,-0.4192385693,-0.2913934878
0.125,0.5,-0.002378278698,-0.2668831213
0.125,0.375,-0.1213022473,-0.2675190155
0.125,0.75,0.2477991466,-0.2712487714
0.125,0.625,0.1165284095,-0.2672741468
0.125,0.875,0.4142483122,-0.2904532199
0.125,0.0625,-0.5375245628,-0.3179539566
0.125,0.1875,-0.3290564215,-0.2782149526
0.125,0.3125,-0.1844424977,-0.268792286
0.125,0.4375,-0.0611428219,-0.2670365441
0.125,0.5625,0.05638203438,-0.2669165335
0.125,0.6875,0.1796454498,-0.2684122217
0.125,0.8125,0.3241645862,-0.2775015834
0.125,0.9375,0.5323269264,-0.3167053319
0.1875,0,-0.9890576849,-0.5681427597
0.1875,1,0.9809834388,-0.5661134571
0.1875,0.125,-0.6243799149,-0.5018274075
0.1875,0.0625,-0.7866222743,-0.5306512764
0.1875,0.25,-0.3777025617,-0.4712755063
0.1875,0.1875,-0.4915511937,-0.4826476923
0.1875,0.375,-0.1813074807,-0.4613526586
0.1875,0.3125,-0.2757318893,-0.4648282338
0.1875,0.5,-0.003590411454,-0.4590963602
0.1875,0.4375,-0.09138849022,-0.4596541774
0.1875,0.625,0.1740978723,-0.460993661
0.1875,0.5625,0.08420060034,-0.459477869
0.1875,0.75,0.3703956624,-0.4705024358
0.1875,0.6875,0.2684840581,-0.4642731364
0.1875,0.875,0.616843506,-0.5005074397
0.1875,0.8125,0.4841551566,-0.4816240371
0.1875,0.9375,0.7788636589,-0.5289889045
0.25,0,-1.250970354,-0.8067390082
0.25,1,1.240448194,-0.8044131236
0.25,0.25,-0.5000545023,-0.7068386002
0.25,0.5,-0.004814766554,-0.6880614041
0.25,0.75,0.4902525448,-0.7058646001
0.25,0.125,-0.8190630542,-0.7427912025
0.25,0.375,-0.2404106685,-0.6919909957
0.25,0.625,0.2307406183,-0.6915320438
0.25,0.875,0.80899243,-0.7411899818
0.25,0.0625,-1.017449272,-0.7715920541
0.25,0.1875,-0.6491159123,-0.7214178804
0.25,0.3125,-0.3654482632,-0.6975478384
0.25,0.4375,-0.1212216148,-0.6890466505
0.25,0.5625,0.1115820844,-0.6888205668
0.25,0.6875,0.3557253482,-0.6968421131
0.25,0.8125,0.6392014845,-0.7201466052
0.25,0.9375,1.00717189,-0.7696334709
0.3125,0,-1.494440901,-1.073091797
0.3125,1,1.481470984,-1.070550757
0.3125,0.125,-1.001912107,-1.012483215
0.3125,0.0625,-1.231967572,-1.040185788
0.3125,0.25,-0.6178851495,-0.9746162878
0.3125,0.1875,-0.7991749195,-0.9906671431
0.3125,0.375,-0.2979395952,-0.9564804809
0.3125,0.3125,-0.4524248907,-0.9635504859
0.3125,0.5,-0.006048113597,-0.9512133232
0.3125,0.4375,-0.1503349777,-0.9525502752
0.3125,0.625,0.2857921591,-0.9559382103
0.3125,0.5625,0.1382260392,-0.9522822143
0.3125,0.75,0.6055778144,-0.9734831752
0.3125,0.6875,0.4402120159,-0.9627217572
0.3125,0.875,0.9893199049,-1.010675501
0.3125,0.8125,0.7867414835,-0.9892077401
0.3125,0.9375,1.219189844,-1.038013749
0.375,0,-1.721036962,-1.366369675
0.375,1,1.705606307,-1.363668635
0.375,0.25,-0.7297902784,-1.271757093
0.375,0.125,-1.172699758,-1.30947648
0.375,0.5,-0.007287154538,-1.245829194
0.375,0.375,-0.3531949875,-1.251954178
0.375,0.75,0.7149749587,-1.270500386
0.375,0.625,0.338560533,-1.251344164
0.375,0.875,1.157593381,-1.307515561
0.375,0.0625,-1.431401266,-1.335687379
0.375,0.1875,-0.9404924343,-1.288161327
0.375,0.3125,-0.5355829308,-1.25988345
0.375,0.4375,-0.1783895876,-1.247400946
0.375,0.5625,0.1638002627,-1.247098348
0.375,0.6875,0.520873081,-1.25895665
0.375,0.8125,0.9255431826,-1.286559594
0.375,0.9375,1.416126877,-1.333357628
0.4375,0,-1.931506832,-1.685386325
0.4375,1,1.913595233,-1.682559869
0.4375,0.125,-1.331488812,-1.632376522
0.4375,0.0625,-1.616435498,-1.656901745
0.4375,0.25,-0.8349085321,-1.595996487
0.4375,0.1875,-1.072492068,-1.612058601
0.4375,0.375,-0.4055912432,-1.575771311
0.4375,0.3125,-0.6141086428,-1.584009703
0.4375,0.5,-0.008529031807,-1.569242393
0.4375,0.4375,-0.2050841755,-1.570934008
0.4375,0.625,0.3884659746,-1.575105363
0.4375,0.5625,0.1880092612,-1.570602597
0.4375,0.75,0.817586539,-1.594641202
0.4375,0.6875,0.5969003191,-1.58300321
0.4375,0.875,1.313870598,-1.630296603
0.4375,0.8125,1.055030426,-1.610345255
0.4375,0.9375,1.598659404,-1.654449438
0.5,0,-2.126212216,-2.028690981
0.5,1,2.105795245,-2.025756267
0.5,0.25,-0.9327454616,-1.945304201
0.5,0.5,-0.009771700157,-1.918934544
0.5,0.75,0.9129199275,-1.943863426
0.5,0.125,-1.478375674,-1.979651813
0.5,0.375,-0.4547039502,-1.925513425
0.5,0.625,0.4350879985,-1.924797844
0.5,0.875,1.458244494,-1.977470139
0.5,0.0625,-1.787448482,-2.002393129
0.5,0.1875,-1.194912234,-1.960606865
0.5,0.3125,-0.6874674103,-1.933664073
0.5,0.4375,-0.2301889253,-1.920654319
0.5,0.5625,0.2106272948,-1.92029715
0.5,0.6875,0.6677624253,-1.932587633
0.5,0.8125,1.17494095,-1.958797661
0.5,0.9375,1.767160594,-1.999835786
0.5625,0,-2.305318491,-2.394670483
0.5625,1,2.282369402,-2.391628471
0.5625,0.125,-1.613437583,-2.349651363
0.5625,0.0625,-1.944644151,-2.370555169
0.5625,0.25,-1.023029648,-2.317737674
0.5625,0.1875,-1.307635414,-2.332033873
0.5625,0.375,-0.5002563401,-2.298931923
0.5625,0.3125,-0.7553340029,-2.30673217
0.5625,0.5,-0.01101417164,-2.292547753
0.5625,0.4375,-0.2535474839,-2.294231733
0.5625,0.625,0.4781517527,-2.298166425
0.5625,0.5625,0.2314999917,-2.293848555
0.5625,0.75,1.000704482,-2.316211894
0.5625,0.6875,0.7331357493,-2.305585776
0.5625,0.875,1.590790546,-2.347369137
0.5625,0.8125,1.285156769,-2.330129771
0.5625,0.9375,1.921831885,-2.367893949
0.625,0,-2.468891458,-2.781599867
0.625,1,2.443382742,-2.778435344
0.625,0.25,-1.105617804,-2.711379451
0.625,0.125,-1.73672664,-2.740630141
0.625,0.5,-0.01225669926,-2.687859273
0.625,0.375,-0.542081616,-2.693894356
0.625,0.75,1.080797179,-2.709755816
0.625,0.625,0.5174903097,-2.693071238
0.625,0.875,1.711560767,-2.73823242
0.625,0.0625,-2.088128255,-2.759666856
0.625,0.1875,-1.410611367,-2.724526444
0.625,0.3125,-0.817522334,-2.701181338
0.625,0.4375,-0.2750629929,-2.689467607
0.625,0.5625,0.2505300966,-2.689054376
0.625,0.6875,0.7928343464,-2.699954308
0.625,0.8125,1.385627806,-2.722513218
0.625,0.9375,2.062778639,-2.756886574
0.6875,0,-2.616947948,-3.187678533
0.6875,1,2.588853021,-3.184359171
0.6875,0.125,-1.848274942,-3.150775876
0.6875,0.0625,-2.217951742,-3.167929289
0.6875,0.25,-1.180438337,-3.12431475
0.6875,0.1875,-1.503821049,-3.136232946
0.6875,0.375,-0.5800864724,-3.108343898
0.6875,0.3125,-0.8739323297,-3.115022768
0.6875,0.5,-0.01350097827,-3.102746377
0.6875,0.4375,-0.2946806217,-3.104257504
0.6875,0.625,0.5530080248,-3.107447175
0.6875,0.5625,0.2676596668,-3.103805899
0.6875,0.75,1.153126373,-3.122565923
0.6875,0.6875,0.8467569005,-3.113692656
0.6875,0.875,1.820588926,-3.148230532
0.6875,0.8125,1.476336013,-3.134080071
0.6875,0.9375,2.190053547,-3.164997424
0.75,1,2.718777752,-3.607529907
0.75,0.25,-1.247458605,-3.55462465
0.75,0.5,-0.01475042906,-3.535154627
0.75,0.75,1.217659074,-3.552707106
0.75,0.125,-1.948100498,-3.578230328
0.75,0.375,-0.6142234311,-3.540271378
0.75,0.625,0.5846525088,-3.539275709
0.75,0.875,1.917896734,-3.575486185
0.75,0.0625,-2.334135427,-3.593491867
0.75,0.1875,-1.587259288,-3.565272332
0.75,0.3125,-0.9245145641,-3.546291403
0.75,0.4375,-0.3123730111,-3.53656015
0.75,0.5625,0.2828550053,-3.536057004
0.75,0.6875,0.8948511903,-3.544822543
0.75,0.8125,1.557278201,-3.562931156
0.75,0.9375,2.303681699,-3.590356743
0.75,0,-2.749482288,-3.611055284
0.8125,1,2.833148366,-4.04604225
0.8125,0.125,-2.036211722,-4.0211052
0.8125,0.0625,-2.436683676,-4.034470632
0.8125,0.25,-1.306666342,-4.000385267
0.8125,0.1875,-1.660926308,-4.009743158
0.8125,0.375,-0.6444723737,-3.987696925
0.8125,0.3125,-0.9692482906,-3.99303518
0.8125,0.5,-0.01601060534,-3.983073659
0.8125,0.4375,-0.328130117,-3.984374652
0.8125,0.625,0.6123955567,-3.986566291
0.8125,0.5625,0.2960957439,-3.983801264
0.8125,0.75,1.274382267,-3.998237055
0.8125,0.6875,0.9370917477,-3.991376841
0.8125,0.875,2.003498817,-4.018089465
0.8125,0.8125,1.628457753,-4.007144428
0.8125,0.9375,2.403675035,-4.031058886
0.8125,0,-2.866479474,-4.049846042
0.875,0,-2.967920968,-4.502146077
0.875,1,2.931957509,-4.497967446
0.875,0.25,-1.358059394,-4.459668828
0.875,0.125,-2.112610323,-4.477493406
0.875,0.5,-0.0172897559,-4.444520298
0.875,0.375,-0.6708292426,-4.448658308
0.875,0.75,1.323292465,-4.457206916
0.875,0.625,0.6362209804,-4.447344479
0.875,0.875,2.077406323,-4.474108588
0.875,0.0625,-2.525591591,-4.488960881
0.875,0.1875,-1.72482359,-4.467730841
0.875,0.3125,-1.008128545,-4.453309269
0.875,0.4375,-0.3419529379,-4.445724975
0.875,0.5625,0.3073675121,-4.445056311
0.875,0.6875,0.9734663905,-4.451393486
0.875,0.8125,1.689880736,-4.464781736
0.875,0.9375,2.490040683,-4.485174458
0.9375,0,-3.053786384,-4.966038188
0.9375,1,3.015202823,-4.961361378
0.9375,0.125,-2.177292924,-4.945476679
0.9375,0.0625,-2.600848351,-4.955045555
0.9375,0.25,-1.401640296,-4.930545043
0.9375,0.1875,-1.778951899,-4.93731288
0.9375,0.375,-0.6932996892,-4.921203712
0.9375,0.3125,-1.041159031,-4.925172951
0.9375,0.5,-0.01859955696,-4.917527499
0.9375,0.4375,-0.3538501009,-4.918649893
0.9375,0.625,0.6561171026,-4.919644629
0.9375,0.5625,0.3166571372,-4.917853756
0.9375,0.75,1.364389996,-4.927662482
0.9375,0.6875,1.003968326,-4.922912222
0.9375,0.875,2.139629495,-4.94159729
0.9375,0.8125,1.74155424,-4.933893826
0.9375,0.9375,2.562785885,-4.950758517
1,0,-3.124052914,-5.439597832
1,1,3.082889168,-5.434270097
1,0.25,-1.43741361,-5.411082166
1,0.5,-0.01995602299,-5.400137445
1,0.75,1.397675971,-5.407645453
1,0.125,-2.230251759,-5.423130379
1,0.375,-0.7118959084,-5.403387333
1,0.625,0.6720721385,-5.401505629
1,0.875,2.190179591,-5.418599892
1,0.0625,-2.662438248,-5.430800487
1,0.1875,-1.823310381,-5.416562242
1,0.3125,-1.068348534,-5.406687853
1,0.4375,-0.3638363776,-5.401196728
1,0.5625,0.3239494314,-5.400232997
1,0.6875,1.028591572,-5.403973019
1,0.8125,1.783485849,-5.412523964
1,0.9375,2.621921103,-5.425856142
1.0625,0,-3.178693461,-5.920895918
1.0625,1,3.135030386,-5.914733788
1.0625,0.125,-2.271474715,-5.908526123
1.0625,0.0625,-2.710340351,-5.914297283
1.0625,0.25,-1.465384806,-5.899347468
1.0625,0.1875,-1.857896147,-5.9035492
1.0625,0.375,-0.7266354278,-5.89326665
1.0625,0.3125,-1.089709427,-5.895916787
1.0625,0.5,-0.02138059086,-5.890397446
1.0625,0.4375,-0.3719324345,-5.891417549
1.0625,0.625,0.6840712307,-5.890968667
1.0625,0.5625,0.329224876,-5.890237686
1.0625,0.75,1.423150663,-5.895194745
1.0625,0.6875,1.047328222,-5.892615597
1.0625,0.875,2.229070421,-5.903154906
1.0625,0.8125,1.815683662,-5.898710676
1.0625,0.9375,2.667462293,-5.90850636
1.125,0,-3.217673979,-6.407999722
1.125,1,3.171651237,-6.400789943
1.125,0.25,-1.485559979,-6.393407016
1.125,0.125,-2.300944935,-6.399732646
1.125,0.5,-0.02290135338,-6.386357666
1.125,0.375,-0.7375410393,-6.388900589
1.125,0.75,1.440812589,-6.388347976
1.125,0.625,0.6920943511,-6.386076425
1.125,0.875,2.256319704,-6.393297942
1.125,0.0625,-2.744527313,-6.403604284
1.125,0.1875,-1.882704081,-6.39634179
1.125,0.3125,-1.105257346,-6.390922672
1.125,0.4375,-0.3781653333,-6.387366887
1.125,0.5625,0.3324577631,-6.385913976
1.125,0.6875,1.060166673,-6.386879776
1.125,0.8125,1.838156538,-6.390490126
1.125,0.9375,2.699432901,-6.396745254
1.1875,0,-3.240950258,-6.898972107
1.1875,1,3.192789861,-6.890476431
1.1875,0.125,-2.318640119,-6.89481507
1.1875,0.0625,-2.764963648,-6.896785849
1.1875,0.25,-1.497945967,-6.891324588
1.1875,0.1875,-1.897726696,-6.893004957
1.1875,0.375,-0.7446413355,-6.888348038
1.1875,0.3125,-1.115011488,-6.889767209
1.1875,0.5,-0.02455438744,-6.886070015
1.1875,0.4375,-0.382569436,-6.887100294
1.1875,0.625,0.6961145934,-6.884873383
1.1875,0.5625,0.3336145431,-6.885310025
1.1875,0.75,1.450657836,-6.885143409
1.1875,0.6875,1.067090239,-6.884806651
1.1875,0.875,2.271950343,-6.887064538
1.1875,0.8125,1.850914387,-6.885898619
1.1875,0.9375,2.717865924,-6.888608945
1.25,0,-3.248464288,-7.391869067
1.25,1,3.198500975,-7.381835047
1.25,0.25,-1.502550639,-7.39115952
1.25,0.5,-0.02638507625,-7.387587803
1.25,0.75,1.45267937,-7.383622654
1.25,0.125,-2.324531663,-7.391832551
1.25,0.375,-0.7479714674,-7.389666279
1.25,0.625,0.6960966065,-7.385407132
1.25,0.875,2.275991681,-7.382493507
1.25,0.0625,-2.77160369,-7.39189995
1.25,0.1875,-1.902954017,-7.391598275
1.25,0.3125,-1.118995139,-7.390508952
1.25,0.4375,-0.3851874341,-7.388673307
1.25,0.5625,0.3326522821,-7.386476456
1.25,0.6875,1.068075856,-7.384440674
1.25,0.8125,1.85396837,-7.382975728
1.25,0.9375,2.722806208,-7.38213704
1.3125,0,-3.240140299,-7.884735397
1.3125,1,3.188859912,-7.872916158
1.3125,0.125,-2.318583771,-7.888834102
1.3125,0.0625,-2.764389427,-7.886993884
1.3125,0.25,-1.49938318,-7.890963233
1.3125,0.1875,-1.898373459,-7.890172028
1.3125,0.375,-0.7475738006,-7.89090901
1.3125,0.3125,-1.117236166,-7.891200476
1.3125,0.5,-0.02844925601,-7.88896592
1.3125,0.4375,-0.3860712213,-7.890140492
1.3125,0.625,0.6919950633,-7.88573075
1.3125,0.5625,0.3295172559,-7.887467689
1.3125,0.75,1.446866151,-7.881834557
1.3125,0.6875,1.063092697,-7.883832908
1.3125,0.875,2.268480694,-7.877631391
1.3125,0.8125,1.847330891,-7.879768554
1.3125,0.9375,2.71431305,-7.875377182
1.375,0,-3.215880687,-8.375598186
1.375,1,3.163967575,-8.361785079
1.375,0.25,-1.488454229,-8.388774041
1.375,0.125,-2.300752699,-8.383852253
1.375,0.5,-0.03081391914,-8.38826141
1.375,0.375,-0.7434981274,-8.390123624
1.375,0.75,1.433201877,-8.377840761
1.375,0.625,0.68375319,-8.383906467
1.375,0.875,2.24946303,-8.370538651
1.375,0.0625,-2.743248454,-8.380097785
1.375,0.1875,-1.88396974,-8.386761274
1.375,0.3125,-1.109767192,-8.389884274
1.375,0.4375,-0.3852822717,-8.389554329
1.375,0.5625,0.3241438316,-8.38634415
1.375,0.6875,1.052100595,-8.381045824
1.375,0.8125,1.831015213,-8.374337729
1.375,0.9375,2.692463084,-8.36639132
1.4375,0,-3.175562137,-8.862457668
1.4375,1,3.123956336,-8.846530933
1.4375,0.125,-2.270986376,-8.874894065
1.4375,0.0625,-2.708092382,-8.869215453
1.4375,0.25,-1.469775748,-8.882609794
1.4375,0.1875,-1.859724872,-8.879377445
1.4375,0.375,-0.7358010204,-8.885347385
1.4375,0.3125,-1.096625156,-8.88458695
1.4375,0.5,-0.03355706488,-8.883534342
1.4375,0.4375,-0.3828910702,-8.884963668
1.4375,0.625,0.6713014896,-8.878010902
1.4375,0.5625,0.3164539343,-8.88117548
1.4375,0.75,1.411663236,-8.869723595
1.4375,0.6875,1.035048255,-8.87416012
1.4375,0.875,2.218993692,-8.859298364
1.4375,0.8125,1.805034505,-8.86476588
1.4375,0.9375,2.657353352,-8.853264481
1.5,0,-3.119032528,-9.343274982
1.5,1,3.068996852,-9.325278922
1.5,0.25,-1.44336045,-9.370457823
1.5,0.5,-0.0367660921,-9.37284888
1.5,0.75,1.382217447,-9.355597087
1.5,0.125,-2.229224693,-9.359928973
1.5,0.375,-0.7245437893,-9.374602051
1.5,0.625,0.6545569453,-9.366142287
1.5,0.875,2.177137046,-9.342028359
1.5,0.0625,-2.6588162,-9.35231201
1.5,0.1875,-1.825618318,-9.365996903
1.5,0.3125,-1.07784988,-9.373311196
1.5,0.4375,-0.3789749756,-9.374411463
1.5,0.5625,0.306357582,-9.370044858
1.5,0.6875,1.011871303,-9.36128422
1.5,0.8125,1.769399971,-9.349169461
1.5,0.9375,2.609104335,-9.334116961
1.5625,0,-3.046109498,-9.815956388
1.5625,1,2.999305742,-9.796207214
1.5625,0.125,-2.175400915,-9.83687294
1.5625,0.0625,-2.595299284,-9.827297886
1.5625,0.25,-1.409220618,-9.850261543
1.5625,0.1875,-1.781627445,-9.84454592
1.5625,0.375,-0.7097883531,-9.855886345
1.5625,0.3125,-1.053481193,-9.854024915
1.5625,0.5,-0.04053385805,-9.854274261
1.5625,0.4375,-0.3736136719,-9.855931283
1.5625,0.625,0.6334231965,-9.846430075
1.5625,0.5625,0.2937552512,-9.851054506
1.5625,0.75,1.344818899,-9.833622137
1.5625,0.6875,0.9824902881,-9.840567184
1.5625,0.875,2.123965606,-9.816898019
1.5625,0.8125,1.724117619,-9.825715134
1.5625,0.9375,2.547862589,-9.807121178
1.625,0,-2.956581932,-10.2783337
1.625,1,2.915153992,-10.25757005
1.625,0.25,-1.367366184,-10.31990312
1.625,0.125,-2.109444776,-10.30356853
1.625,0.5,-0.04495116105,-10.32588513
1.625,0.375,-0.6915901933,-10.32716541
1.625,0.75,1.299404599,-10.30202715
1.625,0.625,0.6077925252,-10.3170473
1.625,0.875,2.059556822,-10.2821514
1.625,0.0625,-2.517409002,-10.29200884
1.625,0.1875,-1.727728487,-10.31288158
1.625,0.3125,-1.023554118,-10.32464671
1.625,0.4375,-0.366881101,-10.3275418
1.625,0.5625,0.278543233,-10.3223322
1.625,0.6875,0.9468089665,-10.31021594
1.625,0.8125,1.669182957,-10.29264226
1.625,0.9375,2.473802389,-10.2705248
1.6875,0,-2.850216121,-10.72814108
1.6875,1,2.816875878,-10.70772935
1.6875,0.125,-2.031288011,-10.75776089
1.6875,0.0625,-2.425008126,-10.74418209
1.6875,0.25,-1.317802028,-10.77718163
1.6875,0.1875,-1.663898376,-10.76876834
1.6875,0.375,-0.6699874726,-10.78635603
1.6875,0.3125,-0.9880916668,-10.78302684
1.6875,0.5,-0.05009392912,-10.78576004
1.6875,0.4375,-0.3588324945,-10.78723791
1.6875,0.625,0.5775510671,-10.77622578
1.6875,0.5625,0.2606237466,-10.78203806
1.6875,0.75,1.245888237,-10.75913578
1.6875,0.6875,0.904713549,-10.76851772
1.6875,0.875,1.983986583,-10.73613897
1.6875,0.8125,1.604572668,-10.74829361
1.6875,0.9375,2.38712545,-10.72268243
1.75,0,-2.726768767,-11.16298905
1.75,1,2.704878149,-11.1451981
1.75,0.25,-1.26052478,-11.21978631
1.75,0.5,-0.05600282105,-11.2319758
1.75,0.75,1.184152792,-11.20340394
1.75,0.125,-1.940873287,-11.19707019
1.75,0.375,-0.6449855072,-11.23130586
1.75,0.625,0.5425896477,-11.2222734
1.75,0.875,1.897317515,-11.17736126
1.75,0.0625,-2.31796749,-11.1814293
1.75,0.1875,-1.590118041,-11.20985053
1.75,0.3125,-0.9470950771,-11.22692255
1.75,0.4375,-0.3494849284,-11.23297623
1.75,0.5625,0.2399224763,-11.22837001
1.75,0.6875,0.8560743187,-11.2138686
1.75,0.8125,1.53023186,-11.19115731
1.75,0.9375,2.288057238,-11.16209927
1.8125,0,-2.586009358,-11.58033763
1.8125,1,2.57964906,-11.5687006
1.8125,0.125,-1.838167632,-11.61896217
1.8125,0.0625,-2.196185472,-11.60120833
1.8125,0.25,-1.195519925,-11.64526523
1.8125,0.1875,-1.506378135,-11.63362177
1.8125,0.375,-0.6165362846,-11.65976427
1.8125,0.3125,-0.9005319288,-11.65396679
1.8125,0.5,-0.06265236744,-11.66259354
1.8125,0.4375,-0.3387899094,-11.66265137
1.8125,0.625,0.5028243321,-11.65359152
1.8125,0.5625,0.2164174809,-11.65956385
1.8125,0.75,1.114042278,-11.63346851
1.8125,0.6875,0.8007525024,-11.64480799
1.8125,0.875,1.799578955,-11.60452961
1.8125,0.8125,1.446055067,-11.61992426
1.8125,0.9375,2.176837425,-11.58749182
1.875,0,-2.427754451,-11.97747191
1.875,1,2.441766852,-11.97725793
1.875,0.25,-1.122760911,-12.0509903
1.875,0.125,-1.723181634,-12.02071982
1.875,0.5,-0.06990651282,-12.07562921
1.875,0.375,-0.5845139564,-12.0693418
1.875,0.75,1.035354822,-12.04821061
1.875,0.625,0.4582335908,-12.06868659
1.875,0.875,1.690733646,-12.01665198
1.875,0.0625,-2.059615776,-12.00079693
1.875,0.1875,-1.412688624,-12.03739374
1.875,0.3125,-0.8483237972,-12.06162963
1.875,0.4375,-0.3265972813,-12.07405762
1.875,0.5625,0.1901851003,-12.07388092
1.875,0.6875,0.7386181971,-12.06005771
1.875,0.8125,1.351858733,-12.0335675
1.875,0.9375,2.053700344,-11.99787406
1.9375,0,-2.251915876,-12.35148505
1.9375,1,2.291907114,-12.3703125
1.9375,0.125,-1.595995555,-12.39942102
1.9375,0.0625,-1.908304548,-12.37727357
1.9375,0.25,-1.042213213,-12.43412173
1.9375,0.1875,-1.309094193,-12.41826853
1.9375,0.375,-0.5486896747,-12.45745523
1.9375,0.3125,-0.7903370599,-12.44717281
1.9375,0.5,-0.07745827954,-12.46899704
1.9375,0.4375,-0.3126119717,-12.46482859
1.9375,0.625,0.4089234586,-12.46616397
1.9375,0.5625,0.1614701574,-12.46956898
1.9375,0.75,0.9478433734,-12.44683551
1.9375,0.6875,0.6695908667,-12.45855897
1.9375,0.875,1.570622887,-12.41315756
1.9375,0.8125,1.247343026,-12.43145302
1.9375,0.9375,1.918837989,-12.39268349
2,0,-2.058563499,-12.69927565
2,1,2.130848552,-12.74791816
2,0.25,-0.9538476045,-12.79157724
2,0.5,-0.08475512261,-12.8404088
2,0.75,0.8512401087,-12.82896704
2,0.125,-1.456793144,-12.75192928
2,0.375,-0.5087132205,-12.82125706
2,0.625,0.3552382158,-12.84467791
2,0.875,1.438876237,-12.79408425
2,0.0625,-1.742436826,-12.72751238
2,0.1875,-1.195697778,-12.77312116
2,0.3125,-0.7263831247,-12.80760075
2,0.4375,-0.2963499637,-12.83234666
2,0.5625,0.1307879053,-12.84477226
2,0.6875,0.5937248928,-12.83948922
2,0.8125,1.132043307,-12.81349607
2,0.9375,1.772331451,-12.77197265
2.0625,0,-1.848000783,-13.01756728
2.0625,1,1.95947626,-13.11104263
2.0625,0.125,-1.305902932,-13.07490632
2.0625,0.0625,-1.562390718,-13.04820062
2.0625,0.25,-0.8576678044,-13.12001564
2.0625,0.1875,-1.072694274,-13.09860158
2.0625,0.375,-0.4641144067,-13.15755331
2.0625,0.3125,-0.6562370709,-13.13961607
2.0625,0.5,-0.09092163883,-13.1872083
2.0625,0.4375,-0.277108747,-13.17361692
2.0625,0.625,0.2979400703,-13.20278558
2.0625,0.5625,0.09905899455,-13.19735126
2.0625,0.75,0.7453444301,-13.19473808
2.0625,0.6875,0.5113818196,-13.20221457
2.0625,0.875,1.294762682,-13.16037106
2.0625,0.8125,1.005281489,-13.18038386
2.0625,0.9375,1.614021798,-13.13671942
2.125,0,-1.620847929,-13.30295863
2.125,1,1.778783703,-13.46210416
2.125,0.25,-0.7537569189,-13.41584848
2.125,0.125,-1.143845096,-13.36485623
2.125,0.5,-0.09471279661,-13.50612725
2.125,0.375,-0.4143424955,-13.46272523
2.125,0.75,0.6302665526,-13.54481785
2.125,0.625,0.2384739927,-13.53861221
2.125,0.875,1.136944528,-13.51435256
2.125,0.0625,-1.368795433,-13.33588743
2.125,0.1875,-0.9404150971,-13.39116768
2.125,0.3125,-0.579684836,-13.4395956
2.125,0.4375,-0.2539797155,-13.4851135
2.125,0.5625,0.06775689939,-13.52455848
2.125,0.6875,0.4235621527,-13.54606362
2.125,0.8125,0.8661660956,-13.53387096
2.125,0.9375,1.443257005,-13.48934673
2.1875,0,-1.378123441,-13.55201017
2.1875,1,1.589861942,-13.80588499
2.1875,0.125,-0.9713795467,-13.61820996
2.1875,0.0625,-1.162586706,-13.58707094
2.1875,0.25,-0.6423436114,-13.67529703
2.1875,0.1875,-0.7993813159,-13.64716106
2.1875,0.375,-0.3588622282,-13.73268768
2.1875,0.3125,-0.4966060333,-13.70361178
2.1875,0.5,-0.09456010445,-13.79298275
2.1875,0.4375,-0.2259404861,-13.76263389
2.1875,0.625,0.1792887434,-13.84916705
2.1875,0.5625,0.03898576331,-13.82253503
2.1875,0.75,0.5070511959,-13.88011837
2.1875,0.6875,0.332476072,-13.86969724
2.1875,0.875,0.9631014666,-13.86054665
2.1875,0.8125,0.7137971084,-13.87716919
2.1875,0.9375,1.258354413,-13.83478083
2.25,0,-1.121311227,-13.76136954
2.25,1,1.393918475,-14.15204072
2.25,0.25,-0.5238819533,-13.89451156
2.25,0.5,-0.08879464438,-14.04241377
2.25,0.75,0.3790111651,-14.2006979
2.25,0.125,-0.7895480911,-13.83145436
2.25,0.375,-0.2973141704,-13.96293576
2.25,0.625,0.123963798,-14.12922126
2.25,0.875,0.7694131012,-14.20746129
2.25,0.0625,-0.9450508418,-13.79832629
2.25,0.1875,-0.6503586331,-13.8629343
2.25,0.3125,-0.4070896778,-13.92752997
2.25,0.4375,-0.1920596001,-14.00123935
2.25,0.5625,0.0153331729,-14.0856936
2.25,0.6875,0.2423841454,-14.16948934
2.25,0.8125,0.5483298397,-14.21479164
2.25,0.9375,1.055388426,-14.18215241
2.3125,0,-0.8523984184,-13.92793054
2.3125,1,1.191879944,-14.5176701
2.3125,0.125,-0.5997012296,-14.00130294
2.3125,0.0625,-0.7178473436,-13.96646995
2.3125,0.25,-0.399129561,-14.06976238
2.3125,0.1875,-0.4944026169,-14.0350308
2.3125,0.375,-0.2297204374,-14.14873807
2.3125,0.3125,-0.3115636502,-14.10720833
2.3125,0.5,-0.07609442705,-14.24785693
2.3125,0.4375,-0.151809851,-14.19539554
2.3125,0.625,0.07672629474,-14.37000509
2.3125,0.5625,-0.0006987712076,-14.30628779
2.3125,0.75,0.2545680714,-14.50110092
2.3125,0.6875,0.1596882159,-14.43674038
2.3125,0.875,0.5513253262,-14.56820443
2.3125,0.8125,0.3741010508,-14.55174648
2.3125,0.9375,0.8248033618,-14.55199495
2.375,0,-0.5738700824,-14.04901284
2.375,1,0.9831616872,-14.95915789
2.375,0.25,-0.2692005173,-14.19769562
2.375,0.125,-0.4034995955,-14.12489509
2.375,0.5,-0.05608568618,-14.4020136
2.375,0.375,-0.1566804509,-14.28551182
2.375,0.75,0.1460128973,-14.76246651
2.375,0.625,0.04089043443,-14.55875386
2.375,0.875,0.3083470618,-14.97111999
2.375,0.0625,-0.4830009082,-14.08874718
2.375,0.1875,-0.3328794515,-14.16040537
2.375,0.3125,-0.2109008469,-14.23880548
2.375,0.4375,-0.1054156251,-14.33941721
2.375,0.5625,-0.007689434487,-14.47470758
2.375,0.6875,0.09120663373,-14.65493627
2.375,0.8125,0.2125218052,-14.87553534
2.375,0.9375,0.5446291531,-14.97553739
2.4375,0,-0.2886518702,-14.12254147
2.4375,1,0.7347636638,-15.5313489
2.4375,0.125,-0.202882314,-14.20000051
2.4375,0.0625,-0.2428568842,-14.16302068
2.4375,0.25,-0.1355679392,-14.27562418
2.4375,0.1875,-0.1674485379,-14.2366597
2.4375,0.375,-0.07947431142,-14.36935326
2.4375,0.3125,-0.1064562534,-14.31916372
2.4375,0.5,-0.02984906491,-14.49793714
2.4375,0.4375,-0.05408932224,-14.42822506
2.4375,0.625,0.01670486478,-14.68053556
2.4375,0.5625,-0.006364624158,-14.5809894
2.4375,0.75,0.0629446142,-14.9481496
2.4375,0.6875,0.03967006542,-14.8008591
2.4375,0.875,0.1177056901,-15.36253741
2.4375,0.8125,0.08709403239,-15.13127151
2.4375,0.9375,0.1550615265,-15.61691867
2.5,0,4.082549471e-13,-14.14720126
2.5,1,6.281323229e-13,-17.3027649
2.5,0.25,4.723482155e-13,-14.30180238
2.5,0.5,5.18340613e-13,-14.53053802
2.5,0.75,5.698331677e-13,-15.01635855
2.5,0.125,4.452606743e-13,-14.22519839
2.5,0.375,4.955617356e-13,-14.39761384
2.5,0.625,5.422284644e-13,-14.72278556
2.5,0.875,5.985916401e-13,-15.5378695
2.5,0.0625,4.27834115e-13,-14.18793365
2.5,0.1875,4.598992842e-13,-14.26225476
2.5,0.3125,4.837716462e-13,-14.34619386
2.5,0.4375,5.069583386e-13,-14.45825653
2.5,0.5625,5.298107169e-13,-14.61739722
2.5,0.6875,5.55994127e-13,-14.85257059
2.5,0.8125,5.839537928e-13,-15.2321909
2.5,0.9375,6.138402953e-13,-16.06928493
2.5625,0,0.2886518702,-14.12254147
2.5625,1,-0.7347636638,-15.5313489
2.5625,0.125,0.202882314,-14.20000051
2.5625,0.0625,0.2428568842,-14.16302068
2.5625,0.25,0.1355679392,-14.27562418
2.5625,0.1875,0.1674485379,-14.2366597
2.5625,0.375,0.07947431142,-14.36935326
2.5625,0.3125,0.1064562534,-14.31916372
2.5625,0.5,0.02984906491,-14.49793714
2.5625,0.4375,0.05408932224,-14.42822506
2.5625,0.625,-0.01670486478,-14.68053556
2.5625,0.5625,0.006364624159,-14.5809894
2.5625,0.75,-0.0629446142,-14.9481496
2.5625,0.6875,-0.03967006542,-14.8008591
2.5625,0.875,-0.1177056901,-15.36253741
2.5625,0.8125,-0.08709403239,-15.13127151
2.5625,0.9375,-0.1550615265,-15.61691867
2.625,0,0.5738700824,-14.04901284
2.625,1,-0.9831616872,-14.95915789
2.625,0.25,0.2692005173,-14.19769562
2.625,0.125,0.4034995955,-14.12489509
2.625,0.5,0.05608568618,-14.4020136
2.625,0.375,0.1566804509,-14.28551182
2.625,0.75,-0.1460128973,-14.76246651
2.625,0.625,-0.04089043443,-14.55875386
2.625,0.875,-0.3083470618,-14.97111999
2.625,0.0625,0.4830009082,-14.08874718
2.625,0.1875,0.3328794515,-14.16040537
2.625,0.3125,0.2109008469,-14.23880548
2.625,0.4375,0.1054156251,-14.33941721
2.625,0.5625,0.007689434488,-14.47470758
2.625,0.6875,-0.09120663373,-14.65493627
2.625,0.8125,-0.2125218052,-14.87553534
2.625,0.9375,-0.5446291531,-14.97553739
2.6875,0,0.8523984184,-13.92793054
2.6875,1,-1.191879944,-14.5176701
2.6875,0.125,0.5997012296,-14.00130294
2.6875,0.0625,0.7178473436,-13.96646995
2.6875,0.25,0.399129561,-14.06976238
2.6875,0.1875,0.4944026169,-14.0350308
2.6875,0.375,0.2297204374,-14.14873807
2.6875,0.3125,0.3115636502,-14.10720833
2.6875,0.5,0.07609442705,-14.24785693
2.6875,0.4375,0.151809851,-14.19539554
2.6875,0.625,-0.07672629474,-14.37000509
2.6875,0.5625,0.0006987712087,-14.30628779
2.6875,0.75,-0.2545680714,-14.50110092
2.6875,0.6875,-0.1596882159,-14.43674038
2.6875,0.875,-0.5513253262,-14.56820443
2.6875,0.8125,-0.3741010508,-14.55174648
2.6875,0.9375,-0.8248033618,-14.55199495
2.75,0,1.121311227,-13.76136954
2.75,1,-1.393918475,-14.15204072
2.75,0.25,0.5238819533,-13.89451156
2.75,0.5,0.08879464438,-14.04241377
2.75,0.75,-0.3790111651,-14.2006979
2.75,0.125,0.7895480911,-13.83145436
2.75,0.375,0.2973141704,-13.96293576
2.75,0.625,-0.123963798,-14.12922126
2.75,0.875,-0.7694131012,-14.20746129
2.75,0.0625,0.9450508418,-13.79832629
2.75,0.1875,0.6503586331,-13.8629343
2.75,0.3125,0.4070896778,-13.92752997
2.75,0.4375,0.1920596001,-14.00123935
2.75,0.5625,-0.0153331729,-14.0856936
2.75,0.6875,-0.2423841454,-14.16948934
2.75,0.8125,-0.5483298397,-14.21479164
2.75,0.9375,-1.055388426,-14.18215241
2.8125,0,1.378123441,-13.55201017
2.8125,1,-1.589861942,-13.80588499
2.8125,0.125,0.9713795467,-13.61820996
2.8125,0.0625,1.162586706,-13.58707094
2.8125,0.25,0.6423436114,-13.67529703
2.8125,0.1875,0.7993813159,-13.64716106
2.8125,0.375,0.3588622282,-13.73268768
2.8125,0.3125,0.4966060333,-13.70361178
2.8125,0.5,0.09456010445,-13.79298275
2.8125,0.4375,0.2259404861,-13.76263389
2.8125,0.625,-0.1792887434,-13.84916705
2.8125,0.5625,-0.03898576331,-13.82253503
2.8125,0.75,-0.5070511959,-13.88011837
2.8125,0.6875,-0.332476072,-13.86969724
2.8125,0.875,-0.9631014666,-13.86054665
2.8125,0.8125,-0.7137971084,-13.87716919
2.8125,0.9375,-1.258354413,-13.83478083
2.875,0,1.620847929,-13.30295863
2.875,1,-1.778783703,-13.46210416
2.875,0.25,0.7537569189,-13.41584848
2.875,0.125,1.143845096,-13.36485623
2.875,0.5,0.09471279661,-13.50612725
2.875,0.375,0.4143424955,-13.46272523
2.875,0.75,-0.6302665526,-13.54481785
2.875,0.625,-0.2384739927,-13.53861221
2.875,0.875,-1.136944528,-13.51435256
2.875,0.0625,1.368795433,-13.33588743
2.875,0.1875,0.9404150971,-13.39116768
2.875,0.3125,0.579684836,-13.4395956
2.875,0.4375,0.2539797155,-13.4851135
2.875,0.5625,-0.06775689939,-13.52455848
2.875,0.6875,-0.4235621527,-13.54606362
2.875,0.8125,-0.8661660956,-13.53387096
2.875,0.9375,-1.443257005,-13.48934673
2.9375,0,1.848000783,-13.01756728
2.9375,1,-1.95947626,-13.11104263
2.9375,0.125,1.305902932,-13.07490632
2.9375,0.0625,1.562390718,-13.04820062
2.9375,0.25,0.8576678044,-13.12001564
2.9375,0.1875,1.072694274,-13.09860158
2.9375,0.375,0.4641144067,-13.15755331
2.9375,0.3125,0.6562370709,-13.13961607
2.9375,0.5,0.09092163883,-13.1872083
2.9375,0.4375,0.277108747,-13.17361692
2.9375,0.625,-0.2979400703,-13.20278558
2.9375,0.5625,-0.09905899455,-13.19735126
2.9375,0.75,-0.7453444301,-13.19473808
2.9375,0.6875,-0.5113818196,-13.20221457
2.9375,0.875,-1.294762682,-13.16037106
2.9375,0.8125,-1.005281489,-13.18038386
2.9375,0.9375,-1.614021798,-13.13671942
3,0,2.058563499,-12.69927565
3,1,-2.130848552,-12.74791816
3,0.25,0.9538476045,-12.79157724
3,0.5,0.08475512261,-12.8404088
3,0.75,-0.8512401087,-12.82896704
3,0.125,1.456793144,-12.75192928
3,0.375,0.5087132205,-12.82125706
3,0.625,-0.3552382158,-12.84467791
3,0.875,-1.438876237,-12.79408425
3,0.0625,1.742436826,-12.72751238
3,0.1875,1.195697778,-12.77312116
3,0.3125,0.7263831247,-12.80760075
3,0.4375,0.2963499637,-12.83234666
3,0.5625,-0.1307879053,-12.84477226
3,0.6875,-0.5937248928,-12.83948922
3,0.8125,-1.132043307,-12.81349607
3,0.9375,-1.772331451,-12.77197265
3.0625,0,2.251915876,-12.35148505
3.0625,1,-2.291907114,-12.3703125
3.0625,0.125,1.595995555,-12.39942102
3.0625,0.0625,1.908304548,-12.37727357
3.0625,0.25,1.042213213,-12.43412173
3.0625,0.1875,1.309094193,-12.41826853
3.0625,0.375,0.5486896747,-12.45745523
3.0625,0.3125,0.7903370599,-12.44717281
3.0625,0.5,0.07745827954,-12.46899704
3.0625,0.4375,0.3126119717,-12.46482859
3.0625,0.625,-0.4089234586,-12.46616397
3.0625,0.5625,-0.1614701574,-12.46956898
3.0625,0.75,-0.9478433734,-12.44683551
3.0625,0.6875,-0.6695908667,-12.45855897
3.0625,0.875,-1.570622887,-12.41315756
3.0625,0.8125,-1.247343026,-12.43145302
3.0625,0.9375,-1.918837989,-12.39268349
3.125,0,2.427754451,-11.97747191
3.125,1,-2.441766852,-11.97725793
3.125,0.25,1.122760911,-12.0509903
3.125,0.125,1.723181634,-12.02071982
3.125,0.5,0.06990651282,-12.07562921
3.125,0.375,0.5845139564,-12.0693418
3.125,0.75,-1.035354822,-12.04821061
3.125,0.625,-0.4582335908,-12.06868659
3.125,0.875,-1.690733646,-12.01665198
3.125,0.0625,2.059615776,-12.00079693
3.125,0.1875,1.412688624,-12.03739374
3.125,0.3125,0.8483237972,-12.06162963
3.125,0.4375,0.3265972813,-12.07405762
3.125,0.5625,-0.1901851003,-12.07388092
3.125,0.6875,-0.7386181971,-12.06005771
3.125,0.8125,-1.351858733,-12.0335675
3.125,0.9375,-2.053700344,-11.99787406
3.1875,0,2.586009358,-11.58033763
3.1875,1,-2.57964906,-11.5687006
3.1875,0.125,1.838167632,-11.61896217
3.1875,0.0625,2.196185472,-11.60120833
3.1875,0.25,1.195519925,-11.64526523
3.1875,0.1875,1.506378135,-11.63362177
3.1875,0.375,0.6165362846,-11.65976427
3.1875,0.3125,0.9005319288,-11.65396679
3.1875,0.5,0.06265236744,-11.66259354
3.1875,0.4375,0.3387899094,-11.66265137
3.1875,0.625,-0.5028243321,-11.65359152
3.1875,0.5625,-0.2164174809,-11.65956385
3.1875,0.75,-1.114042278,-11.63346851
3.1875,0.6875,-0.8007525024,-11.64480799
3.1875,0.875,-1.799578955,-11.60452961
3.1875,0.8125,-1.446055067,-11.61992426
3.1875,0.9375,-2.176837425,-11.58749182
3.25,0,2.726768767,-11.16298905
3.25,1,-2.704878149,-11.1451981
3.25,0.25,1.26052478,-11.21978631
3.25,0.5,0.05600282105,-11.2319758
3.25,0.75,-1.184152792,-11.20340394
3.25,0.125,1.940873287,-11.19707019
3.25,0.375,0.6449855072,-11.23130586
3.25,0.625,-0.5425896477,-11.2222734
3.25,0.875,-1.897317515,-11.17736126
3.25,0.0625,2.31796749,-11.1814293
3.25,0.1875,1.590118041,-11.20985053
3.25,0.3125,0.9470950771,-11.22692255
3.25,0.4375,0.3494849284,-11.23297623
3.25,0.5625,-0.2399224763,-11.22837001
3.25,0.6875,-0.8560743187,-11.2138686
3.25,0.8125,-1.53023186,-11.19115731
3.25,0.9375,-2.288057238,-11.16209927
3.3125,0,2.850216121,-10.72814108
3.3125,1,-2.816875878,-10.70772935
3.3125,0.125,2.031288011,-10.75776089
3.3125,0.0625,2.425008126,-10.74418209
3.3125,0.25,1.317802028,-10.77718163
3.3125,0.1875,1.663898376,-10.76876834
3.3125,0.375,0.6699874726,-10.78635603
3.3125,0.3125,0.9880916668,-10.78302684
3.3125,0.5,0.05009392912,-10.78576004
3.3125,0.4375,0.3588324945,-10.78723791
3.3125,0.625,-0.5775510671,-10.77622578
3.3125,0.5625,-0.2606237466,-10.78203806
3.3125,0.75,-1.245888237,-10.75913578
3.3125,0.6875,-0.904713549,-10.76851772
3.3125,0.875,-1.983986583,-10.73613897
3.3125,0.8125,-1.604572668,-10.74829361
3.3125,0.9375,-2.38712545,-10.72268243
3.375,0,2.956581932,-10.2783337
3.375,1,-2.915153992,-10.25757005
3.375,0.25,1.367366184,-10.31990312
3.375,0.5,0.04495116105,-10.32588513
3.375,0.375,0.6915901933,-10.32716541
3.375,0.75,-1.299404599,-10.30202715
3.375,0.625,-0.6077925252,-10.3170473
3.375,0.875,-2.059556822,-10.2821514
3.375,0.0625,2.517409002,-10.29200884
3.375,0.3125,1.023554118,-10.32464671
3.375,0.4375,0.366881101,-10.3275418
3.375,0.5625,-0.278543233,-10.3223322
3.375,0.6875,-0.9468089665,-10.31021594
3.375,0.8125,-1.669182957,-10.29264226
3.375,0.9375,-2.473802389,-10.2705248
3.375,0.125,2.109444776,-10.30356853
3.375,0.1875,1.727728487,-10.31288158
3.4375,0,3.046109498,-9.815956388
3.4375,1,-2.999305742,-9.796207214
3.4375,0.375,0.7097883531,-9.855886345
3.4375,0.5,0.04053385805,-9.854274261
3.4375,0.4375,0.3736136719,-9.855931283
3.4375,0.625,-0.6334231965,-9.846430075
3.4375,0.5625,-0.2937552512,-9.851054506
3.4375,0.75,-1.344818899,-9.833622137
3.4375,0.6875,-0.9824902881,-9.840567184
3.4375,0.875,-2.123965606,-9.816898019
3.4375,0.8125,-1.724117619,-9.825715134
3.4375,0.9375,-2.547862589,-9.807121178
3.4375,0.125,2.175400915,-9.83687294
3.4375,0.0625,2.595299284,-9.827297886
3.4375,0.25,1.409220618,-9.850261543
3.4375,0.1875,1.781627445,-9.84454592
3.4375,0.3125,1.053481193,-9.854024915
3.5,0,3.119032528,-9.343274982
3.5,1,-3.068996852,-9.325278922
3.5,0.5,0.0367660921,-9.37284888
3.5,0.75,-1.382217447,-9.355597087
3.5,0.375,0.7245437893,-9.374602051
3.5,0.625,-0.6545569453,-9.366142287
3.5,0.875,-2.177137046,-9.342028359
3.5,0.4375,0.3789749756,-9.374411463
3.5,0.5625,-0.306357582,-9.370044858
3.5,0.6875,-1.011871303,-9.36128422
3.5,0.8125,-1.769399971,-9.349169461
3.5,0.9375,-2.609104335,-9.334116961
3.5,0.25,1.44336045,-9.370457823
3.5,0.125,2.229224693,-9.359928973
3.5,0.0625,2.6588162,-9.35231201
3.5,0.1875,1.825618318,-9.365996903
3.5,0.3125,1.07784988,-9.373311196
3.5625,0,3.175562137,-8.862457668
3.5625,1,-3.123956336,-8.846530933
3.5625,0.375,0.7358010204,-8.885347385
3.5625,0.5,0.03355706488,-8.883534342
3.5625,0.4375,0.3828910702,-8.884963668
3.5625,0.625,-0.6713014896,-8.878010902
3.5625,0.5625,-0.3164539343,-8.88117548
3.5625,0.75,-1.411663236,-8.869723595
3.5625,0.6875,-1.035048255,-8.87416012
3.5625,0.875,-2.218993692,-8.859298364
3.5625,0.8125,-1.805034505,-8.86476588
3.5625,0.9375,-2.657353352,-8.853264481
3.5625,0.125,2.270986376,-8.874894065
3.5625,0.0625,2.708092382,-8.869215453
3.5625,0.25,1.469775748,-8.882609794
3.5625,0.1875,1.859724872,-8.879377445
3.5625,0.3125,1.096625156,-8.88458695
3.625,0,3.215880687,-8.375598186
3.625,1,-3.163967575,-8.361785079
3.625,0.25,1.488454229,-8.388774041
3.625,0.5,0.03081391914,-8.38826141
3.625,0.375,0.7434981274,-8.390123624
3.625,0.75,-1.433201877,-8.377840761
3.625,0.625,-0.68375319,-8.383906467
3.625,0.875,-2.24946303,-8.370538651
3.625,0.3125,1.109767192,-8.389884274
3.625,0.4375,0.3852822717,-8.389554329
3.625,0.5625,-0.3241438316,-8.38634415
3.625,0.6875,-1.052100595,-8.381045824
3.625,0.8125,-1.831015213,-8.374337729
3.625,0.9375,-2.692463084,-8.36639132
3.625,0.125,2.300752699,-8.383852253
3.625,0.0625,2.743248454,-8.380097785
3.625,0.1875,1.88396974,-8.386761274
3.6875,0,3.240140299,-7.884735397
3.6875,1,-3.188859912,-7.872916158
3.6875,0.125,2.318583771,-7.888834102
3.6875,0.25,1.49938318,-7.890963233
3.6875,0.375,0.7475738006,-7.89090901
3.6875,0.3125,1.117236166,-7.891200476
3.6875,0.5,0.02844925601,-7.88896592
3.6875,0.4375,0.3860712213,-7.890140492
3.6875,0.625,-0.6919950633,-7.88573075
3.6875,0.5625,-0.3295172559,-7.887467689
3.6875,0.75,-1.446866151,-7.881834557
3.6875,0.6875,-1.063092697,-7.883832908
3.6875,0.875,-2.268480694,-7.877631391
3.6875,0.8125,-1.847330891,-7.879768554
3.6875,0.9375,-2.71431305,-7.875377182
3.6875,0.0625,2.764389427,-7.886993884
3.6875,0.1875,1.898373459,-7.890172028
3.75,0,3.248464288,-7.391869067
3.75,1,-3.198500975,-7.381835047
3.75,0.25,1.502550639,-7.39115952
3.75,0.5,0.02638507625,-7.387587803
3.75,0.75,-1.45267937,-7.383622654
3.75,0.125,2.324531663,-7.391832551
3.75,0.375,0.7479714674,-7.389666279
3.75,0.625,-0.6960966065,-7.385407132
3.75,0.875,-2.275991681,-7.382493507
3.75,0.0625,2.77160369,-7.39189995
3.75,0.1875,1.902954017,-7.391598275
3.75,0.3125,1.118995139,-7.390508952
3.75,0.4375,0.3851874341,-7.388673307
3.75,0.5625,-0.3326522821,-7.386476456
3.75,0.6875,-1.068075856,-7.384440674
3.75,0.8125,-1.85396837,-7.382975728
3.75,0.9375,-2.722806208,-7.38213704
3.8125,0,3.240950258,-6.898972107
3.8125,1,-3.192789861,-6.890476431
3.8125,0.125,2.318640119,-6.89481507
3.8125,0.0625,2.764963648,-6.896785849
3.8125,0.25,1.497945967,-6.891324588
3.8125,0.1875,1.897726696,-6.893004957
3.8125,0.375,0.7446413355,-6.888348038
3.8125,0.3125,1.115011488,-6.889767209
3.8125,0.5,0.02455438744,-6.886070015
3.8125,0.4375,0.382569436,-6.887100294
3.8125,0.625,-0.6961145934,-6.884873383
3.8125,0.5625,-0.3336145431,-6.885310025
3.8125,0.75,-1.450657836,-6.885143409
3.8125,0.6875,-1.067090239,-6.884806651
3.8125,0.875,-2.271950343,-6.887064538
3.8125,0.8125,-1.850914387,-6.885898619
3.8125,0.9375,-2.717865924,-6.888608945
3.875,0,3.217673979,-6.407999722
3.875,1,-3.171651237,-6.400789943
3.875,0.25,1.485559979,-6.393407016
3.875,0.125,2.300944935,-6.399732646
3.875,0.5,0.02290135338,-6.386357666
3.875,0.375,0.7375410393,-6.388900589
3.875,0.75,-1.440812589,-6.388347976
3.875,0.625,-0.6920943511,-6.386076425
3.875,0.875,-2.256319704,-6.393297942
3.875,0.0625,2.744527313,-6.403604284
3.875,0.1875,1.882704081,-6.39634179
3.875,0.3125,1.105257346,-6.390922672
3.875,0.4375,0.3781653333,-6.387366887
3.875,0.5625,-0.3324577631,-6.385913976
3.875,0.6875,-1.060166673,-6.386879776
3.875,0.8125,-1.838156538,-6.390490126
3.875,0.9375,-2.699432901,-6.396745254
3.9375,0,3.178693461,-5.920895918
3.9375,1,-3.135030386,-5.914733788
3.9375,0.125,2.271474715,-5.908526123
3.9375,0.0625,2.710340351,-5.914297283
3.9375,0.25,1.465384806,-5.899347468
3.9375,0.1875,1.857896147,-5.9035492
3.9375,0.375,0.7266354278,-5.89326665
3.9375,0.3125,1.089709427,-5.895916787
3.9375,0.5,0.02138059086,-5.890397446
3.9375,0.4375,0.3719324345,-5.891417549
3.9375,0.625,-0.6840712307,-5.890968667
3.9375,0.5625,-0.329224876,-5.890237686
3.9375,0.75,-1.423150663,-5.895194745
3.9375,0.6875,-1.047328222,-5.892615597
3.9375,0.875,-2.229070421,-5.903154906
3.9375,0.8125,-1.815683662,-5.898710676
3.9375,0.9375,-2.667462293,-5.90850636
4,0,3.124052914,-5.439597832
4,1,-3.082889168,-5.434270097
4,0.25,1.43741361,-5.411082166
4,0.5,0.01995602299,-5.400137445
4,0.75,-1.397675971,-5.407645453
4,0.125,2.230251759,-5.423130379
4,0.375,0.7118959084,-5.403387333
4,0.625,-0.6720721385,-5.401505629
4,0.875,-2.190179591,-5.418599892
4,0.0625,2.662438248,-5.430800487
4,0.1875,1.823310381,-5.416562242
4,0.3125,1.068348534,-5.406687853
4,0.4375,0.3638363776,-5.401196728
4,0.5625,-0.3239494314,-5.400232997
4,0.6875,-1.028591572,-5.403973019
4,0.8125,-1.783485849,-5.412523964
4,0.9375,-2.621921103,-5.425856142
4.0625,0,3.053786384,-4.966038188
4.0625,1,-3.015202823,-4.961361378
4.0625,0.125,2.177292924,-4.945476679
4.0625,0.0625,2.600848351,-4.955045555
4.0625,0.25,1.401640296,-4.930545043
4.0625,0.1875,1.778951899,-4.93731288
4.0625,0.375,0.6932996892,-4.921203712
4.0625,0.3125,1.041159031,-4.925172951
4.0625,0.5,0.01859955696,-4.917527499
4.0625,0.4375,0.3538501009,-4.918649893
4.0625,0.625,-0.6561171026,-4.919644629
4.0625,0.5625,-0.3166571372,-4.917853756
4.0625,0.75,-1.364389996,-4.927662482
4.0625,0.6875,-1.003968326,-4.922912222
4.0625,0.875,-2.139629495,-4.94159729
4.0625,0.8125,-1.74155424,-4.933893826
4.0625,0.9375,-2.562785885,-4.950758517
4.125,0,2.967920968,-4.502146077
4.125,1,-2.931957509,-4.497967446
4.125,0.25,1.358059394,-4.459668828
4.125,0.125,2.112610323,-4.477493406
4.125,0.5,0.0172897559,-4.444520298
4.125,0.375,0.6708292426,-4.448658308
4.125,0.75,-1.323292465,-4.457206916
4.125,0.625,-0.6362209804,-4.447344479
4.125,0.875,-2.077406323,-4.474108588
4.125,0.0625,2.525591591,-4.488960881
4.125,0.1875,1.72482359,-4.467730841
4.125,0.3125,1.008128545,-4.453309269
4.125,0.4375,0.3419529379,-4.445724975
4.125,0.5625,-0.3073675121,-4.445056311
4.125,0.6875,-0.9734663905,-4.451393486
4.125,0.8125,-1.689880736,-4.464781736
4.125,0.9375,-2.490040683,-4.485174458
4.1875,0,2.866479474,-4.049846042
4.1875,1,-2.833148366,-4.04604225
4.1875,0.125,2.036211722,-4.0211052
4.1875,0.0625,2.436683676,-4.034470632
4.1875,0.25,1.306666342,-4.000385267
4.1875,0.1875,1.660926308,-4.009743158
4.1875,0.375,0.6444723737,-3.987696925
4.1875,0.3125,0.9692482906,-3.99303518
4.1875,0.5,0.01601060534,-3.983073659
4.1875,0.4375,0.328130117,-3.984374652
4.1875,0.625,-0.6123955567,-3.986566291
4.1875,0.5625,-0.2960957439,-3.983801264
4.1875,0.75,-1.274382267,-3.998237055
4.1875,0.6875,-0.9370917477,-3.991376841
4.1875,0.875,-2.003498817,-4.018089465
4.1875,0.8125,-1.628457753,-4.007144428
4.1875,0.9375,-2.403675035,-4.031058886
4.25,0,2.749482288,-3.611055284
4.25,1,-2.718777752,-3.607529907
4.25,0.25,1.247458605,-3.55462465
4.25,0.5,0.01475042906,-3.535154627
4.25,0.75,-1.217659074,-3.552707106
4.25,0.125,1.948100498,-3.578230328
4.25,0.375,0.6142234311,-3.540271378
4.25,0.625,-0.5846525088,-3.539275709
4.25,0.875,-1.917896734,-3.575486185
4.25,0.0625,2.334135427,-3.593491867
4.25,0.1875,1.587259288,-3.565272332
4.25,0.3125,0.9245145641,-3.546291403
4.25,0.4375,0.3123730111,-3.53656015
4.25,0.5625,-0.2828550053,-3.536057004
4.25,0.6875,-0.8948511903,-3.544822543
4.25,0.8125,-1.557278201,-3.562931156
4.25,0.9375,-2.303681699,-3.590356743
4.3125,0,2.616947948,-3.187678533
4.3125,1,-2.588853021,-3.184359171
4.3125,0.125,1.848274942,-3.150775876
4.3125,0.0625,2.217951742,-3.167929289
4.3125,0.25,1.180438337,-3.12431475
4.3125,0.1875,1.503821049,-3.136232946
4.3125,0.375,0.5800864724,-3.108343898
4.3125,0.3125,0.8739323297,-3.115022768
4.3125,0.5,0.01350097827,-3.102746377
4.3125,0.4375,0.2946806217,-3.104257504
4.3125,0.625,-0.5530080248,-3.107447175
4.3125,0.5625,-0.2676596668,-3.103805899
4.3125,0.75,-1.153126373,-3.122565923
4.3125,0.6875,-0.8467569005,-3.113692656
4.3125,0.875,-1.820588926,-3.148230532
4.3125,0.8125,-1.476336013,-3.134080071
4.3125,0.9375,-2.190053547,-3.164997424
4.375,0,2.468891458,-2.781599867
4.375,1,-2.443382742,-2.778435344
4.375,0.25,1.105617804,-2.711379451
4.375,0.125,1.73672664,-2.740630141
4.375,0.5,0.01225669926,-2.687859273
4.375,0.375,0.542081616,-2.693894356
4.375,0.75,-1.080797179,-2.709755816
4.375,0.625,-0.5174903097,-2.693071238
4.375,0.875,-1.711560767,-2.73823242
4.375,0.0625,2.088128255,-2.759666856
4.375,0.1875,1.410611367,-2.724526444
4.375,0.3125,0.817522334,-2.701181338
4.375,0.4375,0.2750629929,-2.689467607
4.375,0.5625,-0.2505300966,-2.689054376
4.375,0.6875,-0.7928343464,-2.699954308
4.375,0.8125,-1.385627806,-2.722513218
4.375,0.9375,-2.062778639,-2.756886574
4.4375,0,2.305318491,-2.394670483
4.4375,1,-2.282369402,-2.391628471
4.4375,0.125,1.613437583,-2.349651363
4.4375,0.0625,1.944644151,-2.370555169
4.4375,0.25,1.023029648,-2.317737674
4.4375,0.1875,1.307635414,-2.332033873
4.4375,0.375,0.5002563401,-2.298931923
4.4375,0.3125,0.7553340029,-2.30673217
4.4375,0.5,0.01101417164,-2.292547753
4.4375,0.4375,0.2535474839,-2.294231733
4.4375,0.625,-0.4781517527,-2.298166425
4.4375,0.5625,-0.2314999917,-2.293848555
4.4375,0.75,-1.000704482,-2.316211894
4.4375,0.6875,-0.7331357493,-2.305585776
4.4375,0.875,-1.590790546,-2.347369137
4.4375,0.8125,-1.285156769,-2.330129771
4.4375,0.9375,-1.921831885,-2.367893949
4.5,0,2.126212216,-2.028690981
4.5,1,-2.105795245,-2.025756267
4.5,0.25,0.9327454616,-1.945304201
4.5,0.5,0.009771700157,-1.918934544
4.5,0.75,-0.9129199275,-1.943863426
4.5,0.125,1.478375674,-1.979651813
4.5,0.375,0.4547039502,-1.925513425
4.5,0.625,-0.4350879985,-1.924797844
4.5,0.875,-1.458244494,-1.977470139
4.5,0.0625,1.787448482,-2.002393129
4.5,0.1875,1.194912234,-1.960606865
4.5,0.3125,0.6874674103,-1.933664073
4.5,0.4375,0.2301889253,-1.920654319
4.5,0.5625,-0.2106272948,-1.92029715
4.5,0.6875,-0.6677624253,-1.932587633
4.5,0.8125,-1.17494095,-1.958797661
4.5,0.9375,-1.767160594,-1.999835786
4.5625,0,1.931506832,-1.685386325
4.5625,1,-1.913595233,-1.682559869
4.5625,0.125,1.331488812,-1.632376522
4.5625,0.0625,1.616435498,-1.656901745
4.5625,0.25,0.8349085321,-1.595996487
4.5625,0.1875,1.072492068,-1.612058601
4.5625,0.375,0.4055912432,-1.575771311
4.5625,0.3125,0.6141086428,-1.584009703
4.5625,0.5,0.008529031807,-1.569242393
4.5625,0.4375,0.2050841755,-1.570934008
4.5625,0.625,-0.3884659746,-1.575105363
4.5625,0.5625,-0.1880092612,-1.570602597
4.5625,0.75,-0.817586539,-1.594641202
4.5625,0.6875,-0.5969003191,-1.58300321
4.5625,0.875,-1.313870598,-1.630296603
4.5625,0.8125,-1.055030426,-1.610345255
4.5625,0.9375,-1.598659404,-1.654449438
4.625,0,1.721036962,-1.366369675
4.625,1,-1.705606307,-1.363668635
4.625,0.25,0.7297902784,-1.271757093
4.625,0.125,1.172699758,-1.30947648
4.625,0.5,0.007287154538,-1.245829194
4.625,0.375,0.3531949875,-1.251954178
4.625,0.75,-0.7149749587,-1.270500386
4.625,0.625,-0.338560533,-1.251344164
4.625,0.875,-1.157593381,-1.307515561
4.625,0.0625,1.431401266,-1.335687379
4.625,0.1875,0.9404924343,-1.288161327
4.625,0.3125,0.5355829308,-1.25988345
4.625,0.4375,0.1783895876,-1.247400946
4.625,0.5625,-0.1638002627,-1.247098348
4.625,0.6875,-0.520873081,-1.25895665
4.625,0.8125,-0.9255431826,-1.286559594
4.625,0.9375,-1.416126877,-1.333357628
4.6875,0,1.494440901,-1.073091797
4.6875,1,-1.481470984,-1.070550757
4.6875,0.125,1.001912107,-1.012483215
4.6875,0.0625,1.231967572,-1.040185788
4.6875,0.25,0.6178851495,-0.9746162878
4.6875,0.1875,0.7991749195,-0.9906671431
4.6875,0.375,0.2979395952,-0.9564804809
4.6875,0.3125,0.4524248907,-0.9635504859
4.6875,0.5,0.006048113597,-0.9512133232
4.6875,0.4375,0.1503349777,-0.9525502752
4.6875,0.625,-0.2857921591,-0.9559382103
4.6875,0.5625,-0.1382260392,-0.9522822143
4.6875,0.75,-0.6055778144,-0.9734831752
4.6875,0.6875,-0.4402120159,-0.9627217572
4.6875,0.875,-0.9893199049,-1.010675501
4.6875,0.8125,-0.7867414835,-0.9892077401
4.6875,0.9375,-1.219189844,-1.038013749
4.75,0,1.250970354,-0.8067390082
4.75,1,-1.240448194,-0.8044131236
4.75,0.25,0.5000545023,-0.7068386002
4.75,0.5,0.004814766554,-0.6880614041
4.75,0.75,-0.4902525448,-0.7058646001
4.75,0.125,0.8190630542,-0.7427912025
4.75,0.375,0.2404106685,-0.6919909957
4.75,0.625,-0.2307406183,-0.6915320438
4.75,0.875,-0.80899243,-0.7411899818
4.75,0.0625,1.017449272,-0.7715920541
4.75,0.1875,0.6491159123,-0.7214178804
4.75,0.3125,0.3654482632,-0.6975478384
4.75,0.4375,0.1212216148,-0.6890466505
4.75,0.5625,-0.1115820844,-0.6888205668
4.75,0.6875,-0.3557253482,-0.6968421131
4.75,0.8125,-0.6392014845,-0.7201466052
4.75,0.9375,-1.00717189,-0.7696334709
4.8125,0,0.9890576849,-0.5681427597
4.8125,1,-0.9809834388,-0.5661134571
4.8125,0.125,0.6243799149,-0.5018274075
4.8125,0.0625,0.7866222743,-0.5306512764
4.8125,0.25,0.3777025617,-0.4712755063
4.8125,0.1875,0.4915511937,-0.4826476923
4.8125,0.375,0.1813074807,-0.4613526586
4.8125,0.3125,0.2757318893,-0.4648282338
4.8125,0.5,0.003590411454,-0.4590963602
4.8125,0.4375,0.09138849022,-0.4596541774
4.8125,0.625,-0.1740978723,-0.460993661
4.8125,0.5625,-0.08420060034,-0.459477869
4.8125,0.75,-0.3703956624,-0.4705024358
4.8125,0.6875,-0.2684840581,-0.4642731364
4.8125,0.875,-0.616843506,-0.5005074397
4.8125,0.8125,-0.4841551566,-0.4816240371
4.8125,0.9375,-0.7788636589,-0.5289889045
4.875,0,0.7051715177,-0.3568203049
4.875,1,-0.6995727407,-0.3552121689
4.875,0.25,0.2526328245,-0.2717814705
4.875,0.125,0.4192385693,-0.2913934878
4.875,0.5,0.002378278698,-0.2668831213
4.875,0.375,0.1213022473,-0.2675190155
4.875,0.75,-0.2477991466,-0.2712487714
4.875,0.625,-0.1165284095,-0.2672741468
4.875,0.875,-0.4142483122,-0.2904532199
4.875,0.0625,0.5375245628,-0.3179539566
4.875,0.1875,0.3290564215,-0.2782149526
4.875,0.3125,0.1844424977,-0.268792286
4.875,0.4375,0.0611428219,-0.2670365441
4.875,0.5625,-0.05638203438,-0.2669165335
4.875,0.6875,-0.1796454498,-0.2684122217
4.875,0.8125,-0.3241645862,-0.2775015834
4.875,0.9375,-0.5323269264,-0.3167053319
4.9375,0,0.3890404207,-0.1732594101
4.9375,1,-0.3860236633,-0.1722487653
4.9375,0.125,0.2097650328,-0.1191968127
4.9375,0.0625,0.2683696913,-0.1318367019
4.9375,0.25,0.1265170272,-0.1131776016
4.9375,0.1875,0.1645740773,-0.1146791035
4.9375,0.375,0.0608428522,-0.1131507795
4.9375,0.3125,0.09245324683,-0.1129409899
4.9375,0.5,0.001180970774,-0.1134793646
4.9375,0.4375,0.03067447657,-0.1133969397
4.9375,0.625,-0.05847352765,-0.1130282786
4.9375,0.5625,-0.02831072967,-0.1133369478
4.9375,0.75,-0.1241218319,-0.1129103222
4.9375,0.6875,-0.09007396604,-0.1127506205
4.9375,0.875,-0.2072966637,-0.1187205065
4.9375,0.8125,-0.1621532184,-0.1143201375
4.9375,0.9375,-0.265804748,-0.1311861812
5,0,0,0
5,1,0,0
5,0.0625,0,0
5,0.125,0,0
5,0.1875,0,0
5,0.25,0,0
5,0.3125,0,0
5,0.375,0,0
5,0.4375,0,0
5,0.5,0,0
5,0.5625,0,0
5,0.625,0,0
5,0.6875,0,0
5,0.75,0,0
5,0.8125,0,0
5,0.875,0,0
5,0.9375,0,0
