1 0 0 0
2 5 0 0
3 5 1 0
4 0 1 0
5 0.25 0 0
6 0.5 0 0
7 0.75 0 0
8 1 0 0
9 1.25 0 0
10 1.5 0 0
11 1.75 0 0
12 2 0 0
13 2.25 0 0
14 2.5 0 0
15 2.75 0 0
16 3 0 0
17 3.25 0 0
18 3.5 0 0
19 3.75 0 0
20 4 0 0
21 4.25 0 0
22 4.5 0 0
23 4.75 0 0
24 0.05 0 0
25 0.1 0 0
26 0.15 0 0
27 0.2 0 0
28 0.3 0 0
29 0.35 0 0
30 0.4 0 0
31 0.45 0 0
32 0.55 0 0
33 0.6 0 0
34 0.65 0 0
35 0.7 0 0
36 0.8 0 0
37 0.85 0 0
38 0.9 0 0
39 0.95 0 0
40 1.05 0 0
41 1.1 0 0
42 1.15 0 0
43 1.2 0 0
44 1.3 0 0
45 1.35 0 0
46 1.4 0 0
47 1.45 0 0
48 1.55 0 0
49 1.6 0 0
50 1.65 0 0
51 1.7 0 0
52 1.8 0 0
53 1.85 0 0
54 1.9 0 0
55 1.95 0 0
56 2.05 0 0
57 2.1 0 0
58 2.15 0 0
59 2.2 0 0
60 2.3 0 0
61 2.35 0 0
62 2.4 0 0
63 2.45 0 0
64 2.55 0 0
65 2.6 0 0
66 2.65 0 0
67 2.7 0 0
68 2.8 0 0
69 2.85 0 0
70 2.9 0 0
71 2.95 0 0
72 3.05 0 0
73 3.1 0 0
74 3.15 0 0
75 3.2 0 0
76 3.3 0 0
77 3.35 0 0
78 3.4 0 0
79 3.45 0 0
80 3.55 0 0
81 3.6 0 0
82 3.65 0 0
83 3.7 0 0
84 3.8 0 0
85 3.85 0 0
86 3.9 0 0
87 3.95 0 0
88 4.05 0 0
89 4.1 0 0
90 4.15 0 0
91 4.2 0 0
92 4.3 0 0
93 4.35 0 0
94 4.4 0 0
95 4.45 0 0
96 4.55 0 0
97 4.6 0 0
98 4.65 0 0
99 4.7 0 0
100 4.8 0 0
101 4.85 0 0
102 4.9 0 0
103 4.95 0 0
104 5 0.25 0
105 5 0.5 0
106 5 0.75 0
107 5 0.05 0
108 5 0.1 0
109 5 0.15 0
110 5 0.2 0
111 5 0.3 0
112 5 0.35 0
113 5 0.4 0
114 5 0.45 0
115 5 0.55 0
116 5 0.6 0
117 5 0.65 0
118 5 0.7 0
119 5 0.8 0
120 5 0.85 0
121 5 0.9 0
122 5 0.95 0
123 4.75 1 0
124 4.5 1 0
125 4.25 1 0
126 4 1 0
127 3.75 1 0
128 3.5 1 0
129 3.25 1 0
130 3 1 0
131 2.75 1 0
132 2.5 1 0
133 2.25 1 0
134 2 1 0
135 1.75 1 0
136 1.5 1 0
137 1.25 1 0
138 1 1 0
139 0.75 1 0
140 0.5 1 0
141 0.25 1 0
142 4.95 1 0
143 4.9 1 0
144 4.85 1 0
145 4.8 1 0
146 4.7 1 0
147 4.65 1 0
148 4.6 1 0
149 4.55 1 0
150 4.45 1 0
151 4.4 1 0
152 4.35 1 0
153 4.3 1 0
154 4.2 1 0
155 4.15 1 0
156 4.1 1 0
157 4.05 1 0
158 3.95 1 0
159 3.9 1 0
160 3.85 1 0
161 3.8 1 0
162 3.7 1 0
163 3.65 1 0
164 3.6 1 0
165 3.55 1 0
166 3.45 1 0
167 3.4 1 0
168 3.35 1 0
169 3.3 1 0
170 3.2 1 0
171 3.15 1 0
172 3.1 1 0
173 3.05 1 0
174 2.95 1 0
175 2.9 1 0
176 2.85 1 0
177 2.8 1 0
178 2.7 1 0
179 2.65 1 0
180 2.6 1 0
181 2.55 1 0
182 2.45 1 0
183 2.4 1 0
184 2.35 1 0
185 2.3 1 0
186 2.2 1 0
187 2.15 1 0
188 2.1 1 0
189 2.05 1 0
190 1.95 1 0
191 1.9 1 0
192 1.85 1 0
193 1.8 1 0
194 1.7 1 0
195 1.65 1 0
196 1.6 1 0
197 1.55 1 0
198 1.45 1 0
199 1.4 1 0
200 1.35 1 0
201 1.3 1 0
202 1.2 1 0
203 1.15 1 0
204 1.1 1 0
205 1.05 1 0
206 0.95 1 0
207 0.9 1 0
208 0.850000000000001 1 0
209 0.800000000000001 1 0
210 0.7 1 0
211 0.65 1 0
212 0.600000000000001 1 0
213 0.550000000000001 1 0
214 0.45 1 0
215 0.4 1 0
216 0.35 1 0
217 0.300000000000001 1 0
218 0.2 1 0
219 0.15 1 0
220 0.100000000000001 1 0
221 0.0500000000000007 1 0
222 0 0.75 0
223 0 0.5 0
224 0 0.25 0
225 0 0.95 0
226 0 0.9 0
227 0 0.85 0
228 0 0.8 0
229 0 0.7 0
230 0 0.65 0
231 0 0.6 0
232 0 0.55 0
233 0 0.45 0
234 0 0.4 0
235 0 0.35 0
236 0 0.3 0
237 0 0.2 0
238 0 0.15 0
239 0 0.0999999999999999 0
240 0 0.0499999999999998 0
241 0.25 0.25 0
242 0.25 0.5 0
243 0.25 0.75 0
244 0.5 0.25 0
245 0.5 0.5 0
246 0.5 0.75 0
247 0.75 0.25 0
248 0.75 0.5 0
249 0.75 0.75 0
250 1 0.25 0
251 1 0.5 0
252 1 0.75 0
253 1.25 0.25 0
254 1.25 0.5 0
255 1.25 0.75 0
256 1.5 0.25 0
257 1.5 0.5 0
258 1.5 0.75 0
259 1.75 0.25 0
260 1.75 0.5 0
261 1.75 0.75 0
262 2 0.25 0
263 2 0.5 0
264 2 0.75 0
265 2.25 0.25 0
266 2.25 0.5 0
267 2.25 0.75 0
268 2.5 0.25 0
269 2.5 0.5 0
270 2.5 0.75 0
271 2.75 0.25 0
272 2.75 0.5 0
273 2.75 0.75 0
274 3 0.25 0
275 3 0.5 0
276 3 0.75 0
277 3.25 0.25 0
278 3.25 0.5 0
279 3.25 0.75 0
280 3.5 0.25 0
281 3.5 0.5 0
282 3.5 0.75 0
283 3.75 0.25 0
284 3.75 0.5 0
285 3.75 0.75 0
286 4 0.25 0
287 4 0.5 0
288 4 0.75 0
289 4.25 0.25 0
290 4.25 0.5 0
291 4.25 0.75 0
292 4.5 0.25 0
293 4.5 0.5 0
294 4.5 0.75 0
295 4.75 0.25 0
296 4.75 0.5 0
297 4.75 0.75 0
298 0.25 0.05 0
299 0.25 0.1 0
300 0.25 0.15 0
301 0.25 0.2 0
302 0.2 0.25 0
303 0.15 0.25 0
304 0.1 0.25 0
305 0.0499999999999998 0.25 0
306 0.05 0.0499999999999999 0
307 0.2 0.0499999999999999 0
308 0.2 0.2 0
309 0.0499999999999999 0.2 0
310 0.1 0.0499999999999999 0
311 0.15 0.0499999999999999 0
312 0.2 0.1 0
313 0.2 0.15 0
314 0.15 0.2 0
315 0.1 0.2 0
316 0.0499999999999999 0.15 0
317 0.0499999999999999 0.0999999999999999 0
318 0.1 0.0999999999999999 0
319 0.15 0.0999999999999999 0
320 0.15 0.15 0
321 0.1 0.15 0
322 0.25 0.3 0
323 0.25 0.35 0
324 0.25 0.4 0
325 0.25 0.45 0
326 0.2 0.5 0
327 0.15 0.5 0
328 0.1 0.5 0
329 0.0499999999999998 0.5 0
330 0.0499999999999998 0.3 0
331 0.2 0.3 0
332 0.2 0.45 0
333 0.0499999999999998 0.45 0
334 0.1 0.3 0
335 0.15 0.3 0
336 0.2 0.35 0
337 0.2 0.4 0
338 0.15 0.45 0
339 0.1 0.45 0
340 0.0499999999999998 0.4 0
341 0.0499999999999998 0.35 0
342 0.1 0.35 0
343 0.15 0.35 0
344 0.15 0.4 0
345 0.1 0.4 0
346 0.25 0.55 0
347 0.25 0.6 0
348 0.25 0.65 0
349 0.25 0.7 0
350 0.2 0.75 0
351 0.15 0.75 0
352 0.1 0.75 0
353 0.0499999999999998 0.75 0
354 0.0499999999999998 0.55 0
355 0.2 0.55 0
356 0.2 0.7 0
357 0.0499999999999998 0.7 0
358 0.1 0.55 0
359 0.15 0.55 0
360 0.2 0.6 0
361 0.2 0.65 0
362 0.15 0.7 0
363 0.1 0.7 0
364 0.0499999999999998 0.65 0
365 0.0499999999999998 0.6 0
366 0.1 0.6 0
367 0.15 0.6 0
368 0.15 0.65 0
369 0.1 0.65 0
370 0.25 0.8 0
371 0.25 0.85 0
372 0.25 0.9 0
373 0.25 0.95 0
374 0.05 0.8 0
375 0.2 0.8 0
376 0.2 0.95 0
377 0.0500000000000005 0.95 0
378 0.1 0.8 0
379 0.15 0.8 0
380 0.2 0.85 0
381 0.2 0.9 0
382 0.15 0.95 0
383 0.1 0.95 0
384 0.0500000000000004 0.9 0
385 0.0500000000000002 0.85 0
386 0.1 0.85 0
387 0.15 0.85 0
388 0.15 0.9 0
389 0.1 0.9 0
390 0.5 0.05 0
391 0.5 0.1 0
392 0.5 0.15 0
393 0.5 0.2 0
394 0.45 0.25 0
395 0.4 0.25 0
396 0.35 0.25 0
397 0.3 0.25 0
398 0.3 0.05 0
399 0.45 0.05 0
400 0.45 0.2 0
401 0.3 0.2 0
402 0.35 0.05 0
403 0.4 0.05 0
404 0.45 0.1 0
405 0.45 0.15 0
406 0.4 0.2 0
407 0.35 0.2 0
408 0.3 0.15 0
409 0.3 0.1 0
410 0.35 0.1 0
411 0.4 0.1 0
412 0.4 0.15 0
413 0.35 0.15 0
414 0.5 0.3 0
415 0.5 0.35 0
416 0.5 0.4 0
417 0.5 0.45 0
418 0.45 0.5 0
419 0.4 0.5 0
420 0.35 0.5 0
421 0.3 0.5 0
422 0.3 0.3 0
423 0.45 0.3 0
424 0.45 0.45 0
425 0.3 0.45 0
426 0.35 0.3 0
427 0.4 0.3 0
428 0.45 0.35 0
429 0.45 0.4 0
430 0.4 0.45 0
431 0.35 0.45 0
432 0.3 0.4 0
433 0.3 0.35 0
434 0.35 0.35 0
435 0.4 0.35 0
436 0.4 0.4 0
437 0.35 0.4 0
438 0.5 0.55 0
439 0.5 0.6 0
440 0.5 0.65 0
441 0.5 0.7 0
442 0.45 0.75 0
443 0.4 0.75 0
444 0.35 0.75 0
445 0.3 0.75 0
446 0.3 0.55 0
447 0.45 0.55 0
448 0.45 0.7 0
449 0.3 0.7 0
450 0.35 0.55 0
451 0.4 0.55 0
452 0.45 0.6 0
453 0.45 0.65 0
454 0.4 0.7 0
455 0.35 0.7 0
456 0.3 0.65 0
457 0.3 0.6 0
458 0.35 0.6 0
459 0.4 0.6 0
460 0.4 0.65 0
461 0.35 0.65 0
462 0.5 0.8 0
463 0.5 0.85 0
464 0.5 0.9 0
465 0.5 0.95 0
466 0.3 0.8 0
467 0.45 0.8 0
468 0.45 0.95 0
469 0.3 0.95 0
470 0.35 0.8 0
471 0.4 0.8 0
472 0.45 0.85 0
473 0.45 0.9 0
474 0.4 0.95 0
475 0.35 0.95 0
476 0.3 0.9 0
477 0.3 0.85 0
478 0.35 0.85 0
479 0.4 0.85 0
480 0.4 0.9 0
481 0.35 0.9 0
482 0.75 0.05 0
483 0.75 0.1 0
484 0.75 0.15 0
485 0.75 0.2 0
486 0.7 0.25 0
487 0.65 0.25 0
488 0.6 0.25 0
489 0.55 0.25 0
490 0.55 0.05 0
491 0.7 0.05 0
492 0.7 0.2 0
493 0.55 0.2 0
494 0.6 0.05 0
495 0.65 0.05 0
496 0.7 0.1 0
497 0.7 0.15 0
498 0.65 0.2 0
499 0.6 0.2 0
500 0.55 0.15 0
501 0.55 0.1 0
502 0.6 0.1 0
503 0.65 0.1 0
504 0.65 0.15 0
505 0.6 0.15 0
506 0.75 0.3 0
507 0.75 0.35 0
508 0.75 0.4 0
509 0.75 0.45 0
510 0.7 0.5 0
511 0.65 0.5 0
512 0.6 0.5 0
513 0.55 0.5 0
514 0.55 0.3 0
515 0.7 0.3 0
516 0.7 0.45 0
517 0.55 0.45 0
518 0.6 0.3 0
519 0.65 0.3 0
520 0.7 0.35 0
521 0.7 0.4 0
522 0.65 0.45 0
523 0.6 0.45 0
524 0.55 0.4 0
525 0.55 0.35 0
526 0.6 0.35 0
527 0.65 0.35 0
528 0.65 0.4 0
529 0.6 0.4 0
530 0.75 0.55 0
531 0.75 0.6 0
532 0.75 0.65 0
533 0.75 0.7 0
534 0.7 0.75 0
535 0.65 0.75 0
536 0.6 0.75 0
537 0.55 0.75 0
538 0.55 0.55 0
539 0.7 0.55 0
540 0.7 0.7 0
541 0.55 0.7 0
542 0.6 0.55 0
543 0.65 0.55 0
544 0.7 0.6 0
545 0.7 0.65 0
546 0.65 0.7 0
547 0.6 0.7 0
548 0.55 0.65 0
549 0.55 0.6 0
550 0.6 0.6 0
551 0.65 0.6 0
552 0.65 0.65 0
553 0.6 0.65 0
554 0.75 0.8 0
555 0.75 0.85 0
556 0.75 0.9 0
557 0.75 0.95 0
558 0.55 0.8 0
559 0.7 0.8 0
560 0.7 0.95 0
561 0.550000000000001 0.95 0
562 0.6 0.8 0
563 0.65 0.8 0
564 0.7 0.85 0
565 0.7 0.9 0
566 0.65 0.95 0
567 0.600000000000001 0.95 0
568 0.55 0.9 0
569 0.55 0.85 0
570 0.6 0.85 0
571 0.65 0.85 0
572 0.65 0.9 0
573 0.6 0.9 0
574 1 0.05 0
575 1 0.1 0
576 1 0.15 0
577 1 0.2 0
578 0.95 0.25 0
579 0.9 0.25 0
580 0.85 0.25 0
581 0.8 0.25 0
582 0.8 0.05 0
583 0.95 0.05 0
584 0.95 0.2 0
585 0.8 0.2 0
586 0.85 0.05 0
587 0.9 0.05 0
588 0.95 0.1 0
589 0.95 0.15 0
590 0.9 0.2 0
591 0.85 0.2 0
592 0.8 0.15 0
593 0.8 0.1 0
594 0.85 0.1 0
595 0.9 0.1 0
596 0.9 0.15 0
597 0.85 0.15 0
598 1 0.3 0
599 1 0.35 0
600 1 0.4 0
601 1 0.45 0
602 0.95 0.5 0
603 0.9 0.5 0
604 0.85 0.5 0
605 0.8 0.5 0
606 0.8 0.3 0
607 0.95 0.3 0
608 0.95 0.45 0
609 0.8 0.45 0
610 0.85 0.3 0
611 0.9 0.3 0
612 0.95 0.35 0
613 0.95 0.4 0
614 0.9 0.45 0
615 0.85 0.45 0
616 0.8 0.4 0
617 0.8 0.35 0
618 0.85 0.35 0
619 0.9 0.35 0
620 0.9 0.4 0
621 0.85 0.4 0
622 1 0.55 0
623 1 0.6 0
624 1 0.65 0
625 1 0.7 0
626 0.95 0.75 0
627 0.9 0.75 0
628 0.85 0.75 0
629 0.8 0.75 0
630 0.8 0.55 0
631 0.95 0.55 0
632 0.95 0.7 0
633 0.8 0.7 0
634 0.85 0.55 0
635 0.9 0.55 0
636 0.95 0.6 0
637 0.95 0.65 0
638 0.9 0.7 0
639 0.85 0.7 0
640 0.8 0.65 0
641 0.8 0.6 0
642 0.85 0.6 0
643 0.9 0.6 0
644 0.9 0.65 0
645 0.85 0.65 0
646 1 0.8 0
647 1 0.85 0
648 1 0.9 0
649 1 0.95 0
650 0.8 0.8 0
651 0.95 0.8 0
652 0.95 0.95 0
653 0.8 0.95 0
654 0.85 0.8 0
655 0.9 0.8 0
656 0.95 0.85 0
657 0.95 0.9 0
658 0.9 0.95 0
659 0.85 0.95 0
660 0.8 0.9 0
661 0.8 0.85 0
662 0.85 0.85 0
663 0.9 0.85 0
664 0.9 0.9 0
665 0.85 0.9 0
666 1.25 0.05 0
667 1.25 0.1 0
668 1.25 0.15 0
669 1.25 0.2 0
670 1.2 0.25 0
671 1.15 0.25 0
672 1.1 0.25 0
673 1.05 0.25 0
674 1.05 0.05 0
675 1.2 0.05 0
676 1.2 0.2 0
677 1.05 0.2 0
678 1.1 0.05 0
679 1.15 0.05 0
680 1.2 0.1 0
681 1.2 0.15 0
682 1.15 0.2 0
683 1.1 0.2 0
684 1.05 0.15 0
685 1.05 0.1 0
686 1.1 0.1 0
687 1.15 0.1 0
688 1.15 0.15 0
689 1.1 0.15 0
690 1.25 0.3 0
691 1.25 0.35 0
692 1.25 0.4 0
693 1.25 0.45 0
694 1.2 0.5 0
695 1.15 0.5 0
696 1.1 0.5 0
697 1.05 0.5 0
698 1.05 0.3 0
699 1.2 0.3 0
700 1.2 0.45 0
701 1.05 0.45 0
702 1.1 0.3 0
703 1.15 0.3 0
704 1.2 0.35 0
705 1.2 0.4 0
706 1.15 0.45 0
707 1.1 0.45 0
708 1.05 0.4 0
709 1.05 0.35 0
710 1.1 0.35 0
711 1.15 0.35 0
712 1.15 0.4 0
713 1.1 0.4 0
714 1.25 0.55 0
715 1.25 0.6 0
716 1.25 0.65 0
717 1.25 0.7 0
718 1.2 0.75 0
719 1.15 0.75 0
720 1.1 0.75 0
721 1.05 0.75 0
722 1.05 0.55 0
723 1.2 0.55 0
724 1.2 0.7 0
725 1.05 0.7 0
726 1.1 0.55 0
727 1.15 0.55 0
728 1.2 0.6 0
729 1.2 0.65 0
730 1.15 0.7 0
731 1.1 0.7 0
732 1.05 0.65 0
733 1.05 0.6 0
734 1.1 0.6 0
735 1.15 0.6 0
736 1.15 0.65 0
737 1.1 0.65 0
738 1.25 0.8 0
739 1.25 0.85 0
740 1.25 0.9 0
741 1.25 0.95 0
742 1.05 0.8 0
743 1.2 0.8 0
744 1.2 0.95 0
745 1.05 0.95 0
746 1.1 0.8 0
747 1.15 0.8 0
748 1.2 0.85 0
749 1.2 0.9 0
750 1.15 0.95 0
751 1.1 0.95 0
752 1.05 0.9 0
753 1.05 0.85 0
754 1.1 0.85 0
755 1.15 0.85 0
756 1.15 0.9 0
757 1.1 0.9 0
758 1.5 0.05 0
759 1.5 0.1 0
760 1.5 0.15 0
761 1.5 0.2 0
762 1.45 0.25 0
763 1.4 0.25 0
764 1.35 0.25 0
765 1.3 0.25 0
766 1.3 0.05 0
767 1.45 0.05 0
768 1.45 0.2 0
769 1.3 0.2 0
770 1.35 0.05 0
771 1.4 0.05 0
772 1.45 0.1 0
773 1.45 0.15 0
774 1.4 0.2 0
775 1.35 0.2 0
776 1.3 0.15 0
777 1.3 0.1 0
778 1.35 0.1 0
779 1.4 0.1 0
780 1.4 0.15 0
781 1.35 0.15 0
782 1.5 0.3 0
783 1.5 0.35 0
784 1.5 0.4 0
785 1.5 0.45 0
786 1.45 0.5 0
787 1.4 0.5 0
788 1.35 0.5 0
789 1.3 0.5 0
790 1.3 0.3 0
791 1.45 0.3 0
792 1.45 0.45 0
793 1.3 0.45 0
794 1.35 0.3 0
795 1.4 0.3 0
796 1.45 0.35 0
797 1.45 0.4 0
798 1.4 0.45 0
799 1.35 0.45 0
800 1.3 0.4 0
801 1.3 0.35 0
802 1.35 0.35 0
803 1.4 0.35 0
804 1.4 0.4 0
805 1.35 0.4 0
806 1.5 0.55 0
807 1.5 0.6 0
808 1.5 0.65 0
809 1.5 0.7 0
810 1.45 0.75 0
811 1.4 0.75 0
812 1.35 0.75 0
813 1.3 0.75 0
814 1.3 0.55 0
815 1.45 0.55 0
816 1.45 0.7 0
817 1.3 0.7 0
818 1.35 0.55 0
819 1.4 0.55 0
820 1.45 0.6 0
821 1.45 0.65 0
822 1.4 0.7 0
823 1.35 0.7 0
824 1.3 0.65 0
825 1.3 0.6 0
826 1.35 0.6 0
827 1.4 0.6 0
828 1.4 0.65 0
829 1.35 0.65 0
830 1.5 0.8 0
831 1.5 0.85 0
832 1.5 0.9 0
833 1.5 0.95 0
834 1.3 0.8 0
835 1.45 0.8 0
836 1.45 0.95 0
837 1.3 0.95 0
838 1.35 0.8 0
839 1.4 0.8 0
840 1.45 0.85 0
841 1.45 0.9 0
842 1.4 0.95 0
843 1.35 0.95 0
844 1.3 0.9 0
845 1.3 0.85 0
846 1.35 0.85 0
847 1.4 0.85 0
848 1.4 0.9 0
849 1.35 0.9 0
850 1.75 0.05 0
851 1.75 0.1 0
852 1.75 0.15 0
853 1.75 0.2 0
854 1.7 0.25 0
855 1.65 0.25 0
856 1.6 0.25 0
857 1.55 0.25 0
858 1.55 0.05 0
859 1.7 0.05 0
860 1.7 0.2 0
861 1.55 0.2 0
862 1.6 0.05 0
863 1.65 0.05 0
864 1.7 0.1 0
865 1.7 0.15 0
866 1.65 0.2 0
867 1.6 0.2 0
868 1.55 0.15 0
869 1.55 0.1 0
870 1.6 0.1 0
871 1.65 0.1 0
872 1.65 0.15 0
873 1.6 0.15 0
874 1.75 0.3 0
875 1.75 0.35 0
876 1.75 0.4 0
877 1.75 0.45 0
878 1.7 0.5 0
879 1.65 0.5 0
880 1.6 0.5 0
881 1.55 0.5 0
882 1.55 0.3 0
883 1.7 0.3 0
884 1.7 0.45 0
885 1.55 0.45 0
886 1.6 0.3 0
887 1.65 0.3 0
888 1.7 0.35 0
889 1.7 0.4 0
890 1.65 0.45 0
891 1.6 0.45 0
892 1.55 0.4 0
893 1.55 0.35 0
894 1.6 0.35 0
895 1.65 0.35 0
896 1.65 0.4 0
897 1.6 0.4 0
898 1.75 0.55 0
899 1.75 0.6 0
900 1.75 0.65 0
901 1.75 0.7 0
902 1.7 0.75 0
903 1.65 0.75 0
904 1.6 0.75 0
905 1.55 0.75 0
906 1.55 0.55 0
907 1.7 0.55 0
908 1.7 0.7 0
909 1.55 0.7 0
910 1.6 0.55 0
911 1.65 0.55 0
912 1.7 0.6 0
913 1.7 0.65 0
914 1.65 0.7 0
915 1.6 0.7 0
916 1.55 0.65 0
917 1.55 0.6 0
918 1.6 0.6 0
919 1.65 0.6 0
920 1.65 0.65 0
921 1.6 0.65 0
922 1.75 0.8 0
923 1.75 0.85 0
924 1.75 0.9 0
925 1.75 0.95 0
926 1.55 0.8 0
927 1.7 0.8 0
928 1.7 0.95 0
929 1.55 0.95 0
930 1.6 0.8 0
931 1.65 0.8 0
932 1.7 0.85 0
933 1.7 0.9 0
934 1.65 0.95 0
935 1.6 0.95 0
936 1.55 0.9 0
937 1.55 0.85 0
938 1.6 0.85 0
939 1.65 0.85 0
940 1.65 0.9 0
941 1.6 0.9 0
942 2 0.05 0
943 2 0.1 0
944 2 0.15 0
945 2 0.2 0
946 1.95 0.25 0
947 1.9 0.25 0
948 1.85 0.25 0
949 1.8 0.25 0
950 1.8 0.05 0
951 1.95 0.05 0
952 1.95 0.2 0
953 1.8 0.2 0
954 1.85 0.05 0
955 1.9 0.05 0
956 1.95 0.1 0
957 1.95 0.15 0
958 1.9 0.2 0
959 1.85 0.2 0
960 1.8 0.15 0
961 1.8 0.1 0
962 1.85 0.1 0
963 1.9 0.1 0
964 1.9 0.15 0
965 1.85 0.15 0
966 2 0.3 0
967 2 0.35 0
968 2 0.4 0
969 2 0.45 0
970 1.95 0.5 0
971 1.9 0.5 0
972 1.85 0.5 0
973 1.8 0.5 0
974 1.8 0.3 0
975 1.95 0.3 0
976 1.95 0.45 0
977 1.8 0.45 0
978 1.85 0.3 0
979 1.9 0.3 0
980 1.95 0.35 0
981 1.95 0.4 0
982 1.9 0.45 0
983 1.85 0.45 0
984 1.8 0.4 0
985 1.8 0.35 0
986 1.85 0.35 0
987 1.9 0.35 0
988 1.9 0.4 0
989 1.85 0.4 0
990 2 0.55 0
991 2 0.6 0
992 2 0.65 0
993 2 0.7 0
994 1.95 0.75 0
995 1.9 0.75 0
996 1.85 0.75 0
997 1.8 0.75 0
998 1.8 0.55 0
999 1.95 0.55 0
1000 1.95 0.7 0
1001 1.8 0.7 0
1002 1.85 0.55 0
1003 1.9 0.55 0
1004 1.95 0.6 0
1005 1.95 0.65 0
1006 1.9 0.7 0
1007 1.85 0.7 0
1008 1.8 0.65 0
1009 1.8 0.6 0
1010 1.85 0.6 0
1011 1.9 0.6 0
1012 1.9 0.65 0
1013 1.85 0.65 0
1014 2 0.8 0
1015 2 0.85 0
1016 2 0.9 0
1017 2 0.95 0
1018 1.8 0.8 0
1019 1.95 0.8 0
1020 1.95 0.95 0
1021 1.8 0.95 0
1022 1.85 0.8 0
1023 1.9 0.8 0
1024 1.95 0.85 0
1025 1.95 0.9 0
1026 1.9 0.95 0
1027 1.85 0.95 0
1028 1.8 0.9 0
1029 1.8 0.85 0
1030 1.85 0.85 0
1031 1.9 0.85 0
1032 1.9 0.9 0
1033 1.85 0.9 0
1034 2.25 0.05 0
1035 2.25 0.1 0
1036 2.25 0.15 0
1037 2.25 0.2 0
1038 2.2 0.25 0
1039 2.15 0.25 0
1040 2.1 0.25 0
1041 2.05 0.25 0
1042 2.05 0.05 0
1043 2.2 0.05 0
1044 2.2 0.2 0
1045 2.05 0.2 0
1046 2.1 0.05 0
1047 2.15 0.05 0
1048 2.2 0.1 0
1049 2.2 0.15 0
1050 2.15 0.2 0
1051 2.1 0.2 0
1052 2.05 0.15 0
1053 2.05 0.1 0
1054 2.1 0.1 0
1055 2.15 0.1 0
1056 2.15 0.15 0
1057 2.1 0.15 0
1058 2.25 0.3 0
1059 2.25 0.35 0
1060 2.25 0.4 0
1061 2.25 0.45 0
1062 2.2 0.5 0
1063 2.15 0.5 0
1064 2.1 0.5 0
1065 2.05 0.5 0
1066 2.05 0.3 0
1067 2.2 0.3 0
1068 2.2 0.45 0
1069 2.05 0.45 0
1070 2.1 0.3 0
1071 2.15 0.3 0
1072 2.2 0.35 0
1073 2.2 0.4 0
1074 2.15 0.45 0
1075 2.1 0.45 0
1076 2.05 0.4 0
1077 2.05 0.35 0
1078 2.1 0.35 0
1079 2.15 0.35 0
1080 2.15 0.4 0
1081 2.1 0.4 0
1082 2.25 0.55 0
1083 2.25 0.6 0
1084 2.25 0.65 0
1085 2.25 0.7 0
1086 2.2 0.75 0
1087 2.15 0.75 0
1088 2.1 0.75 0
1089 2.05 0.75 0
1090 2.05 0.55 0
1091 2.2 0.55 0
1092 2.2 0.7 0
1093 2.05 0.7 0
1094 2.1 0.55 0
1095 2.15 0.55 0
1096 2.2 0.6 0
1097 2.2 0.65 0
1098 2.15 0.7 0
1099 2.1 0.7 0
1100 2.05 0.65 0
1101 2.05 0.6 0
1102 2.1 0.6 0
1103 2.15 0.6 0
1104 2.15 0.65 0
1105 2.1 0.65 0
1106 2.25 0.8 0
1107 2.25 0.85 0
1108 2.25 0.9 0
1109 2.25 0.95 0
1110 2.05 0.8 0
1111 2.2 0.8 0
1112 2.2 0.95 0
1113 2.05 0.95 0
1114 2.1 0.8 0
1115 2.15 0.8 0
1116 2.2 0.85 0
1117 2.2 0.9 0
1118 2.15 0.95 0
1119 2.1 0.95 0
1120 2.05 0.9 0
1121 2.05 0.85 0
1122 2.1 0.85 0
1123 2.15 0.85 0
1124 2.15 0.9 0
1125 2.1 0.9 0
1126 2.5 0.05 0
1127 2.5 0.1 0
1128 2.5 0.15 0
1129 2.5 0.2 0
1130 2.45 0.25 0
1131 2.4 0.25 0
1132 2.35 0.25 0
1133 2.3 0.25 0
1134 2.3 0.05 0
1135 2.45 0.05 0
1136 2.45 0.2 0
1137 2.3 0.2 0
1138 2.35 0.05 0
1139 2.4 0.05 0
1140 2.45 0.1 0
1141 2.45 0.15 0
1142 2.4 0.2 0
1143 2.35 0.2 0
1144 2.3 0.15 0
1145 2.3 0.1 0
1146 2.35 0.1 0
1147 2.4 0.1 0
1148 2.4 0.15 0
1149 2.35 0.15 0
1150 2.5 0.3 0
1151 2.5 0.35 0
1152 2.5 0.4 0
1153 2.5 0.45 0
1154 2.45 0.5 0
1155 2.4 0.5 0
1156 2.35 0.5 0
1157 2.3 0.5 0
1158 2.3 0.3 0
1159 2.45 0.3 0
1160 2.45 0.45 0
1161 2.3 0.45 0
1162 2.35 0.3 0
1163 2.4 0.3 0
1164 2.45 0.35 0
1165 2.45 0.4 0
1166 2.4 0.45 0
1167 2.35 0.45 0
1168 2.3 0.4 0
1169 2.3 0.35 0
1170 2.35 0.35 0
1171 2.4 0.35 0
1172 2.4 0.4 0
1173 2.35 0.4 0
1174 2.5 0.55 0
1175 2.5 0.6 0
1176 2.5 0.65 0
1177 2.5 0.7 0
1178 2.45 0.75 0
1179 2.4 0.75 0
1180 2.35 0.75 0
1181 2.3 0.75 0
1182 2.3 0.55 0
1183 2.45 0.55 0
1184 2.45 0.7 0
1185 2.3 0.7 0
1186 2.35 0.55 0
1187 2.4 0.55 0
1188 2.45 0.6 0
1189 2.45 0.65 0
1190 2.4 0.7 0
1191 2.35 0.7 0
1192 2.3 0.65 0
1193 2.3 0.6 0
1194 2.35 0.6 0
1195 2.4 0.6 0
1196 2.4 0.65 0
1197 2.35 0.65 0
1198 2.5 0.8 0
1199 2.5 0.85 0
1200 2.5 0.9 0
1201 2.5 0.95 0
1202 2.3 0.8 0
1203 2.45 0.8 0
1204 2.45 0.95 0
1205 2.3 0.95 0
1206 2.35 0.8 0
1207 2.4 0.8 0
1208 2.45 0.85 0
1209 2.45 0.9 0
1210 2.4 0.95 0
1211 2.35 0.95 0
1212 2.3 0.9 0
1213 2.3 0.85 0
1214 2.35 0.85 0
1215 2.4 0.85 0
1216 2.4 0.9 0
1217 2.35 0.9 0
1218 2.75 0.05 0
1219 2.75 0.1 0
1220 2.75 0.15 0
1221 2.75 0.2 0
1222 2.7 0.25 0
1223 2.65 0.25 0
1224 2.6 0.25 0
1225 2.55 0.25 0
1226 2.55 0.05 0
1227 2.7 0.05 0
1228 2.7 0.2 0
1229 2.55 0.2 0
1230 2.6 0.05 0
1231 2.65 0.05 0
1232 2.7 0.1 0
1233 2.7 0.15 0
1234 2.65 0.2 0
1235 2.6 0.2 0
1236 2.55 0.15 0
1237 2.55 0.1 0
1238 2.6 0.1 0
1239 2.65 0.1 0
1240 2.65 0.15 0
1241 2.6 0.15 0
1242 2.75 0.3 0
1243 2.75 0.35 0
1244 2.75 0.4 0
1245 2.75 0.45 0
1246 2.7 0.5 0
1247 2.65 0.5 0
1248 2.6 0.5 0
1249 2.55 0.5 0
1250 2.55 0.3 0
1251 2.7 0.3 0
1252 2.7 0.45 0
1253 2.55 0.45 0
1254 2.6 0.3 0
1255 2.65 0.3 0
1256 2.7 0.35 0
1257 2.7 0.4 0
1258 2.65 0.45 0
1259 2.6 0.45 0
1260 2.55 0.4 0
1261 2.55 0.35 0
1262 2.6 0.35 0
1263 2.65 0.35 0
1264 2.65 0.4 0
1265 2.6 0.4 0
1266 2.75 0.55 0
1267 2.75 0.6 0
1268 2.75 0.65 0
1269 2.75 0.7 0
1270 2.7 0.75 0
1271 2.65 0.75 0
1272 2.6 0.75 0
1273 2.55 0.75 0
1274 2.55 0.55 0
1275 2.7 0.55 0
1276 2.7 0.7 0
1277 2.55 0.7 0
1278 2.6 0.55 0
1279 2.65 0.55 0
1280 2.7 0.6 0
1281 2.7 0.65 0
1282 2.65 0.7 0
1283 2.6 0.7 0
1284 2.55 0.65 0
1285 2.55 0.6 0
1286 2.6 0.6 0
1287 2.65 0.6 0
1288 2.65 0.65 0
1289 2.6 0.65 0
1290 2.75 0.8 0
1291 2.75 0.85 0
1292 2.75 0.9 0
1293 2.75 0.95 0
1294 2.55 0.8 0
1295 2.7 0.8 0
1296 2.7 0.95 0
1297 2.55 0.95 0
1298 2.6 0.8 0
1299 2.65 0.8 0
1300 2.7 0.85 0
1301 2.7 0.9 0
1302 2.65 0.95 0
1303 2.6 0.95 0
1304 2.55 0.9 0
1305 2.55 0.85 0
1306 2.6 0.85 0
1307 2.65 0.85 0
1308 2.65 0.9 0
1309 2.6 0.9 0
1310 3 0.05 0
1311 3 0.1 0
1312 3 0.15 0
1313 3 0.2 0
1314 2.95 0.25 0
1315 2.9 0.25 0
1316 2.85 0.25 0
1317 2.8 0.25 0
1318 2.8 0.05 0
1319 2.95 0.05 0
1320 2.95 0.2 0
1321 2.8 0.2 0
1322 2.85 0.05 0
1323 2.9 0.05 0
1324 2.95 0.1 0
1325 2.95 0.15 0
1326 2.9 0.2 0
1327 2.85 0.2 0
1328 2.8 0.15 0
1329 2.8 0.1 0
1330 2.85 0.1 0
1331 2.9 0.1 0
1332 2.9 0.15 0
1333 2.85 0.15 0
1334 3 0.3 0
1335 3 0.35 0
1336 3 0.4 0
1337 3 0.45 0
1338 2.95 0.5 0
1339 2.9 0.5 0
1340 2.85 0.5 0
1341 2.8 0.5 0
1342 2.8 0.3 0
1343 2.95 0.3 0
1344 2.95 0.45 0
1345 2.8 0.45 0
1346 2.85 0.3 0
1347 2.9 0.3 0
1348 2.95 0.35 0
1349 2.95 0.4 0
1350 2.9 0.45 0
1351 2.85 0.45 0
1352 2.8 0.4 0
1353 2.8 0.35 0
1354 2.85 0.35 0
1355 2.9 0.35 0
1356 2.9 0.4 0
1357 2.85 0.4 0
1358 3 0.55 0
1359 3 0.6 0
1360 3 0.65 0
1361 3 0.7 0
1362 2.95 0.75 0
1363 2.9 0.75 0
1364 2.85 0.75 0
1365 2.8 0.75 0
1366 2.8 0.55 0
1367 2.95 0.55 0
1368 2.95 0.7 0
1369 2.8 0.7 0
1370 2.85 0.55 0
1371 2.9 0.55 0
1372 2.95 0.6 0
1373 2.95 0.65 0
1374 2.9 0.7 0
1375 2.85 0.7 0
1376 2.8 0.65 0
1377 2.8 0.6 0
1378 2.85 0.6 0
1379 2.9 0.6 0
1380 2.9 0.65 0
1381 2.85 0.65 0
1382 3 0.8 0
1383 3 0.85 0
1384 3 0.9 0
1385 3 0.95 0
1386 2.8 0.8 0
1387 2.95 0.8 0
1388 2.95 0.95 0
1389 2.8 0.95 0
1390 2.85 0.8 0
1391 2.9 0.8 0
1392 2.95 0.85 0
1393 2.95 0.9 0
1394 2.9 0.95 0
1395 2.85 0.95 0
1396 2.8 0.9 0
1397 2.8 0.85 0
1398 2.85 0.85 0
1399 2.9 0.85 0
1400 2.9 0.9 0
1401 2.85 0.9 0
1402 3.25 0.05 0
1403 3.25 0.1 0
1404 3.25 0.15 0
1405 3.25 0.2 0
1406 3.2 0.25 0
1407 3.15 0.25 0
1408 3.1 0.25 0
1409 3.05 0.25 0
1410 3.05 0.05 0
1411 3.2 0.05 0
1412 3.2 0.2 0
1413 3.05 0.2 0
1414 3.1 0.05 0
1415 3.15 0.05 0
1416 3.2 0.1 0
1417 3.2 0.15 0
1418 3.15 0.2 0
1419 3.1 0.2 0
1420 3.05 0.15 0
1421 3.05 0.1 0
1422 3.1 0.1 0
1423 3.15 0.1 0
1424 3.15 0.15 0
1425 3.1 0.15 0
1426 3.25 0.3 0
1427 3.25 0.35 0
1428 3.25 0.4 0
1429 3.25 0.45 0
1430 3.2 0.5 0
1431 3.15 0.5 0
1432 3.1 0.5 0
1433 3.05 0.5 0
1434 3.05 0.3 0
1435 3.2 0.3 0
1436 3.2 0.45 0
1437 3.05 0.45 0
1438 3.1 0.3 0
1439 3.15 0.3 0
1440 3.2 0.35 0
1441 3.2 0.4 0
1442 3.15 0.45 0
1443 3.1 0.45 0
1444 3.05 0.4 0
1445 3.05 0.35 0
1446 3.1 0.35 0
1447 3.15 0.35 0
1448 3.15 0.4 0
1449 3.1 0.4 0
1450 3.25 0.55 0
1451 3.25 0.6 0
1452 3.25 0.65 0
1453 3.25 0.7 0
1454 3.2 0.75 0
1455 3.15 0.75 0
1456 3.1 0.75 0
1457 3.05 0.75 0
1458 3.05 0.55 0
1459 3.2 0.55 0
1460 3.2 0.7 0
1461 3.05 0.7 0
1462 3.1 0.55 0
1463 3.15 0.55 0
1464 3.2 0.6 0
1465 3.2 0.65 0
1466 3.15 0.7 0
1467 3.1 0.7 0
1468 3.05 0.65 0
1469 3.05 0.6 0
1470 3.1 0.6 0
1471 3.15 0.6 0
1472 3.15 0.65 0
1473 3.1 0.65 0
1474 3.25 0.8 0
1475 3.25 0.85 0
1476 3.25 0.9 0
1477 3.25 0.95 0
1478 3.05 0.8 0
1479 3.2 0.8 0
1480 3.2 0.95 0
1481 3.05 0.95 0
1482 3.1 0.8 0
1483 3.15 0.8 0
1484 3.2 0.85 0
1485 3.2 0.9 0
1486 3.15 0.95 0
1487 3.1 0.95 0
1488 3.05 0.9 0
1489 3.05 0.85 0
1490 3.1 0.85 0
1491 3.15 0.85 0
1492 3.15 0.9 0
1493 3.1 0.9 0
1494 3.5 0.05 0
1495 3.5 0.1 0
1496 3.5 0.15 0
1497 3.5 0.2 0
1498 3.45 0.25 0
1499 3.4 0.25 0
1500 3.35 0.25 0
1501 3.3 0.25 0
1502 3.3 0.05 0
1503 3.45 0.05 0
1504 3.45 0.2 0
1505 3.3 0.2 0
1506 3.35 0.05 0
1507 3.4 0.05 0
1508 3.45 0.1 0
1509 3.45 0.15 0
1510 3.4 0.2 0
1511 3.35 0.2 0
1512 3.3 0.15 0
1513 3.3 0.1 0
1514 3.35 0.1 0
1515 3.4 0.1 0
1516 3.4 0.15 0
1517 3.35 0.15 0
1518 3.5 0.3 0
1519 3.5 0.35 0
1520 3.5 0.4 0
1521 3.5 0.45 0
1522 3.45 0.5 0
1523 3.4 0.5 0
1524 3.35 0.5 0
1525 3.3 0.5 0
1526 3.3 0.3 0
1527 3.45 0.3 0
1528 3.45 0.45 0
1529 3.3 0.45 0
1530 3.35 0.3 0
1531 3.4 0.3 0
1532 3.45 0.35 0
1533 3.45 0.4 0
1534 3.4 0.45 0
1535 3.35 0.45 0
1536 3.3 0.4 0
1537 3.3 0.35 0
1538 3.35 0.35 0
1539 3.4 0.35 0
1540 3.4 0.4 0
1541 3.35 0.4 0
1542 3.5 0.55 0
1543 3.5 0.6 0
1544 3.5 0.65 0
1545 3.5 0.7 0
1546 3.45 0.75 0
1547 3.4 0.75 0
1548 3.35 0.75 0
1549 3.3 0.75 0
1550 3.3 0.55 0
1551 3.45 0.55 0
1552 3.45 0.7 0
1553 3.3 0.7 0
1554 3.35 0.55 0
1555 3.4 0.55 0
1556 3.45 0.6 0
1557 3.45 0.65 0
1558 3.4 0.7 0
1559 3.35 0.7 0
1560 3.3 0.65 0
1561 3.3 0.6 0
1562 3.35 0.6 0
1563 3.4 0.6 0
1564 3.4 0.65 0
1565 3.35 0.65 0
1566 3.5 0.8 0
1567 3.5 0.85 0
1568 3.5 0.9 0
1569 3.5 0.95 0
1570 3.3 0.8 0
1571 3.45 0.8 0
1572 3.45 0.95 0
1573 3.3 0.95 0
1574 3.35 0.8 0
1575 3.4 0.8 0
1576 3.45 0.85 0
1577 3.45 0.9 0
1578 3.4 0.95 0
1579 3.35 0.95 0
1580 3.3 0.9 0
1581 3.3 0.85 0
1582 3.35 0.85 0
1583 3.4 0.85 0
1584 3.4 0.9 0
1585 3.35 0.9 0
1586 3.75 0.05 0
1587 3.75 0.1 0
1588 3.75 0.15 0
1589 3.75 0.2 0
1590 3.7 0.25 0
1591 3.65 0.25 0
1592 3.6 0.25 0
1593 3.55 0.25 0
1594 3.55 0.05 0
1595 3.7 0.05 0
1596 3.7 0.2 0
1597 3.55 0.2 0
1598 3.6 0.05 0
1599 3.65 0.05 0
1600 3.7 0.1 0
1601 3.7 0.15 0
1602 3.65 0.2 0
1603 3.6 0.2 0
1604 3.55 0.15 0
1605 3.55 0.1 0
1606 3.6 0.1 0
1607 3.65 0.1 0
1608 3.65 0.15 0
1609 3.6 0.15 0
1610 3.75 0.3 0
1611 3.75 0.35 0
1612 3.75 0.4 0
1613 3.75 0.45 0
1614 3.7 0.5 0
1615 3.65 0.5 0
1616 3.6 0.5 0
1617 3.55 0.5 0
1618 3.55 0.3 0
1619 3.7 0.3 0
1620 3.7 0.45 0
1621 3.55 0.45 0
1622 3.6 0.3 0
1623 3.65 0.3 0
1624 3.7 0.35 0
1625 3.7 0.4 0
1626 3.65 0.45 0
1627 3.6 0.45 0
1628 3.55 0.4 0
1629 3.55 0.35 0
1630 3.6 0.35 0
1631 3.65 0.35 0
1632 3.65 0.4 0
1633 3.6 0.4 0
1634 3.75 0.55 0
1635 3.75 0.6 0
1636 3.75 0.65 0
1637 3.75 0.7 0
1638 3.7 0.75 0
1639 3.65 0.75 0
1640 3.6 0.75 0
1641 3.55 0.75 0
1642 3.55 0.55 0
1643 3.7 0.55 0
1644 3.7 0.7 0
1645 3.55 0.7 0
1646 3.6 0.55 0
1647 3.65 0.55 0
1648 3.7 0.6 0
1649 3.7 0.65 0
1650 3.65 0.7 0
1651 3.6 0.7 0
1652 3.55 0.65 0
1653 3.55 0.6 0
1654 3.6 0.6 0
1655 3.65 0.6 0
1656 3.65 0.65 0
1657 3.6 0.65 0
1658 3.75 0.8 0
1659 3.75 0.85 0
1660 3.75 0.9 0
1661 3.75 0.95 0
1662 3.55 0.8 0
1663 3.7 0.8 0
1664 3.7 0.95 0
1665 3.55 0.95 0
1666 3.6 0.8 0
1667 3.65 0.8 0
1668 3.7 0.85 0
1669 3.7 0.9 0
1670 3.65 0.95 0
1671 3.6 0.95 0
1672 3.55 0.9 0
1673 3.55 0.85 0
1674 3.6 0.85 0
1675 3.65 0.85 0
1676 3.65 0.9 0
1677 3.6 0.9 0
1678 4 0.05 0
1679 4 0.1 0
1680 4 0.15 0
1681 4 0.2 0
1682 3.95 0.25 0
1683 3.9 0.25 0
1684 3.85 0.25 0
1685 3.8 0.25 0
1686 3.8 0.05 0
1687 3.95 0.05 0
1688 3.95 0.2 0
1689 3.8 0.2 0
1690 3.85 0.05 0
1691 3.9 0.05 0
1692 3.95 0.1 0
1693 3.95 0.15 0
1694 3.9 0.2 0
1695 3.85 0.2 0
1696 3.8 0.15 0
1697 3.8 0.1 0
1698 3.85 0.1 0
1699 3.9 0.1 0
1700 3.9 0.15 0
1701 3.85 0.15 0
1702 4 0.3 0
1703 4 0.35 0
1704 4 0.4 0
1705 4 0.45 0
1706 3.95 0.5 0
1707 3.9 0.5 0
1708 3.85 0.5 0
1709 3.8 0.5 0
1710 3.8 0.3 0
1711 3.95 0.3 0
1712 3.95 0.45 0
1713 3.8 0.45 0
1714 3.85 0.3 0
1715 3.9 0.3 0
1716 3.95 0.35 0
1717 3.95 0.4 0
1718 3.9 0.45 0
1719 3.85 0.45 0
1720 3.8 0.4 0
1721 3.8 0.35 0
1722 3.85 0.35 0
1723 3.9 0.35 0
1724 3.9 0.4 0
1725 3.85 0.4 0
1726 4 0.55 0
1727 4 0.6 0
1728 4 0.65 0
1729 4 0.7 0
1730 3.95 0.75 0
1731 3.9 0.75 0
1732 3.85 0.75 0
1733 3.8 0.75 0
1734 3.8 0.55 0
1735 3.95 0.55 0
1736 3.95 0.7 0
1737 3.8 0.7 0
1738 3.85 0.55 0
1739 3.9 0.55 0
1740 3.95 0.6 0
1741 3.95 0.65 0
1742 3.9 0.7 0
1743 3.85 0.7 0
1744 3.8 0.65 0
1745 3.8 0.6 0
1746 3.85 0.6 0
1747 3.9 0.6 0
1748 3.9 0.65 0
1749 3.85 0.65 0
1750 4 0.8 0
1751 4 0.85 0
1752 4 0.9 0
1753 4 0.95 0
1754 3.8 0.8 0
1755 3.95 0.8 0
1756 3.95 0.95 0
1757 3.8 0.95 0
1758 3.85 0.8 0
1759 3.9 0.8 0
1760 3.95 0.85 0
1761 3.95 0.9 0
1762 3.9 0.95 0
1763 3.85 0.95 0
1764 3.8 0.9 0
1765 3.8 0.85 0
1766 3.85 0.85 0
1767 3.9 0.85 0
1768 3.9 0.9 0
1769 3.85 0.9 0
1770 4.25 0.05 0
1771 4.25 0.1 0
1772 4.25 0.15 0
1773 4.25 0.2 0
1774 4.2 0.25 0
1775 4.15 0.25 0
1776 4.1 0.25 0
1777 4.05 0.25 0
1778 4.05 0.05 0
1779 4.2 0.05 0
1780 4.2 0.2 0
1781 4.05 0.2 0
1782 4.1 0.05 0
1783 4.15 0.05 0
1784 4.2 0.1 0
1785 4.2 0.15 0
1786 4.15 0.2 0
1787 4.1 0.2 0
1788 4.05 0.15 0
1789 4.05 0.1 0
1790 4.1 0.1 0
1791 4.15 0.1 0
1792 4.15 0.15 0
1793 4.1 0.15 0
1794 4.25 0.3 0
1795 4.25 0.35 0
1796 4.25 0.4 0
1797 4.25 0.45 0
1798 4.2 0.5 0
1799 4.15 0.5 0
1800 4.1 0.5 0
1801 4.05 0.5 0
1802 4.05 0.3 0
1803 4.2 0.3 0
1804 4.2 0.45 0
1805 4.05 0.45 0
1806 4.1 0.3 0
1807 4.15 0.3 0
1808 4.2 0.35 0
1809 4.2 0.4 0
1810 4.15 0.45 0
1811 4.1 0.45 0
1812 4.05 0.4 0
1813 4.05 0.35 0
1814 4.1 0.35 0
1815 4.15 0.35 0
1816 4.15 0.4 0
1817 4.1 0.4 0
1818 4.25 0.55 0
1819 4.25 0.6 0
1820 4.25 0.65 0
1821 4.25 0.7 0
1822 4.2 0.75 0
1823 4.15 0.75 0
1824 4.1 0.75 0
1825 4.05 0.75 0
1826 4.05 0.55 0
1827 4.2 0.55 0
1828 4.2 0.7 0
1829 4.05 0.7 0
1830 4.1 0.55 0
1831 4.15 0.55 0
1832 4.2 0.6 0
1833 4.2 0.65 0
1834 4.15 0.7 0
1835 4.1 0.7 0
1836 4.05 0.65 0
1837 4.05 0.6 0
1838 4.1 0.6 0
1839 4.15 0.6 0
1840 4.15 0.65 0
1841 4.1 0.65 0
1842 4.25 0.8 0
1843 4.25 0.85 0
1844 4.25 0.9 0
1845 4.25 0.95 0
1846 4.05 0.8 0
1847 4.2 0.8 0
1848 4.2 0.95 0
1849 4.05 0.95 0
1850 4.1 0.8 0
1851 4.15 0.8 0
1852 4.2 0.85 0
1853 4.2 0.9 0
1854 4.15 0.95 0
1855 4.1 0.95 0
1856 4.05 0.9 0
1857 4.05 0.85 0
1858 4.1 0.85 0
1859 4.15 0.85 0
1860 4.15 0.9 0
1861 4.1 0.9 0
1862 4.5 0.05 0
1863 4.5 0.1 0
1864 4.5 0.15 0
1865 4.5 0.2 0
1866 4.45 0.25 0
1867 4.4 0.25 0
1868 4.35 0.25 0
1869 4.3 0.25 0
1870 4.3 0.05 0
1871 4.45 0.05 0
1872 4.45 0.2 0
1873 4.3 0.2 0
1874 4.35 0.05 0
1875 4.4 0.05 0
1876 4.45 0.1 0
1877 4.45 0.15 0
1878 4.4 0.2 0
1879 4.35 0.2 0
1880 4.3 0.15 0
1881 4.3 0.1 0
1882 4.35 0.1 0
1883 4.4 0.1 0
1884 4.4 0.15 0
1885 4.35 0.15 0
1886 4.5 0.3 0
1887 4.5 0.35 0
1888 4.5 0.4 0
1889 4.5 0.45 0
1890 4.45 0.5 0
1891 4.4 0.5 0
1892 4.35 0.5 0
1893 4.3 0.5 0
1894 4.3 0.3 0
1895 4.45 0.3 0
1896 4.45 0.45 0
1897 4.3 0.45 0
1898 4.35 0.3 0
1899 4.4 0.3 0
1900 4.45 0.35 0
1901 4.45 0.4 0
1902 4.4 0.45 0
1903 4.35 0.45 0
1904 4.3 0.4 0
1905 4.3 0.35 0
1906 4.35 0.35 0
1907 4.4 0.35 0
1908 4.4 0.4 0
1909 4.35 0.4 0
1910 4.5 0.55 0
1911 4.5 0.6 0
1912 4.5 0.65 0
1913 4.5 0.7 0
1914 4.45 0.75 0
1915 4.4 0.75 0
1916 4.35 0.75 0
1917 4.3 0.75 0
1918 4.3 0.55 0
1919 4.45 0.55 0
1920 4.45 0.7 0
1921 4.3 0.7 0
1922 4.35 0.55 0
1923 4.4 0.55 0
1924 4.45 0.6 0
1925 4.45 0.65 0
1926 4.4 0.7 0
1927 4.35 0.7 0
1928 4.3 0.65 0
1929 4.3 0.6 0
1930 4.35 0.6 0
1931 4.4 0.6 0
1932 4.4 0.65 0
1933 4.35 0.65 0
1934 4.5 0.8 0
1935 4.5 0.85 0
1936 4.5 0.9 0
1937 4.5 0.95 0
1938 4.3 0.8 0
1939 4.45 0.8 0
1940 4.45 0.95 0
1941 4.3 0.95 0
1942 4.35 0.8 0
1943 4.4 0.8 0
1944 4.45 0.85 0
1945 4.45 0.9 0
1946 4.4 0.95 0
1947 4.35 0.95 0
1948 4.3 0.9 0
1949 4.3 0.85 0
1950 4.35 0.85 0
1951 4.4 0.85 0
1952 4.4 0.9 0
1953 4.35 0.9 0
1954 4.75 0.05 0
1955 4.75 0.1 0
1956 4.75 0.15 0
1957 4.75 0.2 0
1958 4.7 0.25 0
1959 4.65 0.25 0
1960 4.6 0.25 0
1961 4.55 0.25 0
1962 4.55 0.05 0
1963 4.7 0.05 0
1964 4.7 0.2 0
1965 4.55 0.2 0
1966 4.6 0.05 0
1967 4.65 0.05 0
1968 4.7 0.1 0
1969 4.7 0.15 0
1970 4.65 0.2 0
1971 4.6 0.2 0
1972 4.55 0.15 0
1973 4.55 0.1 0
1974 4.6 0.1 0
1975 4.65 0.1 0
1976 4.65 0.15 0
1977 4.6 0.15 0
1978 4.75 0.3 0
1979 4.75 0.35 0
1980 4.75 0.4 0
1981 4.75 0.45 0
1982 4.7 0.5 0
1983 4.65 0.5 0
1984 4.6 0.5 0
1985 4.55 0.5 0
1986 4.55 0.3 0
1987 4.7 0.3 0
1988 4.7 0.45 0
1989 4.55 0.45 0
1990 4.6 0.3 0
1991 4.65 0.3 0
1992 4.7 0.35 0
1993 4.7 0.4 0
1994 4.65 0.45 0
1995 4.6 0.45 0
1996 4.55 0.4 0
1997 4.55 0.35 0
1998 4.6 0.35 0
1999 4.65 0.35 0
2000 4.65 0.4 0
2001 4.6 0.4 0
2002 4.75 0.55 0
2003 4.75 0.6 0
2004 4.75 0.65 0
2005 4.75 0.7 0
2006 4.7 0.75 0
2007 4.65 0.75 0
2008 4.6 0.75 0
2009 4.55 0.75 0
2010 4.55 0.55 0
2011 4.7 0.55 0
2012 4.7 0.7 0
2013 4.55 0.7 0
2014 4.6 0.55 0
2015 4.65 0.55 0
2016 4.7 0.6 0
2017 4.7 0.65 0
2018 4.65 0.7 0
2019 4.6 0.7 0
2020 4.55 0.65 0
2021 4.55 0.6 0
2022 4.6 0.6 0
2023 4.65 0.6 0
2024 4.65 0.65 0
2025 4.6 0.65 0
2026 4.75 0.8 0
2027 4.75 0.85 0
2028 4.75 0.9 0
2029 4.75 0.95 0
2030 4.55 0.8 0
2031 4.7 0.8 0
2032 4.7 0.95 0
2033 4.55 0.95 0
2034 4.6 0.8 0
2035 4.65 0.8 0
2036 4.7 0.85 0
2037 4.7 0.9 0
2038 4.65 0.95 0
2039 4.6 0.95 0
2040 4.55 0.9 0
2041 4.55 0.85 0
2042 4.6 0.85 0
2043 4.65 0.85 0
2044 4.65 0.9 0
2045 4.6 0.9 0
2046 4.95 0.25 0
2047 4.9 0.25 0
2048 4.85 0.25 0
2049 4.8 0.25 0
2050 4.8 0.05 0
2051 4.95 0.05 0
2052 4.95 0.2 0
2053 4.8 0.2 0
2054 4.85 0.05 0
2055 4.9 0.05 0
2056 4.95 0.1 0
2057 4.95 0.15 0
2058 4.9 0.2 0
2059 4.85 0.2 0
2060 4.8 0.15 0
2061 4.8 0.1 0
2062 4.85 0.1 0
2063 4.9 0.1 0
2064 4.9 0.15 0
2065 4.85 0.15 0
2066 4.95 0.5 0
2067 4.9 0.5 0
2068 4.85 0.5 0
2069 4.8 0.5 0
2070 4.8 0.3 0
2071 4.95 0.3 0
2072 4.95 0.45 0
2073 4.8 0.45 0
2074 4.85 0.3 0
2075 4.9 0.3 0
2076 4.95 0.35 0
2077 4.95 0.4 0
2078 4.9 0.45 0
2079 4.85 0.45 0
2080 4.8 0.4 0
2081 4.8 0.35 0
2082 4.85 0.35 0
2083 4.9 0.35 0
2084 4.9 0.4 0
2085 4.85 0.4 0
2086 4.95 0.75 0
2087 4.9 0.75 0
2088 4.85 0.75 0
2089 4.8 0.75 0
2090 4.8 0.55 0
2091 4.95 0.55 0
2092 4.95 0.7 0
2093 4.8 0.7 0
2094 4.85 0.55 0
2095 4.9 0.55 0
2096 4.95 0.6 0
2097 4.95 0.65 0
2098 4.9 0.7 0
2099 4.85 0.7 0
2100 4.8 0.65 0
2101 4.8 0.6 0
2102 4.85 0.6 0
2103 4.9 0.6 0
2104 4.9 0.65 0
2105 4.85 0.65 0
2106 4.8 0.8 0
2107 4.95 0.8 0
2108 4.95 0.95 0
2109 4.8 0.95 0
2110 4.85 0.8 0
2111 4.9 0.8 0
2112 4.95 0.85 0
2113 4.95 0.9 0
2114 4.9 0.95 0
2115 4.85 0.95 0
2116 4.8 0.9 0
2117 4.8 0.85 0
2118 4.85 0.85 0
2119 4.9 0.85 0
2120 4.9 0.9 0
2121 4.85 0.9 0
