1 1 1 1 1 5 468 192
2 1 1 1 5 6 466 468
3 1 1 1 468 466 252 467
4 1 1 1 192 468 467 191
5 1 1 1 6 7 471 466
6 1 1 1 7 8 469 471
7 1 1 1 471 469 250 470
8 1 1 1 466 471 470 252
9 1 1 1 252 470 475 474
10 1 1 1 470 250 472 475
11 1 1 1 475 472 193 473
12 1 1 1 474 475 473 251
13 1 1 1 191 467 477 190
14 1 1 1 467 252 474 477
15 1 1 1 477 474 251 476
16 1 1 1 190 477 476 189
17 1 1 1 189 476 480 188
18 1 1 1 476 251 478 480
19 1 1 1 480 478 255 479
20 1 1 1 188 480 479 187
21 1 1 1 251 473 483 478
22 1 1 1 473 193 481 483
23 1 1 1 483 481 253 482
24 1 1 1 478 483 482 255
25 1 1 1 255 482 487 486
26 1 1 1 482 253 484 487
27 1 1 1 487 484 194 485
28 1 1 1 486 487 485 254
29 1 1 1 187 479 489 186
30 1 1 1 479 255 486 489
31 1 1 1 489 486 254 488
32 1 1 1 186 489 488 185
33 1 1 1 185 488 492 184
34 1 1 1 488 254 490 492
35 1 1 1 492 490 258 491
36 1 1 1 184 492 491 183
37 1 1 1 254 485 495 490
38 1 1 1 485 194 493 495
39 1 1 1 495 493 256 494
40 1 1 1 490 495 494 258
41 1 1 1 258 494 499 498
42 1 1 1 494 256 496 499
43 1 1 1 499 496 195 497
44 1 1 1 498 499 497 257
45 1 1 1 183 491 501 182
46 1 1 1 491 258 498 501
47 1 1 1 501 498 257 500
48 1 1 1 182 501 500 181
49 1 1 1 181 500 504 180
50 1 1 1 500 257 502 504
51 1 1 1 504 502 260 503
52 1 1 1 180 504 503 179
53 1 1 1 257 497 507 502
54 1 1 1 497 195 505 507
55 1 1 1 507 505 259 506
56 1 1 1 502 507 506 260
57 1 1 1 260 506 510 509
58 1 1 1 506 259 508 510
59 1 1 1 510 508 174 175
60 1 1 1 509 510 175 176
61 1 1 1 179 503 511 178
62 1 1 1 503 260 509 511
63 1 1 1 511 509 176 177
64 1 1 1 178 511 177 4
65 1 1 1 8 9 514 469
66 1 1 1 9 10 512 514
67 1 1 1 514 512 263 513
68 1 1 1 469 514 513 250
69 1 1 1 10 11 517 512
70 1 1 1 11 12 515 517
71 1 1 1 517 515 261 516
72 1 1 1 512 517 516 263
73 1 1 1 263 516 521 520
74 1 1 1 516 261 518 521
75 1 1 1 521 518 196 519
76 1 1 1 520 521 519 262
77 1 1 1 250 513 523 472
78 1 1 1 513 263 520 523
79 1 1 1 523 520 262 522
80 1 1 1 472 523 522 193
81 1 1 1 193 522 526 481
82 1 1 1 522 262 524 526
83 1 1 1 526 524 266 525
84 1 1 1 481 526 525 253
85 1 1 1 262 519 529 524
86 1 1 1 519 196 527 529
87 1 1 1 529 527 264 528
88 1 1 1 524 529 528 266
89 1 1 1 266 528 533 532
90 1 1 1 528 264 530 533
91 1 1 1 533 530 197 531
92 1 1 1 532 533 531 265
93 1 1 1 253 525 535 484
94 1 1 1 525 266 532 535
95 1 1 1 535 532 265 534
96 1 1 1 484 535 534 194
97 1 1 1 194 534 538 493
98 1 1 1 534 265 536 538
99 1 1 1 538 536 269 537
100 1 1 1 493 538 537 256
101 1 1 1 265 531 541 536
102 1 1 1 531 197 539 541
103 1 1 1 541 539 267 540
104 1 1 1 536 541 540 269
105 1 1 1 269 540 545 544
106 1 1 1 540 267 542 545
107 1 1 1 545 542 198 543
108 1 1 1 544 545 543 268
109 1 1 1 256 537 547 496
110 1 1 1 537 269 544 547
111 1 1 1 547 544 268 546
112 1 1 1 496 547 546 195
113 1 1 1 195 546 550 505
114 1 1 1 546 268 548 550
115 1 1 1 550 548 271 549
116 1 1 1 505 550 549 259
117 1 1 1 268 543 553 548
118 1 1 1 543 198 551 553
119 1 1 1 553 551 270 552
120 1 1 1 548 553 552 271
121 1 1 1 271 552 556 555
122 1 1 1 552 270 554 556
123 1 1 1 556 554 170 171
124 1 1 1 555 556 171 172
125 1 1 1 259 549 557 508
126 1 1 1 549 271 555 557
127 1 1 1 557 555 172 173
128 1 1 1 508 557 173 174
129 1 1 1 12 13 560 515
130 1 1 1 13 14 558 560
131 1 1 1 560 558 274 559
132 1 1 1 515 560 559 261
133 1 1 1 14 15 563 558
134 1 1 1 15 16 561 563
135 1 1 1 563 561 272 562
136 1 1 1 558 563 562 274
137 1 1 1 274 562 567 566
138 1 1 1 562 272 564 567
139 1 1 1 567 564 199 565
140 1 1 1 566 567 565 273
141 1 1 1 261 559 569 518
142 1 1 1 559 274 566 569
143 1 1 1 569 566 273 568
144 1 1 1 518 569 568 196
145 1 1 1 196 568 572 527
146 1 1 1 568 273 570 572
147 1 1 1 572 570 277 571
148 1 1 1 527 572 571 264
149 1 1 1 273 565 575 570
150 1 1 1 565 199 573 575
151 1 1 1 575 573 275 574
152 1 1 1 570 575 574 277
153 1 1 1 277 574 579 578
154 1 1 1 574 275 576 579
155 1 1 1 579 576 200 577
156 1 1 1 578 579 577 276
157 1 1 1 264 571 581 530
158 1 1 1 571 277 578 581
159 1 1 1 581 578 276 580
160 1 1 1 530 581 580 197
161 1 1 1 197 580 584 539
162 1 1 1 580 276 582 584
163 1 1 1 584 582 280 583
164 1 1 1 539 584 583 267
165 1 1 1 276 577 587 582
166 1 1 1 577 200 585 587
167 1 1 1 587 585 278 586
168 1 1 1 582 587 586 280
169 1 1 1 280 586 591 590
170 1 1 1 586 278 588 591
171 1 1 1 591 588 201 589
172 1 1 1 590 591 589 279
173 1 1 1 267 583 593 542
174 1 1 1 583 280 590 593
175 1 1 1 593 590 279 592
176 1 1 1 542 593 592 198
177 1 1 1 198 592 596 551
178 1 1 1 592 279 594 596
179 1 1 1 596 594 282 595
180 1 1 1 551 596 595 270
181 1 1 1 279 589 599 594
182 1 1 1 589 201 597 599
183 1 1 1 599 597 281 598
184 1 1 1 594 599 598 282
185 1 1 1 282 598 602 601
186 1 1 1 598 281 600 602
187 1 1 1 602 600 166 167
188 1 1 1 601 602 167 168
189 1 1 1 270 595 603 554
190 1 1 1 595 282 601 603
191 1 1 1 603 601 168 169
192 1 1 1 554 603 169 170
193 1 1 1 16 17 606 561
194 1 1 1 17 18 604 606
195 1 1 1 606 604 285 605
196 1 1 1 561 606 605 272
197 1 1 1 18 19 609 604
198 1 1 1 19 20 607 609
199 1 1 1 609 607 283 608
200 1 1 1 604 609 608 285
201 1 1 1 285 608 613 612
202 1 1 1 608 283 610 613
203 1 1 1 613 610 202 611
204 1 1 1 612 613 611 284
205 1 1 1 272 605 615 564
206 1 1 1 605 285 612 615
207 1 1 1 615 612 284 614
208 1 1 1 564 615 614 199
209 1 1 1 199 614 618 573
210 1 1 1 614 284 616 618
211 1 1 1 618 616 288 617
212 1 1 1 573 618 617 275
213 1 1 1 284 611 621 616
214 1 1 1 611 202 619 621
215 1 1 1 621 619 286 620
216 1 1 1 616 621 620 288
217 1 1 1 288 620 625 624
218 1 1 1 620 286 622 625
219 1 1 1 625 622 203 623
220 1 1 1 624 625 623 287
221 1 1 1 275 617 627 576
222 1 1 1 617 288 624 627
223 1 1 1 627 624 287 626
224 1 1 1 576 627 626 200
225 1 1 1 200 626 630 585
226 1 1 1 626 287 628 630
227 1 1 1 630 628 291 629
228 1 1 1 585 630 629 278
229 1 1 1 287 623 633 628
230 1 1 1 623 203 631 633
231 1 1 1 633 631 289 632
232 1 1 1 628 633 632 291
233 1 1 1 291 632 637 636
234 1 1 1 632 289 634 637
235 1 1 1 637 634 204 635
236 1 1 1 636 637 635 290
237 1 1 1 278 629 639 588
238 1 1 1 629 291 636 639
239 1 1 1 639 636 290 638
240 1 1 1 588 639 638 201
241 1 1 1 201 638 642 597
242 1 1 1 638 290 640 642
243 1 1 1 642 640 293 641
244 1 1 1 597 642 641 281
245 1 1 1 290 635 645 640
246 1 1 1 635 204 643 645
247 1 1 1 645 643 292 644
248 1 1 1 640 645 644 293
249 1 1 1 293 644 648 647
250 1 1 1 644 292 646 648
251 1 1 1 648 646 162 163
252 1 1 1 647 648 163 164
253 1 1 1 281 641 649 600
254 1 1 1 641 293 647 649
255 1 1 1 649 647 164 165
256 1 1 1 600 649 165 166
257 1 1 1 20 21 652 607
258 1 1 1 21 22 650 652
259 1 1 1 652 650 296 651
260 1 1 1 607 652 651 283
261 1 1 1 22 23 655 650
262 1 1 1 23 24 653 655
263 1 1 1 655 653 294 654
264 1 1 1 650 655 654 296
265 1 1 1 296 654 659 658
266 1 1 1 654 294 656 659
267 1 1 1 659 656 205 657
268 1 1 1 658 659 657 295
269 1 1 1 283 651 661 610
270 1 1 1 651 296 658 661
271 1 1 1 661 658 295 660
272 1 1 1 610 661 660 202
273 1 1 1 202 660 664 619
274 1 1 1 660 295 662 664
275 1 1 1 664 662 299 663
276 1 1 1 619 664 663 286
277 1 1 1 295 657 667 662
278 1 1 1 657 205 665 667
279 1 1 1 667 665 297 666
280 1 1 1 662 667 666 299
281 1 1 1 299 666 671 670
282 1 1 1 666 297 668 671
283 1 1 1 671 668 206 669
284 1 1 1 670 671 669 298
285 1 1 1 286 663 673 622
286 1 1 1 663 299 670 673
287 1 1 1 673 670 298 672
288 1 1 1 622 673 672 203
289 1 1 1 203 672 676 631
290 1 1 1 672 298 674 676
291 1 1 1 676 674 302 675
292 1 1 1 631 676 675 289
293 1 1 1 298 669 679 674
294 1 1 1 669 206 677 679
295 1 1 1 679 677 300 678
296 1 1 1 674 679 678 302
297 1 1 1 302 678 683 682
298 1 1 1 678 300 680 683
299 1 1 1 683 680 207 681
300 1 1 1 682 683 681 301
301 1 1 1 289 675 685 634
302 1 1 1 675 302 682 685
303 1 1 1 685 682 301 684
304 1 1 1 634 685 684 204
305 1 1 1 204 684 688 643
306 1 1 1 684 301 686 688
307 1 1 1 688 686 304 687
308 1 1 1 643 688 687 292
309 1 1 1 301 681 691 686
310 1 1 1 681 207 689 691
311 1 1 1 691 689 303 690
312 1 1 1 686 691 690 304
313 1 1 1 304 690 694 693
314 1 1 1 690 303 692 694
315 1 1 1 694 692 158 159
316 1 1 1 693 694 159 160
317 1 1 1 292 687 695 646
318 1 1 1 687 304 693 695
319 1 1 1 695 693 160 161
320 1 1 1 646 695 161 162
321 1 1 1 24 25 698 653
322 1 1 1 25 26 696 698
323 1 1 1 698 696 307 697
324 1 1 1 653 698 697 294
325 1 1 1 26 27 701 696
326 1 1 1 27 28 699 701
327 1 1 1 701 699 305 700
328 1 1 1 696 701 700 307
329 1 1 1 307 700 705 704
330 1 1 1 700 305 702 705
331 1 1 1 705 702 208 703
332 1 1 1 704 705 703 306
333 1 1 1 294 697 707 656
334 1 1 1 697 307 704 707
335 1 1 1 707 704 306 706
336 1 1 1 656 707 706 205
337 1 1 1 205 706 710 665
338 1 1 1 706 306 708 710
339 1 1 1 710 708 310 709
340 1 1 1 665 710 709 297
341 1 1 1 306 703 713 708
342 1 1 1 703 208 711 713
343 1 1 1 713 711 308 712
344 1 1 1 708 713 712 310
345 1 1 1 310 712 717 716
346 1 1 1 712 308 714 717
347 1 1 1 717 714 209 715
348 1 1 1 716 717 715 309
349 1 1 1 297 709 719 668
350 1 1 1 709 310 716 719
351 1 1 1 719 716 309 718
352 1 1 1 668 719 718 206
353 1 1 1 206 718 722 677
354 1 1 1 718 309 720 722
355 1 1 1 722 720 313 721
356 1 1 1 677 722 721 300
357 1 1 1 309 715 725 720
358 1 1 1 715 209 723 725
359 1 1 1 725 723 311 724
360 1 1 1 720 725 724 313
361 1 1 1 313 724 729 728
362 1 1 1 724 311 726 729
363 1 1 1 729 726 210 727
364 1 1 1 728 729 727 312
365 1 1 1 300 721 731 680
366 1 1 1 721 313 728 731
367 1 1 1 731 728 312 730
368 1 1 1 680 731 730 207
369 1 1 1 207 730 734 689
370 1 1 1 730 312 732 734
371 1 1 1 734 732 315 733
372 1 1 1 689 734 733 303
373 1 1 1 312 727 737 732
374 1 1 1 727 210 735 737
375 1 1 1 737 735 314 736
376 1 1 1 732 737 736 315
377 1 1 1 315 736 740 739
378 1 1 1 736 314 738 740
379 1 1 1 740 738 154 155
380 1 1 1 739 740 155 156
381 1 1 1 303 733 741 692
382 1 1 1 733 315 739 741
383 1 1 1 741 739 156 157
384 1 1 1 692 741 157 158
385 1 1 1 28 29 744 699
386 1 1 1 29 30 742 744
387 1 1 1 744 742 318 743
388 1 1 1 699 744 743 305
389 1 1 1 30 31 747 742
390 1 1 1 31 32 745 747
391 1 1 1 747 745 316 746
392 1 1 1 742 747 746 318
393 1 1 1 318 746 751 750
394 1 1 1 746 316 748 751
395 1 1 1 751 748 211 749
396 1 1 1 750 751 749 317
397 1 1 1 305 743 753 702
398 1 1 1 743 318 750 753
399 1 1 1 753 750 317 752
400 1 1 1 702 753 752 208
401 1 1 1 208 752 756 711
402 1 1 1 752 317 754 756
403 1 1 1 756 754 321 755
404 1 1 1 711 756 755 308
405 1 1 1 317 749 759 754
406 1 1 1 749 211 757 759
407 1 1 1 759 757 319 758
408 1 1 1 754 759 758 321
409 1 1 1 321 758 763 762
410 1 1 1 758 319 760 763
411 1 1 1 763 760 212 761
412 1 1 1 762 763 761 320
413 1 1 1 308 755 765 714
414 1 1 1 755 321 762 765
415 1 1 1 765 762 320 764
416 1 1 1 714 765 764 209
417 1 1 1 209 764 768 723
418 1 1 1 764 320 766 768
419 1 1 1 768 766 324 767
420 1 1 1 723 768 767 311
421 1 1 1 320 761 771 766
422 1 1 1 761 212 769 771
423 1 1 1 771 769 322 770
424 1 1 1 766 771 770 324
425 1 1 1 324 770 775 774
426 1 1 1 770 322 772 775
427 1 1 1 775 772 213 773
428 1 1 1 774 775 773 323
429 1 1 1 311 767 777 726
430 1 1 1 767 324 774 777
431 1 1 1 777 774 323 776
432 1 1 1 726 777 776 210
433 1 1 1 210 776 780 735
434 1 1 1 776 323 778 780
435 1 1 1 780 778 326 779
436 1 1 1 735 780 779 314
437 1 1 1 323 773 783 778
438 1 1 1 773 213 781 783
439 1 1 1 783 781 325 782
440 1 1 1 778 783 782 326
441 1 1 1 326 782 786 785
442 1 1 1 782 325 784 786
443 1 1 1 786 784 150 151
444 1 1 1 785 786 151 152
445 1 1 1 314 779 787 738
446 1 1 1 779 326 785 787
447 1 1 1 787 785 152 153
448 1 1 1 738 787 153 154
449 1 1 1 32 33 790 745
450 1 1 1 33 34 788 790
451 1 1 1 790 788 329 789
452 1 1 1 745 790 789 316
453 1 1 1 34 35 793 788
454 1 1 1 35 36 791 793
455 1 1 1 793 791 327 792
456 1 1 1 788 793 792 329
457 1 1 1 329 792 797 796
458 1 1 1 792 327 794 797
459 1 1 1 797 794 214 795
460 1 1 1 796 797 795 328
461 1 1 1 316 789 799 748
462 1 1 1 789 329 796 799
463 1 1 1 799 796 328 798
464 1 1 1 748 799 798 211
465 1 1 1 211 798 802 757
466 1 1 1 798 328 800 802
467 1 1 1 802 800 332 801
468 1 1 1 757 802 801 319
469 1 1 1 328 795 805 800
470 1 1 1 795 214 803 805
471 1 1 1 805 803 330 804
472 1 1 1 800 805 804 332
473 1 1 1 332 804 809 808
474 1 1 1 804 330 806 809
475 1 1 1 809 806 215 807
476 1 1 1 808 809 807 331
477 1 1 1 319 801 811 760
478 1 1 1 801 332 808 811
479 1 1 1 811 808 331 810
480 1 1 1 760 811 810 212
481 1 1 1 212 810 814 769
482 1 1 1 810 331 812 814
483 1 1 1 814 812 335 813
484 1 1 1 769 814 813 322
485 1 1 1 331 807 817 812
486 1 1 1 807 215 815 817
487 1 1 1 817 815 333 816
488 1 1 1 812 817 816 335
489 1 1 1 335 816 821 820
490 1 1 1 816 333 818 821
491 1 1 1 821 818 216 819
492 1 1 1 820 821 819 334
493 1 1 1 322 813 823 772
494 1 1 1 813 335 820 823
495 1 1 1 823 820 334 822
496 1 1 1 772 823 822 213
497 1 1 1 213 822 826 781
498 1 1 1 822 334 824 826
499 1 1 1 826 824 337 825
500 1 1 1 781 826 825 325
501 1 1 1 334 819 829 824
502 1 1 1 819 216 827 829
503 1 1 1 829 827 336 828
504 1 1 1 824 829 828 337
505 1 1 1 337 828 832 831
506 1 1 1 828 336 830 832
507 1 1 1 832 830 146 147
508 1 1 1 831 832 147 148
509 1 1 1 325 825 833 784
510 1 1 1 825 337 831 833
511 1 1 1 833 831 148 149
512 1 1 1 784 833 149 150
513 1 1 1 36 37 836 791
514 1 1 1 37 38 834 836
515 1 1 1 836 834 340 835
516 1 1 1 791 836 835 327
517 1 1 1 38 39 839 834
518 1 1 1 39 40 837 839
519 1 1 1 839 837 338 838
520 1 1 1 834 839 838 340
521 1 1 1 340 838 843 842
522 1 1 1 838 338 840 843
523 1 1 1 843 840 217 841
524 1 1 1 842 843 841 339
525 1 1 1 327 835 845 794
526 1 1 1 835 340 842 845
527 1 1 1 845 842 339 844
528 1 1 1 794 845 844 214
529 1 1 1 214 844 848 803
530 1 1 1 844 339 846 848
531 1 1 1 848 846 343 847
532 1 1 1 803 848 847 330
533 1 1 1 339 841 851 846
534 1 1 1 841 217 849 851
535 1 1 1 851 849 341 850
536 1 1 1 846 851 850 343
537 1 1 1 343 850 855 854
538 1 1 1 850 341 852 855
539 1 1 1 855 852 218 853
540 1 1 1 854 855 853 342
541 1 1 1 330 847 857 806
542 1 1 1 847 343 854 857
543 1 1 1 857 854 342 856
544 1 1 1 806 857 856 215
545 1 1 1 215 856 860 815
546 1 1 1 856 342 858 860
547 1 1 1 860 858 346 859
548 1 1 1 815 860 859 333
549 1 1 1 342 853 863 858
550 1 1 1 853 218 861 863
551 1 1 1 863 861 344 862
552 1 1 1 858 863 862 346
553 1 1 1 346 862 867 866
554 1 1 1 862 344 864 867
555 1 1 1 867 864 219 865
556 1 1 1 866 867 865 345
557 1 1 1 333 859 869 818
558 1 1 1 859 346 866 869
559 1 1 1 869 866 345 868
560 1 1 1 818 869 868 216
561 1 1 1 216 868 872 827
562 1 1 1 868 345 870 872
563 1 1 1 872 870 348 871
564 1 1 1 827 872 871 336
565 1 1 1 345 865 875 870
566 1 1 1 865 219 873 875
567 1 1 1 875 873 347 874
568 1 1 1 870 875 874 348
569 1 1 1 348 874 878 877
570 1 1 1 874 347 876 878
571 1 1 1 878 876 142 143
572 1 1 1 877 878 143 144
573 1 1 1 336 871 879 830
574 1 1 1 871 348 877 879
575 1 1 1 879 877 144 145
576 1 1 1 830 879 145 146
577 1 1 1 40 41 882 837
578 1 1 1 41 42 880 882
579 1 1 1 882 880 351 881
580 1 1 1 837 882 881 338
581 1 1 1 42 43 885 880
582 1 1 1 43 44 883 885
583 1 1 1 885 883 349 884
584 1 1 1 880 885 884 351
585 1 1 1 351 884 889 888
586 1 1 1 884 349 886 889
587 1 1 1 889 886 220 887
588 1 1 1 888 889 887 350
589 1 1 1 338 881 891 840
590 1 1 1 881 351 888 891
591 1 1 1 891 888 350 890
592 1 1 1 840 891 890 217
593 1 1 1 217 890 894 849
594 1 1 1 890 350 892 894
595 1 1 1 894 892 354 893
596 1 1 1 849 894 893 341
597 1 1 1 350 887 897 892
598 1 1 1 887 220 895 897
599 1 1 1 897 895 352 896
600 1 1 1 892 897 896 354
601 1 1 1 354 896 901 900
602 1 1 1 896 352 898 901
603 1 1 1 901 898 221 899
604 1 1 1 900 901 899 353
605 1 1 1 341 893 903 852
606 1 1 1 893 354 900 903
607 1 1 1 903 900 353 902
608 1 1 1 852 903 902 218
609 1 1 1 218 902 906 861
610 1 1 1 902 353 904 906
611 1 1 1 906 904 357 905
612 1 1 1 861 906 905 344
613 1 1 1 353 899 909 904
614 1 1 1 899 221 907 909
615 1 1 1 909 907 355 908
616 1 1 1 904 909 908 357
617 1 1 1 357 908 913 912
618 1 1 1 908 355 910 913
619 1 1 1 913 910 222 911
620 1 1 1 912 913 911 356
621 1 1 1 344 905 915 864
622 1 1 1 905 357 912 915
623 1 1 1 915 912 356 914
624 1 1 1 864 915 914 219
625 1 1 1 219 914 918 873
626 1 1 1 914 356 916 918
627 1 1 1 918 916 359 917
628 1 1 1 873 918 917 347
629 1 1 1 356 911 921 916
630 1 1 1 911 222 919 921
631 1 1 1 921 919 358 920
632 1 1 1 916 921 920 359
633 1 1 1 359 920 924 923
634 1 1 1 920 358 922 924
635 1 1 1 924 922 138 139
636 1 1 1 923 924 139 140
637 1 1 1 347 917 925 876
638 1 1 1 917 359 923 925
639 1 1 1 925 923 140 141
640 1 1 1 876 925 141 142
641 1 1 1 44 45 928 883
642 1 1 1 45 46 926 928
643 1 1 1 928 926 362 927
644 1 1 1 883 928 927 349
645 1 1 1 46 47 931 926
646 1 1 1 47 48 929 931
647 1 1 1 931 929 360 930
648 1 1 1 926 931 930 362
649 1 1 1 362 930 935 934
650 1 1 1 930 360 932 935
651 1 1 1 935 932 223 933
652 1 1 1 934 935 933 361
653 1 1 1 349 927 937 886
654 1 1 1 927 362 934 937
655 1 1 1 937 934 361 936
656 1 1 1 886 937 936 220
657 1 1 1 220 936 940 895
658 1 1 1 936 361 938 940
659 1 1 1 940 938 365 939
660 1 1 1 895 940 939 352
661 1 1 1 361 933 943 938
662 1 1 1 933 223 941 943
663 1 1 1 943 941 363 942
664 1 1 1 938 943 942 365
665 1 1 1 365 942 947 946
666 1 1 1 942 363 944 947
667 1 1 1 947 944 224 945
668 1 1 1 946 947 945 364
669 1 1 1 352 939 949 898
670 1 1 1 939 365 946 949
671 1 1 1 949 946 364 948
672 1 1 1 898 949 948 221
673 1 1 1 221 948 952 907
674 1 1 1 948 364 950 952
675 1 1 1 952 950 368 951
676 1 1 1 907 952 951 355
677 1 1 1 364 945 955 950
678 1 1 1 945 224 953 955
679 1 1 1 955 953 366 954
680 1 1 1 950 955 954 368
681 1 1 1 368 954 959 958
682 1 1 1 954 366 956 959
683 1 1 1 959 956 225 957
684 1 1 1 958 959 957 367
685 1 1 1 355 951 961 910
686 1 1 1 951 368 958 961
687 1 1 1 961 958 367 960
688 1 1 1 910 961 960 222
689 1 1 1 222 960 964 919
690 1 1 1 960 367 962 964
691 1 1 1 964 962 370 963
692 1 1 1 919 964 963 358
693 1 1 1 367 957 967 962
694 1 1 1 957 225 965 967
695 1 1 1 967 965 369 966
696 1 1 1 962 967 966 370
697 1 1 1 370 966 970 969
698 1 1 1 966 369 968 970
699 1 1 1 970 968 134 135
700 1 1 1 969 970 135 136
701 1 1 1 358 963 971 922
702 1 1 1 963 370 969 971
703 1 1 1 971 969 136 137
704 1 1 1 922 971 137 138
705 1 1 1 48 49 974 929
706 1 1 1 49 50 972 974
707 1 1 1 974 972 373 973
708 1 1 1 929 974 973 360
709 1 1 1 50 51 977 972
710 1 1 1 51 52 975 977
711 1 1 1 977 975 371 976
712 1 1 1 972 977 976 373
713 1 1 1 373 976 981 980
714 1 1 1 976 371 978 981
715 1 1 1 981 978 226 979
716 1 1 1 980 981 979 372
717 1 1 1 360 973 983 932
718 1 1 1 973 373 980 983
719 1 1 1 983 980 372 982
720 1 1 1 932 983 982 223
721 1 1 1 223 982 986 941
722 1 1 1 982 372 984 986
723 1 1 1 986 984 376 985
724 1 1 1 941 986 985 363
725 1 1 1 372 979 989 984
726 1 1 1 979 226 987 989
727 1 1 1 989 987 374 988
728 1 1 1 984 989 988 376
729 1 1 1 376 988 993 992
730 1 1 1 988 374 990 993
731 1 1 1 993 990 227 991
732 1 1 1 992 993 991 375
733 1 1 1 363 985 995 944
734 1 1 1 985 376 992 995
735 1 1 1 995 992 375 994
736 1 1 1 944 995 994 224
737 1 1 1 224 994 998 953
738 1 1 1 994 375 996 998
739 1 1 1 998 996 379 997
740 1 1 1 953 998 997 366
741 1 1 1 375 991 1001 996
742 1 1 1 991 227 999 1001
743 1 1 1 1001 999 377 1000
744 1 1 1 996 1001 1000 379
745 1 1 1 379 1000 1005 1004
746 1 1 1 1000 377 1002 1005
747 1 1 1 1005 1002 228 1003
748 1 1 1 1004 1005 1003 378
749 1 1 1 366 997 1007 956
750 1 1 1 997 379 1004 1007
751 1 1 1 1007 1004 378 1006
752 1 1 1 956 1007 1006 225
753 1 1 1 225 1006 1010 965
754 1 1 1 1006 378 1008 1010
755 1 1 1 1010 1008 381 1009
756 1 1 1 965 1010 1009 369
757 1 1 1 378 1003 1013 1008
758 1 1 1 1003 228 1011 1013
759 1 1 1 1013 1011 380 1012
760 1 1 1 1008 1013 1012 381
761 1 1 1 381 1012 1016 1015
762 1 1 1 1012 380 1014 1016
763 1 1 1 1016 1014 130 131
764 1 1 1 1015 1016 131 132
765 1 1 1 369 1009 1017 968
766 1 1 1 1009 381 1015 1017
767 1 1 1 1017 1015 132 133
768 1 1 1 968 1017 133 134
769 1 1 1 52 53 1020 975
770 1 1 1 53 54 1018 1020
771 1 1 1 1020 1018 384 1019
772 1 1 1 975 1020 1019 371
773 1 1 1 54 55 1023 1018
774 1 1 1 55 56 1021 1023
775 1 1 1 1023 1021 382 1022
776 1 1 1 1018 1023 1022 384
777 1 1 1 384 1022 1027 1026
778 1 1 1 1022 382 1024 1027
779 1 1 1 1027 1024 229 1025
780 1 1 1 1026 1027 1025 383
781 1 1 1 371 1019 1029 978
782 1 1 1 1019 384 1026 1029
783 1 1 1 1029 1026 383 1028
784 1 1 1 978 1029 1028 226
785 1 1 1 226 1028 1032 987
786 1 1 1 1028 383 1030 1032
787 1 1 1 1032 1030 387 1031
788 1 1 1 987 1032 1031 374
789 1 1 1 383 1025 1035 1030
790 1 1 1 1025 229 1033 1035
791 1 1 1 1035 1033 385 1034
792 1 1 1 1030 1035 1034 387
793 1 1 1 387 1034 1039 1038
794 1 1 1 1034 385 1036 1039
795 1 1 1 1039 1036 230 1037
796 1 1 1 1038 1039 1037 386
797 1 1 1 374 1031 1041 990
798 1 1 1 1031 387 1038 1041
799 1 1 1 1041 1038 386 1040
800 1 1 1 990 1041 1040 227
801 1 1 1 227 1040 1044 999
802 1 1 1 1040 386 1042 1044
803 1 1 1 1044 1042 390 1043
804 1 1 1 999 1044 1043 377
805 1 1 1 386 1037 1047 1042
806 1 1 1 1037 230 1045 1047
807 1 1 1 1047 1045 388 1046
808 1 1 1 1042 1047 1046 390
809 1 1 1 390 1046 1051 1050
810 1 1 1 1046 388 1048 1051
811 1 1 1 1051 1048 231 1049
812 1 1 1 1050 1051 1049 389
813 1 1 1 377 1043 1053 1002
814 1 1 1 1043 390 1050 1053
815 1 1 1 1053 1050 389 1052
816 1 1 1 1002 1053 1052 228
817 1 1 1 228 1052 1056 1011
818 1 1 1 1052 389 1054 1056
819 1 1 1 1056 1054 392 1055
820 1 1 1 1011 1056 1055 380
821 1 1 1 389 1049 1059 1054
822 1 1 1 1049 231 1057 1059
823 1 1 1 1059 1057 391 1058
824 1 1 1 1054 1059 1058 392
825 1 1 1 392 1058 1062 1061
826 1 1 1 1058 391 1060 1062
827 1 1 1 1062 1060 126 127
828 1 1 1 1061 1062 127 128
829 1 1 1 380 1055 1063 1014
830 1 1 1 1055 392 1061 1063
831 1 1 1 1063 1061 128 129
832 1 1 1 1014 1063 129 130
833 1 1 1 56 57 1066 1021
834 1 1 1 57 58 1064 1066
835 1 1 1 1066 1064 395 1065
836 1 1 1 1021 1066 1065 382
837 1 1 1 58 59 1069 1064
838 1 1 1 59 60 1067 1069
839 1 1 1 1069 1067 393 1068
840 1 1 1 1064 1069 1068 395
841 1 1 1 395 1068 1073 1072
842 1 1 1 1068 393 1070 1073
843 1 1 1 1073 1070 232 1071
844 1 1 1 1072 1073 1071 394
845 1 1 1 382 1065 1075 1024
846 1 1 1 1065 395 1072 1075
847 1 1 1 1075 1072 394 1074
848 1 1 1 1024 1075 1074 229
849 1 1 1 229 1074 1078 1033
850 1 1 1 1074 394 1076 1078
851 1 1 1 1078 1076 398 1077
852 1 1 1 1033 1078 1077 385
853 1 1 1 394 1071 1081 1076
854 1 1 1 1071 232 1079 1081
855 1 1 1 1081 1079 396 1080
856 1 1 1 1076 1081 1080 398
857 1 1 1 398 1080 1085 1084
858 1 1 1 1080 396 1082 1085
859 1 1 1 1085 1082 233 1083
860 1 1 1 1084 1085 1083 397
861 1 1 1 385 1077 1087 1036
862 1 1 1 1077 398 1084 1087
863 1 1 1 1087 1084 397 1086
864 1 1 1 1036 1087 1086 230
865 1 1 1 230 1086 1090 1045
866 1 1 1 1086 397 1088 1090
867 1 1 1 1090 1088 401 1089
868 1 1 1 1045 1090 1089 388
869 1 1 1 397 1083 1093 1088
870 1 1 1 1083 233 1091 1093
871 1 1 1 1093 1091 399 1092
872 1 1 1 1088 1093 1092 401
873 1 1 1 401 1092 1097 1096
874 1 1 1 1092 399 1094 1097
875 1 1 1 1097 1094 234 1095
876 1 1 1 1096 1097 1095 400
877 1 1 1 388 1089 1099 1048
878 1 1 1 1089 401 1096 1099
879 1 1 1 1099 1096 400 1098
880 1 1 1 1048 1099 1098 231
881 1 1 1 231 1098 1102 1057
882 1 1 1 1098 400 1100 1102
883 1 1 1 1102 1100 403 1101
884 1 1 1 1057 1102 1101 391
885 1 1 1 400 1095 1105 1100
886 1 1 1 1095 234 1103 1105
887 1 1 1 1105 1103 402 1104
888 1 1 1 1100 1105 1104 403
889 1 1 1 403 1104 1108 1107
890 1 1 1 1104 402 1106 1108
891 1 1 1 1108 1106 122 123
892 1 1 1 1107 1108 123 124
893 1 1 1 391 1101 1109 1060
894 1 1 1 1101 403 1107 1109
895 1 1 1 1109 1107 124 125
896 1 1 1 1060 1109 125 126
897 1 1 1 60 61 1112 1067
898 1 1 1 61 62 1110 1112
899 1 1 1 1112 1110 406 1111
900 1 1 1 1067 1112 1111 393
901 1 1 1 62 63 1115 1110
902 1 1 1 63 64 1113 1115
903 1 1 1 1115 1113 404 1114
904 1 1 1 1110 1115 1114 406
905 1 1 1 406 1114 1119 1118
906 1 1 1 1114 404 1116 1119
907 1 1 1 1119 1116 235 1117
908 1 1 1 1118 1119 1117 405
909 1 1 1 393 1111 1121 1070
910 1 1 1 1111 406 1118 1121
911 1 1 1 1121 1118 405 1120
912 1 1 1 1070 1121 1120 232
913 1 1 1 232 1120 1124 1079
914 1 1 1 1120 405 1122 1124
915 1 1 1 1124 1122 409 1123
916 1 1 1 1079 1124 1123 396
917 1 1 1 405 1117 1127 1122
918 1 1 1 1117 235 1125 1127
919 1 1 1 1127 1125 407 1126
920 1 1 1 1122 1127 1126 409
921 1 1 1 409 1126 1131 1130
922 1 1 1 1126 407 1128 1131
923 1 1 1 1131 1128 236 1129
924 1 1 1 1130 1131 1129 408
925 1 1 1 396 1123 1133 1082
926 1 1 1 1123 409 1130 1133
927 1 1 1 1133 1130 408 1132
928 1 1 1 1082 1133 1132 233
929 1 1 1 233 1132 1136 1091
930 1 1 1 1132 408 1134 1136
931 1 1 1 1136 1134 412 1135
932 1 1 1 1091 1136 1135 399
933 1 1 1 408 1129 1139 1134
934 1 1 1 1129 236 1137 1139
935 1 1 1 1139 1137 410 1138
936 1 1 1 1134 1139 1138 412
937 1 1 1 412 1138 1143 1142
938 1 1 1 1138 410 1140 1143
939 1 1 1 1143 1140 237 1141
940 1 1 1 1142 1143 1141 411
941 1 1 1 399 1135 1145 1094
942 1 1 1 1135 412 1142 1145
943 1 1 1 1145 1142 411 1144
944 1 1 1 1094 1145 1144 234
945 1 1 1 234 1144 1148 1103
946 1 1 1 1144 411 1146 1148
947 1 1 1 1148 1146 414 1147
948 1 1 1 1103 1148 1147 402
949 1 1 1 411 1141 1151 1146
950 1 1 1 1141 237 1149 1151
951 1 1 1 1151 1149 413 1150
952 1 1 1 1146 1151 1150 414
953 1 1 1 414 1150 1154 1153
954 1 1 1 1150 413 1152 1154
955 1 1 1 1154 1152 118 119
956 1 1 1 1153 1154 119 120
957 1 1 1 402 1147 1155 1106
958 1 1 1 1147 414 1153 1155
959 1 1 1 1155 1153 120 121
960 1 1 1 1106 1155 121 122
961 1 1 1 64 65 1158 1113
962 1 1 1 65 66 1156 1158
963 1 1 1 1158 1156 417 1157
964 1 1 1 1113 1158 1157 404
965 1 1 1 66 67 1161 1156
966 1 1 1 67 68 1159 1161
967 1 1 1 1161 1159 415 1160
968 1 1 1 1156 1161 1160 417
969 1 1 1 417 1160 1165 1164
970 1 1 1 1160 415 1162 1165
971 1 1 1 1165 1162 238 1163
972 1 1 1 1164 1165 1163 416
973 1 1 1 404 1157 1167 1116
974 1 1 1 1157 417 1164 1167
975 1 1 1 1167 1164 416 1166
976 1 1 1 1116 1167 1166 235
977 1 1 1 235 1166 1170 1125
978 1 1 1 1166 416 1168 1170
979 1 1 1 1170 1168 420 1169
980 1 1 1 1125 1170 1169 407
981 1 1 1 416 1163 1173 1168
982 1 1 1 1163 238 1171 1173
983 1 1 1 1173 1171 418 1172
984 1 1 1 1168 1173 1172 420
985 1 1 1 420 1172 1177 1176
986 1 1 1 1172 418 1174 1177
987 1 1 1 1177 1174 239 1175
988 1 1 1 1176 1177 1175 419
989 1 1 1 407 1169 1179 1128
990 1 1 1 1169 420 1176 1179
991 1 1 1 1179 1176 419 1178
992 1 1 1 1128 1179 1178 236
993 1 1 1 236 1178 1182 1137
994 1 1 1 1178 419 1180 1182
995 1 1 1 1182 1180 423 1181
996 1 1 1 1137 1182 1181 410
997 1 1 1 419 1175 1185 1180
998 1 1 1 1175 239 1183 1185
999 1 1 1 1185 1183 421 1184
1000 1 1 1 1180 1185 1184 423
1001 1 1 1 423 1184 1189 1188
1002 1 1 1 1184 421 1186 1189
1003 1 1 1 1189 1186 240 1187
1004 1 1 1 1188 1189 1187 422
1005 1 1 1 410 1181 1191 1140
1006 1 1 1 1181 423 1188 1191
1007 1 1 1 1191 1188 422 1190
1008 1 1 1 1140 1191 1190 237
1009 1 1 1 237 1190 1194 1149
1010 1 1 1 1190 422 1192 1194
1011 1 1 1 1194 1192 425 1193
1012 1 1 1 1149 1194 1193 413
1013 1 1 1 422 1187 1197 1192
1014 1 1 1 1187 240 1195 1197
1015 1 1 1 1197 1195 424 1196
1016 1 1 1 1192 1197 1196 425
1017 1 1 1 425 1196 1200 1199
1018 1 1 1 1196 424 1198 1200
1019 1 1 1 1200 1198 114 115
1020 1 1 1 1199 1200 115 116
1021 1 1 1 413 1193 1201 1152
1022 1 1 1 1193 425 1199 1201
1023 1 1 1 1201 1199 116 117
1024 1 1 1 1152 1201 117 118
1025 1 1 1 68 69 1204 1159
1026 1 1 1 69 70 1202 1204
1027 1 1 1 1204 1202 428 1203
1028 1 1 1 1159 1204 1203 415
1029 1 1 1 70 71 1207 1202
1030 1 1 1 71 72 1205 1207
1031 1 1 1 1207 1205 426 1206
1032 1 1 1 1202 1207 1206 428
1033 1 1 1 428 1206 1211 1210
1034 1 1 1 1206 426 1208 1211
1035 1 1 1 1211 1208 241 1209
1036 1 1 1 1210 1211 1209 427
1037 1 1 1 415 1203 1213 1162
1038 1 1 1 1203 428 1210 1213
1039 1 1 1 1213 1210 427 1212
1040 1 1 1 1162 1213 1212 238
1041 1 1 1 238 1212 1216 1171
1042 1 1 1 1212 427 1214 1216
1043 1 1 1 1216 1214 431 1215
1044 1 1 1 1171 1216 1215 418
1045 1 1 1 427 1209 1219 1214
1046 1 1 1 1209 241 1217 1219
1047 1 1 1 1219 1217 429 1218
1048 1 1 1 1214 1219 1218 431
1049 1 1 1 431 1218 1223 1222
1050 1 1 1 1218 429 1220 1223
1051 1 1 1 1223 1220 242 1221
1052 1 1 1 1222 1223 1221 430
1053 1 1 1 418 1215 1225 1174
1054 1 1 1 1215 431 1222 1225
1055 1 1 1 1225 1222 430 1224
1056 1 1 1 1174 1225 1224 239
1057 1 1 1 239 1224 1228 1183
1058 1 1 1 1224 430 1226 1228
1059 1 1 1 1228 1226 434 1227
1060 1 1 1 1183 1228 1227 421
1061 1 1 1 430 1221 1231 1226
1062 1 1 1 1221 242 1229 1231
1063 1 1 1 1231 1229 432 1230
1064 1 1 1 1226 1231 1230 434
1065 1 1 1 434 1230 1235 1234
1066 1 1 1 1230 432 1232 1235
1067 1 1 1 1235 1232 243 1233
1068 1 1 1 1234 1235 1233 433
1069 1 1 1 421 1227 1237 1186
1070 1 1 1 1227 434 1234 1237
1071 1 1 1 1237 1234 433 1236
1072 1 1 1 1186 1237 1236 240
1073 1 1 1 240 1236 1240 1195
1074 1 1 1 1236 433 1238 1240
1075 1 1 1 1240 1238 436 1239
1076 1 1 1 1195 1240 1239 424
1077 1 1 1 433 1233 1243 1238
1078 1 1 1 1233 243 1241 1243
1079 1 1 1 1243 1241 435 1242
1080 1 1 1 1238 1243 1242 436
1081 1 1 1 436 1242 1246 1245
1082 1 1 1 1242 435 1244 1246
1083 1 1 1 1246 1244 110 111
1084 1 1 1 1245 1246 111 112
1085 1 1 1 424 1239 1247 1198
1086 1 1 1 1239 436 1245 1247
1087 1 1 1 1247 1245 112 113
1088 1 1 1 1198 1247 113 114
1089 1 1 1 72 73 1250 1205
1090 1 1 1 73 74 1248 1250
1091 1 1 1 1250 1248 439 1249
1092 1 1 1 1205 1250 1249 426
1093 1 1 1 74 75 1253 1248
1094 1 1 1 75 76 1251 1253
1095 1 1 1 1253 1251 437 1252
1096 1 1 1 1248 1253 1252 439
1097 1 1 1 439 1252 1257 1256
1098 1 1 1 1252 437 1254 1257
1099 1 1 1 1257 1254 244 1255
1100 1 1 1 1256 1257 1255 438
1101 1 1 1 426 1249 1259 1208
1102 1 1 1 1249 439 1256 1259
1103 1 1 1 1259 1256 438 1258
1104 1 1 1 1208 1259 1258 241
1105 1 1 1 241 1258 1262 1217
1106 1 1 1 1258 438 1260 1262
1107 1 1 1 1262 1260 442 1261
1108 1 1 1 1217 1262 1261 429
1109 1 1 1 438 1255 1265 1260
1110 1 1 1 1255 244 1263 1265
1111 1 1 1 1265 1263 440 1264
1112 1 1 1 1260 1265 1264 442
1113 1 1 1 442 1264 1269 1268
1114 1 1 1 1264 440 1266 1269
1115 1 1 1 1269 1266 245 1267
1116 1 1 1 1268 1269 1267 441
1117 1 1 1 429 1261 1271 1220
1118 1 1 1 1261 442 1268 1271
1119 1 1 1 1271 1268 441 1270
1120 1 1 1 1220 1271 1270 242
1121 1 1 1 242 1270 1274 1229
1122 1 1 1 1270 441 1272 1274
1123 1 1 1 1274 1272 445 1273
1124 1 1 1 1229 1274 1273 432
1125 1 1 1 441 1267 1277 1272
1126 1 1 1 1267 245 1275 1277
1127 1 1 1 1277 1275 443 1276
1128 1 1 1 1272 1277 1276 445
1129 1 1 1 445 1276 1281 1280
1130 1 1 1 1276 443 1278 1281
1131 1 1 1 1281 1278 246 1279
1132 1 1 1 1280 1281 1279 444
1133 1 1 1 432 1273 1283 1232
1134 1 1 1 1273 445 1280 1283
1135 1 1 1 1283 1280 444 1282
1136 1 1 1 1232 1283 1282 243
1137 1 1 1 243 1282 1286 1241
1138 1 1 1 1282 444 1284 1286
1139 1 1 1 1286 1284 447 1285
1140 1 1 1 1241 1286 1285 435
1141 1 1 1 444 1279 1289 1284
1142 1 1 1 1279 246 1287 1289
1143 1 1 1 1289 1287 446 1288
1144 1 1 1 1284 1289 1288 447
1145 1 1 1 447 1288 1292 1291
1146 1 1 1 1288 446 1290 1292
1147 1 1 1 1292 1290 106 107
1148 1 1 1 1291 1292 107 108
1149 1 1 1 435 1285 1293 1244
1150 1 1 1 1285 447 1291 1293
1151 1 1 1 1293 1291 108 109
1152 1 1 1 1244 1293 109 110
1153 1 1 1 76 77 1296 1251
1154 1 1 1 77 78 1294 1296
1155 1 1 1 1296 1294 450 1295
1156 1 1 1 1251 1296 1295 437
1157 1 1 1 78 79 1299 1294
1158 1 1 1 79 80 1297 1299
1159 1 1 1 1299 1297 448 1298
1160 1 1 1 1294 1299 1298 450
1161 1 1 1 450 1298 1303 1302
1162 1 1 1 1298 448 1300 1303
1163 1 1 1 1303 1300 247 1301
1164 1 1 1 1302 1303 1301 449
1165 1 1 1 437 1295 1305 1254
1166 1 1 1 1295 450 1302 1305
1167 1 1 1 1305 1302 449 1304
1168 1 1 1 1254 1305 1304 244
1169 1 1 1 244 1304 1308 1263
1170 1 1 1 1304 449 1306 1308
1171 1 1 1 1308 1306 453 1307
1172 1 1 1 1263 1308 1307 440
1173 1 1 1 449 1301 1311 1306
1174 1 1 1 1301 247 1309 1311
1175 1 1 1 1311 1309 451 1310
1176 1 1 1 1306 1311 1310 453
1177 1 1 1 453 1310 1315 1314
1178 1 1 1 1310 451 1312 1315
1179 1 1 1 1315 1312 248 1313
1180 1 1 1 1314 1315 1313 452
1181 1 1 1 440 1307 1317 1266
1182 1 1 1 1307 453 1314 1317
1183 1 1 1 1317 1314 452 1316
1184 1 1 1 1266 1317 1316 245
1185 1 1 1 245 1316 1320 1275
1186 1 1 1 1316 452 1318 1320
1187 1 1 1 1320 1318 456 1319
1188 1 1 1 1275 1320 1319 443
1189 1 1 1 452 1313 1323 1318
1190 1 1 1 1313 248 1321 1323
1191 1 1 1 1323 1321 454 1322
1192 1 1 1 1318 1323 1322 456
1193 1 1 1 456 1322 1327 1326
1194 1 1 1 1322 454 1324 1327
1195 1 1 1 1327 1324 249 1325
1196 1 1 1 1326 1327 1325 455
1197 1 1 1 443 1319 1329 1278
1198 1 1 1 1319 456 1326 1329
1199 1 1 1 1329 1326 455 1328
1200 1 1 1 1278 1329 1328 246
1201 1 1 1 246 1328 1332 1287
1202 1 1 1 1328 455 1330 1332
1203 1 1 1 1332 1330 458 1331
1204 1 1 1 1287 1332 1331 446
1205 1 1 1 455 1325 1335 1330
1206 1 1 1 1325 249 1333 1335
1207 1 1 1 1335 1333 457 1334
1208 1 1 1 1330 1335 1334 458
1209 1 1 1 458 1334 1338 1337
1210 1 1 1 1334 457 1336 1338
1211 1 1 1 1338 1336 102 103
1212 1 1 1 1337 1338 103 104
1213 1 1 1 446 1331 1339 1290
1214 1 1 1 1331 458 1337 1339
1215 1 1 1 1339 1337 104 105
1216 1 1 1 1290 1339 105 106
1217 1 1 1 80 81 1342 1297
1218 1 1 1 81 82 1340 1342
1219 1 1 1 1342 1340 460 1341
1220 1 1 1 1297 1342 1341 448
1221 1 1 1 82 83 1344 1340
1222 1 1 1 83 2 84 1344
1223 1 1 1 1344 84 85 1343
1224 1 1 1 1340 1344 1343 460
1225 1 1 1 460 1343 1347 1346
1226 1 1 1 1343 85 86 1347
1227 1 1 1 1347 86 87 1345
1228 1 1 1 1346 1347 1345 459
1229 1 1 1 448 1341 1349 1300
1230 1 1 1 1341 460 1346 1349
1231 1 1 1 1349 1346 459 1348
1232 1 1 1 1300 1349 1348 247
1233 1 1 1 247 1348 1352 1309
1234 1 1 1 1348 459 1350 1352
1235 1 1 1 1352 1350 462 1351
1236 1 1 1 1309 1352 1351 451
1237 1 1 1 459 1345 1354 1350
1238 1 1 1 1345 87 88 1354
1239 1 1 1 1354 88 89 1353
1240 1 1 1 1350 1354 1353 462
1241 1 1 1 462 1353 1357 1356
1242 1 1 1 1353 89 90 1357
1243 1 1 1 1357 90 91 1355
1244 1 1 1 1356 1357 1355 461
1245 1 1 1 451 1351 1359 1312
1246 1 1 1 1351 462 1356 1359
1247 1 1 1 1359 1356 461 1358
1248 1 1 1 1312 1359 1358 248
1249 1 1 1 248 1358 1362 1321
1250 1 1 1 1358 461 1360 1362
1251 1 1 1 1362 1360 464 1361
1252 1 1 1 1321 1362 1361 454
1253 1 1 1 461 1355 1364 1360
1254 1 1 1 1355 91 92 1364
1255 1 1 1 1364 92 93 1363
1256 1 1 1 1360 1364 1363 464
1257 1 1 1 464 1363 1367 1366
1258 1 1 1 1363 93 94 1367
1259 1 1 1 1367 94 95 1365
1260 1 1 1 1366 1367 1365 463
1261 1 1 1 454 1361 1369 1324
1262 1 1 1 1361 464 1366 1369
1263 1 1 1 1369 1366 463 1368
1264 1 1 1 1324 1369 1368 249
1265 1 1 1 249 1368 1372 1333
1266 1 1 1 1368 463 1370 1372
1267 1 1 1 1372 1370 465 1371
1268 1 1 1 1333 1372 1371 457
1269 1 1 1 463 1365 1374 1370
1270 1 1 1 1365 95 96 1374
1271 1 1 1 1374 96 97 1373
1272 1 1 1 1370 1374 1373 465
1273 1 1 1 465 1373 1376 1375
1274 1 1 1 1373 97 98 1376
1275 1 1 1 1376 98 3 99
1276 1 1 1 1375 1376 99 100
1277 1 1 1 457 1371 1377 1336
1278 1 1 1 1371 465 1375 1377
1279 1 1 1 1377 1375 100 101
1280 1 1 1 1336 1377 101 102
