1 0 0 0
2 2.5 0 0
3 2.5 0.25 0
4 0 0.25 0
5 0.0625 0 0
6 0.125 0 0
7 0.1875 0 0
8 0.25 0 0
9 0.3125 0 0
10 0.375 0 0
11 0.4375 0 0
12 0.5 0 0
13 0.5625 0 0
14 0.625 0 0
15 0.6875 0 0
16 0.75 0 0
17 0.8125 0 0
18 0.875 0 0
19 0.9375 0 0
20 1 0 0
21 1.0625 0 0
22 1.125 0 0
23 1.1875 0 0
24 1.25 0 0
25 1.3125 0 0
26 1.375 0 0
27 1.4375 0 0
28 1.5 0 0
29 1.5625 0 0
30 1.625 0 0
31 1.6875 0 0
32 1.75 0 0
33 1.8125 0 0
34 1.875 0 0
35 1.9375 0 0
36 2 0 0
37 2.0625 0 0
38 2.125 0 0
39 2.1875 0 0
40 2.25 0 0
41 2.3125 0 0
42 2.375 0 0
43 2.4375 0 0
44 0.0208333333333333 0 0
45 0.0416666666666667 0 0
46 0.0833333333333333 0 0
47 0.104166666666667 0 0
48 0.145833333333333 0 0
49 0.166666666666667 0 0
50 0.208333333333333 0 0
51 0.229166666666667 0 0
52 0.270833333333333 0 0
53 0.291666666666667 0 0
54 0.333333333333333 0 0
55 0.354166666666667 0 0
56 0.395833333333333 0 0
57 0.416666666666667 0 0
58 0.458333333333333 0 0
59 0.479166666666667 0 0
60 0.520833333333333 0 0
61 0.541666666666667 0 0
62 0.583333333333333 0 0
63 0.604166666666667 0 0
64 0.645833333333333 0 0
65 0.666666666666667 0 0
66 0.708333333333333 0 0
67 0.729166666666667 0 0
68 0.770833333333333 0 0
69 0.791666666666667 0 0
70 0.833333333333333 0 0
71 0.854166666666667 0 0
72 0.895833333333333 0 0
73 0.916666666666667 0 0
74 0.958333333333333 0 0
75 0.979166666666667 0 0
76 1.02083333333333 0 0
77 1.04166666666667 0 0
78 1.08333333333333 0 0
79 1.10416666666667 0 0
80 1.14583333333333 0 0
81 1.16666666666667 0 0
82 1.20833333333333 0 0
83 1.22916666666667 0 0
84 1.27083333333333 0 0
85 1.29166666666667 0 0
86 1.33333333333333 0 0
87 1.35416666666667 0 0
88 1.39583333333333 0 0
89 1.41666666666667 0 0
90 1.45833333333333 0 0
91 1.47916666666667 0 0
92 1.52083333333333 0 0
93 1.54166666666667 0 0
94 1.58333333333333 0 0
95 1.60416666666667 0 0
96 1.64583333333333 0 0
97 1.66666666666667 0 0
98 1.70833333333333 0 0
99 1.72916666666667 0 0
100 1.77083333333333 0 0
101 1.79166666666667 0 0
102 1.83333333333333 0 0
103 1.85416666666667 0 0
104 1.89583333333333 0 0
105 1.91666666666667 0 0
106 1.95833333333333 0 0
107 1.97916666666667 0 0
108 2.02083333333333 0 0
109 2.04166666666667 0 0
110 2.08333333333333 0 0
111 2.10416666666667 0 0
112 2.14583333333333 0 0
113 2.16666666666667 0 0
114 2.20833333333333 0 0
115 2.22916666666667 0 0
116 2.27083333333333 0 0
117 2.29166666666667 0 0
118 2.33333333333333 0 0
119 2.35416666666667 0 0
120 2.39583333333333 0 0
121 2.41666666666667 0 0
122 2.45833333333333 0 0
123 2.47916666666667 0 0
124 2.5 0.0625 0
125 2.5 0.125 0
126 2.5 0.1875 0
127 2.5 0.0208333333333333 0
128 2.5 0.0416666666666667 0
129 2.5 0.0833333333333333 0
130 2.5 0.104166666666667 0
131 2.5 0.145833333333333 0
132 2.5 0.166666666666667 0
133 2.5 0.208333333333333 0
134 2.5 0.229166666666667 0
135 2.4375 0.25 0
136 2.375 0.25 0
137 2.3125 0.25 0
138 2.25 0.25 0
139 2.1875 0.25 0
140 2.125 0.25 0
141 2.0625 0.25 0
142 2 0.25 0
143 1.9375 0.25 0
144 1.875 0.25 0
145 1.8125 0.25 0
146 1.75 0.25 0
147 1.6875 0.25 0
148 1.625 0.25 0
149 1.5625 0.25 0
150 1.5 0.25 0
151 1.4375 0.25 0
152 1.375 0.25 0
153 1.3125 0.25 0
154 1.25 0.25 0
155 1.1875 0.25 0
156 1.125 0.25 0
157 1.0625 0.25 0
158 1 0.25 0
159 0.9375 0.25 0
160 0.875 0.25 0
161 0.8125 0.25 0
162 0.75 0.25 0
163 0.6875 0.25 0
164 0.625 0.25 0
165 0.5625 0.25 0
166 0.5 0.25 0
167 0.4375 0.25 0
168 0.375 0.25 0
169 0.3125 0.25 0
170 0.25 0.25 0
171 0.1875 0.25 0
172 0.125 0.25 0
173 0.0625 0.25 0
174 2.47916666666667 0.25 0
175 2.45833333333333 0.25 0
176 2.41666666666667 0.25 0
177 2.39583333333333 0.25 0
178 2.35416666666667 0.25 0
179 2.33333333333333 0.25 0
180 2.29166666666667 0.25 0
181 2.27083333333333 0.25 0
182 2.22916666666667 0.25 0
183 2.20833333333333 0.25 0
184 2.16666666666667 0.25 0
185 2.14583333333333 0.25 0
186 2.10416666666667 0.25 0
187 2.08333333333333 0.25 0
188 2.04166666666667 0.25 0
189 2.02083333333333 0.25 0
190 1.97916666666667 0.25 0
191 1.95833333333333 0.25 0
192 1.91666666666667 0.25 0
193 1.89583333333333 0.25 0
194 1.85416666666667 0.25 0
195 1.83333333333333 0.25 0
196 1.79166666666667 0.25 0
197 1.77083333333333 0.25 0
198 1.72916666666667 0.25 0
199 1.70833333333333 0.25 0
200 1.66666666666667 0.25 0
201 1.64583333333333 0.25 0
202 1.60416666666667 0.25 0
203 1.58333333333333 0.25 0
204 1.54166666666667 0.25 0
205 1.52083333333333 0.25 0
206 1.47916666666667 0.25 0
207 1.45833333333333 0.25 0
208 1.41666666666667 0.25 0
209 1.39583333333333 0.25 0
210 1.35416666666667 0.25 0
211 1.33333333333333 0.25 0
212 1.29166666666667 0.25 0
213 1.27083333333333 0.25 0
214 1.22916666666667 0.25 0
215 1.20833333333333 0.25 0
216 1.16666666666667 0.25 0
217 1.14583333333333 0.25 0
218 1.10416666666667 0.25 0
219 1.08333333333333 0.25 0
220 1.04166666666667 0.25 0
221 1.02083333333333 0.25 0
222 0.979166666666667 0.25 0
223 0.958333333333333 0.25 0
224 0.916666666666667 0.25 0
225 0.895833333333333 0.25 0
226 0.854166666666667 0.25 0
227 0.833333333333333 0.25 0
228 0.791666666666667 0.25 0
229 0.770833333333333 0.25 0
230 0.729166666666667 0.25 0
231 0.708333333333333 0.25 0
232 0.666666666666667 0.25 0
233 0.645833333333333 0.25 0
234 0.604166666666667 0.25 0
235 0.583333333333333 0.25 0
236 0.541666666666667 0.25 0
237 0.520833333333333 0.25 0
238 0.479166666666667 0.25 0
239 0.458333333333333 0.25 0
240 0.416666666666667 0.25 0
241 0.395833333333333 0.25 0
242 0.354166666666667 0.25 0
243 0.333333333333333 0.25 0
244 0.291666666666667 0.25 0
245 0.270833333333333 0.25 0
246 0.229166666666666 0.25 0
247 0.208333333333333 0.25 0
248 0.166666666666666 0.25 0
249 0.145833333333333 0.25 0
250 0.104166666666667 0.25 0
251 0.083333333333333 0.25 0
252 0.0416666666666665 0.25 0
253 0.020833333333333 0.25 0
254 0 0.1875 0
255 0 0.125 0
256 0 0.0625 0
257 0 0.229166666666667 0
258 0 0.208333333333333 0
259 0 0.166666666666667 0
260 0 0.145833333333333 0
261 0 0.104166666666667 0
262 0 0.0833333333333333 0
263 0 0.0416666666666667 0
264 0 0.0208333333333333 0
265 0.0625 0.0625 0
266 0.0625 0.125 0
267 0.0625 0.1875 0
268 0.125 0.0625 0
269 0.125 0.125 0
270 0.125 0.1875 0
271 0.1875 0.0625 0
272 0.1875 0.125 0
273 0.1875 0.1875 0
274 0.25 0.0625 0
275 0.25 0.125 0
276 0.25 0.1875 0
277 0.3125 0.0625 0
278 0.3125 0.125 0
279 0.3125 0.1875 0
280 0.375 0.0625 0
281 0.375 0.125 0
282 0.375 0.1875 0
283 0.4375 0.0625 0
284 0.4375 0.125 0
285 0.4375 0.1875 0
286 0.5 0.0625 0
287 0.5 0.125 0
288 0.5 0.1875 0
289 0.5625 0.0625 0
290 0.5625 0.125 0
291 0.5625 0.1875 0
292 0.625 0.0625 0
293 0.625 0.125 0
294 0.625 0.1875 0
295 0.6875 0.0625 0
296 0.6875 0.125 0
297 0.6875 0.1875 0
298 0.75 0.0625 0
299 0.75 0.125 0
300 0.75 0.1875 0
301 0.8125 0.0625 0
302 0.8125 0.125 0
303 0.8125 0.1875 0
304 0.875 0.0625 0
305 0.875 0.125 0
306 0.875 0.1875 0
307 0.9375 0.0625 0
308 0.9375 0.125 0
309 0.9375 0.1875 0
310 1 0.0625 0
311 1 0.125 0
312 1 0.1875 0
313 1.0625 0.0625 0
314 1.0625 0.125 0
315 1.0625 0.1875 0
316 1.125 0.0625 0
317 1.125 0.125 0
318 1.125 0.1875 0
319 1.1875 0.0625 0
320 1.1875 0.125 0
321 1.1875 0.1875 0
322 1.25 0.0625 0
323 1.25 0.125 0
324 1.25 0.1875 0
325 1.3125 0.0625 0
326 1.3125 0.125 0
327 1.3125 0.1875 0
328 1.375 0.0625 0
329 1.375 0.125 0
330 1.375 0.1875 0
331 1.4375 0.0625 0
332 1.4375 0.125 0
333 1.4375 0.1875 0
334 1.5 0.0625 0
335 1.5 0.125 0
336 1.5 0.1875 0
337 1.5625 0.0625 0
338 1.5625 0.125 0
339 1.5625 0.1875 0
340 1.625 0.0625 0
341 1.625 0.125 0
342 1.625 0.1875 0
343 1.6875 0.0625 0
344 1.6875 0.125 0
345 1.6875 0.1875 0
346 1.75 0.0625 0
347 1.75 0.125 0
348 1.75 0.1875 0
349 1.8125 0.0625 0
350 1.8125 0.125 0
351 1.8125 0.1875 0
352 1.875 0.0625 0
353 1.875 0.125 0
354 1.875 0.1875 0
355 1.9375 0.0625 0
356 1.9375 0.125 0
357 1.9375 0.1875 0
358 2 0.0625 0
359 2 0.125 0
360 2 0.1875 0
361 2.0625 0.0625 0
362 2.0625 0.125 0
363 2.0625 0.1875 0
364 2.125 0.0625 0
365 2.125 0.125 0
366 2.125 0.1875 0
367 2.1875 0.0625 0
368 2.1875 0.125 0
369 2.1875 0.1875 0
370 2.25 0.0625 0
371 2.25 0.125 0
372 2.25 0.1875 0
373 2.3125 0.0625 0
374 2.3125 0.125 0
375 2.3125 0.1875 0
376 2.375 0.0625 0
377 2.375 0.125 0
378 2.375 0.1875 0
379 2.4375 0.0625 0
380 2.4375 0.125 0
381 2.4375 0.1875 0
382 0.0625 0.0208333333333333 0
383 0.0625 0.0416666666666667 0
384 0.0416666666666667 0.0625 0
385 0.0208333333333333 0.0625 0
386 0.0208333333333333 0.0208333333333333 0
387 0.0416666666666667 0.0208333333333333 0
388 0.0416666666666667 0.0416666666666667 0
389 0.0208333333333333 0.0416666666666667 0
390 0.0625 0.0833333333333333 0
391 0.0625 0.104166666666667 0
392 0.0416666666666667 0.125 0
393 0.0208333333333333 0.125 0
394 0.0208333333333333 0.0833333333333333 0
395 0.0416666666666667 0.0833333333333333 0
396 0.0416666666666667 0.104166666666667 0
397 0.0208333333333333 0.104166666666667 0
398 0.0625 0.145833333333333 0
399 0.0625 0.166666666666667 0
400 0.0416666666666667 0.1875 0
401 0.0208333333333333 0.1875 0
402 0.0208333333333333 0.145833333333333 0
403 0.0416666666666667 0.145833333333333 0
404 0.0416666666666667 0.166666666666667 0
405 0.0208333333333333 0.166666666666667 0
406 0.0625 0.208333333333333 0
407 0.0625 0.229166666666667 0
408 0.0208333333333332 0.208333333333333 0
409 0.0416666666666667 0.208333333333333 0
410 0.0416666666666666 0.229166666666667 0
411 0.0208333333333331 0.229166666666667 0
412 0.125 0.0208333333333333 0
413 0.125 0.0416666666666667 0
414 0.104166666666667 0.0625 0
415 0.0833333333333333 0.0625 0
416 0.0833333333333333 0.0208333333333333 0
417 0.104166666666667 0.0208333333333333 0
418 0.104166666666667 0.0416666666666667 0
419 0.0833333333333333 0.0416666666666667 0
420 0.125 0.0833333333333333 0
421 0.125 0.104166666666667 0
422 0.104166666666667 0.125 0
423 0.0833333333333333 0.125 0
424 0.0833333333333333 0.0833333333333333 0
425 0.104166666666667 0.0833333333333333 0
426 0.104166666666667 0.104166666666667 0
427 0.0833333333333333 0.104166666666667 0
428 0.125 0.145833333333333 0
429 0.125 0.166666666666667 0
430 0.104166666666667 0.1875 0
431 0.0833333333333333 0.1875 0
432 0.0833333333333333 0.145833333333333 0
433 0.104166666666667 0.145833333333333 0
434 0.104166666666667 0.166666666666667 0
435 0.0833333333333333 0.166666666666667 0
436 0.125 0.208333333333333 0
437 0.125 0.229166666666667 0
438 0.0833333333333332 0.208333333333333 0
439 0.104166666666667 0.208333333333333 0
440 0.104166666666667 0.229166666666667 0
441 0.0833333333333331 0.229166666666667 0
442 0.1875 0.0208333333333333 0
443 0.1875 0.0416666666666667 0
444 0.166666666666667 0.0625 0
445 0.145833333333333 0.0625 0
446 0.145833333333333 0.0208333333333333 0
447 0.166666666666667 0.0208333333333333 0
448 0.166666666666667 0.0416666666666667 0
449 0.145833333333333 0.0416666666666667 0
450 0.1875 0.0833333333333333 0
451 0.1875 0.104166666666667 0
452 0.166666666666667 0.125 0
453 0.145833333333333 0.125 0
454 0.145833333333333 0.0833333333333333 0
455 0.166666666666667 0.0833333333333333 0
456 0.166666666666667 0.104166666666667 0
457 0.145833333333333 0.104166666666667 0
458 0.1875 0.145833333333333 0
459 0.1875 0.166666666666667 0
460 0.166666666666667 0.1875 0
461 0.145833333333333 0.1875 0
462 0.145833333333333 0.145833333333333 0
463 0.166666666666667 0.145833333333333 0
464 0.166666666666667 0.166666666666667 0
465 0.145833333333333 0.166666666666667 0
466 0.1875 0.208333333333333 0
467 0.1875 0.229166666666667 0
468 0.145833333333333 0.208333333333333 0
469 0.166666666666667 0.208333333333333 0
470 0.166666666666667 0.229166666666667 0
471 0.145833333333333 0.229166666666667 0
472 0.25 0.0208333333333333 0
473 0.25 0.0416666666666667 0
474 0.229166666666667 0.0625 0
475 0.208333333333333 0.0625 0
476 0.208333333333333 0.0208333333333333 0
477 0.229166666666667 0.0208333333333333 0
478 0.229166666666667 0.0416666666666667 0
479 0.208333333333333 0.0416666666666667 0
480 0.25 0.0833333333333333 0
481 0.25 0.104166666666667 0
482 0.229166666666667 0.125 0
483 0.208333333333333 0.125 0
484 0.208333333333333 0.0833333333333333 0
485 0.229166666666667 0.0833333333333333 0
486 0.229166666666667 0.104166666666667 0
487 0.208333333333333 0.104166666666667 0
488 0.25 0.145833333333333 0
489 0.25 0.166666666666667 0
490 0.229166666666667 0.1875 0
491 0.208333333333333 0.1875 0
492 0.208333333333333 0.145833333333333 0
493 0.229166666666667 0.145833333333333 0
494 0.229166666666667 0.166666666666667 0
495 0.208333333333333 0.166666666666667 0
496 0.25 0.208333333333333 0
497 0.25 0.229166666666667 0
498 0.208333333333333 0.208333333333333 0
499 0.229166666666667 0.208333333333333 0
500 0.229166666666667 0.229166666666667 0
501 0.208333333333333 0.229166666666667 0
502 0.3125 0.0208333333333333 0
503 0.3125 0.0416666666666667 0
504 0.291666666666667 0.0625 0
505 0.270833333333333 0.0625 0
506 0.270833333333333 0.0208333333333333 0
507 0.291666666666667 0.0208333333333333 0
508 0.291666666666667 0.0416666666666667 0
509 0.270833333333333 0.0416666666666667 0
510 0.3125 0.0833333333333333 0
511 0.3125 0.104166666666667 0
512 0.291666666666667 0.125 0
513 0.270833333333333 0.125 0
514 0.270833333333333 0.0833333333333333 0
515 0.291666666666667 0.0833333333333333 0
516 0.291666666666667 0.104166666666667 0
517 0.270833333333333 0.104166666666667 0
518 0.3125 0.145833333333333 0
519 0.3125 0.166666666666667 0
520 0.291666666666667 0.1875 0
521 0.270833333333333 0.1875 0
522 0.270833333333333 0.145833333333333 0
523 0.291666666666667 0.145833333333333 0
524 0.291666666666667 0.166666666666667 0
525 0.270833333333333 0.166666666666667 0
526 0.3125 0.208333333333333 0
527 0.3125 0.229166666666667 0
528 0.270833333333333 0.208333333333333 0
529 0.291666666666667 0.208333333333333 0
530 0.291666666666667 0.229166666666667 0
531 0.270833333333333 0.229166666666667 0
532 0.375 0.0208333333333333 0
533 0.375 0.0416666666666667 0
534 0.354166666666667 0.0625 0
535 0.333333333333333 0.0625 0
536 0.333333333333333 0.0208333333333333 0
537 0.354166666666667 0.0208333333333333 0
538 0.354166666666667 0.0416666666666667 0
539 0.333333333333333 0.0416666666666667 0
540 0.375 0.0833333333333333 0
541 0.375 0.104166666666667 0
542 0.354166666666667 0.125 0
543 0.333333333333333 0.125 0
544 0.333333333333333 0.0833333333333333 0
545 0.354166666666667 0.0833333333333333 0
546 0.354166666666667 0.104166666666667 0
547 0.333333333333333 0.104166666666667 0
548 0.375 0.145833333333333 0
549 0.375 0.166666666666667 0
550 0.354166666666667 0.1875 0
551 0.333333333333333 0.1875 0
552 0.333333333333333 0.145833333333333 0
553 0.354166666666667 0.145833333333333 0
554 0.354166666666667 0.166666666666667 0
555 0.333333333333333 0.166666666666667 0
556 0.375 0.208333333333333 0
557 0.375 0.229166666666667 0
558 0.333333333333333 0.208333333333333 0
559 0.354166666666667 0.208333333333333 0
560 0.354166666666667 0.229166666666667 0
561 0.333333333333333 0.229166666666667 0
562 0.4375 0.0208333333333333 0
563 0.4375 0.0416666666666667 0
564 0.416666666666667 0.0625 0
565 0.395833333333333 0.0625 0
566 0.395833333333333 0.0208333333333333 0
567 0.416666666666667 0.0208333333333333 0
568 0.416666666666667 0.0416666666666667 0
569 0.395833333333333 0.0416666666666667 0
570 0.4375 0.0833333333333333 0
571 0.4375 0.104166666666667 0
572 0.416666666666667 0.125 0
573 0.395833333333333 0.125 0
574 0.395833333333333 0.0833333333333333 0
575 0.416666666666667 0.0833333333333333 0
576 0.416666666666667 0.104166666666667 0
577 0.395833333333333 0.104166666666667 0
578 0.4375 0.145833333333333 0
579 0.4375 0.166666666666667 0
580 0.416666666666667 0.1875 0
581 0.395833333333333 0.1875 0
582 0.395833333333333 0.145833333333333 0
583 0.416666666666667 0.145833333333333 0
584 0.416666666666667 0.166666666666667 0
585 0.395833333333333 0.166666666666667 0
586 0.4375 0.208333333333333 0
587 0.4375 0.229166666666667 0
588 0.395833333333333 0.208333333333333 0
589 0.416666666666667 0.208333333333333 0
590 0.416666666666667 0.229166666666667 0
591 0.395833333333333 0.229166666666667 0
592 0.5 0.0208333333333333 0
593 0.5 0.0416666666666667 0
594 0.479166666666667 0.0625 0
595 0.458333333333333 0.0625 0
596 0.458333333333333 0.0208333333333333 0
597 0.479166666666667 0.0208333333333333 0
598 0.479166666666667 0.0416666666666667 0
599 0.458333333333333 0.0416666666666667 0
600 0.5 0.0833333333333333 0
601 0.5 0.104166666666667 0
602 0.479166666666667 0.125 0
603 0.458333333333333 0.125 0
604 0.458333333333333 0.0833333333333333 0
605 0.479166666666667 0.0833333333333333 0
606 0.479166666666667 0.104166666666667 0
607 0.458333333333333 0.104166666666667 0
608 0.5 0.145833333333333 0
609 0.5 0.166666666666667 0
610 0.479166666666667 0.1875 0
611 0.458333333333333 0.1875 0
612 0.458333333333333 0.145833333333333 0
613 0.479166666666667 0.145833333333333 0
614 0.479166666666667 0.166666666666667 0
615 0.458333333333333 0.166666666666667 0
616 0.5 0.208333333333333 0
617 0.5 0.229166666666667 0
618 0.458333333333333 0.208333333333333 0
619 0.479166666666667 0.208333333333333 0
620 0.479166666666667 0.229166666666667 0
621 0.458333333333333 0.229166666666667 0
622 0.5625 0.0208333333333333 0
623 0.5625 0.0416666666666667 0
624 0.541666666666667 0.0625 0
625 0.520833333333333 0.0625 0
626 0.520833333333333 0.0208333333333333 0
627 0.541666666666667 0.0208333333333333 0
628 0.541666666666667 0.0416666666666667 0
629 0.520833333333333 0.0416666666666667 0
630 0.5625 0.0833333333333333 0
631 0.5625 0.104166666666667 0
632 0.541666666666667 0.125 0
633 0.520833333333333 0.125 0
634 0.520833333333333 0.0833333333333333 0
635 0.541666666666667 0.0833333333333333 0
636 0.541666666666667 0.104166666666667 0
637 0.520833333333333 0.104166666666667 0
638 0.5625 0.145833333333333 0
639 0.5625 0.166666666666667 0
640 0.541666666666667 0.1875 0
641 0.520833333333333 0.1875 0
642 0.520833333333333 0.145833333333333 0
643 0.541666666666667 0.145833333333333 0
644 0.541666666666667 0.166666666666667 0
645 0.520833333333333 0.166666666666667 0
646 0.5625 0.208333333333333 0
647 0.5625 0.229166666666667 0
648 0.520833333333333 0.208333333333333 0
649 0.541666666666667 0.208333333333333 0
650 0.541666666666667 0.229166666666667 0
651 0.520833333333333 0.229166666666667 0
652 0.625 0.0208333333333333 0
653 0.625 0.0416666666666667 0
654 0.604166666666667 0.0625 0
655 0.583333333333333 0.0625 0
656 0.583333333333333 0.0208333333333333 0
657 0.604166666666667 0.0208333333333333 0
658 0.604166666666667 0.0416666666666667 0
659 0.583333333333333 0.0416666666666667 0
660 0.625 0.0833333333333333 0
661 0.625 0.104166666666667 0
662 0.604166666666667 0.125 0
663 0.583333333333333 0.125 0
664 0.583333333333333 0.0833333333333333 0
665 0.604166666666667 0.0833333333333333 0
666 0.604166666666667 0.104166666666667 0
667 0.583333333333333 0.104166666666667 0
668 0.625 0.145833333333333 0
669 0.625 0.166666666666667 0
670 0.604166666666667 0.1875 0
671 0.583333333333333 0.1875 0
672 0.583333333333333 0.145833333333333 0
673 0.604166666666667 0.145833333333333 0
674 0.604166666666667 0.166666666666667 0
675 0.583333333333333 0.166666666666667 0
676 0.625 0.208333333333333 0
677 0.625 0.229166666666667 0
678 0.583333333333333 0.208333333333333 0
679 0.604166666666667 0.208333333333333 0
680 0.604166666666667 0.229166666666667 0
681 0.583333333333333 0.229166666666667 0
682 0.6875 0.0208333333333333 0
683 0.6875 0.0416666666666667 0
684 0.666666666666667 0.0625 0
685 0.645833333333333 0.0625 0
686 0.645833333333333 0.0208333333333333 0
687 0.666666666666667 0.0208333333333333 0
688 0.666666666666667 0.0416666666666667 0
689 0.645833333333333 0.0416666666666667 0
690 0.6875 0.0833333333333333 0
691 0.6875 0.104166666666667 0
692 0.666666666666667 0.125 0
693 0.645833333333333 0.125 0
694 0.645833333333333 0.0833333333333333 0
695 0.666666666666667 0.0833333333333333 0
696 0.666666666666667 0.104166666666667 0
697 0.645833333333333 0.104166666666667 0
698 0.6875 0.145833333333333 0
699 0.6875 0.166666666666667 0
700 0.666666666666667 0.1875 0
701 0.645833333333333 0.1875 0
702 0.645833333333333 0.145833333333333 0
703 0.666666666666667 0.145833333333333 0
704 0.666666666666667 0.166666666666667 0
705 0.645833333333333 0.166666666666667 0
706 0.6875 0.208333333333333 0
707 0.6875 0.229166666666667 0
708 0.645833333333333 0.208333333333333 0
709 0.666666666666667 0.208333333333333 0
710 0.666666666666667 0.229166666666667 0
711 0.645833333333333 0.229166666666667 0
712 0.75 0.0208333333333333 0
713 0.75 0.0416666666666667 0
714 0.729166666666667 0.0625 0
715 0.708333333333333 0.0625 0
716 0.708333333333333 0.0208333333333333 0
717 0.729166666666667 0.0208333333333333 0
718 0.729166666666667 0.0416666666666667 0
719 0.708333333333333 0.0416666666666667 0
720 0.75 0.0833333333333333 0
721 0.75 0.104166666666667 0
722 0.729166666666667 0.125 0
723 0.708333333333333 0.125 0
724 0.708333333333333 0.0833333333333333 0
725 0.729166666666667 0.0833333333333333 0
726 0.729166666666667 0.104166666666667 0
727 0.708333333333333 0.104166666666667 0
728 0.75 0.145833333333333 0
729 0.75 0.166666666666667 0
730 0.729166666666667 0.1875 0
731 0.708333333333333 0.1875 0
732 0.708333333333333 0.145833333333333 0
733 0.729166666666667 0.145833333333333 0
734 0.729166666666667 0.166666666666667 0
735 0.708333333333333 0.166666666666667 0
736 0.75 0.208333333333333 0
737 0.75 0.229166666666667 0
738 0.708333333333333 0.208333333333333 0
739 0.729166666666667 0.208333333333333 0
740 0.729166666666667 0.229166666666667 0
741 0.708333333333333 0.229166666666667 0
742 0.8125 0.0208333333333333 0
743 0.8125 0.0416666666666667 0
744 0.791666666666667 0.0625 0
745 0.770833333333333 0.0625 0
746 0.770833333333333 0.0208333333333333 0
747 0.791666666666667 0.0208333333333333 0
748 0.791666666666667 0.0416666666666667 0
749 0.770833333333333 0.0416666666666667 0
750 0.8125 0.0833333333333333 0
751 0.8125 0.104166666666667 0
752 0.791666666666667 0.125 0
753 0.770833333333333 0.125 0
754 0.770833333333333 0.0833333333333333 0
755 0.791666666666667 0.0833333333333333 0
756 0.791666666666667 0.104166666666667 0
757 0.770833333333333 0.104166666666667 0
758 0.8125 0.145833333333333 0
759 0.8125 0.166666666666667 0
760 0.791666666666667 0.1875 0
761 0.770833333333333 0.1875 0
762 0.770833333333333 0.145833333333333 0
763 0.791666666666667 0.145833333333333 0
764 0.791666666666667 0.166666666666667 0
765 0.770833333333333 0.166666666666667 0
766 0.8125 0.208333333333333 0
767 0.8125 0.229166666666667 0
768 0.770833333333333 0.208333333333333 0
769 0.791666666666667 0.208333333333333 0
770 0.791666666666667 0.229166666666667 0
771 0.770833333333333 0.229166666666667 0
772 0.875 0.0208333333333333 0
773 0.875 0.0416666666666667 0
774 0.854166666666667 0.0625 0
775 0.833333333333333 0.0625 0
776 0.833333333333334 0.0208333333333333 0
777 0.854166666666667 0.0208333333333333 0
778 0.854166666666667 0.0416666666666667 0
779 0.833333333333333 0.0416666666666667 0
780 0.875 0.0833333333333333 0
781 0.875 0.104166666666667 0
782 0.854166666666667 0.125 0
783 0.833333333333333 0.125 0
784 0.833333333333333 0.0833333333333333 0
785 0.854166666666667 0.0833333333333333 0
786 0.854166666666667 0.104166666666667 0
787 0.833333333333333 0.104166666666667 0
788 0.875 0.145833333333333 0
789 0.875 0.166666666666667 0
790 0.854166666666667 0.1875 0
791 0.833333333333333 0.1875 0
792 0.833333333333333 0.145833333333333 0
793 0.854166666666667 0.145833333333333 0
794 0.854166666666667 0.166666666666667 0
795 0.833333333333333 0.166666666666667 0
796 0.875 0.208333333333333 0
797 0.875 0.229166666666667 0
798 0.833333333333333 0.208333333333333 0
799 0.854166666666667 0.208333333333333 0
800 0.854166666666667 0.229166666666667 0
801 0.833333333333333 0.229166666666667 0
802 0.9375 0.0208333333333333 0
803 0.9375 0.0416666666666667 0
804 0.916666666666667 0.0625 0
805 0.895833333333333 0.0625 0
806 0.895833333333334 0.0208333333333333 0
807 0.916666666666667 0.0208333333333333 0
808 0.916666666666667 0.0416666666666667 0
809 0.895833333333334 0.0416666666666667 0
810 0.9375 0.0833333333333333 0
811 0.9375 0.104166666666667 0
812 0.916666666666667 0.125 0
813 0.895833333333333 0.125 0
814 0.895833333333334 0.0833333333333333 0
815 0.916666666666667 0.0833333333333333 0
816 0.916666666666667 0.104166666666667 0
817 0.895833333333333 0.104166666666667 0
818 0.9375 0.145833333333333 0
819 0.9375 0.166666666666667 0
820 0.916666666666667 0.1875 0
821 0.895833333333333 0.1875 0
822 0.895833333333333 0.145833333333333 0
823 0.916666666666667 0.145833333333333 0
824 0.916666666666667 0.166666666666667 0
825 0.895833333333333 0.166666666666667 0
826 0.9375 0.208333333333333 0
827 0.9375 0.229166666666667 0
828 0.895833333333333 0.208333333333333 0
829 0.916666666666667 0.208333333333333 0
830 0.916666666666667 0.229166666666667 0
831 0.895833333333334 0.229166666666667 0
832 1 0.0208333333333333 0
833 1 0.0416666666666667 0
834 0.979166666666667 0.0625 0
835 0.958333333333333 0.0625 0
836 0.958333333333333 0.0208333333333333 0
837 0.979166666666667 0.0208333333333333 0
838 0.979166666666667 0.0416666666666667 0
839 0.958333333333333 0.0416666666666667 0
840 1 0.0833333333333333 0
841 1 0.104166666666667 0
842 0.979166666666667 0.125 0
843 0.958333333333333 0.125 0
844 0.958333333333333 0.0833333333333333 0
845 0.979166666666667 0.0833333333333333 0
846 0.979166666666667 0.104166666666667 0
847 0.958333333333333 0.104166666666667 0
848 1 0.145833333333333 0
849 1 0.166666666666667 0
850 0.979166666666667 0.1875 0
851 0.958333333333333 0.1875 0
852 0.958333333333333 0.145833333333333 0
853 0.979166666666667 0.145833333333333 0
854 0.979166666666667 0.166666666666667 0
855 0.958333333333333 0.166666666666667 0
856 1 0.208333333333333 0
857 1 0.229166666666667 0
858 0.958333333333333 0.208333333333333 0
859 0.979166666666667 0.208333333333333 0
860 0.979166666666667 0.229166666666667 0
861 0.958333333333333 0.229166666666667 0
862 1.0625 0.0208333333333333 0
863 1.0625 0.0416666666666667 0
864 1.04166666666667 0.0625 0
865 1.02083333333333 0.0625 0
866 1.02083333333333 0.0208333333333333 0
867 1.04166666666667 0.0208333333333333 0
868 1.04166666666667 0.0416666666666667 0
869 1.02083333333333 0.0416666666666667 0
870 1.0625 0.0833333333333333 0
871 1.0625 0.104166666666667 0
872 1.04166666666667 0.125 0
873 1.02083333333333 0.125 0
874 1.02083333333333 0.0833333333333333 0
875 1.04166666666667 0.0833333333333333 0
876 1.04166666666667 0.104166666666667 0
877 1.02083333333333 0.104166666666667 0
878 1.0625 0.145833333333333 0
879 1.0625 0.166666666666667 0
880 1.04166666666667 0.1875 0
881 1.02083333333333 0.1875 0
882 1.02083333333333 0.145833333333333 0
883 1.04166666666667 0.145833333333333 0
884 1.04166666666667 0.166666666666667 0
885 1.02083333333333 0.166666666666667 0
886 1.0625 0.208333333333333 0
887 1.0625 0.229166666666667 0
888 1.02083333333333 0.208333333333333 0
889 1.04166666666667 0.208333333333333 0
890 1.04166666666667 0.229166666666667 0
891 1.02083333333333 0.229166666666667 0
892 1.125 0.0208333333333333 0
893 1.125 0.0416666666666667 0
894 1.10416666666667 0.0625 0
895 1.08333333333333 0.0625 0
896 1.08333333333333 0.0208333333333333 0
897 1.10416666666667 0.0208333333333333 0
898 1.10416666666667 0.0416666666666667 0
899 1.08333333333333 0.0416666666666667 0
900 1.125 0.0833333333333333 0
901 1.125 0.104166666666667 0
902 1.10416666666667 0.125 0
903 1.08333333333333 0.125 0
904 1.08333333333333 0.0833333333333333 0
905 1.10416666666667 0.0833333333333333 0
906 1.10416666666667 0.104166666666667 0
907 1.08333333333333 0.104166666666667 0
908 1.125 0.145833333333333 0
909 1.125 0.166666666666667 0
910 1.10416666666667 0.1875 0
911 1.08333333333333 0.1875 0
912 1.08333333333333 0.145833333333333 0
913 1.10416666666667 0.145833333333333 0
914 1.10416666666667 0.166666666666667 0
915 1.08333333333333 0.166666666666667 0
916 1.125 0.208333333333333 0
917 1.125 0.229166666666667 0
918 1.08333333333333 0.208333333333333 0
919 1.10416666666667 0.208333333333333 0
920 1.10416666666667 0.229166666666667 0
921 1.08333333333333 0.229166666666667 0
922 1.1875 0.0208333333333333 0
923 1.1875 0.0416666666666667 0
924 1.16666666666667 0.0625 0
925 1.14583333333333 0.0625 0
926 1.14583333333333 0.0208333333333333 0
927 1.16666666666667 0.0208333333333333 0
928 1.16666666666667 0.0416666666666667 0
929 1.14583333333333 0.0416666666666667 0
930 1.1875 0.0833333333333333 0
931 1.1875 0.104166666666667 0
932 1.16666666666667 0.125 0
933 1.14583333333333 0.125 0
934 1.14583333333333 0.0833333333333333 0
935 1.16666666666667 0.0833333333333333 0
936 1.16666666666667 0.104166666666667 0
937 1.14583333333333 0.104166666666667 0
938 1.1875 0.145833333333333 0
939 1.1875 0.166666666666667 0
940 1.16666666666667 0.1875 0
941 1.14583333333333 0.1875 0
942 1.14583333333333 0.145833333333333 0
943 1.16666666666667 0.145833333333333 0
944 1.16666666666667 0.166666666666667 0
945 1.14583333333333 0.166666666666667 0
946 1.1875 0.208333333333333 0
947 1.1875 0.229166666666667 0
948 1.14583333333333 0.208333333333333 0
949 1.16666666666667 0.208333333333333 0
950 1.16666666666667 0.229166666666667 0
951 1.14583333333333 0.229166666666667 0
952 1.25 0.0208333333333333 0
953 1.25 0.0416666666666667 0
954 1.22916666666667 0.0625 0
955 1.20833333333333 0.0625 0
956 1.20833333333333 0.0208333333333333 0
957 1.22916666666667 0.0208333333333333 0
958 1.22916666666667 0.0416666666666667 0
959 1.20833333333333 0.0416666666666667 0
960 1.25 0.0833333333333333 0
961 1.25 0.104166666666667 0
962 1.22916666666667 0.125 0
963 1.20833333333333 0.125 0
964 1.20833333333333 0.0833333333333333 0
965 1.22916666666667 0.0833333333333333 0
966 1.22916666666667 0.104166666666667 0
967 1.20833333333333 0.104166666666667 0
968 1.25 0.145833333333333 0
969 1.25 0.166666666666667 0
970 1.22916666666667 0.1875 0
971 1.20833333333333 0.1875 0
972 1.20833333333333 0.145833333333333 0
973 1.22916666666667 0.145833333333333 0
974 1.22916666666667 0.166666666666667 0
975 1.20833333333333 0.166666666666667 0
976 1.25 0.208333333333333 0
977 1.25 0.229166666666667 0
978 1.20833333333333 0.208333333333333 0
979 1.22916666666667 0.208333333333333 0
980 1.22916666666667 0.229166666666667 0
981 1.20833333333333 0.229166666666667 0
982 1.3125 0.0208333333333333 0
983 1.3125 0.0416666666666667 0
984 1.29166666666667 0.0625 0
985 1.27083333333333 0.0625 0
986 1.27083333333333 0.0208333333333333 0
987 1.29166666666667 0.0208333333333333 0
988 1.29166666666667 0.0416666666666667 0
989 1.27083333333333 0.0416666666666667 0
990 1.3125 0.0833333333333333 0
991 1.3125 0.104166666666667 0
992 1.29166666666667 0.125 0
993 1.27083333333333 0.125 0
994 1.27083333333333 0.0833333333333333 0
995 1.29166666666667 0.0833333333333333 0
996 1.29166666666667 0.104166666666667 0
997 1.27083333333333 0.104166666666667 0
998 1.3125 0.145833333333333 0
999 1.3125 0.166666666666667 0
1000 1.29166666666667 0.1875 0
1001 1.27083333333333 0.1875 0
1002 1.27083333333333 0.145833333333333 0
1003 1.29166666666667 0.145833333333333 0
1004 1.29166666666667 0.166666666666667 0
1005 1.27083333333333 0.166666666666667 0
1006 1.3125 0.208333333333333 0
1007 1.3125 0.229166666666667 0
1008 1.27083333333333 0.208333333333333 0
1009 1.29166666666667 0.208333333333333 0
1010 1.29166666666667 0.229166666666667 0
1011 1.27083333333333 0.229166666666667 0
1012 1.375 0.0208333333333333 0
1013 1.375 0.0416666666666667 0
1014 1.35416666666667 0.0625 0
1015 1.33333333333333 0.0625 0
1016 1.33333333333333 0.0208333333333333 0
1017 1.35416666666667 0.0208333333333333 0
1018 1.35416666666667 0.0416666666666667 0
1019 1.33333333333333 0.0416666666666667 0
1020 1.375 0.0833333333333333 0
1021 1.375 0.104166666666667 0
1022 1.35416666666667 0.125 0
1023 1.33333333333333 0.125 0
1024 1.33333333333333 0.0833333333333333 0
1025 1.35416666666667 0.0833333333333333 0
1026 1.35416666666667 0.104166666666667 0
1027 1.33333333333333 0.104166666666667 0
1028 1.375 0.145833333333333 0
1029 1.375 0.166666666666667 0
1030 1.35416666666667 0.1875 0
1031 1.33333333333333 0.1875 0
1032 1.33333333333333 0.145833333333333 0
1033 1.35416666666667 0.145833333333333 0
1034 1.35416666666667 0.166666666666667 0
1035 1.33333333333333 0.166666666666667 0
1036 1.375 0.208333333333333 0
1037 1.375 0.229166666666667 0
1038 1.33333333333333 0.208333333333333 0
1039 1.35416666666667 0.208333333333333 0
1040 1.35416666666667 0.229166666666667 0
1041 1.33333333333333 0.229166666666667 0
1042 1.4375 0.0208333333333333 0
1043 1.4375 0.0416666666666667 0
1044 1.41666666666667 0.0625 0
1045 1.39583333333333 0.0625 0
1046 1.39583333333333 0.0208333333333333 0
1047 1.41666666666667 0.0208333333333333 0
1048 1.41666666666667 0.0416666666666667 0
1049 1.39583333333333 0.0416666666666667 0
1050 1.4375 0.0833333333333333 0
1051 1.4375 0.104166666666667 0
1052 1.41666666666667 0.125 0
1053 1.39583333333333 0.125 0
1054 1.39583333333333 0.0833333333333333 0
1055 1.41666666666667 0.0833333333333333 0
1056 1.41666666666667 0.104166666666667 0
1057 1.39583333333333 0.104166666666667 0
1058 1.4375 0.145833333333333 0
1059 1.4375 0.166666666666667 0
1060 1.41666666666667 0.1875 0
1061 1.39583333333333 0.1875 0
1062 1.39583333333333 0.145833333333333 0
1063 1.41666666666667 0.145833333333333 0
1064 1.41666666666667 0.166666666666667 0
1065 1.39583333333333 0.166666666666667 0
1066 1.4375 0.208333333333333 0
1067 1.4375 0.229166666666667 0
1068 1.39583333333333 0.208333333333333 0
1069 1.41666666666667 0.208333333333333 0
1070 1.41666666666667 0.229166666666667 0
1071 1.39583333333333 0.229166666666667 0
1072 1.5 0.0208333333333333 0
1073 1.5 0.0416666666666667 0
1074 1.47916666666667 0.0625 0
1075 1.45833333333333 0.0625 0
1076 1.45833333333333 0.0208333333333333 0
1077 1.47916666666667 0.0208333333333333 0
1078 1.47916666666667 0.0416666666666667 0
1079 1.45833333333333 0.0416666666666667 0
1080 1.5 0.0833333333333333 0
1081 1.5 0.104166666666667 0
1082 1.47916666666667 0.125 0
1083 1.45833333333333 0.125 0
1084 1.45833333333333 0.0833333333333333 0
1085 1.47916666666667 0.0833333333333333 0
1086 1.47916666666667 0.104166666666667 0
1087 1.45833333333333 0.104166666666667 0
1088 1.5 0.145833333333333 0
1089 1.5 0.166666666666667 0
1090 1.47916666666667 0.1875 0
1091 1.45833333333333 0.1875 0
1092 1.45833333333333 0.145833333333333 0
1093 1.47916666666667 0.145833333333333 0
1094 1.47916666666667 0.166666666666667 0
1095 1.45833333333333 0.166666666666667 0
1096 1.5 0.208333333333333 0
1097 1.5 0.229166666666667 0
1098 1.45833333333333 0.208333333333333 0
1099 1.47916666666667 0.208333333333333 0
1100 1.47916666666667 0.229166666666667 0
1101 1.45833333333333 0.229166666666667 0
1102 1.5625 0.0208333333333333 0
1103 1.5625 0.0416666666666667 0
1104 1.54166666666667 0.0625 0
1105 1.52083333333333 0.0625 0
1106 1.52083333333333 0.0208333333333333 0
1107 1.54166666666667 0.0208333333333333 0
1108 1.54166666666667 0.0416666666666667 0
1109 1.52083333333333 0.0416666666666667 0
1110 1.5625 0.0833333333333333 0
1111 1.5625 0.104166666666667 0
1112 1.54166666666667 0.125 0
1113 1.52083333333333 0.125 0
1114 1.52083333333333 0.0833333333333333 0
1115 1.54166666666667 0.0833333333333333 0
1116 1.54166666666667 0.104166666666667 0
1117 1.52083333333333 0.104166666666667 0
1118 1.5625 0.145833333333333 0
1119 1.5625 0.166666666666667 0
1120 1.54166666666667 0.1875 0
1121 1.52083333333333 0.1875 0
1122 1.52083333333333 0.145833333333333 0
1123 1.54166666666667 0.145833333333333 0
1124 1.54166666666667 0.166666666666667 0
1125 1.52083333333333 0.166666666666667 0
1126 1.5625 0.208333333333333 0
1127 1.5625 0.229166666666667 0
1128 1.52083333333333 0.208333333333333 0
1129 1.54166666666667 0.208333333333333 0
1130 1.54166666666667 0.229166666666667 0
1131 1.52083333333333 0.229166666666667 0
1132 1.625 0.0208333333333333 0
1133 1.625 0.0416666666666667 0
1134 1.60416666666667 0.0625 0
1135 1.58333333333333 0.0625 0
1136 1.58333333333333 0.0208333333333333 0
1137 1.60416666666667 0.0208333333333333 0
1138 1.60416666666667 0.0416666666666667 0
1139 1.58333333333333 0.0416666666666667 0
1140 1.625 0.0833333333333333 0
1141 1.625 0.104166666666667 0
1142 1.60416666666667 0.125 0
1143 1.58333333333333 0.125 0
1144 1.58333333333333 0.0833333333333333 0
1145 1.60416666666667 0.0833333333333333 0
1146 1.60416666666667 0.104166666666667 0
1147 1.58333333333333 0.104166666666667 0
1148 1.625 0.145833333333333 0
1149 1.625 0.166666666666667 0
1150 1.60416666666667 0.1875 0
1151 1.58333333333333 0.1875 0
1152 1.58333333333333 0.145833333333333 0
1153 1.60416666666667 0.145833333333333 0
1154 1.60416666666667 0.166666666666667 0
1155 1.58333333333333 0.166666666666667 0
1156 1.625 0.208333333333333 0
1157 1.625 0.229166666666667 0
1158 1.58333333333333 0.208333333333333 0
1159 1.60416666666667 0.208333333333333 0
1160 1.60416666666667 0.229166666666667 0
1161 1.58333333333333 0.229166666666667 0
1162 1.6875 0.0208333333333333 0
1163 1.6875 0.0416666666666667 0
1164 1.66666666666667 0.0625 0
1165 1.64583333333333 0.0625 0
1166 1.64583333333333 0.0208333333333333 0
1167 1.66666666666667 0.0208333333333333 0
1168 1.66666666666667 0.0416666666666667 0
1169 1.64583333333333 0.0416666666666667 0
1170 1.6875 0.0833333333333333 0
1171 1.6875 0.104166666666667 0
1172 1.66666666666667 0.125 0
1173 1.64583333333333 0.125 0
1174 1.64583333333333 0.0833333333333333 0
1175 1.66666666666667 0.0833333333333333 0
1176 1.66666666666667 0.104166666666667 0
1177 1.64583333333333 0.104166666666667 0
1178 1.6875 0.145833333333333 0
1179 1.6875 0.166666666666667 0
1180 1.66666666666667 0.1875 0
1181 1.64583333333333 0.1875 0
1182 1.64583333333333 0.145833333333333 0
1183 1.66666666666667 0.145833333333333 0
1184 1.66666666666667 0.166666666666667 0
1185 1.64583333333333 0.166666666666667 0
1186 1.6875 0.208333333333333 0
1187 1.6875 0.229166666666667 0
1188 1.64583333333333 0.208333333333333 0
1189 1.66666666666667 0.208333333333333 0
1190 1.66666666666667 0.229166666666667 0
1191 1.64583333333333 0.229166666666667 0
1192 1.75 0.0208333333333333 0
1193 1.75 0.0416666666666667 0
1194 1.72916666666667 0.0625 0
1195 1.70833333333333 0.0625 0
1196 1.70833333333333 0.0208333333333333 0
1197 1.72916666666667 0.0208333333333333 0
1198 1.72916666666667 0.0416666666666667 0
1199 1.70833333333333 0.0416666666666667 0
1200 1.75 0.0833333333333333 0
1201 1.75 0.104166666666667 0
1202 1.72916666666667 0.125 0
1203 1.70833333333333 0.125 0
1204 1.70833333333333 0.0833333333333333 0
1205 1.72916666666667 0.0833333333333333 0
1206 1.72916666666667 0.104166666666667 0
1207 1.70833333333333 0.104166666666667 0
1208 1.75 0.145833333333333 0
1209 1.75 0.166666666666667 0
1210 1.72916666666667 0.1875 0
1211 1.70833333333333 0.1875 0
1212 1.70833333333333 0.145833333333333 0
1213 1.72916666666667 0.145833333333333 0
1214 1.72916666666667 0.166666666666667 0
1215 1.70833333333333 0.166666666666667 0
1216 1.75 0.208333333333333 0
1217 1.75 0.229166666666667 0
1218 1.70833333333333 0.208333333333333 0
1219 1.72916666666667 0.208333333333333 0
1220 1.72916666666667 0.229166666666667 0
1221 1.70833333333333 0.229166666666667 0
1222 1.8125 0.0208333333333333 0
1223 1.8125 0.0416666666666667 0
1224 1.79166666666667 0.0625 0
1225 1.77083333333333 0.0625 0
1226 1.77083333333333 0.0208333333333333 0
1227 1.79166666666667 0.0208333333333333 0
1228 1.79166666666667 0.0416666666666667 0
1229 1.77083333333333 0.0416666666666667 0
1230 1.8125 0.0833333333333333 0
1231 1.8125 0.104166666666667 0
1232 1.79166666666667 0.125 0
1233 1.77083333333333 0.125 0
1234 1.77083333333333 0.0833333333333333 0
1235 1.79166666666667 0.0833333333333333 0
1236 1.79166666666667 0.104166666666667 0
1237 1.77083333333333 0.104166666666667 0
1238 1.8125 0.145833333333333 0
1239 1.8125 0.166666666666667 0
1240 1.79166666666667 0.1875 0
1241 1.77083333333333 0.1875 0
1242 1.77083333333333 0.145833333333333 0
1243 1.79166666666667 0.145833333333333 0
1244 1.79166666666667 0.166666666666667 0
1245 1.77083333333333 0.166666666666667 0
1246 1.8125 0.208333333333333 0
1247 1.8125 0.229166666666667 0
1248 1.77083333333333 0.208333333333333 0
1249 1.79166666666667 0.208333333333333 0
1250 1.79166666666667 0.229166666666667 0
1251 1.77083333333333 0.229166666666667 0
1252 1.875 0.0208333333333333 0
1253 1.875 0.0416666666666667 0
1254 1.85416666666667 0.0625 0
1255 1.83333333333333 0.0625 0
1256 1.83333333333333 0.0208333333333333 0
1257 1.85416666666667 0.0208333333333333 0
1258 1.85416666666667 0.0416666666666667 0
1259 1.83333333333333 0.0416666666666667 0
1260 1.875 0.0833333333333333 0
1261 1.875 0.104166666666667 0
1262 1.85416666666667 0.125 0
1263 1.83333333333333 0.125 0
1264 1.83333333333333 0.0833333333333333 0
1265 1.85416666666667 0.0833333333333333 0
1266 1.85416666666667 0.104166666666667 0
1267 1.83333333333333 0.104166666666667 0
1268 1.875 0.145833333333333 0
1269 1.875 0.166666666666667 0
1270 1.85416666666667 0.1875 0
1271 1.83333333333333 0.1875 0
1272 1.83333333333333 0.145833333333333 0
1273 1.85416666666667 0.145833333333333 0
1274 1.85416666666667 0.166666666666667 0
1275 1.83333333333333 0.166666666666667 0
1276 1.875 0.208333333333333 0
1277 1.875 0.229166666666667 0
1278 1.83333333333333 0.208333333333333 0
1279 1.85416666666667 0.208333333333333 0
1280 1.85416666666667 0.229166666666667 0
1281 1.83333333333333 0.229166666666667 0
1282 1.9375 0.0208333333333333 0
1283 1.9375 0.0416666666666667 0
1284 1.91666666666667 0.0625 0
1285 1.89583333333333 0.0625 0
1286 1.89583333333333 0.0208333333333333 0
1287 1.91666666666667 0.0208333333333333 0
1288 1.91666666666667 0.0416666666666667 0
1289 1.89583333333333 0.0416666666666667 0
1290 1.9375 0.0833333333333333 0
1291 1.9375 0.104166666666667 0
1292 1.91666666666667 0.125 0
1293 1.89583333333333 0.125 0
1294 1.89583333333333 0.0833333333333333 0
1295 1.91666666666667 0.0833333333333333 0
1296 1.91666666666667 0.104166666666667 0
1297 1.89583333333333 0.104166666666667 0
1298 1.9375 0.145833333333333 0
1299 1.9375 0.166666666666667 0
1300 1.91666666666667 0.1875 0
1301 1.89583333333333 0.1875 0
1302 1.89583333333333 0.145833333333333 0
1303 1.91666666666667 0.145833333333333 0
1304 1.91666666666667 0.166666666666667 0
1305 1.89583333333333 0.166666666666667 0
1306 1.9375 0.208333333333333 0
1307 1.9375 0.229166666666667 0
1308 1.89583333333333 0.208333333333333 0
1309 1.91666666666667 0.208333333333333 0
1310 1.91666666666667 0.229166666666667 0
1311 1.89583333333333 0.229166666666667 0
1312 2 0.0208333333333333 0
1313 2 0.0416666666666667 0
1314 1.97916666666667 0.0625 0
1315 1.95833333333333 0.0625 0
1316 1.95833333333333 0.0208333333333333 0
1317 1.97916666666667 0.0208333333333333 0
1318 1.97916666666667 0.0416666666666667 0
1319 1.95833333333333 0.0416666666666667 0
1320 2 0.0833333333333333 0
1321 2 0.104166666666667 0
1322 1.97916666666667 0.125 0
1323 1.95833333333333 0.125 0
1324 1.95833333333333 0.0833333333333333 0
1325 1.97916666666667 0.0833333333333333 0
1326 1.97916666666667 0.104166666666667 0
1327 1.95833333333333 0.104166666666667 0
1328 2 0.145833333333333 0
1329 2 0.166666666666667 0
1330 1.97916666666667 0.1875 0
1331 1.95833333333333 0.1875 0
1332 1.95833333333333 0.145833333333333 0
1333 1.97916666666667 0.145833333333333 0
1334 1.97916666666667 0.166666666666667 0
1335 1.95833333333333 0.166666666666667 0
1336 2 0.208333333333333 0
1337 2 0.229166666666667 0
1338 1.95833333333333 0.208333333333333 0
1339 1.97916666666667 0.208333333333333 0
1340 1.97916666666667 0.229166666666667 0
1341 1.95833333333333 0.229166666666667 0
1342 2.0625 0.0208333333333333 0
1343 2.0625 0.0416666666666667 0
1344 2.04166666666667 0.0625 0
1345 2.02083333333333 0.0625 0
1346 2.02083333333333 0.0208333333333333 0
1347 2.04166666666667 0.0208333333333333 0
1348 2.04166666666667 0.0416666666666667 0
1349 2.02083333333333 0.0416666666666667 0
1350 2.0625 0.0833333333333333 0
1351 2.0625 0.104166666666667 0
1352 2.04166666666667 0.125 0
1353 2.02083333333333 0.125 0
1354 2.02083333333333 0.0833333333333333 0
1355 2.04166666666667 0.0833333333333333 0
1356 2.04166666666667 0.104166666666667 0
1357 2.02083333333333 0.104166666666667 0
1358 2.0625 0.145833333333333 0
1359 2.0625 0.166666666666667 0
1360 2.04166666666667 0.1875 0
1361 2.02083333333333 0.1875 0
1362 2.02083333333333 0.145833333333333 0
1363 2.04166666666667 0.145833333333333 0
1364 2.04166666666667 0.166666666666667 0
1365 2.02083333333333 0.166666666666667 0
1366 2.0625 0.208333333333333 0
1367 2.0625 0.229166666666667 0
1368 2.02083333333333 0.208333333333333 0
1369 2.04166666666667 0.208333333333333 0
1370 2.04166666666667 0.229166666666667 0
1371 2.02083333333333 0.229166666666667 0
1372 2.125 0.0208333333333333 0
1373 2.125 0.0416666666666667 0
1374 2.10416666666667 0.0625 0
1375 2.08333333333333 0.0625 0
1376 2.08333333333333 0.0208333333333333 0
1377 2.10416666666667 0.0208333333333333 0
1378 2.10416666666667 0.0416666666666667 0
1379 2.08333333333333 0.0416666666666667 0
1380 2.125 0.0833333333333333 0
1381 2.125 0.104166666666667 0
1382 2.10416666666667 0.125 0
1383 2.08333333333333 0.125 0
1384 2.08333333333333 0.0833333333333333 0
1385 2.10416666666667 0.0833333333333333 0
1386 2.10416666666667 0.104166666666667 0
1387 2.08333333333333 0.104166666666667 0
1388 2.125 0.145833333333333 0
1389 2.125 0.166666666666667 0
1390 2.10416666666667 0.1875 0
1391 2.08333333333333 0.1875 0
1392 2.08333333333333 0.145833333333333 0
1393 2.10416666666667 0.145833333333333 0
1394 2.10416666666667 0.166666666666667 0
1395 2.08333333333333 0.166666666666667 0
1396 2.125 0.208333333333333 0
1397 2.125 0.229166666666667 0
1398 2.08333333333333 0.208333333333333 0
1399 2.10416666666667 0.208333333333333 0
1400 2.10416666666667 0.229166666666667 0
1401 2.08333333333333 0.229166666666667 0
1402 2.1875 0.0208333333333333 0
1403 2.1875 0.0416666666666667 0
1404 2.16666666666667 0.0625 0
1405 2.14583333333333 0.0625 0
1406 2.14583333333333 0.0208333333333333 0
1407 2.16666666666667 0.0208333333333333 0
1408 2.16666666666667 0.0416666666666667 0
1409 2.14583333333333 0.0416666666666667 0
1410 2.1875 0.0833333333333333 0
1411 2.1875 0.104166666666667 0
1412 2.16666666666667 0.125 0
1413 2.14583333333333 0.125 0
1414 2.14583333333333 0.0833333333333333 0
1415 2.16666666666667 0.0833333333333333 0
1416 2.16666666666667 0.104166666666667 0
1417 2.14583333333333 0.104166666666667 0
1418 2.1875 0.145833333333333 0
1419 2.1875 0.166666666666667 0
1420 2.16666666666667 0.1875 0
1421 2.14583333333333 0.1875 0
1422 2.14583333333333 0.145833333333333 0
1423 2.16666666666667 0.145833333333333 0
1424 2.16666666666667 0.166666666666667 0
1425 2.14583333333333 0.166666666666667 0
1426 2.1875 0.208333333333333 0
1427 2.1875 0.229166666666667 0
1428 2.14583333333333 0.208333333333333 0
1429 2.16666666666667 0.208333333333333 0
1430 2.16666666666667 0.229166666666667 0
1431 2.14583333333333 0.229166666666667 0
1432 2.25 0.0208333333333333 0
1433 2.25 0.0416666666666667 0
1434 2.22916666666667 0.0625 0
1435 2.20833333333333 0.0625 0
1436 2.20833333333333 0.0208333333333333 0
1437 2.22916666666667 0.0208333333333333 0
1438 2.22916666666667 0.0416666666666667 0
1439 2.20833333333333 0.0416666666666667 0
1440 2.25 0.0833333333333333 0
1441 2.25 0.104166666666667 0
1442 2.22916666666667 0.125 0
1443 2.20833333333333 0.125 0
1444 2.20833333333333 0.0833333333333333 0
1445 2.22916666666667 0.0833333333333333 0
1446 2.22916666666667 0.104166666666667 0
1447 2.20833333333333 0.104166666666667 0
1448 2.25 0.145833333333333 0
1449 2.25 0.166666666666667 0
1450 2.22916666666667 0.1875 0
1451 2.20833333333333 0.1875 0
1452 2.20833333333333 0.145833333333333 0
1453 2.22916666666667 0.145833333333333 0
1454 2.22916666666667 0.166666666666667 0
1455 2.20833333333333 0.166666666666667 0
1456 2.25 0.208333333333333 0
1457 2.25 0.229166666666667 0
1458 2.20833333333333 0.208333333333333 0
1459 2.22916666666667 0.208333333333333 0
1460 2.22916666666667 0.229166666666667 0
1461 2.20833333333333 0.229166666666667 0
1462 2.3125 0.0208333333333333 0
1463 2.3125 0.0416666666666667 0
1464 2.29166666666667 0.0625 0
1465 2.27083333333333 0.0625 0
1466 2.27083333333333 0.0208333333333333 0
1467 2.29166666666667 0.0208333333333333 0
1468 2.29166666666667 0.0416666666666667 0
1469 2.27083333333333 0.0416666666666667 0
1470 2.3125 0.0833333333333333 0
1471 2.3125 0.104166666666667 0
1472 2.29166666666667 0.125 0
1473 2.27083333333333 0.125 0
1474 2.27083333333333 0.0833333333333333 0
1475 2.29166666666667 0.0833333333333333 0
1476 2.29166666666667 0.104166666666667 0
1477 2.27083333333333 0.104166666666667 0
1478 2.3125 0.145833333333333 0
1479 2.3125 0.166666666666667 0
1480 2.29166666666667 0.1875 0
1481 2.27083333333333 0.1875 0
1482 2.27083333333333 0.145833333333333 0
1483 2.29166666666667 0.145833333333333 0
1484 2.29166666666667 0.166666666666667 0
1485 2.27083333333333 0.166666666666667 0
1486 2.3125 0.208333333333333 0
1487 2.3125 0.229166666666667 0
1488 2.27083333333333 0.208333333333333 0
1489 2.29166666666667 0.208333333333333 0
1490 2.29166666666667 0.229166666666667 0
1491 2.27083333333333 0.229166666666667 0
1492 2.375 0.0208333333333333 0
1493 2.375 0.0416666666666667 0
1494 2.35416666666667 0.0625 0
1495 2.33333333333333 0.0625 0
1496 2.33333333333333 0.0208333333333333 0
1497 2.35416666666667 0.0208333333333333 0
1498 2.35416666666667 0.0416666666666667 0
1499 2.33333333333333 0.0416666666666667 0
1500 2.375 0.0833333333333333 0
1501 2.375 0.104166666666667 0
1502 2.35416666666667 0.125 0
1503 2.33333333333333 0.125 0
1504 2.33333333333333 0.0833333333333333 0
1505 2.35416666666667 0.0833333333333333 0
1506 2.35416666666667 0.104166666666667 0
1507 2.33333333333333 0.104166666666667 0
1508 2.375 0.145833333333333 0
1509 2.375 0.166666666666667 0
1510 2.35416666666667 0.1875 0
1511 2.33333333333333 0.1875 0
1512 2.33333333333333 0.145833333333333 0
1513 2.35416666666667 0.145833333333333 0
1514 2.35416666666667 0.166666666666667 0
1515 2.33333333333333 0.166666666666667 0
1516 2.375 0.208333333333333 0
1517 2.375 0.229166666666667 0
1518 2.33333333333333 0.208333333333333 0
1519 2.35416666666667 0.208333333333333 0
1520 2.35416666666667 0.229166666666667 0
1521 2.33333333333333 0.229166666666667 0
1522 2.4375 0.0208333333333333 0
1523 2.4375 0.0416666666666667 0
1524 2.41666666666667 0.0625 0
1525 2.39583333333333 0.0625 0
1526 2.39583333333333 0.0208333333333333 0
1527 2.41666666666667 0.0208333333333333 0
1528 2.41666666666667 0.0416666666666667 0
1529 2.39583333333333 0.0416666666666667 0
1530 2.4375 0.0833333333333333 0
1531 2.4375 0.104166666666667 0
1532 2.41666666666667 0.125 0
1533 2.39583333333333 0.125 0
1534 2.39583333333333 0.0833333333333333 0
1535 2.41666666666667 0.0833333333333333 0
1536 2.41666666666667 0.104166666666667 0
1537 2.39583333333333 0.104166666666667 0
1538 2.4375 0.145833333333333 0
1539 2.4375 0.166666666666667 0
1540 2.41666666666667 0.1875 0
1541 2.39583333333333 0.1875 0
1542 2.39583333333333 0.145833333333333 0
1543 2.41666666666667 0.145833333333333 0
1544 2.41666666666667 0.166666666666667 0
1545 2.39583333333333 0.166666666666667 0
1546 2.4375 0.208333333333333 0
1547 2.4375 0.229166666666667 0
1548 2.39583333333333 0.208333333333333 0
1549 2.41666666666667 0.208333333333333 0
1550 2.41666666666667 0.229166666666667 0
1551 2.39583333333333 0.229166666666667 0
1552 2.47916666666667 0.0625 0
1553 2.45833333333333 0.0625 0
1554 2.45833333333333 0.0208333333333333 0
1555 2.47916666666667 0.0208333333333333 0
1556 2.47916666666667 0.0416666666666667 0
1557 2.45833333333333 0.0416666666666667 0
1558 2.47916666666667 0.125 0
1559 2.45833333333333 0.125 0
1560 2.45833333333333 0.0833333333333333 0
1561 2.47916666666667 0.0833333333333333 0
1562 2.47916666666667 0.104166666666667 0
1563 2.45833333333333 0.104166666666667 0
1564 2.47916666666667 0.1875 0
1565 2.45833333333333 0.1875 0
1566 2.45833333333333 0.145833333333333 0
1567 2.47916666666667 0.145833333333333 0
1568 2.47916666666667 0.166666666666667 0
1569 2.45833333333333 0.166666666666667 0
1570 2.45833333333333 0.208333333333333 0
1571 2.47916666666667 0.208333333333333 0
1572 2.47916666666667 0.229166666666667 0
1573 2.45833333333333 0.229166666666667 0
