1 5 133 132
132 133 134 131
131 134 135 130
130 135 136 129
129 136 137 128
128 137 127 4
5 6 138 133
133 138 139 134
134 139 140 135
135 140 141 136
136 141 142 137
137 142 126 127
6 7 143 138
138 143 144 139
139 144 145 140
140 145 146 141
141 146 147 142
142 147 125 126
7 8 148 143
143 148 149 144
144 149 150 145
145 150 151 146
146 151 152 147
147 152 124 125
8 9 153 148
148 153 154 149
149 154 155 150
150 155 156 151
151 156 157 152
152 157 123 124
9 10 158 153
153 158 159 154
154 159 160 155
155 160 161 156
156 161 162 157
157 162 122 123
10 11 163 158
158 163 164 159
159 164 165 160
160 165 166 161
161 166 167 162
162 167 121 122
11 12 168 163
163 168 169 164
164 169 170 165
165 170 171 166
166 171 172 167
167 172 120 121
12 13 173 168
168 173 174 169
169 174 175 170
170 175 176 171
171 176 177 172
172 177 119 120
13 14 178 173
173 178 179 174
174 179 180 175
175 180 181 176
176 181 182 177
177 182 118 119
14 15 183 178
178 183 184 179
179 184 185 180
180 185 186 181
181 186 187 182
182 187 117 118
15 16 188 183
183 188 189 184
184 189 190 185
185 190 191 186
186 191 192 187
187 192 116 117
16 17 193 188
188 193 194 189
189 194 195 190
190 195 196 191
191 196 197 192
192 197 115 116
17 18 198 193
193 198 199 194
194 199 200 195
195 200 201 196
196 201 202 197
197 202 114 115
18 19 203 198
198 203 204 199
199 204 205 200
200 205 206 201
201 206 207 202
202 207 113 114
19 20 208 203
203 208 209 204
204 209 210 205
205 210 211 206
206 211 212 207
207 212 112 113
20 21 213 208
208 213 214 209
209 214 215 210
210 215 216 211
211 216 217 212
212 217 111 112
21 22 218 213
213 218 219 214
214 219 220 215
215 220 221 216
216 221 222 217
217 222 110 111
22 23 223 218
218 223 224 219
219 224 225 220
220 225 226 221
221 226 227 222
222 227 109 110
23 24 228 223
223 228 229 224
224 229 230 225
225 230 231 226
226 231 232 227
227 232 108 109
24 25 233 228
228 233 234 229
229 234 235 230
230 235 236 231
231 236 237 232
232 237 107 108
25 26 238 233
233 238 239 234
234 239 240 235
235 240 241 236
236 241 242 237
237 242 106 107
26 27 243 238
238 243 244 239
239 244 245 240
240 245 246 241
241 246 247 242
242 247 105 106
27 28 248 243
243 248 249 244
244 249 250 245
245 250 251 246
246 251 252 247
247 252 104 105
28 29 253 248
248 253 254 249
249 254 255 250
250 255 256 251
251 256 257 252
252 257 103 104
29 30 258 253
253 258 259 254
254 259 260 255
255 260 261 256
256 261 262 257
257 262 102 103
30 31 263 258
258 263 264 259
259 264 265 260
260 265 266 261
261 266 267 262
262 267 101 102
31 32 268 263
263 268 269 264
264 269 270 265
265 270 271 266
266 271 272 267
267 272 100 101
32 33 273 268
268 273 274 269
269 274 275 270
270 275 276 271
271 276 277 272
272 277 99 100
33 34 278 273
273 278 279 274
274 279 280 275
275 280 281 276
276 281 282 277
277 282 98 99
34 35 283 278
278 283 284 279
279 284 285 280
280 285 286 281
281 286 287 282
282 287 97 98
35 36 288 283
283 288 289 284
284 289 290 285
285 290 291 286
286 291 292 287
287 292 96 97
36 37 293 288
288 293 294 289
289 294 295 290
290 295 296 291
291 296 297 292
292 297 95 96
37 38 298 293
293 298 299 294
294 299 300 295
295 300 301 296
296 301 302 297
297 302 94 95
38 39 303 298
298 303 304 299
299 304 305 300
300 305 306 301
301 306 307 302
302 307 93 94
39 40 308 303
303 308 309 304
304 309 310 305
305 310 311 306
306 311 312 307
307 312 92 93
40 41 313 308
308 313 314 309
309 314 315 310
310 315 316 311
311 316 317 312
312 317 91 92
41 42 318 313
313 318 319 314
314 319 320 315
315 320 321 316
316 321 322 317
317 322 90 91
42 43 323 318
318 323 324 319
319 324 325 320
320 325 326 321
321 326 327 322
322 327 89 90
43 44 328 323
323 328 329 324
324 329 330 325
325 330 331 326
326 331 332 327
327 332 88 89
44 45 333 328
328 333 334 329
329 334 335 330
330 335 336 331
331 336 337 332
332 337 87 88
45 46 338 333
333 338 339 334
334 339 340 335
335 340 341 336
336 341 342 337
337 342 86 87
46 47 343 338
338 343 344 339
339 344 345 340
340 345 346 341
341 346 347 342
342 347 85 86
47 48 348 343
343 348 349 344
344 349 350 345
345 350 351 346
346 351 352 347
347 352 84 85
48 49 353 348
348 353 354 349
349 354 355 350
350 355 356 351
351 356 357 352
352 357 83 84
49 50 358 353
353 358 359 354
354 359 360 355
355 360 361 356
356 361 362 357
357 362 82 83
50 51 363 358
358 363 364 359
359 364 365 360
360 365 366 361
361 366 367 362
362 367 81 82
51 52 368 363
363 368 369 364
364 369 370 365
365 370 371 366
366 371 372 367
367 372 80 81
52 53 373 368
368 373 374 369
369 374 375 370
370 375 376 371
371 376 377 372
372 377 79 80
53 54 378 373
373 378 379 374
374 379 380 375
375 380 381 376
376 381 382 377
377 382 78 79
54 55 383 378
378 383 384 379
379 384 385 380
380 385 386 381
381 386 387 382
382 387 77 78
55 56 388 383
383 388 389 384
384 389 390 385
385 390 391 386
386 391 392 387
387 392 76 77
56 57 393 388
388 393 394 389
389 394 395 390
390 395 396 391
391 396 397 392
392 397 75 76
57 58 398 393
393 398 399 394
394 399 400 395
395 400 401 396
396 401 402 397
397 402 74 75
58 59 403 398
398 403 404 399
399 404 405 400
400 405 406 401
401 406 407 402
402 407 73 74
59 60 408 403
403 408 409 404
404 409 410 405
405 410 411 406
406 411 412 407
407 412 72 73
60 61 413 408
408 413 414 409
409 414 415 410
410 415 416 411
411 416 417 412
412 417 71 72
61 62 418 413
413 418 419 414
414 419 420 415
415 420 421 416
416 421 422 417
417 422 70 71
62 63 423 418
418 423 424 419
419 424 425 420
420 425 426 421
421 426 427 422
422 427 69 70
63 2 64 423
423 64 65 424
424 65 66 425
425 66 67 426
426 67 68 427
427 68 3 69
