1 5 265 258 64 560 561 264 562
258 265 266 257 561 563 564 263 565
257 266 267 256 564 566 567 262 568
256 267 268 255 567 569 570 261 571
255 268 269 254 570 572 573 260 574
254 269 193 4 573 575 253 259 576
5 6 270 265 65 577 578 560 579
265 270 271 266 578 580 581 563 582
266 271 272 267 581 583 584 566 585
267 272 273 268 584 586 587 569 588
268 273 274 269 587 589 590 572 591
269 274 192 193 590 592 252 575 593
6 7 275 270 66 594 595 577 596
270 275 276 271 595 597 598 580 599
271 276 277 272 598 600 601 583 602
272 277 278 273 601 603 604 586 605
273 278 279 274 604 606 607 589 608
274 279 191 192 607 609 251 592 610
7 8 280 275 67 611 612 594 613
275 280 281 276 612 614 615 597 616
276 281 282 277 615 617 618 600 619
277 282 283 278 618 620 621 603 622
278 283 284 279 621 623 624 606 625
279 284 190 191 624 626 250 609 627
8 9 285 280 68 628 629 611 630
280 285 286 281 629 631 632 614 633
281 286 287 282 632 634 635 617 636
282 287 288 283 635 637 638 620 639
283 288 289 284 638 640 641 623 642
284 289 189 190 641 643 249 626 644
9 10 290 285 69 645 646 628 647
285 290 291 286 646 648 649 631 650
286 291 292 287 649 651 652 634 653
287 292 293 288 652 654 655 637 656
288 293 294 289 655 657 658 640 659
289 294 188 189 658 660 248 643 661
10 11 295 290 70 662 663 645 664
290 295 296 291 663 665 666 648 667
291 296 297 292 666 668 669 651 670
292 297 298 293 669 671 672 654 673
293 298 299 294 672 674 675 657 676
294 299 187 188 675 677 247 660 678
11 12 300 295 71 679 680 662 681
295 300 301 296 680 682 683 665 684
296 301 302 297 683 685 686 668 687
297 302 303 298 686 688 689 671 690
298 303 304 299 689 691 692 674 693
299 304 186 187 692 694 246 677 695
12 13 305 300 72 696 697 679 698
300 305 306 301 697 699 700 682 701
301 306 307 302 700 702 703 685 704
302 307 308 303 703 705 706 688 707
303 308 309 304 706 708 709 691 710
304 309 185 186 709 711 245 694 712
13 14 310 305 73 713 714 696 715
305 310 311 306 714 716 717 699 718
306 311 312 307 717 719 720 702 721
307 312 313 308 720 722 723 705 724
308 313 314 309 723 725 726 708 727
309 314 184 185 726 728 244 711 729
14 15 315 310 74 730 731 713 732
310 315 316 311 731 733 734 716 735
311 316 317 312 734 736 737 719 738
312 317 318 313 737 739 740 722 741
313 318 319 314 740 742 743 725 744
314 319 183 184 743 745 243 728 746
15 16 320 315 75 747 748 730 749
315 320 321 316 748 750 751 733 752
316 321 322 317 751 753 754 736 755
317 322 323 318 754 756 757 739 758
318 323 324 319 757 759 760 742 761
319 324 182 183 760 762 242 745 763
16 17 325 320 76 764 765 747 766
320 325 326 321 765 767 768 750 769
321 326 327 322 768 770 771 753 772
322 327 328 323 771 773 774 756 775
323 328 329 324 774 776 777 759 778
324 329 181 182 777 779 241 762 780
17 18 330 325 77 781 782 764 783
325 330 331 326 782 784 785 767 786
326 331 332 327 785 787 788 770 789
327 332 333 328 788 790 791 773 792
328 333 334 329 791 793 794 776 795
329 334 180 181 794 796 240 779 797
18 19 335 330 78 798 799 781 800
330 335 336 331 799 801 802 784 803
331 336 337 332 802 804 805 787 806
332 337 338 333 805 807 808 790 809
333 338 339 334 808 810 811 793 812
334 339 179 180 811 813 239 796 814
19 20 340 335 79 815 816 798 817
335 340 341 336 816 818 819 801 820
336 341 342 337 819 821 822 804 823
337 342 343 338 822 824 825 807 826
338 343 344 339 825 827 828 810 829
339 344 178 179 828 830 238 813 831
20 21 345 340 80 832 833 815 834
340 345 346 341 833 835 836 818 837
341 346 347 342 836 838 839 821 840
342 347 348 343 839 841 842 824 843
343 348 349 344 842 844 845 827 846
344 349 177 178 845 847 237 830 848
21 22 350 345 81 849 850 832 851
345 350 351 346 850 852 853 835 854
346 351 352 347 853 855 856 838 857
347 352 353 348 856 858 859 841 860
348 353 354 349 859 861 862 844 863
349 354 176 177 862 864 236 847 865
22 23 355 350 82 866 867 849 868
350 355 356 351 867 869 870 852 871
351 356 357 352 870 872 873 855 874
352 357 358 353 873 875 876 858 877
353 358 359 354 876 878 879 861 880
354 359 175 176 879 881 235 864 882
23 24 360 355 83 883 884 866 885
355 360 361 356 884 886 887 869 888
356 361 362 357 887 889 890 872 891
357 362 363 358 890 892 893 875 894
358 363 364 359 893 895 896 878 897
359 364 174 175 896 898 234 881 899
24 25 365 360 84 900 901 883 902
360 365 366 361 901 903 904 886 905
361 366 367 362 904 906 907 889 908
362 367 368 363 907 909 910 892 911
363 368 369 364 910 912 913 895 914
364 369 173 174 913 915 233 898 916
25 26 370 365 85 917 918 900 919
365 370 371 366 918 920 921 903 922
366 371 372 367 921 923 924 906 925
367 372 373 368 924 926 927 909 928
368 373 374 369 927 929 930 912 931
369 374 172 173 930 932 232 915 933
26 27 375 370 86 934 935 917 936
370 375 376 371 935 937 938 920 939
371 376 377 372 938 940 941 923 942
372 377 378 373 941 943 944 926 945
373 378 379 374 944 946 947 929 948
374 379 171 172 947 949 231 932 950
27 28 380 375 87 951 952 934 953
375 380 381 376 952 954 955 937 956
376 381 382 377 955 957 958 940 959
377 382 383 378 958 960 961 943 962
378 383 384 379 961 963 964 946 965
379 384 170 171 964 966 230 949 967
28 29 385 380 88 968 969 951 970
380 385 386 381 969 971 972 954 973
381 386 387 382 972 974 975 957 976
382 387 388 383 975 977 978 960 979
383 388 389 384 978 980 981 963 982
384 389 169 170 981 983 229 966 984
29 30 390 385 89 985 986 968 987
385 390 391 386 986 988 989 971 990
386 391 392 387 989 991 992 974 993
387 392 393 388 992 994 995 977 996
388 393 394 389 995 997 998 980 999
389 394 168 169 998 1000 228 983 1001
30 31 395 390 90 1002 1003 985 1004
390 395 396 391 1003 1005 1006 988 1007
391 396 397 392 1006 1008 1009 991 1010
392 397 398 393 1009 1011 1012 994 1013
393 398 399 394 1012 1014 1015 997 1016
394 399 167 168 1015 1017 227 1000 1018
31 32 400 395 91 1019 1020 1002 1021
395 400 401 396 1020 1022 1023 1005 1024
396 401 402 397 1023 1025 1026 1008 1027
397 402 403 398 1026 1028 1029 1011 1030
398 403 404 399 1029 1031 1032 1014 1033
399 404 166 167 1032 1034 226 1017 1035
32 33 405 400 92 1036 1037 1019 1038
400 405 406 401 1037 1039 1040 1022 1041
401 406 407 402 1040 1042 1043 1025 1044
402 407 408 403 1043 1045 1046 1028 1047
403 408 409 404 1046 1048 1049 1031 1050
404 409 165 166 1049 1051 225 1034 1052
33 34 410 405 93 1053 1054 1036 1055
405 410 411 406 1054 1056 1057 1039 1058
406 411 412 407 1057 1059 1060 1042 1061
407 412 413 408 1060 1062 1063 1045 1064
408 413 414 409 1063 1065 1066 1048 1067
409 414 164 165 1066 1068 224 1051 1069
34 35 415 410 94 1070 1071 1053 1072
410 415 416 411 1071 1073 1074 1056 1075
411 416 417 412 1074 1076 1077 1059 1078
412 417 418 413 1077 1079 1080 1062 1081
413 418 419 414 1080 1082 1083 1065 1084
414 419 163 164 1083 1085 223 1068 1086
35 36 420 415 95 1087 1088 1070 1089
415 420 421 416 1088 1090 1091 1073 1092
416 421 422 417 1091 1093 1094 1076 1095
417 422 423 418 1094 1096 1097 1079 1098
418 423 424 419 1097 1099 1100 1082 1101
419 424 162 163 1100 1102 222 1085 1103
36 37 425 420 96 1104 1105 1087 1106
420 425 426 421 1105 1107 1108 1090 1109
421 426 427 422 1108 1110 1111 1093 1112
422 427 428 423 1111 1113 1114 1096 1115
423 428 429 424 1114 1116 1117 1099 1118
424 429 161 162 1117 1119 221 1102 1120
37 38 430 425 97 1121 1122 1104 1123
425 430 431 426 1122 1124 1125 1107 1126
426 431 432 427 1125 1127 1128 1110 1129
427 432 433 428 1128 1130 1131 1113 1132
428 433 434 429 1131 1133 1134 1116 1135
429 434 160 161 1134 1136 220 1119 1137
38 39 435 430 98 1138 1139 1121 1140
430 435 436 431 1139 1141 1142 1124 1143
431 436 437 432 1142 1144 1145 1127 1146
432 437 438 433 1145 1147 1148 1130 1149
433 438 439 434 1148 1150 1151 1133 1152
434 439 159 160 1151 1153 219 1136 1154
39 40 440 435 99 1155 1156 1138 1157
435 440 441 436 1156 1158 1159 1141 1160
436 441 442 437 1159 1161 1162 1144 1163
437 442 443 438 1162 1164 1165 1147 1166
438 443 444 439 1165 1167 1168 1150 1169
439 444 158 159 1168 1170 218 1153 1171
40 41 445 440 100 1172 1173 1155 1174
440 445 446 441 1173 1175 1176 1158 1177
441 446 447 442 1176 1178 1179 1161 1180
442 447 448 443 1179 1181 1182 1164 1183
443 448 449 444 1182 1184 1185 1167 1186
444 449 157 158 1185 1187 217 1170 1188
41 42 450 445 101 1189 1190 1172 1191
445 450 451 446 1190 1192 1193 1175 1194
446 451 452 447 1193 1195 1196 1178 1197
447 452 453 448 1196 1198 1199 1181 1200
448 453 454 449 1199 1201 1202 1184 1203
449 454 156 157 1202 1204 216 1187 1205
42 43 455 450 102 1206 1207 1189 1208
450 455 456 451 1207 1209 1210 1192 1211
451 456 457 452 1210 1212 1213 1195 1214
452 457 458 453 1213 1215 1216 1198 1217
453 458 459 454 1216 1218 1219 1201 1220
454 459 155 156 1219 1221 215 1204 1222
43 44 460 455 103 1223 1224 1206 1225
455 460 461 456 1224 1226 1227 1209 1228
456 461 462 457 1227 1229 1230 1212 1231
457 462 463 458 1230 1232 1233 1215 1234
458 463 464 459 1233 1235 1236 1218 1237
459 464 154 155 1236 1238 214 1221 1239
44 45 465 460 104 1240 1241 1223 1242
460 465 466 461 1241 1243 1244 1226 1245
461 466 467 462 1244 1246 1247 1229 1248
462 467 468 463 1247 1249 1250 1232 1251
463 468 469 464 1250 1252 1253 1235 1254
464 469 153 154 1253 1255 213 1238 1256
45 46 470 465 105 1257 1258 1240 1259
465 470 471 466 1258 1260 1261 1243 1262
466 471 472 467 1261 1263 1264 1246 1265
467 472 473 468 1264 1266 1267 1249 1268
468 473 474 469 1267 1269 1270 1252 1271
469 474 152 153 1270 1272 212 1255 1273
46 47 475 470 106 1274 1275 1257 1276
470 475 476 471 1275 1277 1278 1260 1279
471 476 477 472 1278 1280 1281 1263 1282
472 477 478 473 1281 1283 1284 1266 1285
473 478 479 474 1284 1286 1287 1269 1288
474 479 151 152 1287 1289 211 1272 1290
47 48 480 475 107 1291 1292 1274 1293
475 480 481 476 1292 1294 1295 1277 1296
476 481 482 477 1295 1297 1298 1280 1299
477 482 483 478 1298 1300 1301 1283 1302
478 483 484 479 1301 1303 1304 1286 1305
479 484 150 151 1304 1306 210 1289 1307
48 49 485 480 108 1308 1309 1291 1310
480 485 486 481 1309 1311 1312 1294 1313
481 486 487 482 1312 1314 1315 1297 1316
482 487 488 483 1315 1317 1318 1300 1319
483 488 489 484 1318 1320 1321 1303 1322
484 489 149 150 1321 1323 209 1306 1324
49 50 490 485 109 1325 1326 1308 1327
485 490 491 486 1326 1328 1329 1311 1330
486 491 492 487 1329 1331 1332 1314 1333
487 492 493 488 1332 1334 1335 1317 1336
488 493 494 489 1335 1337 1338 1320 1339
489 494 148 149 1338 1340 208 1323 1341
50 51 495 490 110 1342 1343 1325 1344
490 495 496 491 1343 1345 1346 1328 1347
491 496 497 492 1346 1348 1349 1331 1350
492 497 498 493 1349 1351 1352 1334 1353
493 498 499 494 1352 1354 1355 1337 1356
494 499 147 148 1355 1357 207 1340 1358
51 52 500 495 111 1359 1360 1342 1361
495 500 501 496 1360 1362 1363 1345 1364
496 501 502 497 1363 1365 1366 1348 1367
497 502 503 498 1366 1368 1369 1351 1370
498 503 504 499 1369 1371 1372 1354 1373
499 504 146 147 1372 1374 206 1357 1375
52 53 505 500 112 1376 1377 1359 1378
500 505 506 501 1377 1379 1380 1362 1381
501 506 507 502 1380 1382 1383 1365 1384
502 507 508 503 1383 1385 1386 1368 1387
503 508 509 504 1386 1388 1389 1371 1390
504 509 145 146 1389 1391 205 1374 1392
53 54 510 505 113 1393 1394 1376 1395
505 510 511 506 1394 1396 1397 1379 1398
506 511 512 507 1397 1399 1400 1382 1401
507 512 513 508 1400 1402 1403 1385 1404
508 513 514 509 1403 1405 1406 1388 1407
509 514 144 145 1406 1408 204 1391 1409
54 55 515 510 114 1410 1411 1393 1412
510 515 516 511 1411 1413 1414 1396 1415
511 516 517 512 1414 1416 1417 1399 1418
512 517 518 513 1417 1419 1420 1402 1421
513 518 519 514 1420 1422 1423 1405 1424
514 519 143 144 1423 1425 203 1408 1426
55 56 520 515 115 1427 1428 1410 1429
515 520 521 516 1428 1430 1431 1413 1432
516 521 522 517 1431 1433 1434 1416 1435
517 522 523 518 1434 1436 1437 1419 1438
518 523 524 519 1437 1439 1440 1422 1441
519 524 142 143 1440 1442 202 1425 1443
56 57 525 520 116 1444 1445 1427 1446
520 525 526 521 1445 1447 1448 1430 1449
521 526 527 522 1448 1450 1451 1433 1452
522 527 528 523 1451 1453 1454 1436 1455
523 528 529 524 1454 1456 1457 1439 1458
524 529 141 142 1457 1459 201 1442 1460
57 58 530 525 117 1461 1462 1444 1463
525 530 531 526 1462 1464 1465 1447 1466
526 531 532 527 1465 1467 1468 1450 1469
527 532 533 528 1468 1470 1471 1453 1472
528 533 534 529 1471 1473 1474 1456 1475
529 534 140 141 1474 1476 200 1459 1477
58 59 535 530 118 1478 1479 1461 1480
530 535 536 531 1479 1481 1482 1464 1483
531 536 537 532 1482 1484 1485 1467 1486
532 537 538 533 1485 1487 1488 1470 1489
533 538 539 534 1488 1490 1491 1473 1492
534 539 139 140 1491 1493 199 1476 1494
59 60 540 535 119 1495 1496 1478 1497
535 540 541 536 1496 1498 1499 1481 1500
536 541 542 537 1499 1501 1502 1484 1503
537 542 543 538 1502 1504 1505 1487 1506
538 543 544 539 1505 1507 1508 1490 1509
539 544 138 139 1508 1510 198 1493 1511
60 61 545 540 120 1512 1513 1495 1514
540 545 546 541 1513 1515 1516 1498 1517
541 546 547 542 1516 1518 1519 1501 1520
542 547 548 543 1519 1521 1522 1504 1523
543 548 549 544 1522 1524 1525 1507 1526
544 549 137 138 1525 1527 197 1510 1528
61 62 550 545 121 1529 1530 1512 1531
545 550 551 546 1530 1532 1533 1515 1534
546 551 552 547 1533 1535 1536 1518 1537
547 552 553 548 1536 1538 1539 1521 1540
548 553 554 549 1539 1541 1542 1524 1543
549 554 136 137 1542 1544 196 1527 1545
62 63 555 550 122 1546 1547 1529 1548
550 555 556 551 1547 1549 1550 1532 1551
551 556 557 552 1550 1552 1553 1535 1554
552 557 558 553 1553 1555 1556 1538 1557
553 558 559 554 1556 1558 1559 1541 1560
554 559 135 136 1559 1561 195 1544 1562
63 2 124 555 123 129 1563 1546 1564
555 124 125 556 1563 130 1565 1549 1566
556 125 126 557 1565 131 1567 1552 1568
557 126 127 558 1567 132 1569 1555 1570
558 127 128 559 1569 133 1571 1558 1572
559 128 3 135 1571 134 194 1561 1573
