0 0
2.5 0
2.5 0.25
0 0.25
0.0416666666666667 0
0.0833333333333333 0
0.125 0
0.166666666666667 0
0.208333333333333 0
0.25 0
0.291666666666667 0
0.333333333333333 0
0.375 0
0.416666666666667 0
0.458333333333333 0
0.5 0
0.541666666666667 0
0.583333333333333 0
0.625 0
0.666666666666667 0
0.708333333333333 0
0.75 0
0.791666666666667 0
0.833333333333333 0
0.875 0
0.916666666666667 0
0.958333333333333 0
1 0
1.04166666666667 0
1.08333333333333 0
1.125 0
1.16666666666667 0
1.20833333333333 0
1.25 0
1.29166666666667 0
1.33333333333333 0
1.375 0
1.41666666666667 0
1.45833333333333 0
1.5 0
1.54166666666667 0
1.58333333333333 0
1.625 0
1.66666666666667 0
1.70833333333333 0
1.75 0
1.79166666666667 0
1.83333333333333 0
1.875 0
1.91666666666667 0
1.95833333333333 0
2 0
2.04166666666667 0
2.08333333333333 0
2.125 0
2.16666666666667 0
2.20833333333333 0
2.25 0
2.29166666666667 0
2.33333333333333 0
2.375 0
2.41666666666667 0
2.45833333333333 0
2.5 0.0416666666666667
2.5 0.0833333333333333
2.5 0.125
2.5 0.166666666666667
2.5 0.208333333333333
2.45833333333333 0.25
2.41666666666667 0.25
2.375 0.25
2.33333333333333 0.25
2.29166666666667 0.25
2.25 0.25
2.20833333333333 0.25
2.16666666666667 0.25
2.125 0.25
2.08333333333333 0.25
2.04166666666667 0.25
2 0.25
1.95833333333333 0.25
1.91666666666667 0.25
1.875 0.25
1.83333333333333 0.25
1.79166666666667 0.25
1.75 0.25
1.70833333333333 0.25
1.66666666666667 0.25
1.625 0.25
1.58333333333333 0.25
1.54166666666667 0.25
1.5 0.25
1.45833333333333 0.25
1.41666666666667 0.25
1.375 0.25
1.33333333333333 0.25
1.29166666666667 0.25
1.25 0.25
1.20833333333333 0.25
1.16666666666667 0.25
1.125 0.25
1.08333333333333 0.25
1.04166666666667 0.25
1 0.25
0.958333333333333 0.25
0.916666666666667 0.25
0.875 0.25
0.833333333333333 0.25
0.791666666666667 0.25
0.75 0.25
0.708333333333333 0.25
0.666666666666667 0.25
0.625 0.25
0.583333333333333 0.25
0.541666666666667 0.25
0.5 0.25
0.458333333333333 0.25
0.416666666666667 0.25
0.375 0.25
0.333333333333333 0.25
0.291666666666667 0.25
0.25 0.25
0.208333333333334 0.25
0.166666666666666 0.25
0.125 0.25
0.0833333333333335 0.25
0.041666666666667 0.25
0 0.208333333333333
0 0.166666666666667
0 0.125
0 0.0833333333333333
0 0.0416666666666667
0.0416666666666667 0.0416666666666667
0.0416666666666667 0.0833333333333333
0.0416666666666667 0.125
0.0416666666666667 0.166666666666667
0.0416666666666667 0.208333333333333
0.0833333333333337 0.0416666666666667
0.0833333333333337 0.0833333333333333
0.0833333333333335 0.125
0.0833333333333335 0.166666666666667
0.0833333333333337 0.208333333333333
0.125 0.0416666666666667
0.125 0.0833333333333333
0.125 0.125
0.125 0.166666666666667
0.125 0.208333333333333
0.166666666666666 0.0416666666666667
0.166666666666666 0.0833333333333333
0.166666666666666 0.125
0.166666666666666 0.166666666666667
0.166666666666666 0.208333333333333
0.208333333333333 0.0416666666666667
0.208333333333333 0.0833333333333333
0.208333333333334 0.125
0.208333333333334 0.166666666666667
0.208333333333334 0.208333333333333
0.25 0.0416666666666667
0.25 0.0833333333333333
0.25 0.125
0.25 0.166666666666667
0.25 0.208333333333333
0.291666666666667 0.0416666666666667
0.291666666666667 0.0833333333333333
0.291666666666667 0.125
0.291666666666667 0.166666666666667
0.291666666666667 0.208333333333333
0.333333333333333 0.0416666666666667
0.333333333333333 0.0833333333333333
0.333333333333333 0.125
0.333333333333333 0.166666666666667
0.333333333333333 0.208333333333333
0.375 0.0416666666666667
0.375 0.0833333333333333
0.375 0.125
0.375 0.166666666666667
0.375 0.208333333333333
0.416666666666667 0.0416666666666667
0.416666666666667 0.0833333333333333
0.416666666666667 0.125
0.416666666666667 0.166666666666667
0.416666666666667 0.208333333333333
0.458333333333333 0.0416666666666667
0.458333333333333 0.0833333333333333
0.458333333333333 0.125
0.458333333333333 0.166666666666667
0.458333333333334 0.208333333333333
0.5 0.0416666666666667
0.5 0.0833333333333333
0.5 0.125
0.5 0.166666666666667
0.5 0.208333333333333
0.541666666666667 0.0416666666666667
0.541666666666667 0.0833333333333333
0.541666666666667 0.125
0.541666666666667 0.166666666666667
0.541666666666667 0.208333333333333
0.583333333333333 0.0416666666666667
0.583333333333334 0.0833333333333333
0.583333333333333 0.125
0.583333333333334 0.166666666666667
0.583333333333333 0.208333333333333
0.625 0.0416666666666667
0.625 0.0833333333333333
0.625 0.125
0.625 0.166666666666667
0.625 0.208333333333333
0.666666666666666 0.0416666666666667
0.666666666666667 0.0833333333333333
0.666666666666667 0.125
0.666666666666667 0.166666666666667
0.666666666666667 0.208333333333333
0.708333333333333 0.0416666666666667
0.708333333333333 0.0833333333333333
0.708333333333333 0.125
0.708333333333333 0.166666666666667
0.708333333333333 0.208333333333333
0.75 0.0416666666666667
0.75 0.0833333333333333
0.75 0.125
0.75 0.166666666666667
0.75 0.208333333333333
0.791666666666667 0.0416666666666667
0.791666666666667 0.0833333333333333
0.791666666666667 0.125
0.791666666666666 0.166666666666667
0.791666666666667 0.208333333333333
0.833333333333333 0.0416666666666667
0.833333333333333 0.0833333333333333
0.833333333333333 0.125
0.833333333333333 0.166666666666667
0.833333333333333 0.208333333333333
0.875 0.0416666666666667
0.875 0.0833333333333333
0.875 0.125
0.875 0.166666666666667
0.875 0.208333333333333
0.916666666666667 0.0416666666666667
0.916666666666667 0.0833333333333333
0.916666666666667 0.125
0.916666666666667 0.166666666666667
0.916666666666667 0.208333333333333
0.958333333333333 0.0416666666666667
0.958333333333333 0.0833333333333333
0.958333333333333 0.125
0.958333333333333 0.166666666666667
0.958333333333333 0.208333333333333
1 0.0416666666666667
1 0.0833333333333333
1 0.125
1 0.166666666666667
1 0.208333333333333
1.04166666666667 0.0416666666666667
1.04166666666667 0.0833333333333333
1.04166666666667 0.125
1.04166666666667 0.166666666666667
1.04166666666667 0.208333333333333
1.08333333333333 0.0416666666666667
1.08333333333333 0.0833333333333333
1.08333333333333 0.125
1.08333333333333 0.166666666666667
1.08333333333333 0.208333333333333
1.125 0.0416666666666667
1.125 0.0833333333333333
1.125 0.125
1.125 0.166666666666667
1.125 0.208333333333333
1.16666666666667 0.0416666666666667
1.16666666666667 0.0833333333333333
1.16666666666667 0.125
1.16666666666667 0.166666666666667
1.16666666666667 0.208333333333333
1.20833333333333 0.0416666666666667
1.20833333333333 0.0833333333333333
1.20833333333333 0.125
1.20833333333333 0.166666666666667
1.20833333333333 0.208333333333333
1.25 0.0416666666666667
1.25 0.0833333333333333
1.25 0.125
1.25 0.166666666666667
1.25 0.208333333333333
1.29166666666667 0.0416666666666667
1.29166666666667 0.0833333333333333
1.29166666666667 0.125
1.29166666666667 0.166666666666667
1.29166666666667 0.208333333333333
1.33333333333333 0.0416666666666667
1.33333333333333 0.0833333333333333
1.33333333333333 0.125
1.33333333333333 0.166666666666667
1.33333333333333 0.208333333333333
1.375 0.0416666666666667
1.375 0.0833333333333333
1.375 0.125
1.375 0.166666666666667
1.375 0.208333333333333
1.41666666666667 0.0416666666666667
1.41666666666667 0.0833333333333333
1.41666666666667 0.125
1.41666666666667 0.166666666666667
1.41666666666667 0.208333333333333
1.45833333333333 0.0416666666666667
1.45833333333333 0.0833333333333333
1.45833333333333 0.125
1.45833333333333 0.166666666666667
1.45833333333333 0.208333333333333
1.5 0.0416666666666667
1.5 0.0833333333333333
1.5 0.125
1.5 0.166666666666667
1.5 0.208333333333333
1.54166666666667 0.0416666666666667
1.54166666666667 0.0833333333333333
1.54166666666667 0.125
1.54166666666667 0.166666666666667
1.54166666666667 0.208333333333333
1.58333333333333 0.0416666666666667
1.58333333333333 0.0833333333333333
1.58333333333333 0.125
1.58333333333333 0.166666666666667
1.58333333333333 0.208333333333333
1.625 0.0416666666666667
1.625 0.0833333333333333
1.625 0.125
1.625 0.166666666666667
1.625 0.208333333333333
1.66666666666667 0.0416666666666667
1.66666666666667 0.0833333333333333
1.66666666666667 0.125
1.66666666666667 0.166666666666667
1.66666666666667 0.208333333333333
1.70833333333333 0.0416666666666667
1.70833333333333 0.0833333333333333
1.70833333333333 0.125
1.70833333333333 0.166666666666667
1.70833333333333 0.208333333333333
1.75 0.0416666666666667
1.75 0.0833333333333333
1.75 0.125
1.75 0.166666666666667
1.75 0.208333333333333
1.79166666666667 0.0416666666666667
1.79166666666667 0.0833333333333333
1.79166666666667 0.125
1.79166666666667 0.166666666666667
1.79166666666667 0.208333333333333
1.83333333333333 0.0416666666666667
1.83333333333333 0.0833333333333333
1.83333333333333 0.125
1.83333333333333 0.166666666666667
1.83333333333333 0.208333333333333
1.875 0.0416666666666667
1.875 0.0833333333333333
1.875 0.125
1.875 0.166666666666667
1.875 0.208333333333333
1.91666666666667 0.0416666666666667
1.91666666666667 0.0833333333333333
1.91666666666667 0.125
1.91666666666667 0.166666666666667
1.91666666666667 0.208333333333333
1.95833333333333 0.0416666666666667
1.95833333333333 0.0833333333333333
1.95833333333333 0.125
1.95833333333333 0.166666666666667
1.95833333333333 0.208333333333333
2 0.0416666666666667
2 0.0833333333333333
2 0.125
2 0.166666666666667
2 0.208333333333333
2.04166666666667 0.0416666666666667
2.04166666666667 0.0833333333333333
2.04166666666667 0.125
2.04166666666667 0.166666666666667
2.04166666666667 0.208333333333333
2.08333333333333 0.0416666666666667
2.08333333333333 0.0833333333333333
2.08333333333333 0.125
2.08333333333333 0.166666666666667
2.08333333333333 0.208333333333333
2.125 0.0416666666666667
2.125 0.0833333333333333
2.125 0.125
2.125 0.166666666666667
2.125 0.208333333333333
2.16666666666667 0.0416666666666667
2.16666666666667 0.0833333333333333
2.16666666666667 0.125
2.16666666666667 0.166666666666667
2.16666666666667 0.208333333333333
2.20833333333333 0.0416666666666667
2.20833333333333 0.0833333333333333
2.20833333333333 0.125
2.20833333333333 0.166666666666667
2.20833333333333 0.208333333333333
2.25 0.0416666666666667
2.25 0.0833333333333333
2.25 0.125
2.25 0.166666666666667
2.25 0.208333333333333
2.29166666666667 0.0416666666666667
2.29166666666667 0.0833333333333333
2.29166666666667 0.125
2.29166666666667 0.166666666666667
2.29166666666667 0.208333333333333
2.33333333333333 0.0416666666666667
2.33333333333333 0.0833333333333333
2.33333333333333 0.125
2.33333333333333 0.166666666666667
2.33333333333333 0.208333333333333
2.375 0.0416666666666667
2.375 0.0833333333333333
2.375 0.125
2.375 0.166666666666667
2.375 0.208333333333333
2.41666666666667 0.0416666666666667
2.41666666666667 0.0833333333333333
2.41666666666667 0.125
2.41666666666667 0.166666666666667
2.41666666666667 0.208333333333333
2.45833333333333 0.0416666666666667
2.45833333333333 0.0833333333333333
2.45833333333333 0.125
2.45833333333333 0.166666666666667
2.45833333333333 0.208333333333333
