1 0.00397997006154675 0.00397997006154675 0
2 0.00397997006154675 0.0483285709124262 0
3 0.00397997006154675 0.125 0
4 0.00397997006154675 0.201671429087574 0
5 0.00397997006154675 0.246020029938453 0
6 0.0483285709124262 0.00397997006154675 0
7 0.0483285709124262 0.0483285709124262 0
8 0.0483285709124262 0.125 0
9 0.0483285709124262 0.201671429087574 0
10 0.0483285709124262 0.246020029938453 0
11 0.125 0.00397997006154675 0
12 0.125 0.0483285709124262 0
13 0.125 0.125 0
14 0.125 0.201671429087574 0
15 0.125 0.246020029938453 0
16 0.201671429087574 0.00397997006154675 0
17 0.201671429087574 0.0483285709124262 0
18 0.201671429087574 0.125 0
19 0.201671429087574 0.201671429087574 0
20 0.201671429087574 0.246020029938453 0
21 0.246020029938453 0.00397997006154675 0
22 0.246020029938453 0.0483285709124262 0
23 0.246020029938453 0.125 0
24 0.246020029938453 0.201671429087574 0
25 0.246020029938453 0.246020029938453 0
26 0.00397997006154675 0.253979970061547 0
27 0.00397997006154675 0.298328570912426 0
28 0.00397997006154675 0.375 0
29 0.00397997006154675 0.451671429087574 0
30 0.00397997006154675 0.496020029938453 0
31 0.0483285709124262 0.253979970061547 0
32 0.0483285709124262 0.298328570912426 0
33 0.0483285709124262 0.375 0
34 0.0483285709124262 0.451671429087574 0
35 0.0483285709124262 0.496020029938453 0
36 0.125 0.253979970061547 0
37 0.125 0.298328570912426 0
38 0.125 0.375 0
39 0.125 0.451671429087574 0
40 0.125 0.496020029938453 0
41 0.201671429087574 0.253979970061547 0
42 0.201671429087574 0.298328570912426 0
43 0.201671429087574 0.375 0
44 0.201671429087574 0.451671429087574 0
45 0.201671429087574 0.496020029938453 0
46 0.246020029938453 0.253979970061547 0
47 0.246020029938453 0.298328570912426 0
48 0.246020029938453 0.375 0
49 0.246020029938453 0.451671429087574 0
50 0.246020029938453 0.496020029938453 0
51 0.00397997006154675 0.503979970061547 0
52 0.00397997006154675 0.548328570912426 0
53 0.00397997006154675 0.625 0
54 0.00397997006154675 0.701671429087574 0
55 0.00397997006154675 0.746020029938453 0
56 0.0483285709124262 0.503979970061547 0
57 0.0483285709124262 0.548328570912426 0
58 0.0483285709124262 0.625 0
59 0.0483285709124262 0.701671429087574 0
60 0.0483285709124262 0.746020029938453 0
61 0.125 0.503979970061547 0
62 0.125 0.548328570912426 0
63 0.125 0.625 0
64 0.125 0.701671429087574 0
65 0.125 0.746020029938453 0
66 0.201671429087574 0.503979970061547 0
67 0.201671429087574 0.548328570912426 0
68 0.201671429087574 0.625 0
69 0.201671429087574 0.701671429087574 0
70 0.201671429087574 0.746020029938453 0
71 0.246020029938453 0.503979970061547 0
72 0.246020029938453 0.548328570912426 0
73 0.246020029938453 0.625 0
74 0.246020029938453 0.701671429087574 0
75 0.246020029938453 0.746020029938453 0
76 0.00397997006154675 0.753979970061547 0
77 0.00397997006154675 0.798328570912426 0
78 0.00397997006154675 0.875 0
79 0.00397997006154675 0.951671429087574 0
80 0.00397997006154675 0.996020029938453 0
81 0.0483285709124262 0.753979970061547 0
82 0.0483285709124262 0.798328570912426 0
83 0.0483285709124262 0.875 0
84 0.0483285709124262 0.951671429087574 0
85 0.0483285709124262 0.996020029938453 0
86 0.125 0.753979970061547 0
87 0.125 0.798328570912426 0
88 0.125 0.875 0
89 0.125 0.951671429087574 0
90 0.125 0.996020029938453 0
91 0.201671429087574 0.753979970061547 0
92 0.201671429087574 0.798328570912426 0
93 0.201671429087574 0.875 0
94 0.201671429087574 0.951671429087574 0
95 0.201671429087574 0.996020029938453 0
96 0.246020029938453 0.753979970061547 0
97 0.246020029938453 0.798328570912426 0
98 0.246020029938453 0.875 0
99 0.246020029938453 0.951671429087574 0
100 0.246020029938453 0.996020029938453 0
101 0.253979970061547 0.00397997006154675 0
102 0.253979970061547 0.0483285709124262 0
103 0.253979970061547 0.125 0
104 0.253979970061547 0.201671429087574 0
105 0.253979970061547 0.246020029938453 0
106 0.298328570912426 0.00397997006154675 0
107 0.298328570912426 0.0483285709124262 0
108 0.298328570912426 0.125 0
109 0.298328570912426 0.201671429087574 0
110 0.298328570912426 0.246020029938453 0
111 0.375 0.00397997006154675 0
112 0.375 0.0483285709124262 0
113 0.375 0.125 0
114 0.375 0.201671429087574 0
115 0.375 0.246020029938453 0
116 0.451671429087574 0.00397997006154675 0
117 0.451671429087574 0.0483285709124262 0
118 0.451671429087574 0.125 0
119 0.451671429087574 0.201671429087574 0
120 0.451671429087574 0.246020029938453 0
121 0.496020029938453 0.00397997006154675 0
122 0.496020029938453 0.0483285709124262 0
123 0.496020029938453 0.125 0
124 0.496020029938453 0.201671429087574 0
125 0.496020029938453 0.246020029938453 0
126 0.253979970061547 0.253979970061547 0
127 0.253979970061547 0.298328570912426 0
128 0.253979970061547 0.375 0
129 0.253979970061547 0.451671429087574 0
130 0.253979970061547 0.496020029938453 0
131 0.298328570912426 0.253979970061547 0
132 0.298328570912426 0.298328570912426 0
133 0.298328570912426 0.375 0
134 0.298328570912426 0.451671429087574 0
135 0.298328570912426 0.496020029938453 0
136 0.375 0.253979970061547 0
137 0.375 0.298328570912426 0
138 0.375 0.375 0
139 0.375 0.451671429087574 0
140 0.375 0.496020029938453 0
141 0.451671429087574 0.253979970061547 0
142 0.451671429087574 0.298328570912426 0
143 0.451671429087574 0.375 0
144 0.451671429087574 0.451671429087574 0
145 0.451671429087574 0.496020029938453 0
146 0.496020029938453 0.253979970061547 0
147 0.496020029938453 0.298328570912426 0
148 0.496020029938453 0.375 0
149 0.496020029938453 0.451671429087574 0
150 0.496020029938453 0.496020029938453 0
151 0.253979970061547 0.503979970061547 0
152 0.253979970061547 0.548328570912426 0
153 0.253979970061547 0.625 0
154 0.253979970061547 0.701671429087574 0
155 0.253979970061547 0.746020029938453 0
156 0.298328570912426 0.503979970061547 0
157 0.298328570912426 0.548328570912426 0
158 0.298328570912426 0.625 0
159 0.298328570912426 0.701671429087574 0
160 0.298328570912426 0.746020029938453 0
161 0.375 0.503979970061547 0
162 0.375 0.548328570912426 0
163 0.375 0.625 0
164 0.375 0.701671429087574 0
165 0.375 0.746020029938453 0
166 0.451671429087574 0.503979970061547 0
167 0.451671429087574 0.548328570912426 0
168 0.451671429087574 0.625 0
169 0.451671429087574 0.701671429087574 0
170 0.451671429087574 0.746020029938453 0
171 0.496020029938453 0.503979970061547 0
172 0.496020029938453 0.548328570912426 0
173 0.496020029938453 0.625 0
174 0.496020029938453 0.701671429087574 0
175 0.496020029938453 0.746020029938453 0
176 0.253979970061547 0.753979970061547 0
177 0.253979970061547 0.798328570912426 0
178 0.253979970061547 0.875 0
179 0.253979970061547 0.951671429087574 0
180 0.253979970061547 0.996020029938453 0
181 0.298328570912426 0.753979970061547 0
182 0.298328570912426 0.798328570912426 0
183 0.298328570912426 0.875 0
184 0.298328570912426 0.951671429087574 0
185 0.298328570912426 0.996020029938453 0
186 0.375 0.753979970061547 0
187 0.375 0.798328570912426 0
188 0.375 0.875 0
189 0.375 0.951671429087574 0
190 0.375 0.996020029938453 0
191 0.451671429087574 0.753979970061547 0
192 0.451671429087574 0.798328570912426 0
193 0.451671429087574 0.875 0
194 0.451671429087574 0.951671429087574 0
195 0.451671429087574 0.996020029938453 0
196 0.496020029938453 0.753979970061547 0
197 0.496020029938453 0.798328570912426 0
198 0.496020029938453 0.875 0
199 0.496020029938453 0.951671429087574 0
200 0.496020029938453 0.996020029938453 0
201 0.503979970061547 0.00397997006154675 0
202 0.503979970061547 0.0483285709124262 0
203 0.503979970061547 0.125 0
204 0.503979970061547 0.201671429087574 0
205 0.503979970061547 0.246020029938453 0
206 0.548328570912426 0.00397997006154675 0
207 0.548328570912426 0.0483285709124262 0
208 0.548328570912426 0.125 0
209 0.548328570912426 0.201671429087574 0
210 0.548328570912426 0.246020029938453 0
211 0.625 0.00397997006154675 0
212 0.625 0.0483285709124262 0
213 0.625 0.125 0
214 0.625 0.201671429087574 0
215 0.625 0.246020029938453 0
216 0.701671429087574 0.00397997006154675 0
217 0.701671429087574 0.0483285709124262 0
218 0.701671429087574 0.125 0
219 0.701671429087574 0.201671429087574 0
220 0.701671429087574 0.246020029938453 0
221 0.746020029938453 0.00397997006154675 0
222 0.746020029938453 0.0483285709124262 0
223 0.746020029938453 0.125 0
224 0.746020029938453 0.201671429087574 0
225 0.746020029938453 0.246020029938453 0
226 0.503979970061547 0.253979970061547 0
227 0.503979970061547 0.298328570912426 0
228 0.503979970061547 0.375 0
229 0.503979970061547 0.451671429087574 0
230 0.503979970061547 0.496020029938453 0
231 0.548328570912426 0.253979970061547 0
232 0.548328570912426 0.298328570912426 0
233 0.548328570912426 0.375 0
234 0.548328570912426 0.451671429087574 0
235 0.548328570912426 0.496020029938453 0
236 0.625 0.253979970061547 0
237 0.625 0.298328570912426 0
238 0.625 0.375 0
239 0.625 0.451671429087574 0
240 0.625 0.496020029938453 0
241 0.701671429087574 0.253979970061547 0
242 0.701671429087574 0.298328570912426 0
243 0.701671429087574 0.375 0
244 0.701671429087574 0.451671429087574 0
245 0.701671429087574 0.496020029938453 0
246 0.746020029938453 0.253979970061547 0
247 0.746020029938453 0.298328570912426 0
248 0.746020029938453 0.375 0
249 0.746020029938453 0.451671429087574 0
250 0.746020029938453 0.496020029938453 0
251 0.503979970061547 0.503979970061547 0
252 0.503979970061547 0.548328570912426 0
253 0.503979970061547 0.625 0
254 0.503979970061547 0.701671429087574 0
255 0.503979970061547 0.746020029938453 0
256 0.548328570912426 0.503979970061547 0
257 0.548328570912426 0.548328570912426 0
258 0.548328570912426 0.625 0
259 0.548328570912426 0.701671429087574 0
260 0.548328570912426 0.746020029938453 0
261 0.625 0.503979970061547 0
262 0.625 0.548328570912426 0
263 0.625 0.625 0
264 0.625 0.701671429087574 0
265 0.625 0.746020029938453 0
266 0.701671429087574 0.503979970061547 0
267 0.701671429087574 0.548328570912426 0
268 0.701671429087574 0.625 0
269 0.701671429087574 0.701671429087574 0
270 0.701671429087574 0.746020029938453 0
271 0.746020029938453 0.503979970061547 0
272 0.746020029938453 0.548328570912426 0
273 0.746020029938453 0.625 0
274 0.746020029938453 0.701671429087574 0
275 0.746020029938453 0.746020029938453 0
276 0.503979970061547 0.753979970061547 0
277 0.503979970061547 0.798328570912426 0
278 0.503979970061547 0.875 0
279 0.503979970061547 0.951671429087574 0
280 0.503979970061547 0.996020029938453 0
281 0.548328570912426 0.753979970061547 0
282 0.548328570912426 0.798328570912426 0
283 0.548328570912426 0.875 0
284 0.548328570912426 0.951671429087574 0
285 0.548328570912426 0.996020029938453 0
286 0.625 0.753979970061547 0
287 0.625 0.798328570912426 0
288 0.625 0.875 0
289 0.625 0.951671429087574 0
290 0.625 0.996020029938453 0
291 0.701671429087574 0.753979970061547 0
292 0.701671429087574 0.798328570912426 0
293 0.701671429087574 0.875 0
294 0.701671429087574 0.951671429087574 0
295 0.701671429087574 0.996020029938453 0
296 0.746020029938453 0.753979970061547 0
297 0.746020029938453 0.798328570912426 0
298 0.746020029938453 0.875 0
299 0.746020029938453 0.951671429087574 0
300 0.746020029938453 0.996020029938453 0
301 0.753979970061547 0.00397997006154675 0
302 0.753979970061547 0.0483285709124262 0
303 0.753979970061547 0.125 0
304 0.753979970061547 0.201671429087574 0
305 0.753979970061547 0.246020029938453 0
306 0.798328570912426 0.00397997006154675 0
307 0.798328570912426 0.0483285709124262 0
308 0.798328570912426 0.125 0
309 0.798328570912426 0.201671429087574 0
310 0.798328570912426 0.246020029938453 0
311 0.875 0.00397997006154675 0
312 0.875 0.0483285709124262 0
313 0.875 0.125 0
314 0.875 0.201671429087574 0
315 0.875 0.246020029938453 0
316 0.951671429087574 0.00397997006154675 0
317 0.951671429087574 0.0483285709124262 0
318 0.951671429087574 0.125 0
319 0.951671429087574 0.201671429087574 0
320 0.951671429087574 0.246020029938453 0
321 0.996020029938453 0.00397997006154675 0
322 0.996020029938453 0.0483285709124262 0
323 0.996020029938453 0.125 0
324 0.996020029938453 0.201671429087574 0
325 0.996020029938453 0.246020029938453 0
326 0.753979970061547 0.253979970061547 0
327 0.753979970061547 0.298328570912426 0
328 0.753979970061547 0.375 0
329 0.753979970061547 0.451671429087574 0
330 0.753979970061547 0.496020029938453 0
331 0.798328570912426 0.253979970061547 0
332 0.798328570912426 0.298328570912426 0
333 0.798328570912426 0.375 0
334 0.798328570912426 0.451671429087574 0
335 0.798328570912426 0.496020029938453 0
336 0.875 0.253979970061547 0
337 0.875 0.298328570912426 0
338 0.875 0.375 0
339 0.875 0.451671429087574 0
340 0.875 0.496020029938453 0
341 0.951671429087574 0.253979970061547 0
342 0.951671429087574 0.298328570912426 0
343 0.951671429087574 0.375 0
344 0.951671429087574 0.451671429087574 0
345 0.951671429087574 0.496020029938453 0
346 0.996020029938453 0.253979970061547 0
347 0.996020029938453 0.298328570912426 0
348 0.996020029938453 0.375 0
349 0.996020029938453 0.451671429087574 0
350 0.996020029938453 0.496020029938453 0
351 0.753979970061547 0.503979970061547 0
352 0.753979970061547 0.548328570912426 0
353 0.753979970061547 0.625 0
354 0.753979970061547 0.701671429087574 0
355 0.753979970061547 0.746020029938453 0
356 0.798328570912426 0.503979970061547 0
357 0.798328570912426 0.548328570912426 0
358 0.798328570912426 0.625 0
359 0.798328570912426 0.701671429087574 0
360 0.798328570912426 0.746020029938453 0
361 0.875 0.503979970061547 0
362 0.875 0.548328570912426 0
363 0.875 0.625 0
364 0.875 0.701671429087574 0
365 0.875 0.746020029938453 0
366 0.951671429087574 0.503979970061547 0
367 0.951671429087574 0.548328570912426 0
368 0.951671429087574 0.625 0
369 0.951671429087574 0.701671429087574 0
370 0.951671429087574 0.746020029938453 0
371 0.996020029938453 0.503979970061547 0
372 0.996020029938453 0.548328570912426 0
373 0.996020029938453 0.625 0
374 0.996020029938453 0.701671429087574 0
375 0.996020029938453 0.746020029938453 0
376 0.753979970061547 0.753979970061547 0
377 0.753979970061547 0.798328570912426 0
378 0.753979970061547 0.875 0
379 0.753979970061547 0.951671429087574 0
380 0.753979970061547 0.996020029938453 0
381 0.798328570912426 0.753979970061547 0
382 0.798328570912426 0.798328570912426 0
383 0.798328570912426 0.875 0
384 0.798328570912426 0.951671429087574 0
385 0.798328570912426 0.996020029938453 0
386 0.875 0.753979970061547 0
387 0.875 0.798328570912426 0
388 0.875 0.875 0
389 0.875 0.951671429087574 0
390 0.875 0.996020029938453 0
391 0.951671429087574 0.753979970061547 0
392 0.951671429087574 0.798328570912426 0
393 0.951671429087574 0.875 0
394 0.951671429087574 0.951671429087574 0
395 0.951671429087574 0.996020029938453 0
396 0.996020029938453 0.753979970061547 0
397 0.996020029938453 0.798328570912426 0
398 0.996020029938453 0.875 0
399 0.996020029938453 0.951671429087574 0
400 0.996020029938453 0.996020029938453 0
401 1.00397997006155 0.00397997006154675 0
402 1.00397997006155 0.0483285709124262 0
403 1.00397997006155 0.125 0
404 1.00397997006155 0.201671429087574 0
405 1.00397997006155 0.246020029938453 0
406 1.04832857091243 0.00397997006154675 0
407 1.04832857091243 0.0483285709124262 0
408 1.04832857091243 0.125 0
409 1.04832857091243 0.201671429087574 0
410 1.04832857091243 0.246020029938453 0
411 1.125 0.00397997006154675 0
412 1.125 0.0483285709124262 0
413 1.125 0.125 0
414 1.125 0.201671429087574 0
415 1.125 0.246020029938453 0
416 1.20167142908757 0.00397997006154675 0
417 1.20167142908757 0.0483285709124262 0
418 1.20167142908757 0.125 0
419 1.20167142908757 0.201671429087574 0
420 1.20167142908757 0.246020029938453 0
421 1.24602002993845 0.00397997006154675 0
422 1.24602002993845 0.0483285709124262 0
423 1.24602002993845 0.125 0
424 1.24602002993845 0.201671429087574 0
425 1.24602002993845 0.246020029938453 0
426 1.00397997006155 0.253979970061547 0
427 1.00397997006155 0.298328570912426 0
428 1.00397997006155 0.375 0
429 1.00397997006155 0.451671429087574 0
430 1.00397997006155 0.496020029938453 0
431 1.04832857091243 0.253979970061547 0
432 1.04832857091243 0.298328570912426 0
433 1.04832857091243 0.375 0
434 1.04832857091243 0.451671429087574 0
435 1.04832857091243 0.496020029938453 0
436 1.125 0.253979970061547 0
437 1.125 0.298328570912426 0
438 1.125 0.375 0
439 1.125 0.451671429087574 0
440 1.125 0.496020029938453 0
441 1.20167142908757 0.253979970061547 0
442 1.20167142908757 0.298328570912426 0
443 1.20167142908757 0.375 0
444 1.20167142908757 0.451671429087574 0
445 1.20167142908757 0.496020029938453 0
446 1.24602002993845 0.253979970061547 0
447 1.24602002993845 0.298328570912426 0
448 1.24602002993845 0.375 0
449 1.24602002993845 0.451671429087574 0
450 1.24602002993845 0.496020029938453 0
451 1.00397997006155 0.503979970061547 0
452 1.00397997006155 0.548328570912426 0
453 1.00397997006155 0.625 0
454 1.00397997006155 0.701671429087574 0
455 1.00397997006155 0.746020029938453 0
456 1.04832857091243 0.503979970061547 0
457 1.04832857091243 0.548328570912426 0
458 1.04832857091243 0.625 0
459 1.04832857091243 0.701671429087574 0
460 1.04832857091243 0.746020029938453 0
461 1.125 0.503979970061547 0
462 1.125 0.548328570912426 0
463 1.125 0.625 0
464 1.125 0.701671429087574 0
465 1.125 0.746020029938453 0
466 1.20167142908757 0.503979970061547 0
467 1.20167142908757 0.548328570912426 0
468 1.20167142908757 0.625 0
469 1.20167142908757 0.701671429087574 0
470 1.20167142908757 0.746020029938453 0
471 1.24602002993845 0.503979970061547 0
472 1.24602002993845 0.548328570912426 0
473 1.24602002993845 0.625 0
474 1.24602002993845 0.701671429087574 0
475 1.24602002993845 0.746020029938453 0
476 1.00397997006155 0.753979970061547 0
477 1.00397997006155 0.798328570912426 0
478 1.00397997006155 0.875 0
479 1.00397997006155 0.951671429087574 0
480 1.00397997006155 0.996020029938453 0
481 1.04832857091243 0.753979970061547 0
482 1.04832857091243 0.798328570912426 0
483 1.04832857091243 0.875 0
484 1.04832857091243 0.951671429087574 0
485 1.04832857091243 0.996020029938453 0
486 1.125 0.753979970061547 0
487 1.125 0.798328570912426 0
488 1.125 0.875 0
489 1.125 0.951671429087574 0
490 1.125 0.996020029938453 0
491 1.20167142908757 0.753979970061547 0
492 1.20167142908757 0.798328570912426 0
493 1.20167142908757 0.875 0
494 1.20167142908757 0.951671429087574 0
495 1.20167142908757 0.996020029938453 0
496 1.24602002993845 0.753979970061547 0
497 1.24602002993845 0.798328570912426 0
498 1.24602002993845 0.875 0
499 1.24602002993845 0.951671429087574 0
500 1.24602002993845 0.996020029938453 0
501 1.25397997006155 0.00397997006154675 0
502 1.25397997006155 0.0483285709124262 0
503 1.25397997006155 0.125 0
504 1.25397997006155 0.201671429087574 0
505 1.25397997006155 0.246020029938453 0
506 1.29832857091243 0.00397997006154675 0
507 1.29832857091243 0.0483285709124262 0
508 1.29832857091243 0.125 0
509 1.29832857091243 0.201671429087574 0
510 1.29832857091243 0.246020029938453 0
511 1.375 0.00397997006154675 0
512 1.375 0.0483285709124262 0
513 1.375 0.125 0
514 1.375 0.201671429087574 0
515 1.375 0.246020029938453 0
516 1.45167142908757 0.00397997006154675 0
517 1.45167142908757 0.0483285709124262 0
518 1.45167142908757 0.125 0
519 1.45167142908757 0.201671429087574 0
520 1.45167142908757 0.246020029938453 0
521 1.49602002993845 0.00397997006154675 0
522 1.49602002993845 0.0483285709124262 0
523 1.49602002993845 0.125 0
524 1.49602002993845 0.201671429087574 0
525 1.49602002993845 0.246020029938453 0
526 1.25397997006155 0.253979970061547 0
527 1.25397997006155 0.298328570912426 0
528 1.25397997006155 0.375 0
529 1.25397997006155 0.451671429087574 0
530 1.25397997006155 0.496020029938453 0
531 1.29832857091243 0.253979970061547 0
532 1.29832857091243 0.298328570912426 0
533 1.29832857091243 0.375 0
534 1.29832857091243 0.451671429087574 0
535 1.29832857091243 0.496020029938453 0
536 1.375 0.253979970061547 0
537 1.375 0.298328570912426 0
538 1.375 0.375 0
539 1.375 0.451671429087574 0
540 1.375 0.496020029938453 0
541 1.45167142908757 0.253979970061547 0
542 1.45167142908757 0.298328570912426 0
543 1.45167142908757 0.375 0
544 1.45167142908757 0.451671429087574 0
545 1.45167142908757 0.496020029938453 0
546 1.49602002993845 0.253979970061547 0
547 1.49602002993845 0.298328570912426 0
548 1.49602002993845 0.375 0
549 1.49602002993845 0.451671429087574 0
550 1.49602002993845 0.496020029938453 0
551 1.25397997006155 0.503979970061547 0
552 1.25397997006155 0.548328570912426 0
553 1.25397997006155 0.625 0
554 1.25397997006155 0.701671429087574 0
555 1.25397997006155 0.746020029938453 0
556 1.29832857091243 0.503979970061547 0
557 1.29832857091243 0.548328570912426 0
558 1.29832857091243 0.625 0
559 1.29832857091243 0.701671429087574 0
560 1.29832857091243 0.746020029938453 0
561 1.375 0.503979970061547 0
562 1.375 0.548328570912426 0
563 1.375 0.625 0
564 1.375 0.701671429087574 0
565 1.375 0.746020029938453 0
566 1.45167142908757 0.503979970061547 0
567 1.45167142908757 0.548328570912426 0
568 1.45167142908757 0.625 0
569 1.45167142908757 0.701671429087574 0
570 1.45167142908757 0.746020029938453 0
571 1.49602002993845 0.503979970061547 0
572 1.49602002993845 0.548328570912426 0
573 1.49602002993845 0.625 0
574 1.49602002993845 0.701671429087574 0
575 1.49602002993845 0.746020029938453 0
576 1.25397997006155 0.753979970061547 0
577 1.25397997006155 0.798328570912426 0
578 1.25397997006155 0.875 0
579 1.25397997006155 0.951671429087574 0
580 1.25397997006155 0.996020029938453 0
581 1.29832857091243 0.753979970061547 0
582 1.29832857091243 0.798328570912426 0
583 1.29832857091243 0.875 0
584 1.29832857091243 0.951671429087574 0
585 1.29832857091243 0.996020029938453 0
586 1.375 0.753979970061547 0
587 1.375 0.798328570912426 0
588 1.375 0.875 0
589 1.375 0.951671429087574 0
590 1.375 0.996020029938453 0
591 1.45167142908757 0.753979970061547 0
592 1.45167142908757 0.798328570912426 0
593 1.45167142908757 0.875 0
594 1.45167142908757 0.951671429087574 0
595 1.45167142908757 0.996020029938453 0
596 1.49602002993845 0.753979970061547 0
597 1.49602002993845 0.798328570912426 0
598 1.49602002993845 0.875 0
599 1.49602002993845 0.951671429087574 0
600 1.49602002993845 0.996020029938453 0
601 1.50397997006155 0.00397997006154675 0
602 1.50397997006155 0.0483285709124262 0
603 1.50397997006155 0.125 0
604 1.50397997006155 0.201671429087574 0
605 1.50397997006155 0.246020029938453 0
606 1.54832857091243 0.00397997006154675 0
607 1.54832857091243 0.0483285709124262 0
608 1.54832857091243 0.125 0
609 1.54832857091243 0.201671429087574 0
610 1.54832857091243 0.246020029938453 0
611 1.625 0.00397997006154675 0
612 1.625 0.0483285709124262 0
613 1.625 0.125 0
614 1.625 0.201671429087574 0
615 1.625 0.246020029938453 0
616 1.70167142908757 0.00397997006154675 0
617 1.70167142908757 0.0483285709124262 0
618 1.70167142908757 0.125 0
619 1.70167142908757 0.201671429087574 0
620 1.70167142908757 0.246020029938453 0
621 1.74602002993845 0.00397997006154675 0
622 1.74602002993845 0.0483285709124262 0
623 1.74602002993845 0.125 0
624 1.74602002993845 0.201671429087574 0
625 1.74602002993845 0.246020029938453 0
626 1.50397997006155 0.253979970061547 0
627 1.50397997006155 0.298328570912426 0
628 1.50397997006155 0.375 0
629 1.50397997006155 0.451671429087574 0
630 1.50397997006155 0.496020029938453 0
631 1.54832857091243 0.253979970061547 0
632 1.54832857091243 0.298328570912426 0
633 1.54832857091243 0.375 0
634 1.54832857091243 0.451671429087574 0
635 1.54832857091243 0.496020029938453 0
636 1.625 0.253979970061547 0
637 1.625 0.298328570912426 0
638 1.625 0.375 0
639 1.625 0.451671429087574 0
640 1.625 0.496020029938453 0
641 1.70167142908757 0.253979970061547 0
642 1.70167142908757 0.298328570912426 0
643 1.70167142908757 0.375 0
644 1.70167142908757 0.451671429087574 0
645 1.70167142908757 0.496020029938453 0
646 1.74602002993845 0.253979970061547 0
647 1.74602002993845 0.298328570912426 0
648 1.74602002993845 0.375 0
649 1.74602002993845 0.451671429087574 0
650 1.74602002993845 0.496020029938453 0
651 1.50397997006155 0.503979970061547 0
652 1.50397997006155 0.548328570912426 0
653 1.50397997006155 0.625 0
654 1.50397997006155 0.701671429087574 0
655 1.50397997006155 0.746020029938453 0
656 1.54832857091243 0.503979970061547 0
657 1.54832857091243 0.548328570912426 0
658 1.54832857091243 0.625 0
659 1.54832857091243 0.701671429087574 0
660 1.54832857091243 0.746020029938453 0
661 1.625 0.503979970061547 0
662 1.625 0.548328570912426 0
663 1.625 0.625 0
664 1.625 0.701671429087574 0
665 1.625 0.746020029938453 0
666 1.70167142908757 0.503979970061547 0
667 1.70167142908757 0.548328570912426 0
668 1.70167142908757 0.625 0
669 1.70167142908757 0.701671429087574 0
670 1.70167142908757 0.746020029938453 0
671 1.74602002993845 0.503979970061547 0
672 1.74602002993845 0.548328570912426 0
673 1.74602002993845 0.625 0
674 1.74602002993845 0.701671429087574 0
675 1.74602002993845 0.746020029938453 0
676 1.50397997006155 0.753979970061547 0
677 1.50397997006155 0.798328570912426 0
678 1.50397997006155 0.875 0
679 1.50397997006155 0.951671429087574 0
680 1.50397997006155 0.996020029938453 0
681 1.54832857091243 0.753979970061547 0
682 1.54832857091243 0.798328570912426 0
683 1.54832857091243 0.875 0
684 1.54832857091243 0.951671429087574 0
685 1.54832857091243 0.996020029938453 0
686 1.625 0.753979970061547 0
687 1.625 0.798328570912426 0
688 1.625 0.875 0
689 1.625 0.951671429087574 0
690 1.625 0.996020029938453 0
691 1.70167142908757 0.753979970061547 0
692 1.70167142908757 0.798328570912426 0
693 1.70167142908757 0.875 0
694 1.70167142908757 0.951671429087574 0
695 1.70167142908757 0.996020029938453 0
696 1.74602002993845 0.753979970061547 0
697 1.74602002993845 0.798328570912426 0
698 1.74602002993845 0.875 0
699 1.74602002993845 0.951671429087574 0
700 1.74602002993845 0.996020029938453 0
701 1.75397997006155 0.00397997006154675 0
702 1.75397997006155 0.0483285709124262 0
703 1.75397997006155 0.125 0
704 1.75397997006155 0.201671429087574 0
705 1.75397997006155 0.246020029938453 0
706 1.79832857091243 0.00397997006154675 0
707 1.79832857091243 0.0483285709124262 0
708 1.79832857091243 0.125 0
709 1.79832857091243 0.201671429087574 0
710 1.79832857091243 0.246020029938453 0
711 1.875 0.00397997006154675 0
712 1.875 0.0483285709124262 0
713 1.875 0.125 0
714 1.875 0.201671429087574 0
715 1.875 0.246020029938453 0
716 1.95167142908757 0.00397997006154675 0
717 1.95167142908757 0.0483285709124262 0
718 1.95167142908757 0.125 0
719 1.95167142908757 0.201671429087574 0
720 1.95167142908757 0.246020029938453 0
721 1.99602002993845 0.00397997006154675 0
722 1.99602002993845 0.0483285709124262 0
723 1.99602002993845 0.125 0
724 1.99602002993845 0.201671429087574 0
725 1.99602002993845 0.246020029938453 0
726 1.75397997006155 0.253979970061547 0
727 1.75397997006155 0.298328570912426 0
728 1.75397997006155 0.375 0
729 1.75397997006155 0.451671429087574 0
730 1.75397997006155 0.496020029938453 0
731 1.79832857091243 0.253979970061547 0
732 1.79832857091243 0.298328570912426 0
733 1.79832857091243 0.375 0
734 1.79832857091243 0.451671429087574 0
735 1.79832857091243 0.496020029938453 0
736 1.875 0.253979970061547 0
737 1.875 0.298328570912426 0
738 1.875 0.375 0
739 1.875 0.451671429087574 0
740 1.875 0.496020029938453 0
741 1.95167142908757 0.253979970061547 0
742 1.95167142908757 0.298328570912426 0
743 1.95167142908757 0.375 0
744 1.95167142908757 0.451671429087574 0
745 1.95167142908757 0.496020029938453 0
746 1.99602002993845 0.253979970061547 0
747 1.99602002993845 0.298328570912426 0
748 1.99602002993845 0.375 0
749 1.99602002993845 0.451671429087574 0
750 1.99602002993845 0.496020029938453 0
751 1.75397997006155 0.503979970061547 0
752 1.75397997006155 0.548328570912426 0
753 1.75397997006155 0.625 0
754 1.75397997006155 0.701671429087574 0
755 1.75397997006155 0.746020029938453 0
756 1.79832857091243 0.503979970061547 0
757 1.79832857091243 0.548328570912426 0
758 1.79832857091243 0.625 0
759 1.79832857091243 0.701671429087574 0
760 1.79832857091243 0.746020029938453 0
761 1.875 0.503979970061547 0
762 1.875 0.548328570912426 0
763 1.875 0.625 0
764 1.875 0.701671429087574 0
765 1.875 0.746020029938453 0
766 1.95167142908757 0.503979970061547 0
767 1.95167142908757 0.548328570912426 0
768 1.95167142908757 0.625 0
769 1.95167142908757 0.701671429087574 0
770 1.95167142908757 0.746020029938453 0
771 1.99602002993845 0.503979970061547 0
772 1.99602002993845 0.548328570912426 0
773 1.99602002993845 0.625 0
774 1.99602002993845 0.701671429087574 0
775 1.99602002993845 0.746020029938453 0
776 1.75397997006155 0.753979970061547 0
777 1.75397997006155 0.798328570912426 0
778 1.75397997006155 0.875 0
779 1.75397997006155 0.951671429087574 0
780 1.75397997006155 0.996020029938453 0
781 1.79832857091243 0.753979970061547 0
782 1.79832857091243 0.798328570912426 0
783 1.79832857091243 0.875 0
784 1.79832857091243 0.951671429087574 0
785 1.79832857091243 0.996020029938453 0
786 1.875 0.753979970061547 0
787 1.875 0.798328570912426 0
788 1.875 0.875 0
789 1.875 0.951671429087574 0
790 1.875 0.996020029938453 0
791 1.95167142908757 0.753979970061547 0
792 1.95167142908757 0.798328570912426 0
793 1.95167142908757 0.875 0
794 1.95167142908757 0.951671429087574 0
795 1.95167142908757 0.996020029938453 0
796 1.99602002993845 0.753979970061547 0
797 1.99602002993845 0.798328570912426 0
798 1.99602002993845 0.875 0
799 1.99602002993845 0.951671429087574 0
800 1.99602002993845 0.996020029938453 0
801 2.00397997006155 0.00397997006154675 0
802 2.00397997006155 0.0483285709124262 0
803 2.00397997006155 0.125 0
804 2.00397997006155 0.201671429087574 0
805 2.00397997006155 0.246020029938453 0
806 2.04832857091243 0.00397997006154675 0
807 2.04832857091243 0.0483285709124262 0
808 2.04832857091243 0.125 0
809 2.04832857091243 0.201671429087574 0
810 2.04832857091243 0.246020029938453 0
811 2.125 0.00397997006154675 0
812 2.125 0.0483285709124262 0
813 2.125 0.125 0
814 2.125 0.201671429087574 0
815 2.125 0.246020029938453 0
816 2.20167142908757 0.00397997006154675 0
817 2.20167142908757 0.0483285709124262 0
818 2.20167142908757 0.125 0
819 2.20167142908757 0.201671429087574 0
820 2.20167142908757 0.246020029938453 0
821 2.24602002993845 0.00397997006154675 0
822 2.24602002993845 0.0483285709124262 0
823 2.24602002993845 0.125 0
824 2.24602002993845 0.201671429087574 0
825 2.24602002993845 0.246020029938453 0
826 2.00397997006155 0.253979970061547 0
827 2.00397997006155 0.298328570912426 0
828 2.00397997006155 0.375 0
829 2.00397997006155 0.451671429087574 0
830 2.00397997006155 0.496020029938453 0
831 2.04832857091243 0.253979970061547 0
832 2.04832857091243 0.298328570912426 0
833 2.04832857091243 0.375 0
834 2.04832857091243 0.451671429087574 0
835 2.04832857091243 0.496020029938453 0
836 2.125 0.253979970061547 0
837 2.125 0.298328570912426 0
838 2.125 0.375 0
839 2.125 0.451671429087574 0
840 2.125 0.496020029938453 0
841 2.20167142908757 0.253979970061547 0
842 2.20167142908757 0.298328570912426 0
843 2.20167142908757 0.375 0
844 2.20167142908757 0.451671429087574 0
845 2.20167142908757 0.496020029938453 0
846 2.24602002993845 0.253979970061547 0
847 2.24602002993845 0.298328570912426 0
848 2.24602002993845 0.375 0
849 2.24602002993845 0.451671429087574 0
850 2.24602002993845 0.496020029938453 0
851 2.00397997006155 0.503979970061547 0
852 2.00397997006155 0.548328570912426 0
853 2.00397997006155 0.625 0
854 2.00397997006155 0.701671429087574 0
855 2.00397997006155 0.746020029938453 0
856 2.04832857091243 0.503979970061547 0
857 2.04832857091243 0.548328570912426 0
858 2.04832857091243 0.625 0
859 2.04832857091243 0.701671429087574 0
860 2.04832857091243 0.746020029938453 0
861 2.125 0.503979970061547 0
862 2.125 0.548328570912426 0
863 2.125 0.625 0
864 2.125 0.701671429087574 0
865 2.125 0.746020029938453 0
866 2.20167142908757 0.503979970061547 0
867 2.20167142908757 0.548328570912426 0
868 2.20167142908757 0.625 0
869 2.20167142908757 0.701671429087574 0
870 2.20167142908757 0.746020029938453 0
871 2.24602002993845 0.503979970061547 0
872 2.24602002993845 0.548328570912426 0
873 2.24602002993845 0.625 0
874 2.24602002993845 0.701671429087574 0
875 2.24602002993845 0.746020029938453 0
876 2.00397997006155 0.753979970061547 0
877 2.00397997006155 0.798328570912426 0
878 2.00397997006155 0.875 0
879 2.00397997006155 0.951671429087574 0
880 2.00397997006155 0.996020029938453 0
881 2.04832857091243 0.753979970061547 0
882 2.04832857091243 0.798328570912426 0
883 2.04832857091243 0.875 0
884 2.04832857091243 0.951671429087574 0
885 2.04832857091243 0.996020029938453 0
886 2.125 0.753979970061547 0
887 2.125 0.798328570912426 0
888 2.125 0.875 0
889 2.125 0.951671429087574 0
890 2.125 0.996020029938453 0
891 2.20167142908757 0.753979970061547 0
892 2.20167142908757 0.798328570912426 0
893 2.20167142908757 0.875 0
894 2.20167142908757 0.951671429087574 0
895 2.20167142908757 0.996020029938453 0
896 2.24602002993845 0.753979970061547 0
897 2.24602002993845 0.798328570912426 0
898 2.24602002993845 0.875 0
899 2.24602002993845 0.951671429087574 0
900 2.24602002993845 0.996020029938453 0
901 2.25397997006155 0.00397997006154675 0
902 2.25397997006155 0.0483285709124262 0
903 2.25397997006155 0.125 0
904 2.25397997006155 0.201671429087574 0
905 2.25397997006155 0.246020029938453 0
906 2.29832857091243 0.00397997006154675 0
907 2.29832857091243 0.0483285709124262 0
908 2.29832857091243 0.125 0
909 2.29832857091243 0.201671429087574 0
910 2.29832857091243 0.246020029938453 0
911 2.375 0.00397997006154675 0
912 2.375 0.0483285709124262 0
913 2.375 0.125 0
914 2.375 0.201671429087574 0
915 2.375 0.246020029938453 0
916 2.45167142908757 0.00397997006154675 0
917 2.45167142908757 0.0483285709124262 0
918 2.45167142908757 0.125 0
919 2.45167142908757 0.201671429087574 0
920 2.45167142908757 0.246020029938453 0
921 2.49602002993845 0.00397997006154675 0
922 2.49602002993845 0.0483285709124262 0
923 2.49602002993845 0.125 0
924 2.49602002993845 0.201671429087574 0
925 2.49602002993845 0.246020029938453 0
926 2.25397997006155 0.253979970061547 0
927 2.25397997006155 0.298328570912426 0
928 2.25397997006155 0.375 0
929 2.25397997006155 0.451671429087574 0
930 2.25397997006155 0.496020029938453 0
931 2.29832857091243 0.253979970061547 0
932 2.29832857091243 0.298328570912426 0
933 2.29832857091243 0.375 0
934 2.29832857091243 0.451671429087574 0
935 2.29832857091243 0.496020029938453 0
936 2.375 0.253979970061547 0
937 2.375 0.298328570912426 0
938 2.375 0.375 0
939 2.375 0.451671429087574 0
940 2.375 0.496020029938453 0
941 2.45167142908757 0.253979970061547 0
942 2.45167142908757 0.298328570912426 0
943 2.45167142908757 0.375 0
944 2.45167142908757 0.451671429087574 0
945 2.45167142908757 0.496020029938453 0
946 2.49602002993845 0.253979970061547 0
947 2.49602002993845 0.298328570912426 0
948 2.49602002993845 0.375 0
949 2.49602002993845 0.451671429087574 0
950 2.49602002993845 0.496020029938453 0
951 2.25397997006155 0.503979970061547 0
952 2.25397997006155 0.548328570912426 0
953 2.25397997006155 0.625 0
954 2.25397997006155 0.701671429087574 0
955 2.25397997006155 0.746020029938453 0
956 2.29832857091243 0.503979970061547 0
957 2.29832857091243 0.548328570912426 0
958 2.29832857091243 0.625 0
959 2.29832857091243 0.701671429087574 0
960 2.29832857091243 0.746020029938453 0
961 2.375 0.503979970061547 0
962 2.375 0.548328570912426 0
963 2.375 0.625 0
964 2.375 0.701671429087574 0
965 2.375 0.746020029938453 0
966 2.45167142908757 0.503979970061547 0
967 2.45167142908757 0.548328570912426 0
968 2.45167142908757 0.625 0
969 2.45167142908757 0.701671429087574 0
970 2.45167142908757 0.746020029938453 0
971 2.49602002993845 0.503979970061547 0
972 2.49602002993845 0.548328570912426 0
973 2.49602002993845 0.625 0
974 2.49602002993845 0.701671429087574 0
975 2.49602002993845 0.746020029938453 0
976 2.25397997006155 0.753979970061547 0
977 2.25397997006155 0.798328570912426 0
978 2.25397997006155 0.875 0
979 2.25397997006155 0.951671429087574 0
980 2.25397997006155 0.996020029938453 0
981 2.29832857091243 0.753979970061547 0
982 2.29832857091243 0.798328570912426 0
983 2.29832857091243 0.875 0
984 2.29832857091243 0.951671429087574 0
985 2.29832857091243 0.996020029938453 0
986 2.375 0.753979970061547 0
987 2.375 0.798328570912426 0
988 2.375 0.875 0
989 2.375 0.951671429087574 0
990 2.375 0.996020029938453 0
991 2.45167142908757 0.753979970061547 0
992 2.45167142908757 0.798328570912426 0
993 2.45167142908757 0.875 0
994 2.45167142908757 0.951671429087574 0
995 2.45167142908757 0.996020029938453 0
996 2.49602002993845 0.753979970061547 0
997 2.49602002993845 0.798328570912426 0
998 2.49602002993845 0.875 0
999 2.49602002993845 0.951671429087574 0
1000 2.49602002993845 0.996020029938453 0
1001 2.50397997006155 0.00397997006154675 0
1002 2.50397997006155 0.0483285709124262 0
1003 2.50397997006155 0.125 0
1004 2.50397997006155 0.201671429087574 0
1005 2.50397997006155 0.246020029938453 0
1006 2.54832857091243 0.00397997006154675 0
1007 2.54832857091243 0.0483285709124262 0
1008 2.54832857091243 0.125 0
1009 2.54832857091243 0.201671429087574 0
1010 2.54832857091243 0.246020029938453 0
1011 2.625 0.00397997006154675 0
1012 2.625 0.0483285709124262 0
1013 2.625 0.125 0
1014 2.625 0.201671429087574 0
1015 2.625 0.246020029938453 0
1016 2.70167142908757 0.00397997006154675 0
1017 2.70167142908757 0.0483285709124262 0
1018 2.70167142908757 0.125 0
1019 2.70167142908757 0.201671429087574 0
1020 2.70167142908757 0.246020029938453 0
1021 2.74602002993845 0.00397997006154675 0
1022 2.74602002993845 0.0483285709124262 0
1023 2.74602002993845 0.125 0
1024 2.74602002993845 0.201671429087574 0
1025 2.74602002993845 0.246020029938453 0
1026 2.50397997006155 0.253979970061547 0
1027 2.50397997006155 0.298328570912426 0
1028 2.50397997006155 0.375 0
1029 2.50397997006155 0.451671429087574 0
1030 2.50397997006155 0.496020029938453 0
1031 2.54832857091243 0.253979970061547 0
1032 2.54832857091243 0.298328570912426 0
1033 2.54832857091243 0.375 0
1034 2.54832857091243 0.451671429087574 0
1035 2.54832857091243 0.496020029938453 0
1036 2.625 0.253979970061547 0
1037 2.625 0.298328570912426 0
1038 2.625 0.375 0
1039 2.625 0.451671429087574 0
1040 2.625 0.496020029938453 0
1041 2.70167142908757 0.253979970061547 0
1042 2.70167142908757 0.298328570912426 0
1043 2.70167142908757 0.375 0
1044 2.70167142908757 0.451671429087574 0
1045 2.70167142908757 0.496020029938453 0
1046 2.74602002993845 0.253979970061547 0
1047 2.74602002993845 0.298328570912426 0
1048 2.74602002993845 0.375 0
1049 2.74602002993845 0.451671429087574 0
1050 2.74602002993845 0.496020029938453 0
1051 2.50397997006155 0.503979970061547 0
1052 2.50397997006155 0.548328570912426 0
1053 2.50397997006155 0.625 0
1054 2.50397997006155 0.701671429087574 0
1055 2.50397997006155 0.746020029938453 0
1056 2.54832857091243 0.503979970061547 0
1057 2.54832857091243 0.548328570912426 0
1058 2.54832857091243 0.625 0
1059 2.54832857091243 0.701671429087574 0
1060 2.54832857091243 0.746020029938453 0
1061 2.625 0.503979970061547 0
1062 2.625 0.548328570912426 0
1063 2.625 0.625 0
1064 2.625 0.701671429087574 0
1065 2.625 0.746020029938453 0
1066 2.70167142908757 0.503979970061547 0
1067 2.70167142908757 0.548328570912426 0
1068 2.70167142908757 0.625 0
1069 2.70167142908757 0.701671429087574 0
1070 2.70167142908757 0.746020029938453 0
1071 2.74602002993845 0.503979970061547 0
1072 2.74602002993845 0.548328570912426 0
1073 2.74602002993845 0.625 0
1074 2.74602002993845 0.701671429087574 0
1075 2.74602002993845 0.746020029938453 0
1076 2.50397997006155 0.753979970061547 0
1077 2.50397997006155 0.798328570912426 0
1078 2.50397997006155 0.875 0
1079 2.50397997006155 0.951671429087574 0
1080 2.50397997006155 0.996020029938453 0
1081 2.54832857091243 0.753979970061547 0
1082 2.54832857091243 0.798328570912426 0
1083 2.54832857091243 0.875 0
1084 2.54832857091243 0.951671429087574 0
1085 2.54832857091243 0.996020029938453 0
1086 2.625 0.753979970061547 0
1087 2.625 0.798328570912426 0
1088 2.625 0.875 0
1089 2.625 0.951671429087574 0
1090 2.625 0.996020029938453 0
1091 2.70167142908757 0.753979970061547 0
1092 2.70167142908757 0.798328570912426 0
1093 2.70167142908757 0.875 0
1094 2.70167142908757 0.951671429087574 0
1095 2.70167142908757 0.996020029938453 0
1096 2.74602002993845 0.753979970061547 0
1097 2.74602002993845 0.798328570912426 0
1098 2.74602002993845 0.875 0
1099 2.74602002993845 0.951671429087574 0
1100 2.74602002993845 0.996020029938453 0
1101 2.75397997006155 0.00397997006154675 0
1102 2.75397997006155 0.0483285709124262 0
1103 2.75397997006155 0.125 0
1104 2.75397997006155 0.201671429087574 0
1105 2.75397997006155 0.246020029938453 0
1106 2.79832857091243 0.00397997006154675 0
1107 2.79832857091243 0.0483285709124262 0
1108 2.79832857091243 0.125 0
1109 2.79832857091243 0.201671429087574 0
1110 2.79832857091243 0.246020029938453 0
1111 2.875 0.00397997006154675 0
1112 2.875 0.0483285709124262 0
1113 2.875 0.125 0
1114 2.875 0.201671429087574 0
1115 2.875 0.246020029938453 0
1116 2.95167142908757 0.00397997006154675 0
1117 2.95167142908757 0.0483285709124262 0
1118 2.95167142908757 0.125 0
1119 2.95167142908757 0.201671429087574 0
1120 2.95167142908757 0.246020029938453 0
1121 2.99602002993845 0.00397997006154675 0
1122 2.99602002993845 0.0483285709124262 0
1123 2.99602002993845 0.125 0
1124 2.99602002993845 0.201671429087574 0
1125 2.99602002993845 0.246020029938453 0
1126 2.75397997006155 0.253979970061547 0
1127 2.75397997006155 0.298328570912426 0
1128 2.75397997006155 0.375 0
1129 2.75397997006155 0.451671429087574 0
1130 2.75397997006155 0.496020029938453 0
1131 2.79832857091243 0.253979970061547 0
1132 2.79832857091243 0.298328570912426 0
1133 2.79832857091243 0.375 0
1134 2.79832857091243 0.451671429087574 0
1135 2.79832857091243 0.496020029938453 0
1136 2.875 0.253979970061547 0
1137 2.875 0.298328570912426 0
1138 2.875 0.375 0
1139 2.875 0.451671429087574 0
1140 2.875 0.496020029938453 0
1141 2.95167142908757 0.253979970061547 0
1142 2.95167142908757 0.298328570912426 0
1143 2.95167142908757 0.375 0
1144 2.95167142908757 0.451671429087574 0
1145 2.95167142908757 0.496020029938453 0
1146 2.99602002993845 0.253979970061547 0
1147 2.99602002993845 0.298328570912426 0
1148 2.99602002993845 0.375 0
1149 2.99602002993845 0.451671429087574 0
1150 2.99602002993845 0.496020029938453 0
1151 2.75397997006155 0.503979970061547 0
1152 2.75397997006155 0.548328570912426 0
1153 2.75397997006155 0.625 0
1154 2.75397997006155 0.701671429087574 0
1155 2.75397997006155 0.746020029938453 0
1156 2.79832857091243 0.503979970061547 0
1157 2.79832857091243 0.548328570912426 0
1158 2.79832857091243 0.625 0
1159 2.79832857091243 0.701671429087574 0
1160 2.79832857091243 0.746020029938453 0
1161 2.875 0.503979970061547 0
1162 2.875 0.548328570912426 0
1163 2.875 0.625 0
1164 2.875 0.701671429087574 0
1165 2.875 0.746020029938453 0
1166 2.95167142908757 0.503979970061547 0
1167 2.95167142908757 0.548328570912426 0
1168 2.95167142908757 0.625 0
1169 2.95167142908757 0.701671429087574 0
1170 2.95167142908757 0.746020029938453 0
1171 2.99602002993845 0.503979970061547 0
1172 2.99602002993845 0.548328570912426 0
1173 2.99602002993845 0.625 0
1174 2.99602002993845 0.701671429087574 0
1175 2.99602002993845 0.746020029938453 0
1176 2.75397997006155 0.753979970061547 0
1177 2.75397997006155 0.798328570912426 0
1178 2.75397997006155 0.875 0
1179 2.75397997006155 0.951671429087574 0
1180 2.75397997006155 0.996020029938453 0
1181 2.79832857091243 0.753979970061547 0
1182 2.79832857091243 0.798328570912426 0
1183 2.79832857091243 0.875 0
1184 2.79832857091243 0.951671429087574 0
1185 2.79832857091243 0.996020029938453 0
1186 2.875 0.753979970061547 0
1187 2.875 0.798328570912426 0
1188 2.875 0.875 0
1189 2.875 0.951671429087574 0
1190 2.875 0.996020029938453 0
1191 2.95167142908757 0.753979970061547 0
1192 2.95167142908757 0.798328570912426 0
1193 2.95167142908757 0.875 0
1194 2.95167142908757 0.951671429087574 0
1195 2.95167142908757 0.996020029938453 0
1196 2.99602002993845 0.753979970061547 0
1197 2.99602002993845 0.798328570912426 0
1198 2.99602002993845 0.875 0
1199 2.99602002993845 0.951671429087574 0
1200 2.99602002993845 0.996020029938453 0
1201 3.00397997006155 0.00397997006154675 0
1202 3.00397997006155 0.0483285709124262 0
1203 3.00397997006155 0.125 0
1204 3.00397997006155 0.201671429087574 0
1205 3.00397997006155 0.246020029938453 0
1206 3.04832857091243 0.00397997006154675 0
1207 3.04832857091243 0.0483285709124262 0
1208 3.04832857091243 0.125 0
1209 3.04832857091243 0.201671429087574 0
1210 3.04832857091243 0.246020029938453 0
1211 3.125 0.00397997006154675 0
1212 3.125 0.0483285709124262 0
1213 3.125 0.125 0
1214 3.125 0.201671429087574 0
1215 3.125 0.246020029938453 0
1216 3.20167142908757 0.00397997006154675 0
1217 3.20167142908757 0.0483285709124262 0
1218 3.20167142908757 0.125 0
1219 3.20167142908757 0.201671429087574 0
1220 3.20167142908757 0.246020029938453 0
1221 3.24602002993845 0.00397997006154675 0
1222 3.24602002993845 0.0483285709124262 0
1223 3.24602002993845 0.125 0
1224 3.24602002993845 0.201671429087574 0
1225 3.24602002993845 0.246020029938453 0
1226 3.00397997006155 0.253979970061547 0
1227 3.00397997006155 0.298328570912426 0
1228 3.00397997006155 0.375 0
1229 3.00397997006155 0.451671429087574 0
1230 3.00397997006155 0.496020029938453 0
1231 3.04832857091243 0.253979970061547 0
1232 3.04832857091243 0.298328570912426 0
1233 3.04832857091243 0.375 0
1234 3.04832857091243 0.451671429087574 0
1235 3.04832857091243 0.496020029938453 0
1236 3.125 0.253979970061547 0
1237 3.125 0.298328570912426 0
1238 3.125 0.375 0
1239 3.125 0.451671429087574 0
1240 3.125 0.496020029938453 0
1241 3.20167142908757 0.253979970061547 0
1242 3.20167142908757 0.298328570912426 0
1243 3.20167142908757 0.375 0
1244 3.20167142908757 0.451671429087574 0
1245 3.20167142908757 0.496020029938453 0
1246 3.24602002993845 0.253979970061547 0
1247 3.24602002993845 0.298328570912426 0
1248 3.24602002993845 0.375 0
1249 3.24602002993845 0.451671429087574 0
1250 3.24602002993845 0.496020029938453 0
1251 3.00397997006155 0.503979970061547 0
1252 3.00397997006155 0.548328570912426 0
1253 3.00397997006155 0.625 0
1254 3.00397997006155 0.701671429087574 0
1255 3.00397997006155 0.746020029938453 0
1256 3.04832857091243 0.503979970061547 0
1257 3.04832857091243 0.548328570912426 0
1258 3.04832857091243 0.625 0
1259 3.04832857091243 0.701671429087574 0
1260 3.04832857091243 0.746020029938453 0
1261 3.125 0.503979970061547 0
1262 3.125 0.548328570912426 0
1263 3.125 0.625 0
1264 3.125 0.701671429087574 0
1265 3.125 0.746020029938453 0
1266 3.20167142908757 0.503979970061547 0
1267 3.20167142908757 0.548328570912426 0
1268 3.20167142908757 0.625 0
1269 3.20167142908757 0.701671429087574 0
1270 3.20167142908757 0.746020029938453 0
1271 3.24602002993845 0.503979970061547 0
1272 3.24602002993845 0.548328570912426 0
1273 3.24602002993845 0.625 0
1274 3.24602002993845 0.701671429087574 0
1275 3.24602002993845 0.746020029938453 0
1276 3.00397997006155 0.753979970061547 0
1277 3.00397997006155 0.798328570912426 0
1278 3.00397997006155 0.875 0
1279 3.00397997006155 0.951671429087574 0
1280 3.00397997006155 0.996020029938453 0
1281 3.04832857091243 0.753979970061547 0
1282 3.04832857091243 0.798328570912426 0
1283 3.04832857091243 0.875 0
1284 3.04832857091243 0.951671429087574 0
1285 3.04832857091243 0.996020029938453 0
1286 3.125 0.753979970061547 0
1287 3.125 0.798328570912426 0
1288 3.125 0.875 0
1289 3.125 0.951671429087574 0
1290 3.125 0.996020029938453 0
1291 3.20167142908757 0.753979970061547 0
1292 3.20167142908757 0.798328570912426 0
1293 3.20167142908757 0.875 0
1294 3.20167142908757 0.951671429087574 0
1295 3.20167142908757 0.996020029938453 0
1296 3.24602002993845 0.753979970061547 0
1297 3.24602002993845 0.798328570912426 0
1298 3.24602002993845 0.875 0
1299 3.24602002993845 0.951671429087574 0
1300 3.24602002993845 0.996020029938453 0
1301 3.25397997006155 0.00397997006154675 0
1302 3.25397997006155 0.0483285709124262 0
1303 3.25397997006155 0.125 0
1304 3.25397997006155 0.201671429087574 0
1305 3.25397997006155 0.246020029938453 0
1306 3.29832857091243 0.00397997006154675 0
1307 3.29832857091243 0.0483285709124262 0
1308 3.29832857091243 0.125 0
1309 3.29832857091243 0.201671429087574 0
1310 3.29832857091243 0.246020029938453 0
1311 3.375 0.00397997006154675 0
1312 3.375 0.0483285709124262 0
1313 3.375 0.125 0
1314 3.375 0.201671429087574 0
1315 3.375 0.246020029938453 0
1316 3.45167142908757 0.00397997006154675 0
1317 3.45167142908757 0.0483285709124262 0
1318 3.45167142908757 0.125 0
1319 3.45167142908757 0.201671429087574 0
1320 3.45167142908757 0.246020029938453 0
1321 3.49602002993845 0.00397997006154675 0
1322 3.49602002993845 0.0483285709124262 0
1323 3.49602002993845 0.125 0
1324 3.49602002993845 0.201671429087574 0
1325 3.49602002993845 0.246020029938453 0
1326 3.25397997006155 0.253979970061547 0
1327 3.25397997006155 0.298328570912426 0
1328 3.25397997006155 0.375 0
1329 3.25397997006155 0.451671429087574 0
1330 3.25397997006155 0.496020029938453 0
1331 3.29832857091243 0.253979970061547 0
1332 3.29832857091243 0.298328570912426 0
1333 3.29832857091243 0.375 0
1334 3.29832857091243 0.451671429087574 0
1335 3.29832857091243 0.496020029938453 0
1336 3.375 0.253979970061547 0
1337 3.375 0.298328570912426 0
1338 3.375 0.375 0
1339 3.375 0.451671429087574 0
1340 3.375 0.496020029938453 0
1341 3.45167142908757 0.253979970061547 0
1342 3.45167142908757 0.298328570912426 0
1343 3.45167142908757 0.375 0
1344 3.45167142908757 0.451671429087574 0
1345 3.45167142908757 0.496020029938453 0
1346 3.49602002993845 0.253979970061547 0
1347 3.49602002993845 0.298328570912426 0
1348 3.49602002993845 0.375 0
1349 3.49602002993845 0.451671429087574 0
1350 3.49602002993845 0.496020029938453 0
1351 3.25397997006155 0.503979970061547 0
1352 3.25397997006155 0.548328570912426 0
1353 3.25397997006155 0.625 0
1354 3.25397997006155 0.701671429087574 0
1355 3.25397997006155 0.746020029938453 0
1356 3.29832857091243 0.503979970061547 0
1357 3.29832857091243 0.548328570912426 0
1358 3.29832857091243 0.625 0
1359 3.29832857091243 0.701671429087574 0
1360 3.29832857091243 0.746020029938453 0
1361 3.375 0.503979970061547 0
1362 3.375 0.548328570912426 0
1363 3.375 0.625 0
1364 3.375 0.701671429087574 0
1365 3.375 0.746020029938453 0
1366 3.45167142908757 0.503979970061547 0
1367 3.45167142908757 0.548328570912426 0
1368 3.45167142908757 0.625 0
1369 3.45167142908757 0.701671429087574 0
1370 3.45167142908757 0.746020029938453 0
1371 3.49602002993845 0.503979970061547 0
1372 3.49602002993845 0.548328570912426 0
1373 3.49602002993845 0.625 0
1374 3.49602002993845 0.701671429087574 0
1375 3.49602002993845 0.746020029938453 0
1376 3.25397997006155 0.753979970061547 0
1377 3.25397997006155 0.798328570912426 0
1378 3.25397997006155 0.875 0
1379 3.25397997006155 0.951671429087574 0
1380 3.25397997006155 0.996020029938453 0
1381 3.29832857091243 0.753979970061547 0
1382 3.29832857091243 0.798328570912426 0
1383 3.29832857091243 0.875 0
1384 3.29832857091243 0.951671429087574 0
1385 3.29832857091243 0.996020029938453 0
1386 3.375 0.753979970061547 0
1387 3.375 0.798328570912426 0
1388 3.375 0.875 0
1389 3.375 0.951671429087574 0
1390 3.375 0.996020029938453 0
1391 3.45167142908757 0.753979970061547 0
1392 3.45167142908757 0.798328570912426 0
1393 3.45167142908757 0.875 0
1394 3.45167142908757 0.951671429087574 0
1395 3.45167142908757 0.996020029938453 0
1396 3.49602002993845 0.753979970061547 0
1397 3.49602002993845 0.798328570912426 0
1398 3.49602002993845 0.875 0
1399 3.49602002993845 0.951671429087574 0
1400 3.49602002993845 0.996020029938453 0
1401 3.50397997006155 0.00397997006154675 0
1402 3.50397997006155 0.0483285709124262 0
1403 3.50397997006155 0.125 0
1404 3.50397997006155 0.201671429087574 0
1405 3.50397997006155 0.246020029938453 0
1406 3.54832857091243 0.00397997006154675 0
1407 3.54832857091243 0.0483285709124262 0
1408 3.54832857091243 0.125 0
1409 3.54832857091243 0.201671429087574 0
1410 3.54832857091243 0.246020029938453 0
1411 3.625 0.00397997006154675 0
1412 3.625 0.0483285709124262 0
1413 3.625 0.125 0
1414 3.625 0.201671429087574 0
1415 3.625 0.246020029938453 0
1416 3.70167142908757 0.00397997006154675 0
1417 3.70167142908757 0.0483285709124262 0
1418 3.70167142908757 0.125 0
1419 3.70167142908757 0.201671429087574 0
1420 3.70167142908757 0.246020029938453 0
1421 3.74602002993845 0.00397997006154675 0
1422 3.74602002993845 0.0483285709124262 0
1423 3.74602002993845 0.125 0
1424 3.74602002993845 0.201671429087574 0
1425 3.74602002993845 0.246020029938453 0
1426 3.50397997006155 0.253979970061547 0
1427 3.50397997006155 0.298328570912426 0
1428 3.50397997006155 0.375 0
1429 3.50397997006155 0.451671429087574 0
1430 3.50397997006155 0.496020029938453 0
1431 3.54832857091243 0.253979970061547 0
1432 3.54832857091243 0.298328570912426 0
1433 3.54832857091243 0.375 0
1434 3.54832857091243 0.451671429087574 0
1435 3.54832857091243 0.496020029938453 0
1436 3.625 0.253979970061547 0
1437 3.625 0.298328570912426 0
1438 3.625 0.375 0
1439 3.625 0.451671429087574 0
1440 3.625 0.496020029938453 0
1441 3.70167142908757 0.253979970061547 0
1442 3.70167142908757 0.298328570912426 0
1443 3.70167142908757 0.375 0
1444 3.70167142908757 0.451671429087574 0
1445 3.70167142908757 0.496020029938453 0
1446 3.74602002993845 0.253979970061547 0
1447 3.74602002993845 0.298328570912426 0
1448 3.74602002993845 0.375 0
1449 3.74602002993845 0.451671429087574 0
1450 3.74602002993845 0.496020029938453 0
1451 3.50397997006155 0.503979970061547 0
1452 3.50397997006155 0.548328570912426 0
1453 3.50397997006155 0.625 0
1454 3.50397997006155 0.701671429087574 0
1455 3.50397997006155 0.746020029938453 0
1456 3.54832857091243 0.503979970061547 0
1457 3.54832857091243 0.548328570912426 0
1458 3.54832857091243 0.625 0
1459 3.54832857091243 0.701671429087574 0
1460 3.54832857091243 0.746020029938453 0
1461 3.625 0.503979970061547 0
1462 3.625 0.548328570912426 0
1463 3.625 0.625 0
1464 3.625 0.701671429087574 0
1465 3.625 0.746020029938453 0
1466 3.70167142908757 0.503979970061547 0
1467 3.70167142908757 0.548328570912426 0
1468 3.70167142908757 0.625 0
1469 3.70167142908757 0.701671429087574 0
1470 3.70167142908757 0.746020029938453 0
1471 3.74602002993845 0.503979970061547 0
1472 3.74602002993845 0.548328570912426 0
1473 3.74602002993845 0.625 0
1474 3.74602002993845 0.701671429087574 0
1475 3.74602002993845 0.746020029938453 0
1476 3.50397997006155 0.753979970061547 0
1477 3.50397997006155 0.798328570912426 0
1478 3.50397997006155 0.875 0
1479 3.50397997006155 0.951671429087574 0
1480 3.50397997006155 0.996020029938453 0
1481 3.54832857091243 0.753979970061547 0
1482 3.54832857091243 0.798328570912426 0
1483 3.54832857091243 0.875 0
1484 3.54832857091243 0.951671429087574 0
1485 3.54832857091243 0.996020029938453 0
1486 3.625 0.753979970061547 0
1487 3.625 0.798328570912426 0
1488 3.625 0.875 0
1489 3.625 0.951671429087574 0
1490 3.625 0.996020029938453 0
1491 3.70167142908757 0.753979970061547 0
1492 3.70167142908757 0.798328570912426 0
1493 3.70167142908757 0.875 0
1494 3.70167142908757 0.951671429087574 0
1495 3.70167142908757 0.996020029938453 0
1496 3.74602002993845 0.753979970061547 0
1497 3.74602002993845 0.798328570912426 0
1498 3.74602002993845 0.875 0
1499 3.74602002993845 0.951671429087574 0
1500 3.74602002993845 0.996020029938453 0
1501 3.75397997006155 0.00397997006154675 0
1502 3.75397997006155 0.0483285709124262 0
1503 3.75397997006155 0.125 0
1504 3.75397997006155 0.201671429087574 0
1505 3.75397997006155 0.246020029938453 0
1506 3.79832857091243 0.00397997006154675 0
1507 3.79832857091243 0.0483285709124262 0
1508 3.79832857091243 0.125 0
1509 3.79832857091243 0.201671429087574 0
1510 3.79832857091243 0.246020029938453 0
1511 3.875 0.00397997006154675 0
1512 3.875 0.0483285709124262 0
1513 3.875 0.125 0
1514 3.875 0.201671429087574 0
1515 3.875 0.246020029938453 0
1516 3.95167142908757 0.00397997006154675 0
1517 3.95167142908757 0.0483285709124262 0
1518 3.95167142908757 0.125 0
1519 3.95167142908757 0.201671429087574 0
1520 3.95167142908757 0.246020029938453 0
1521 3.99602002993845 0.00397997006154675 0
1522 3.99602002993845 0.0483285709124262 0
1523 3.99602002993845 0.125 0
1524 3.99602002993845 0.201671429087574 0
1525 3.99602002993845 0.246020029938453 0
1526 3.75397997006155 0.253979970061547 0
1527 3.75397997006155 0.298328570912426 0
1528 3.75397997006155 0.375 0
1529 3.75397997006155 0.451671429087574 0
1530 3.75397997006155 0.496020029938453 0
1531 3.79832857091243 0.253979970061547 0
1532 3.79832857091243 0.298328570912426 0
1533 3.79832857091243 0.375 0
1534 3.79832857091243 0.451671429087574 0
1535 3.79832857091243 0.496020029938453 0
1536 3.875 0.253979970061547 0
1537 3.875 0.298328570912426 0
1538 3.875 0.375 0
1539 3.875 0.451671429087574 0
1540 3.875 0.496020029938453 0
1541 3.95167142908757 0.253979970061547 0
1542 3.95167142908757 0.298328570912426 0
1543 3.95167142908757 0.375 0
1544 3.95167142908757 0.451671429087574 0
1545 3.95167142908757 0.496020029938453 0
1546 3.99602002993845 0.253979970061547 0
1547 3.99602002993845 0.298328570912426 0
1548 3.99602002993845 0.375 0
1549 3.99602002993845 0.451671429087574 0
1550 3.99602002993845 0.496020029938453 0
1551 3.75397997006155 0.503979970061547 0
1552 3.75397997006155 0.548328570912426 0
1553 3.75397997006155 0.625 0
1554 3.75397997006155 0.701671429087574 0
1555 3.75397997006155 0.746020029938453 0
1556 3.79832857091243 0.503979970061547 0
1557 3.79832857091243 0.548328570912426 0
1558 3.79832857091243 0.625 0
1559 3.79832857091243 0.701671429087574 0
1560 3.79832857091243 0.746020029938453 0
1561 3.875 0.503979970061547 0
1562 3.875 0.548328570912426 0
1563 3.875 0.625 0
1564 3.875 0.701671429087574 0
1565 3.875 0.746020029938453 0
1566 3.95167142908757 0.503979970061547 0
1567 3.95167142908757 0.548328570912426 0
1568 3.95167142908757 0.625 0
1569 3.95167142908757 0.701671429087574 0
1570 3.95167142908757 0.746020029938453 0
1571 3.99602002993845 0.503979970061547 0
1572 3.99602002993845 0.548328570912426 0
1573 3.99602002993845 0.625 0
1574 3.99602002993845 0.701671429087574 0
1575 3.99602002993845 0.746020029938453 0
1576 3.75397997006155 0.753979970061547 0
1577 3.75397997006155 0.798328570912426 0
1578 3.75397997006155 0.875 0
1579 3.75397997006155 0.951671429087574 0
1580 3.75397997006155 0.996020029938453 0
1581 3.79832857091243 0.753979970061547 0
1582 3.79832857091243 0.798328570912426 0
1583 3.79832857091243 0.875 0
1584 3.79832857091243 0.951671429087574 0
1585 3.79832857091243 0.996020029938453 0
1586 3.875 0.753979970061547 0
1587 3.875 0.798328570912426 0
1588 3.875 0.875 0
1589 3.875 0.951671429087574 0
1590 3.875 0.996020029938453 0
1591 3.95167142908757 0.753979970061547 0
1592 3.95167142908757 0.798328570912426 0
1593 3.95167142908757 0.875 0
1594 3.95167142908757 0.951671429087574 0
1595 3.95167142908757 0.996020029938453 0
1596 3.99602002993845 0.753979970061547 0
1597 3.99602002993845 0.798328570912426 0
1598 3.99602002993845 0.875 0
1599 3.99602002993845 0.951671429087574 0
1600 3.99602002993845 0.996020029938453 0
1601 4.00397997006155 0.00397997006154675 0
1602 4.00397997006155 0.0483285709124262 0
1603 4.00397997006155 0.125 0
1604 4.00397997006155 0.201671429087574 0
1605 4.00397997006155 0.246020029938453 0
1606 4.04832857091243 0.00397997006154675 0
1607 4.04832857091243 0.0483285709124262 0
1608 4.04832857091243 0.125 0
1609 4.04832857091243 0.201671429087574 0
1610 4.04832857091243 0.246020029938453 0
1611 4.125 0.00397997006154675 0
1612 4.125 0.0483285709124262 0
1613 4.125 0.125 0
1614 4.125 0.201671429087574 0
1615 4.125 0.246020029938453 0
1616 4.20167142908757 0.00397997006154675 0
1617 4.20167142908757 0.0483285709124262 0
1618 4.20167142908757 0.125 0
1619 4.20167142908757 0.201671429087574 0
1620 4.20167142908757 0.246020029938453 0
1621 4.24602002993845 0.00397997006154675 0
1622 4.24602002993845 0.0483285709124262 0
1623 4.24602002993845 0.125 0
1624 4.24602002993845 0.201671429087574 0
1625 4.24602002993845 0.246020029938453 0
1626 4.00397997006155 0.253979970061547 0
1627 4.00397997006155 0.298328570912426 0
1628 4.00397997006155 0.375 0
1629 4.00397997006155 0.451671429087574 0
1630 4.00397997006155 0.496020029938453 0
1631 4.04832857091243 0.253979970061547 0
1632 4.04832857091243 0.298328570912426 0
1633 4.04832857091243 0.375 0
1634 4.04832857091243 0.451671429087574 0
1635 4.04832857091243 0.496020029938453 0
1636 4.125 0.253979970061547 0
1637 4.125 0.298328570912426 0
1638 4.125 0.375 0
1639 4.125 0.451671429087574 0
1640 4.125 0.496020029938453 0
1641 4.20167142908757 0.253979970061547 0
1642 4.20167142908757 0.298328570912426 0
1643 4.20167142908757 0.375 0
1644 4.20167142908757 0.451671429087574 0
1645 4.20167142908757 0.496020029938453 0
1646 4.24602002993845 0.253979970061547 0
1647 4.24602002993845 0.298328570912426 0
1648 4.24602002993845 0.375 0
1649 4.24602002993845 0.451671429087574 0
1650 4.24602002993845 0.496020029938453 0
1651 4.00397997006155 0.503979970061547 0
1652 4.00397997006155 0.548328570912426 0
1653 4.00397997006155 0.625 0
1654 4.00397997006155 0.701671429087574 0
1655 4.00397997006155 0.746020029938453 0
1656 4.04832857091243 0.503979970061547 0
1657 4.04832857091243 0.548328570912426 0
1658 4.04832857091243 0.625 0
1659 4.04832857091243 0.701671429087574 0
1660 4.04832857091243 0.746020029938453 0
1661 4.125 0.503979970061547 0
1662 4.125 0.548328570912426 0
1663 4.125 0.625 0
1664 4.125 0.701671429087574 0
1665 4.125 0.746020029938453 0
1666 4.20167142908757 0.503979970061547 0
1667 4.20167142908757 0.548328570912426 0
1668 4.20167142908757 0.625 0
1669 4.20167142908757 0.701671429087574 0
1670 4.20167142908757 0.746020029938453 0
1671 4.24602002993845 0.503979970061547 0
1672 4.24602002993845 0.548328570912426 0
1673 4.24602002993845 0.625 0
1674 4.24602002993845 0.701671429087574 0
1675 4.24602002993845 0.746020029938453 0
1676 4.00397997006155 0.753979970061547 0
1677 4.00397997006155 0.798328570912426 0
1678 4.00397997006155 0.875 0
1679 4.00397997006155 0.951671429087574 0
1680 4.00397997006155 0.996020029938453 0
1681 4.04832857091243 0.753979970061547 0
1682 4.04832857091243 0.798328570912426 0
1683 4.04832857091243 0.875 0
1684 4.04832857091243 0.951671429087574 0
1685 4.04832857091243 0.996020029938453 0
1686 4.125 0.753979970061547 0
1687 4.125 0.798328570912426 0
1688 4.125 0.875 0
1689 4.125 0.951671429087574 0
1690 4.125 0.996020029938453 0
1691 4.20167142908757 0.753979970061547 0
1692 4.20167142908757 0.798328570912426 0
1693 4.20167142908757 0.875 0
1694 4.20167142908757 0.951671429087574 0
1695 4.20167142908757 0.996020029938453 0
1696 4.24602002993845 0.753979970061547 0
1697 4.24602002993845 0.798328570912426 0
1698 4.24602002993845 0.875 0
1699 4.24602002993845 0.951671429087574 0
1700 4.24602002993845 0.996020029938453 0
1701 4.25397997006155 0.00397997006154675 0
1702 4.25397997006155 0.0483285709124262 0
1703 4.25397997006155 0.125 0
1704 4.25397997006155 0.201671429087574 0
1705 4.25397997006155 0.246020029938453 0
1706 4.29832857091243 0.00397997006154675 0
1707 4.29832857091243 0.0483285709124262 0
1708 4.29832857091243 0.125 0
1709 4.29832857091243 0.201671429087574 0
1710 4.29832857091243 0.246020029938453 0
1711 4.375 0.00397997006154675 0
1712 4.375 0.0483285709124262 0
1713 4.375 0.125 0
1714 4.375 0.201671429087574 0
1715 4.375 0.246020029938453 0
1716 4.45167142908757 0.00397997006154675 0
1717 4.45167142908757 0.0483285709124262 0
1718 4.45167142908757 0.125 0
1719 4.45167142908757 0.201671429087574 0
1720 4.45167142908757 0.246020029938453 0
1721 4.49602002993845 0.00397997006154675 0
1722 4.49602002993845 0.0483285709124262 0
1723 4.49602002993845 0.125 0
1724 4.49602002993845 0.201671429087574 0
1725 4.49602002993845 0.246020029938453 0
1726 4.25397997006155 0.253979970061547 0
1727 4.25397997006155 0.298328570912426 0
1728 4.25397997006155 0.375 0
1729 4.25397997006155 0.451671429087574 0
1730 4.25397997006155 0.496020029938453 0
1731 4.29832857091243 0.253979970061547 0
1732 4.29832857091243 0.298328570912426 0
1733 4.29832857091243 0.375 0
1734 4.29832857091243 0.451671429087574 0
1735 4.29832857091243 0.496020029938453 0
1736 4.375 0.253979970061547 0
1737 4.375 0.298328570912426 0
1738 4.375 0.375 0
1739 4.375 0.451671429087574 0
1740 4.375 0.496020029938453 0
1741 4.45167142908757 0.253979970061547 0
1742 4.45167142908757 0.298328570912426 0
1743 4.45167142908757 0.375 0
1744 4.45167142908757 0.451671429087574 0
1745 4.45167142908757 0.496020029938453 0
1746 4.49602002993845 0.253979970061547 0
1747 4.49602002993845 0.298328570912426 0
1748 4.49602002993845 0.375 0
1749 4.49602002993845 0.451671429087574 0
1750 4.49602002993845 0.496020029938453 0
1751 4.25397997006155 0.503979970061547 0
1752 4.25397997006155 0.548328570912426 0
1753 4.25397997006155 0.625 0
1754 4.25397997006155 0.701671429087574 0
1755 4.25397997006155 0.746020029938453 0
1756 4.29832857091243 0.503979970061547 0
1757 4.29832857091243 0.548328570912426 0
1758 4.29832857091243 0.625 0
1759 4.29832857091243 0.701671429087574 0
1760 4.29832857091243 0.746020029938453 0
1761 4.375 0.503979970061547 0
1762 4.375 0.548328570912426 0
1763 4.375 0.625 0
1764 4.375 0.701671429087574 0
1765 4.375 0.746020029938453 0
1766 4.45167142908757 0.503979970061547 0
1767 4.45167142908757 0.548328570912426 0
1768 4.45167142908757 0.625 0
1769 4.45167142908757 0.701671429087574 0
1770 4.45167142908757 0.746020029938453 0
1771 4.49602002993845 0.503979970061547 0
1772 4.49602002993845 0.548328570912426 0
1773 4.49602002993845 0.625 0
1774 4.49602002993845 0.701671429087574 0
1775 4.49602002993845 0.746020029938453 0
1776 4.25397997006155 0.753979970061547 0
1777 4.25397997006155 0.798328570912426 0
1778 4.25397997006155 0.875 0
1779 4.25397997006155 0.951671429087574 0
1780 4.25397997006155 0.996020029938453 0
1781 4.29832857091243 0.753979970061547 0
1782 4.29832857091243 0.798328570912426 0
1783 4.29832857091243 0.875 0
1784 4.29832857091243 0.951671429087574 0
1785 4.29832857091243 0.996020029938453 0
1786 4.375 0.753979970061547 0
1787 4.375 0.798328570912426 0
1788 4.375 0.875 0
1789 4.375 0.951671429087574 0
1790 4.375 0.996020029938453 0
1791 4.45167142908757 0.753979970061547 0
1792 4.45167142908757 0.798328570912426 0
1793 4.45167142908757 0.875 0
1794 4.45167142908757 0.951671429087574 0
1795 4.45167142908757 0.996020029938453 0
1796 4.49602002993845 0.753979970061547 0
1797 4.49602002993845 0.798328570912426 0
1798 4.49602002993845 0.875 0
1799 4.49602002993845 0.951671429087574 0
1800 4.49602002993845 0.996020029938453 0
1801 4.50397997006155 0.00397997006154675 0
1802 4.50397997006155 0.0483285709124262 0
1803 4.50397997006155 0.125 0
1804 4.50397997006155 0.201671429087574 0
1805 4.50397997006155 0.246020029938453 0
1806 4.54832857091243 0.00397997006154675 0
1807 4.54832857091243 0.0483285709124262 0
1808 4.54832857091243 0.125 0
1809 4.54832857091243 0.201671429087574 0
1810 4.54832857091243 0.246020029938453 0
1811 4.625 0.00397997006154675 0
1812 4.625 0.0483285709124262 0
1813 4.625 0.125 0
1814 4.625 0.201671429087574 0
1815 4.625 0.246020029938453 0
1816 4.70167142908757 0.00397997006154675 0
1817 4.70167142908757 0.0483285709124262 0
1818 4.70167142908757 0.125 0
1819 4.70167142908757 0.201671429087574 0
1820 4.70167142908757 0.246020029938453 0
1821 4.74602002993845 0.00397997006154675 0
1822 4.74602002993845 0.0483285709124262 0
1823 4.74602002993845 0.125 0
1824 4.74602002993845 0.201671429087574 0
1825 4.74602002993845 0.246020029938453 0
1826 4.50397997006155 0.253979970061547 0
1827 4.50397997006155 0.298328570912426 0
1828 4.50397997006155 0.375 0
1829 4.50397997006155 0.451671429087574 0
1830 4.50397997006155 0.496020029938453 0
1831 4.54832857091243 0.253979970061547 0
1832 4.54832857091243 0.298328570912426 0
1833 4.54832857091243 0.375 0
1834 4.54832857091243 0.451671429087574 0
1835 4.54832857091243 0.496020029938453 0
1836 4.625 0.253979970061547 0
1837 4.625 0.298328570912426 0
1838 4.625 0.375 0
1839 4.625 0.451671429087574 0
1840 4.625 0.496020029938453 0
1841 4.70167142908757 0.253979970061547 0
1842 4.70167142908757 0.298328570912426 0
1843 4.70167142908757 0.375 0
1844 4.70167142908757 0.451671429087574 0
1845 4.70167142908757 0.496020029938453 0
1846 4.74602002993845 0.253979970061547 0
1847 4.74602002993845 0.298328570912426 0
1848 4.74602002993845 0.375 0
1849 4.74602002993845 0.451671429087574 0
1850 4.74602002993845 0.496020029938453 0
1851 4.50397997006155 0.503979970061547 0
1852 4.50397997006155 0.548328570912426 0
1853 4.50397997006155 0.625 0
1854 4.50397997006155 0.701671429087574 0
1855 4.50397997006155 0.746020029938453 0
1856 4.54832857091243 0.503979970061547 0
1857 4.54832857091243 0.548328570912426 0
1858 4.54832857091243 0.625 0
1859 4.54832857091243 0.701671429087574 0
1860 4.54832857091243 0.746020029938453 0
1861 4.625 0.503979970061547 0
1862 4.625 0.548328570912426 0
1863 4.625 0.625 0
1864 4.625 0.701671429087574 0
1865 4.625 0.746020029938453 0
1866 4.70167142908757 0.503979970061547 0
1867 4.70167142908757 0.548328570912426 0
1868 4.70167142908757 0.625 0
1869 4.70167142908757 0.701671429087574 0
1870 4.70167142908757 0.746020029938453 0
1871 4.74602002993845 0.503979970061547 0
1872 4.74602002993845 0.548328570912426 0
1873 4.74602002993845 0.625 0
1874 4.74602002993845 0.701671429087574 0
1875 4.74602002993845 0.746020029938453 0
1876 4.50397997006155 0.753979970061547 0
1877 4.50397997006155 0.798328570912426 0
1878 4.50397997006155 0.875 0
1879 4.50397997006155 0.951671429087574 0
1880 4.50397997006155 0.996020029938453 0
1881 4.54832857091243 0.753979970061547 0
1882 4.54832857091243 0.798328570912426 0
1883 4.54832857091243 0.875 0
1884 4.54832857091243 0.951671429087574 0
1885 4.54832857091243 0.996020029938453 0
1886 4.625 0.753979970061547 0
1887 4.625 0.798328570912426 0
1888 4.625 0.875 0
1889 4.625 0.951671429087574 0
1890 4.625 0.996020029938453 0
1891 4.70167142908757 0.753979970061547 0
1892 4.70167142908757 0.798328570912426 0
1893 4.70167142908757 0.875 0
1894 4.70167142908757 0.951671429087574 0
1895 4.70167142908757 0.996020029938453 0
1896 4.74602002993845 0.753979970061547 0
1897 4.74602002993845 0.798328570912426 0
1898 4.74602002993845 0.875 0
1899 4.74602002993845 0.951671429087574 0
1900 4.74602002993845 0.996020029938453 0
1901 4.75397997006155 0.00397997006154675 0
1902 4.75397997006155 0.0483285709124262 0
1903 4.75397997006155 0.125 0
1904 4.75397997006155 0.201671429087574 0
1905 4.75397997006155 0.246020029938453 0
1906 4.79832857091243 0.00397997006154675 0
1907 4.79832857091243 0.0483285709124262 0
1908 4.79832857091243 0.125 0
1909 4.79832857091243 0.201671429087574 0
1910 4.79832857091243 0.246020029938453 0
1911 4.875 0.00397997006154675 0
1912 4.875 0.0483285709124262 0
1913 4.875 0.125 0
1914 4.875 0.201671429087574 0
1915 4.875 0.246020029938453 0
1916 4.95167142908757 0.00397997006154675 0
1917 4.95167142908757 0.0483285709124262 0
1918 4.95167142908757 0.125 0
1919 4.95167142908757 0.201671429087574 0
1920 4.95167142908757 0.246020029938453 0
1921 4.99602002993845 0.00397997006154675 0
1922 4.99602002993845 0.0483285709124262 0
1923 4.99602002993845 0.125 0
1924 4.99602002993845 0.201671429087574 0
1925 4.99602002993845 0.246020029938453 0
1926 4.75397997006155 0.253979970061547 0
1927 4.75397997006155 0.298328570912426 0
1928 4.75397997006155 0.375 0
1929 4.75397997006155 0.451671429087574 0
1930 4.75397997006155 0.496020029938453 0
1931 4.79832857091243 0.253979970061547 0
1932 4.79832857091243 0.298328570912426 0
1933 4.79832857091243 0.375 0
1934 4.79832857091243 0.451671429087574 0
1935 4.79832857091243 0.496020029938453 0
1936 4.875 0.253979970061547 0
1937 4.875 0.298328570912426 0
1938 4.875 0.375 0
1939 4.875 0.451671429087574 0
1940 4.875 0.496020029938453 0
1941 4.95167142908757 0.253979970061547 0
1942 4.95167142908757 0.298328570912426 0
1943 4.95167142908757 0.375 0
1944 4.95167142908757 0.451671429087574 0
1945 4.95167142908757 0.496020029938453 0
1946 4.99602002993845 0.253979970061547 0
1947 4.99602002993845 0.298328570912426 0
1948 4.99602002993845 0.375 0
1949 4.99602002993845 0.451671429087574 0
1950 4.99602002993845 0.496020029938453 0
1951 4.75397997006155 0.503979970061547 0
1952 4.75397997006155 0.548328570912426 0
1953 4.75397997006155 0.625 0
1954 4.75397997006155 0.701671429087574 0
1955 4.75397997006155 0.746020029938453 0
1956 4.79832857091243 0.503979970061547 0
1957 4.79832857091243 0.548328570912426 0
1958 4.79832857091243 0.625 0
1959 4.79832857091243 0.701671429087574 0
1960 4.79832857091243 0.746020029938453 0
1961 4.875 0.503979970061547 0
1962 4.875 0.548328570912426 0
1963 4.875 0.625 0
1964 4.875 0.701671429087574 0
1965 4.875 0.746020029938453 0
1966 4.95167142908757 0.503979970061547 0
1967 4.95167142908757 0.548328570912426 0
1968 4.95167142908757 0.625 0
1969 4.95167142908757 0.701671429087574 0
1970 4.95167142908757 0.746020029938453 0
1971 4.99602002993845 0.503979970061547 0
1972 4.99602002993845 0.548328570912426 0
1973 4.99602002993845 0.625 0
1974 4.99602002993845 0.701671429087574 0
1975 4.99602002993845 0.746020029938453 0
1976 4.75397997006155 0.753979970061547 0
1977 4.75397997006155 0.798328570912426 0
1978 4.75397997006155 0.875 0
1979 4.75397997006155 0.951671429087574 0
1980 4.75397997006155 0.996020029938453 0
1981 4.79832857091243 0.753979970061547 0
1982 4.79832857091243 0.798328570912426 0
1983 4.79832857091243 0.875 0
1984 4.79832857091243 0.951671429087574 0
1985 4.79832857091243 0.996020029938453 0
1986 4.875 0.753979970061547 0
1987 4.875 0.798328570912426 0
1988 4.875 0.875 0
1989 4.875 0.951671429087574 0
1990 4.875 0.996020029938453 0
1991 4.95167142908757 0.753979970061547 0
1992 4.95167142908757 0.798328570912426 0
1993 4.95167142908757 0.875 0
1994 4.95167142908757 0.951671429087574 0
1995 4.95167142908757 0.996020029938453 0
1996 4.99602002993845 0.753979970061547 0
1997 4.99602002993845 0.798328570912426 0
1998 4.99602002993845 0.875 0
1999 4.99602002993845 0.951671429087574 0
2000 4.99602002993845 0.996020029938453 0
