1 0.0189741770736966 0.0189741770736966 0
2 0.0189741770736966 0.0536284784239326 0
3 0.0189741770736966 0.125 0
4 0.0189741770736966 0.196371521576067 0
5 0.0189741770736966 0.231025822926303 0
6 0.0536284784239326 0.0189741770736966 0
7 0.0536284784239326 0.0536284784239326 0
8 0.0536284784239326 0.125 0
9 0.0536284784239326 0.196371521576067 0
10 0.0536284784239326 0.231025822926303 0
11 0.125 0.0189741770736966 0
12 0.125 0.0536284784239326 0
13 0.125 0.125 0
14 0.125 0.196371521576067 0
15 0.125 0.231025822926303 0
16 0.196371521576067 0.0189741770736966 0
17 0.196371521576067 0.0536284784239326 0
18 0.196371521576067 0.125 0
19 0.196371521576067 0.196371521576067 0
20 0.196371521576067 0.231025822926303 0
21 0.231025822926303 0.0189741770736966 0
22 0.231025822926303 0.0536284784239326 0
23 0.231025822926303 0.125 0
24 0.231025822926303 0.196371521576067 0
25 0.231025822926303 0.231025822926303 0
26 0.0189741770736966 0.268974177073697 0
27 0.0189741770736966 0.303628478423933 0
28 0.0189741770736966 0.375 0
29 0.0189741770736966 0.446371521576067 0
30 0.0189741770736966 0.481025822926303 0
31 0.0536284784239326 0.268974177073697 0
32 0.0536284784239326 0.303628478423933 0
33 0.0536284784239326 0.375 0
34 0.0536284784239326 0.446371521576067 0
35 0.0536284784239326 0.481025822926303 0
36 0.125 0.268974177073697 0
37 0.125 0.303628478423933 0
38 0.125 0.375 0
39 0.125 0.446371521576067 0
40 0.125 0.481025822926303 0
41 0.196371521576067 0.268974177073697 0
42 0.196371521576067 0.303628478423933 0
43 0.196371521576067 0.375 0
44 0.196371521576067 0.446371521576067 0
45 0.196371521576067 0.481025822926303 0
46 0.231025822926303 0.268974177073697 0
47 0.231025822926303 0.303628478423933 0
48 0.231025822926303 0.375 0
49 0.231025822926303 0.446371521576067 0
50 0.231025822926303 0.481025822926303 0
51 0.0189741770736966 0.518974177073697 0
52 0.0189741770736966 0.553628478423933 0
53 0.0189741770736966 0.625 0
54 0.0189741770736966 0.696371521576067 0
55 0.0189741770736966 0.731025822926303 0
56 0.0536284784239326 0.518974177073697 0
57 0.0536284784239326 0.553628478423933 0
58 0.0536284784239326 0.625 0
59 0.0536284784239326 0.696371521576067 0
60 0.0536284784239326 0.731025822926303 0
61 0.125 0.518974177073697 0
62 0.125 0.553628478423933 0
63 0.125 0.625 0
64 0.125 0.696371521576067 0
65 0.125 0.731025822926303 0
66 0.196371521576067 0.518974177073697 0
67 0.196371521576067 0.553628478423933 0
68 0.196371521576067 0.625 0
69 0.196371521576067 0.696371521576067 0
70 0.196371521576067 0.731025822926303 0
71 0.231025822926303 0.518974177073697 0
72 0.231025822926303 0.553628478423933 0
73 0.231025822926303 0.625 0
74 0.231025822926303 0.696371521576067 0
75 0.231025822926303 0.731025822926303 0
76 0.0189741770736966 0.768974177073697 0
77 0.0189741770736966 0.803628478423933 0
78 0.0189741770736966 0.875 0
79 0.0189741770736966 0.946371521576067 0
80 0.0189741770736966 0.981025822926303 0
81 0.0536284784239326 0.768974177073697 0
82 0.0536284784239326 0.803628478423933 0
83 0.0536284784239326 0.875 0
84 0.0536284784239326 0.946371521576067 0
85 0.0536284784239326 0.981025822926303 0
86 0.125 0.768974177073697 0
87 0.125 0.803628478423933 0
88 0.125 0.875 0
89 0.125 0.946371521576067 0
90 0.125 0.981025822926303 0
91 0.196371521576067 0.768974177073697 0
92 0.196371521576067 0.803628478423933 0
93 0.196371521576067 0.875 0
94 0.196371521576067 0.946371521576067 0
95 0.196371521576067 0.981025822926303 0
96 0.231025822926303 0.768974177073697 0
97 0.231025822926303 0.803628478423933 0
98 0.231025822926303 0.875 0
99 0.231025822926303 0.946371521576067 0
100 0.231025822926303 0.981025822926303 0
101 0.268974177073697 0.0189741770736966 0
102 0.268974177073697 0.0536284784239326 0
103 0.268974177073697 0.125 0
104 0.268974177073697 0.196371521576067 0
105 0.268974177073697 0.231025822926303 0
106 0.303628478423933 0.0189741770736966 0
107 0.303628478423933 0.0536284784239326 0
108 0.303628478423933 0.125 0
109 0.303628478423933 0.196371521576067 0
110 0.303628478423933 0.231025822926303 0
111 0.375 0.0189741770736966 0
112 0.375 0.0536284784239326 0
113 0.375 0.125 0
114 0.375 0.196371521576067 0
115 0.375 0.231025822926303 0
116 0.446371521576067 0.0189741770736966 0
117 0.446371521576067 0.0536284784239326 0
118 0.446371521576067 0.125 0
119 0.446371521576067 0.196371521576067 0
120 0.446371521576067 0.231025822926303 0
121 0.481025822926303 0.0189741770736966 0
122 0.481025822926303 0.0536284784239326 0
123 0.481025822926303 0.125 0
124 0.481025822926303 0.196371521576067 0
125 0.481025822926303 0.231025822926303 0
126 0.268974177073697 0.268974177073697 0
127 0.268974177073697 0.303628478423933 0
128 0.268974177073697 0.375 0
129 0.268974177073697 0.446371521576067 0
130 0.268974177073697 0.481025822926303 0
131 0.303628478423933 0.268974177073697 0
132 0.303628478423933 0.303628478423933 0
133 0.303628478423933 0.375 0
134 0.303628478423933 0.446371521576067 0
135 0.303628478423933 0.481025822926303 0
136 0.375 0.268974177073697 0
137 0.375 0.303628478423933 0
138 0.375 0.375 0
139 0.375 0.446371521576067 0
140 0.375 0.481025822926303 0
141 0.446371521576067 0.268974177073697 0
142 0.446371521576067 0.303628478423933 0
143 0.446371521576067 0.375 0
144 0.446371521576067 0.446371521576067 0
145 0.446371521576067 0.481025822926303 0
146 0.481025822926303 0.268974177073697 0
147 0.481025822926303 0.303628478423933 0
148 0.481025822926303 0.375 0
149 0.481025822926303 0.446371521576067 0
150 0.481025822926303 0.481025822926303 0
151 0.268974177073697 0.518974177073697 0
152 0.268974177073697 0.553628478423933 0
153 0.268974177073697 0.625 0
154 0.268974177073697 0.696371521576067 0
155 0.268974177073697 0.731025822926303 0
156 0.303628478423933 0.518974177073697 0
157 0.303628478423933 0.553628478423933 0
158 0.303628478423933 0.625 0
159 0.303628478423933 0.696371521576067 0
160 0.303628478423933 0.731025822926303 0
161 0.375 0.518974177073697 0
162 0.375 0.553628478423933 0
163 0.375 0.625 0
164 0.375 0.696371521576067 0
165 0.375 0.731025822926303 0
166 0.446371521576067 0.518974177073697 0
167 0.446371521576067 0.553628478423933 0
168 0.446371521576067 0.625 0
169 0.446371521576067 0.696371521576067 0
170 0.446371521576067 0.731025822926303 0
171 0.481025822926303 0.518974177073697 0
172 0.481025822926303 0.553628478423933 0
173 0.481025822926303 0.625 0
174 0.481025822926303 0.696371521576067 0
175 0.481025822926303 0.731025822926303 0
176 0.268974177073697 0.768974177073697 0
177 0.268974177073697 0.803628478423933 0
178 0.268974177073697 0.875 0
179 0.268974177073697 0.946371521576067 0
180 0.268974177073697 0.981025822926303 0
181 0.303628478423933 0.768974177073697 0
182 0.303628478423933 0.803628478423933 0
183 0.303628478423933 0.875 0
184 0.303628478423933 0.946371521576067 0
185 0.303628478423933 0.981025822926303 0
186 0.375 0.768974177073697 0
187 0.375 0.803628478423933 0
188 0.375 0.875 0
189 0.375 0.946371521576067 0
190 0.375 0.981025822926303 0
191 0.446371521576067 0.768974177073697 0
192 0.446371521576067 0.803628478423933 0
193 0.446371521576067 0.875 0
194 0.446371521576067 0.946371521576067 0
195 0.446371521576067 0.981025822926303 0
196 0.481025822926303 0.768974177073697 0
197 0.481025822926303 0.803628478423933 0
198 0.481025822926303 0.875 0
199 0.481025822926303 0.946371521576067 0
200 0.481025822926303 0.981025822926303 0
201 0.518974177073697 0.0189741770736966 0
202 0.518974177073697 0.0536284784239326 0
203 0.518974177073697 0.125 0
204 0.518974177073697 0.196371521576067 0
205 0.518974177073697 0.231025822926303 0
206 0.553628478423932 0.0189741770736966 0
207 0.553628478423932 0.0536284784239326 0
208 0.553628478423932 0.125 0
209 0.553628478423932 0.196371521576067 0
210 0.553628478423932 0.231025822926303 0
211 0.625 0.0189741770736966 0
212 0.625 0.0536284784239326 0
213 0.625 0.125 0
214 0.625 0.196371521576067 0
215 0.625 0.231025822926303 0
216 0.696371521576067 0.0189741770736966 0
217 0.696371521576067 0.0536284784239326 0
218 0.696371521576067 0.125 0
219 0.696371521576067 0.196371521576067 0
220 0.696371521576067 0.231025822926303 0
221 0.731025822926303 0.0189741770736966 0
222 0.731025822926303 0.0536284784239326 0
223 0.731025822926303 0.125 0
224 0.731025822926303 0.196371521576067 0
225 0.731025822926303 0.231025822926303 0
226 0.518974177073697 0.268974177073697 0
227 0.518974177073697 0.303628478423933 0
228 0.518974177073697 0.375 0
229 0.518974177073697 0.446371521576067 0
230 0.518974177073697 0.481025822926303 0
231 0.553628478423933 0.268974177073697 0
232 0.553628478423933 0.303628478423933 0
233 0.553628478423933 0.375 0
234 0.553628478423933 0.446371521576067 0
235 0.553628478423933 0.481025822926303 0
236 0.625 0.268974177073697 0
237 0.625 0.303628478423933 0
238 0.625 0.375 0
239 0.625 0.446371521576067 0
240 0.625 0.481025822926303 0
241 0.696371521576067 0.268974177073697 0
242 0.696371521576067 0.303628478423933 0
243 0.696371521576067 0.375 0
244 0.696371521576067 0.446371521576067 0
245 0.696371521576067 0.481025822926303 0
246 0.731025822926303 0.268974177073697 0
247 0.731025822926303 0.303628478423933 0
248 0.731025822926303 0.375 0
249 0.731025822926303 0.446371521576067 0
250 0.731025822926303 0.481025822926303 0
251 0.518974177073697 0.518974177073697 0
252 0.518974177073697 0.553628478423933 0
253 0.518974177073697 0.625 0
254 0.518974177073697 0.696371521576067 0
255 0.518974177073697 0.731025822926303 0
256 0.553628478423933 0.518974177073697 0
257 0.553628478423933 0.553628478423933 0
258 0.553628478423933 0.625 0
259 0.553628478423933 0.696371521576067 0
260 0.553628478423933 0.731025822926303 0
261 0.625 0.518974177073697 0
262 0.625 0.553628478423933 0
263 0.625 0.625 0
264 0.625 0.696371521576067 0
265 0.625 0.731025822926303 0
266 0.696371521576067 0.518974177073697 0
267 0.696371521576067 0.553628478423933 0
268 0.696371521576067 0.625 0
269 0.696371521576067 0.696371521576067 0
270 0.696371521576067 0.731025822926303 0
271 0.731025822926303 0.518974177073697 0
272 0.731025822926303 0.553628478423933 0
273 0.731025822926303 0.625 0
274 0.731025822926303 0.696371521576067 0
275 0.731025822926303 0.731025822926303 0
276 0.518974177073697 0.768974177073697 0
277 0.518974177073697 0.803628478423933 0
278 0.518974177073697 0.875 0
279 0.518974177073697 0.946371521576067 0
280 0.518974177073697 0.981025822926303 0
281 0.553628478423933 0.768974177073697 0
282 0.553628478423933 0.803628478423933 0
283 0.553628478423933 0.875 0
284 0.553628478423933 0.946371521576067 0
285 0.553628478423933 0.981025822926303 0
286 0.625 0.768974177073697 0
287 0.625 0.803628478423933 0
288 0.625 0.875 0
289 0.625 0.946371521576067 0
290 0.625 0.981025822926303 0
291 0.696371521576067 0.768974177073697 0
292 0.696371521576067 0.803628478423933 0
293 0.696371521576067 0.875 0
294 0.696371521576067 0.946371521576067 0
295 0.696371521576067 0.981025822926303 0
296 0.731025822926303 0.768974177073697 0
297 0.731025822926303 0.803628478423933 0
298 0.731025822926303 0.875 0
299 0.731025822926303 0.946371521576067 0
300 0.731025822926303 0.981025822926303 0
301 0.768974177073697 0.0189741770736966 0
302 0.768974177073697 0.0536284784239326 0
303 0.768974177073697 0.125 0
304 0.768974177073697 0.196371521576067 0
305 0.768974177073696 0.231025822926303 0
306 0.803628478423933 0.0189741770736966 0
307 0.803628478423933 0.0536284784239326 0
308 0.803628478423933 0.125 0
309 0.803628478423932 0.196371521576067 0
310 0.803628478423932 0.231025822926303 0
311 0.875 0.0189741770736966 0
312 0.875 0.0536284784239326 0
313 0.875 0.125 0
314 0.875 0.196371521576067 0
315 0.875 0.231025822926303 0
316 0.946371521576067 0.0189741770736966 0
317 0.946371521576067 0.0536284784239326 0
318 0.946371521576067 0.125 0
319 0.946371521576067 0.196371521576067 0
320 0.946371521576067 0.231025822926303 0
321 0.981025822926303 0.0189741770736966 0
322 0.981025822926303 0.0536284784239326 0
323 0.981025822926303 0.125 0
324 0.981025822926303 0.196371521576067 0
325 0.981025822926303 0.231025822926303 0
326 0.768974177073697 0.268974177073697 0
327 0.768974177073697 0.303628478423933 0
328 0.768974177073697 0.375 0
329 0.768974177073697 0.446371521576067 0
330 0.768974177073697 0.481025822926303 0
331 0.803628478423933 0.268974177073697 0
332 0.803628478423933 0.303628478423933 0
333 0.803628478423933 0.375 0
334 0.803628478423933 0.446371521576067 0
335 0.803628478423933 0.481025822926303 0
336 0.875 0.268974177073697 0
337 0.875 0.303628478423933 0
338 0.875 0.375 0
339 0.875 0.446371521576067 0
340 0.875 0.481025822926303 0
341 0.946371521576067 0.268974177073697 0
342 0.946371521576067 0.303628478423933 0
343 0.946371521576067 0.375 0
344 0.946371521576067 0.446371521576067 0
345 0.946371521576067 0.481025822926303 0
346 0.981025822926303 0.268974177073697 0
347 0.981025822926303 0.303628478423933 0
348 0.981025822926303 0.375 0
349 0.981025822926303 0.446371521576067 0
350 0.981025822926303 0.481025822926303 0
351 0.768974177073697 0.518974177073697 0
352 0.768974177073697 0.553628478423933 0
353 0.768974177073697 0.625 0
354 0.768974177073697 0.696371521576067 0
355 0.768974177073697 0.731025822926303 0
356 0.803628478423933 0.518974177073697 0
357 0.803628478423933 0.553628478423933 0
358 0.803628478423933 0.625 0
359 0.803628478423933 0.696371521576067 0
360 0.803628478423933 0.731025822926303 0
361 0.875 0.518974177073697 0
362 0.875 0.553628478423933 0
363 0.875 0.625 0
364 0.875 0.696371521576067 0
365 0.875 0.731025822926303 0
366 0.946371521576067 0.518974177073697 0
367 0.946371521576067 0.553628478423933 0
368 0.946371521576067 0.625 0
369 0.946371521576067 0.696371521576067 0
370 0.946371521576067 0.731025822926303 0
371 0.981025822926303 0.518974177073697 0
372 0.981025822926303 0.553628478423933 0
373 0.981025822926303 0.625 0
374 0.981025822926303 0.696371521576067 0
375 0.981025822926303 0.731025822926303 0
376 0.768974177073697 0.768974177073697 0
377 0.768974177073697 0.803628478423933 0
378 0.768974177073697 0.875 0
379 0.768974177073697 0.946371521576067 0
380 0.768974177073697 0.981025822926303 0
381 0.803628478423933 0.768974177073697 0
382 0.803628478423933 0.803628478423933 0
383 0.803628478423933 0.875 0
384 0.803628478423933 0.946371521576067 0
385 0.803628478423933 0.981025822926303 0
386 0.875 0.768974177073697 0
387 0.875 0.803628478423933 0
388 0.875 0.875 0
389 0.875 0.946371521576067 0
390 0.875 0.981025822926303 0
391 0.946371521576067 0.768974177073697 0
392 0.946371521576067 0.803628478423933 0
393 0.946371521576067 0.875 0
394 0.946371521576067 0.946371521576067 0
395 0.946371521576067 0.981025822926303 0
396 0.981025822926303 0.768974177073697 0
397 0.981025822926303 0.803628478423933 0
398 0.981025822926303 0.875 0
399 0.981025822926303 0.946371521576067 0
400 0.981025822926303 0.981025822926303 0
401 1.0189741770737 0.0189741770736966 0
402 1.0189741770737 0.0536284784239326 0
403 1.0189741770737 0.125 0
404 1.0189741770737 0.196371521576067 0
405 1.0189741770737 0.231025822926303 0
406 1.05362847842393 0.0189741770736966 0
407 1.05362847842393 0.0536284784239326 0
408 1.05362847842393 0.125 0
409 1.05362847842393 0.196371521576067 0
410 1.05362847842393 0.231025822926303 0
411 1.125 0.0189741770736966 0
412 1.125 0.0536284784239326 0
413 1.125 0.125 0
414 1.125 0.196371521576067 0
415 1.125 0.231025822926303 0
416 1.19637152157607 0.0189741770736966 0
417 1.19637152157607 0.0536284784239326 0
418 1.19637152157607 0.125 0
419 1.19637152157607 0.196371521576067 0
420 1.19637152157607 0.231025822926303 0
421 1.2310258229263 0.0189741770736966 0
422 1.2310258229263 0.0536284784239326 0
423 1.2310258229263 0.125 0
424 1.2310258229263 0.196371521576067 0
425 1.2310258229263 0.231025822926303 0
426 1.0189741770737 0.268974177073697 0
427 1.0189741770737 0.303628478423933 0
428 1.0189741770737 0.375 0
429 1.0189741770737 0.446371521576067 0
430 1.0189741770737 0.481025822926303 0
431 1.05362847842393 0.268974177073697 0
432 1.05362847842393 0.303628478423933 0
433 1.05362847842393 0.375 0
434 1.05362847842393 0.446371521576067 0
435 1.05362847842393 0.481025822926303 0
436 1.125 0.268974177073697 0
437 1.125 0.303628478423933 0
438 1.125 0.375 0
439 1.125 0.446371521576067 0
440 1.125 0.481025822926303 0
441 1.19637152157607 0.268974177073697 0
442 1.19637152157607 0.303628478423933 0
443 1.19637152157607 0.375 0
444 1.19637152157607 0.446371521576067 0
445 1.19637152157607 0.481025822926303 0
446 1.2310258229263 0.268974177073697 0
447 1.2310258229263 0.303628478423933 0
448 1.2310258229263 0.375 0
449 1.2310258229263 0.446371521576067 0
450 1.2310258229263 0.481025822926303 0
451 1.0189741770737 0.518974177073697 0
452 1.0189741770737 0.553628478423933 0
453 1.0189741770737 0.625 0
454 1.0189741770737 0.696371521576067 0
455 1.0189741770737 0.731025822926303 0
456 1.05362847842393 0.518974177073697 0
457 1.05362847842393 0.553628478423933 0
458 1.05362847842393 0.625 0
459 1.05362847842393 0.696371521576067 0
460 1.05362847842393 0.731025822926303 0
461 1.125 0.518974177073697 0
462 1.125 0.553628478423933 0
463 1.125 0.625 0
464 1.125 0.696371521576067 0
465 1.125 0.731025822926303 0
466 1.19637152157607 0.518974177073697 0
467 1.19637152157607 0.553628478423933 0
468 1.19637152157607 0.625 0
469 1.19637152157607 0.696371521576067 0
470 1.19637152157607 0.731025822926303 0
471 1.2310258229263 0.518974177073697 0
472 1.2310258229263 0.553628478423933 0
473 1.2310258229263 0.625 0
474 1.2310258229263 0.696371521576067 0
475 1.2310258229263 0.731025822926303 0
476 1.0189741770737 0.768974177073697 0
477 1.0189741770737 0.803628478423933 0
478 1.0189741770737 0.875 0
479 1.0189741770737 0.946371521576067 0
480 1.0189741770737 0.981025822926303 0
481 1.05362847842393 0.768974177073697 0
482 1.05362847842393 0.803628478423933 0
483 1.05362847842393 0.875 0
484 1.05362847842393 0.946371521576067 0
485 1.05362847842393 0.981025822926303 0
486 1.125 0.768974177073697 0
487 1.125 0.803628478423933 0
488 1.125 0.875 0
489 1.125 0.946371521576067 0
490 1.125 0.981025822926303 0
491 1.19637152157607 0.768974177073697 0
492 1.19637152157607 0.803628478423933 0
493 1.19637152157607 0.875 0
494 1.19637152157607 0.946371521576067 0
495 1.19637152157607 0.981025822926303 0
496 1.2310258229263 0.768974177073697 0
497 1.2310258229263 0.803628478423933 0
498 1.2310258229263 0.875 0
499 1.2310258229263 0.946371521576067 0
500 1.2310258229263 0.981025822926303 0
501 1.2689741770737 0.0189741770736966 0
502 1.2689741770737 0.0536284784239326 0
503 1.2689741770737 0.125 0
504 1.2689741770737 0.196371521576067 0
505 1.2689741770737 0.231025822926303 0
506 1.30362847842393 0.0189741770736966 0
507 1.30362847842393 0.0536284784239326 0
508 1.30362847842393 0.125 0
509 1.30362847842393 0.196371521576067 0
510 1.30362847842393 0.231025822926303 0
511 1.375 0.0189741770736966 0
512 1.375 0.0536284784239326 0
513 1.375 0.125 0
514 1.375 0.196371521576067 0
515 1.375 0.231025822926303 0
516 1.44637152157607 0.0189741770736966 0
517 1.44637152157607 0.0536284784239326 0
518 1.44637152157607 0.125 0
519 1.44637152157607 0.196371521576067 0
520 1.44637152157607 0.231025822926303 0
521 1.4810258229263 0.0189741770736966 0
522 1.4810258229263 0.0536284784239326 0
523 1.4810258229263 0.125 0
524 1.4810258229263 0.196371521576067 0
525 1.4810258229263 0.231025822926303 0
526 1.2689741770737 0.268974177073697 0
527 1.2689741770737 0.303628478423933 0
528 1.2689741770737 0.375 0
529 1.2689741770737 0.446371521576067 0
530 1.2689741770737 0.481025822926303 0
531 1.30362847842393 0.268974177073697 0
532 1.30362847842393 0.303628478423933 0
533 1.30362847842393 0.375 0
534 1.30362847842393 0.446371521576067 0
535 1.30362847842393 0.481025822926303 0
536 1.375 0.268974177073697 0
537 1.375 0.303628478423933 0
538 1.375 0.375 0
539 1.375 0.446371521576067 0
540 1.375 0.481025822926303 0
541 1.44637152157607 0.268974177073697 0
542 1.44637152157607 0.303628478423933 0
543 1.44637152157607 0.375 0
544 1.44637152157607 0.446371521576067 0
545 1.44637152157607 0.481025822926303 0
546 1.4810258229263 0.268974177073697 0
547 1.4810258229263 0.303628478423933 0
548 1.4810258229263 0.375 0
549 1.4810258229263 0.446371521576067 0
550 1.4810258229263 0.481025822926303 0
551 1.2689741770737 0.518974177073697 0
552 1.2689741770737 0.553628478423933 0
553 1.2689741770737 0.625 0
554 1.2689741770737 0.696371521576067 0
555 1.2689741770737 0.731025822926303 0
556 1.30362847842393 0.518974177073697 0
557 1.30362847842393 0.553628478423933 0
558 1.30362847842393 0.625 0
559 1.30362847842393 0.696371521576067 0
560 1.30362847842393 0.731025822926303 0
561 1.375 0.518974177073697 0
562 1.375 0.553628478423933 0
563 1.375 0.625 0
564 1.375 0.696371521576067 0
565 1.375 0.731025822926303 0
566 1.44637152157607 0.518974177073697 0
567 1.44637152157607 0.553628478423933 0
568 1.44637152157607 0.625 0
569 1.44637152157607 0.696371521576067 0
570 1.44637152157607 0.731025822926303 0
571 1.4810258229263 0.518974177073697 0
572 1.4810258229263 0.553628478423933 0
573 1.4810258229263 0.625 0
574 1.4810258229263 0.696371521576067 0
575 1.4810258229263 0.731025822926303 0
576 1.2689741770737 0.768974177073697 0
577 1.2689741770737 0.803628478423933 0
578 1.2689741770737 0.875 0
579 1.2689741770737 0.946371521576067 0
580 1.2689741770737 0.981025822926303 0
581 1.30362847842393 0.768974177073697 0
582 1.30362847842393 0.803628478423933 0
583 1.30362847842393 0.875 0
584 1.30362847842393 0.946371521576067 0
585 1.30362847842393 0.981025822926303 0
586 1.375 0.768974177073697 0
587 1.375 0.803628478423933 0
588 1.375 0.875 0
589 1.375 0.946371521576067 0
590 1.375 0.981025822926303 0
591 1.44637152157607 0.768974177073697 0
592 1.44637152157607 0.803628478423933 0
593 1.44637152157607 0.875 0
594 1.44637152157607 0.946371521576067 0
595 1.44637152157607 0.981025822926303 0
596 1.4810258229263 0.768974177073697 0
597 1.4810258229263 0.803628478423933 0
598 1.4810258229263 0.875 0
599 1.4810258229263 0.946371521576067 0
600 1.4810258229263 0.981025822926303 0
601 1.5189741770737 0.0189741770736966 0
602 1.5189741770737 0.0536284784239326 0
603 1.5189741770737 0.125 0
604 1.5189741770737 0.196371521576067 0
605 1.5189741770737 0.231025822926303 0
606 1.55362847842393 0.0189741770736966 0
607 1.55362847842393 0.0536284784239326 0
608 1.55362847842393 0.125 0
609 1.55362847842393 0.196371521576067 0
610 1.55362847842393 0.231025822926303 0
611 1.625 0.0189741770736966 0
612 1.625 0.0536284784239326 0
613 1.625 0.125 0
614 1.625 0.196371521576067 0
615 1.625 0.231025822926303 0
616 1.69637152157607 0.0189741770736966 0
617 1.69637152157607 0.0536284784239326 0
618 1.69637152157607 0.125 0
619 1.69637152157607 0.196371521576067 0
620 1.69637152157607 0.231025822926303 0
621 1.7310258229263 0.0189741770736966 0
622 1.7310258229263 0.0536284784239326 0
623 1.7310258229263 0.125 0
624 1.7310258229263 0.196371521576067 0
625 1.7310258229263 0.231025822926303 0
626 1.5189741770737 0.268974177073697 0
627 1.5189741770737 0.303628478423933 0
628 1.5189741770737 0.375 0
629 1.5189741770737 0.446371521576067 0
630 1.5189741770737 0.481025822926303 0
631 1.55362847842393 0.268974177073697 0
632 1.55362847842393 0.303628478423933 0
633 1.55362847842393 0.375 0
634 1.55362847842393 0.446371521576067 0
635 1.55362847842393 0.481025822926303 0
636 1.625 0.268974177073697 0
637 1.625 0.303628478423933 0
638 1.625 0.375 0
639 1.625 0.446371521576067 0
640 1.625 0.481025822926303 0
641 1.69637152157607 0.268974177073697 0
642 1.69637152157607 0.303628478423933 0
643 1.69637152157607 0.375 0
644 1.69637152157607 0.446371521576067 0
645 1.69637152157607 0.481025822926303 0
646 1.7310258229263 0.268974177073697 0
647 1.7310258229263 0.303628478423933 0
648 1.7310258229263 0.375 0
649 1.7310258229263 0.446371521576067 0
650 1.7310258229263 0.481025822926303 0
651 1.5189741770737 0.518974177073697 0
652 1.5189741770737 0.553628478423933 0
653 1.5189741770737 0.625 0
654 1.5189741770737 0.696371521576067 0
655 1.5189741770737 0.731025822926303 0
656 1.55362847842393 0.518974177073697 0
657 1.55362847842393 0.553628478423933 0
658 1.55362847842393 0.625 0
659 1.55362847842393 0.696371521576067 0
660 1.55362847842393 0.731025822926303 0
661 1.625 0.518974177073697 0
662 1.625 0.553628478423933 0
663 1.625 0.625 0
664 1.625 0.696371521576067 0
665 1.625 0.731025822926303 0
666 1.69637152157607 0.518974177073697 0
667 1.69637152157607 0.553628478423933 0
668 1.69637152157607 0.625 0
669 1.69637152157607 0.696371521576067 0
670 1.69637152157607 0.731025822926303 0
671 1.7310258229263 0.518974177073697 0
672 1.7310258229263 0.553628478423933 0
673 1.7310258229263 0.625 0
674 1.7310258229263 0.696371521576067 0
675 1.7310258229263 0.731025822926303 0
676 1.5189741770737 0.768974177073697 0
677 1.5189741770737 0.803628478423933 0
678 1.5189741770737 0.875 0
679 1.5189741770737 0.946371521576067 0
680 1.5189741770737 0.981025822926303 0
681 1.55362847842393 0.768974177073697 0
682 1.55362847842393 0.803628478423933 0
683 1.55362847842393 0.875 0
684 1.55362847842393 0.946371521576067 0
685 1.55362847842393 0.981025822926303 0
686 1.625 0.768974177073697 0
687 1.625 0.803628478423933 0
688 1.625 0.875 0
689 1.625 0.946371521576067 0
690 1.625 0.981025822926303 0
691 1.69637152157607 0.768974177073697 0
692 1.69637152157607 0.803628478423933 0
693 1.69637152157607 0.875 0
694 1.69637152157607 0.946371521576067 0
695 1.69637152157607 0.981025822926303 0
696 1.7310258229263 0.768974177073697 0
697 1.7310258229263 0.803628478423933 0
698 1.7310258229263 0.875 0
699 1.7310258229263 0.946371521576067 0
700 1.7310258229263 0.981025822926303 0
701 1.7689741770737 0.0189741770736966 0
702 1.7689741770737 0.0536284784239326 0
703 1.7689741770737 0.125 0
704 1.7689741770737 0.196371521576067 0
705 1.7689741770737 0.231025822926303 0
706 1.80362847842393 0.0189741770736966 0
707 1.80362847842393 0.0536284784239326 0
708 1.80362847842393 0.125 0
709 1.80362847842393 0.196371521576067 0
710 1.80362847842393 0.231025822926303 0
711 1.875 0.0189741770736966 0
712 1.875 0.0536284784239326 0
713 1.875 0.125 0
714 1.875 0.196371521576067 0
715 1.875 0.231025822926303 0
716 1.94637152157607 0.0189741770736966 0
717 1.94637152157607 0.0536284784239326 0
718 1.94637152157607 0.125 0
719 1.94637152157607 0.196371521576067 0
720 1.94637152157607 0.231025822926303 0
721 1.9810258229263 0.0189741770736966 0
722 1.9810258229263 0.0536284784239326 0
723 1.9810258229263 0.125 0
724 1.9810258229263 0.196371521576067 0
725 1.9810258229263 0.231025822926303 0
726 1.7689741770737 0.268974177073697 0
727 1.7689741770737 0.303628478423933 0
728 1.7689741770737 0.375 0
729 1.7689741770737 0.446371521576067 0
730 1.7689741770737 0.481025822926303 0
731 1.80362847842393 0.268974177073697 0
732 1.80362847842393 0.303628478423933 0
733 1.80362847842393 0.375 0
734 1.80362847842393 0.446371521576067 0
735 1.80362847842393 0.481025822926303 0
736 1.875 0.268974177073697 0
737 1.875 0.303628478423933 0
738 1.875 0.375 0
739 1.875 0.446371521576067 0
740 1.875 0.481025822926303 0
741 1.94637152157607 0.268974177073697 0
742 1.94637152157607 0.303628478423933 0
743 1.94637152157607 0.375 0
744 1.94637152157607 0.446371521576067 0
745 1.94637152157607 0.481025822926303 0
746 1.9810258229263 0.268974177073697 0
747 1.9810258229263 0.303628478423933 0
748 1.9810258229263 0.375 0
749 1.9810258229263 0.446371521576067 0
750 1.9810258229263 0.481025822926303 0
751 1.7689741770737 0.518974177073697 0
752 1.7689741770737 0.553628478423933 0
753 1.7689741770737 0.625 0
754 1.7689741770737 0.696371521576067 0
755 1.7689741770737 0.731025822926303 0
756 1.80362847842393 0.518974177073697 0
757 1.80362847842393 0.553628478423933 0
758 1.80362847842393 0.625 0
759 1.80362847842393 0.696371521576067 0
760 1.80362847842393 0.731025822926303 0
761 1.875 0.518974177073697 0
762 1.875 0.553628478423933 0
763 1.875 0.625 0
764 1.875 0.696371521576067 0
765 1.875 0.731025822926303 0
766 1.94637152157607 0.518974177073697 0
767 1.94637152157607 0.553628478423933 0
768 1.94637152157607 0.625 0
769 1.94637152157607 0.696371521576067 0
770 1.94637152157607 0.731025822926303 0
771 1.9810258229263 0.518974177073697 0
772 1.9810258229263 0.553628478423933 0
773 1.9810258229263 0.625 0
774 1.9810258229263 0.696371521576067 0
775 1.9810258229263 0.731025822926303 0
776 1.7689741770737 0.768974177073697 0
777 1.7689741770737 0.803628478423933 0
778 1.7689741770737 0.875 0
779 1.7689741770737 0.946371521576067 0
780 1.7689741770737 0.981025822926303 0
781 1.80362847842393 0.768974177073697 0
782 1.80362847842393 0.803628478423933 0
783 1.80362847842393 0.875 0
784 1.80362847842393 0.946371521576067 0
785 1.80362847842393 0.981025822926303 0
786 1.875 0.768974177073697 0
787 1.875 0.803628478423933 0
788 1.875 0.875 0
789 1.875 0.946371521576067 0
790 1.875 0.981025822926303 0
791 1.94637152157607 0.768974177073697 0
792 1.94637152157607 0.803628478423933 0
793 1.94637152157607 0.875 0
794 1.94637152157607 0.946371521576067 0
795 1.94637152157607 0.981025822926303 0
796 1.9810258229263 0.768974177073697 0
797 1.9810258229263 0.803628478423933 0
798 1.9810258229263 0.875 0
799 1.9810258229263 0.946371521576067 0
800 1.9810258229263 0.981025822926303 0
801 2.0189741770737 0.0189741770736966 0
802 2.0189741770737 0.0536284784239326 0
803 2.0189741770737 0.125 0
804 2.0189741770737 0.196371521576067 0
805 2.0189741770737 0.231025822926303 0
806 2.05362847842393 0.0189741770736966 0
807 2.05362847842393 0.0536284784239326 0
808 2.05362847842393 0.125 0
809 2.05362847842393 0.196371521576067 0
810 2.05362847842393 0.231025822926303 0
811 2.125 0.0189741770736966 0
812 2.125 0.0536284784239326 0
813 2.125 0.125 0
814 2.125 0.196371521576067 0
815 2.125 0.231025822926303 0
816 2.19637152157607 0.0189741770736966 0
817 2.19637152157607 0.0536284784239326 0
818 2.19637152157607 0.125 0
819 2.19637152157607 0.196371521576067 0
820 2.19637152157607 0.231025822926303 0
821 2.2310258229263 0.0189741770736966 0
822 2.2310258229263 0.0536284784239326 0
823 2.2310258229263 0.125 0
824 2.2310258229263 0.196371521576067 0
825 2.2310258229263 0.231025822926303 0
826 2.0189741770737 0.268974177073697 0
827 2.0189741770737 0.303628478423933 0
828 2.0189741770737 0.375 0
829 2.0189741770737 0.446371521576067 0
830 2.0189741770737 0.481025822926303 0
831 2.05362847842393 0.268974177073697 0
832 2.05362847842393 0.303628478423933 0
833 2.05362847842393 0.375 0
834 2.05362847842393 0.446371521576067 0
835 2.05362847842393 0.481025822926303 0
836 2.125 0.268974177073697 0
837 2.125 0.303628478423933 0
838 2.125 0.375 0
839 2.125 0.446371521576067 0
840 2.125 0.481025822926303 0
841 2.19637152157607 0.268974177073697 0
842 2.19637152157607 0.303628478423933 0
843 2.19637152157607 0.375 0
844 2.19637152157607 0.446371521576067 0
845 2.19637152157607 0.481025822926303 0
846 2.2310258229263 0.268974177073697 0
847 2.2310258229263 0.303628478423933 0
848 2.2310258229263 0.375 0
849 2.2310258229263 0.446371521576067 0
850 2.2310258229263 0.481025822926303 0
851 2.0189741770737 0.518974177073697 0
852 2.0189741770737 0.553628478423933 0
853 2.0189741770737 0.625 0
854 2.0189741770737 0.696371521576067 0
855 2.0189741770737 0.731025822926303 0
856 2.05362847842393 0.518974177073697 0
857 2.05362847842393 0.553628478423933 0
858 2.05362847842393 0.625 0
859 2.05362847842393 0.696371521576067 0
860 2.05362847842393 0.731025822926303 0
861 2.125 0.518974177073697 0
862 2.125 0.553628478423933 0
863 2.125 0.625 0
864 2.125 0.696371521576067 0
865 2.125 0.731025822926303 0
866 2.19637152157607 0.518974177073697 0
867 2.19637152157607 0.553628478423933 0
868 2.19637152157607 0.625 0
869 2.19637152157607 0.696371521576067 0
870 2.19637152157607 0.731025822926303 0
871 2.2310258229263 0.518974177073697 0
872 2.2310258229263 0.553628478423933 0
873 2.2310258229263 0.625 0
874 2.2310258229263 0.696371521576067 0
875 2.2310258229263 0.731025822926303 0
876 2.0189741770737 0.768974177073697 0
877 2.0189741770737 0.803628478423933 0
878 2.0189741770737 0.875 0
879 2.0189741770737 0.946371521576067 0
880 2.0189741770737 0.981025822926303 0
881 2.05362847842393 0.768974177073697 0
882 2.05362847842393 0.803628478423933 0
883 2.05362847842393 0.875 0
884 2.05362847842393 0.946371521576067 0
885 2.05362847842393 0.981025822926303 0
886 2.125 0.768974177073697 0
887 2.125 0.803628478423933 0
888 2.125 0.875 0
889 2.125 0.946371521576067 0
890 2.125 0.981025822926303 0
891 2.19637152157607 0.768974177073697 0
892 2.19637152157607 0.803628478423933 0
893 2.19637152157607 0.875 0
894 2.19637152157607 0.946371521576067 0
895 2.19637152157607 0.981025822926303 0
896 2.2310258229263 0.768974177073697 0
897 2.2310258229263 0.803628478423933 0
898 2.2310258229263 0.875 0
899 2.2310258229263 0.946371521576067 0
900 2.2310258229263 0.981025822926303 0
901 2.2689741770737 0.0189741770736966 0
902 2.2689741770737 0.0536284784239326 0
903 2.2689741770737 0.125 0
904 2.2689741770737 0.196371521576067 0
905 2.2689741770737 0.231025822926303 0
906 2.30362847842393 0.0189741770736966 0
907 2.30362847842393 0.0536284784239326 0
908 2.30362847842393 0.125 0
909 2.30362847842393 0.196371521576067 0
910 2.30362847842393 0.231025822926303 0
911 2.375 0.0189741770736966 0
912 2.375 0.0536284784239326 0
913 2.375 0.125 0
914 2.375 0.196371521576067 0
915 2.375 0.231025822926303 0
916 2.44637152157607 0.0189741770736966 0
917 2.44637152157607 0.0536284784239326 0
918 2.44637152157607 0.125 0
919 2.44637152157607 0.196371521576067 0
920 2.44637152157607 0.231025822926303 0
921 2.4810258229263 0.0189741770736966 0
922 2.4810258229263 0.0536284784239326 0
923 2.4810258229263 0.125 0
924 2.4810258229263 0.196371521576067 0
925 2.4810258229263 0.231025822926303 0
926 2.2689741770737 0.268974177073697 0
927 2.2689741770737 0.303628478423933 0
928 2.2689741770737 0.375 0
929 2.2689741770737 0.446371521576067 0
930 2.2689741770737 0.481025822926303 0
931 2.30362847842393 0.268974177073697 0
932 2.30362847842393 0.303628478423933 0
933 2.30362847842393 0.375 0
934 2.30362847842393 0.446371521576067 0
935 2.30362847842393 0.481025822926303 0
936 2.375 0.268974177073697 0
937 2.375 0.303628478423933 0
938 2.375 0.375 0
939 2.375 0.446371521576067 0
940 2.375 0.481025822926303 0
941 2.44637152157607 0.268974177073697 0
942 2.44637152157607 0.303628478423933 0
943 2.44637152157607 0.375 0
944 2.44637152157607 0.446371521576067 0
945 2.44637152157607 0.481025822926303 0
946 2.4810258229263 0.268974177073697 0
947 2.4810258229263 0.303628478423933 0
948 2.4810258229263 0.375 0
949 2.4810258229263 0.446371521576067 0
950 2.4810258229263 0.481025822926303 0
951 2.2689741770737 0.518974177073697 0
952 2.2689741770737 0.553628478423933 0
953 2.2689741770737 0.625 0
954 2.2689741770737 0.696371521576067 0
955 2.2689741770737 0.731025822926303 0
956 2.30362847842393 0.518974177073697 0
957 2.30362847842393 0.553628478423933 0
958 2.30362847842393 0.625 0
959 2.30362847842393 0.696371521576067 0
960 2.30362847842393 0.731025822926303 0
961 2.375 0.518974177073697 0
962 2.375 0.553628478423933 0
963 2.375 0.625 0
964 2.375 0.696371521576067 0
965 2.375 0.731025822926303 0
966 2.44637152157607 0.518974177073697 0
967 2.44637152157607 0.553628478423933 0
968 2.44637152157607 0.625 0
969 2.44637152157607 0.696371521576067 0
970 2.44637152157607 0.731025822926303 0
971 2.4810258229263 0.518974177073697 0
972 2.4810258229263 0.553628478423933 0
973 2.4810258229263 0.625 0
974 2.4810258229263 0.696371521576067 0
975 2.4810258229263 0.731025822926303 0
976 2.2689741770737 0.768974177073697 0
977 2.2689741770737 0.803628478423933 0
978 2.2689741770737 0.875 0
979 2.2689741770737 0.946371521576067 0
980 2.2689741770737 0.981025822926303 0
981 2.30362847842393 0.768974177073697 0
982 2.30362847842393 0.803628478423933 0
983 2.30362847842393 0.875 0
984 2.30362847842393 0.946371521576067 0
985 2.30362847842393 0.981025822926303 0
986 2.375 0.768974177073697 0
987 2.375 0.803628478423933 0
988 2.375 0.875 0
989 2.375 0.946371521576067 0
990 2.375 0.981025822926303 0
991 2.44637152157607 0.768974177073697 0
992 2.44637152157607 0.803628478423933 0
993 2.44637152157607 0.875 0
994 2.44637152157607 0.946371521576067 0
995 2.44637152157607 0.981025822926303 0
996 2.4810258229263 0.768974177073697 0
997 2.4810258229263 0.803628478423933 0
998 2.4810258229263 0.875 0
999 2.4810258229263 0.946371521576067 0
1000 2.4810258229263 0.981025822926303 0
1001 2.5189741770737 0.0189741770736966 0
1002 2.5189741770737 0.0536284784239326 0
1003 2.5189741770737 0.125 0
1004 2.5189741770737 0.196371521576067 0
1005 2.5189741770737 0.231025822926303 0
1006 2.55362847842393 0.0189741770736966 0
1007 2.55362847842393 0.0536284784239326 0
1008 2.55362847842393 0.125 0
1009 2.55362847842393 0.196371521576067 0
1010 2.55362847842393 0.231025822926303 0
1011 2.625 0.0189741770736966 0
1012 2.625 0.0536284784239326 0
1013 2.625 0.125 0
1014 2.625 0.196371521576067 0
1015 2.625 0.231025822926303 0
1016 2.69637152157607 0.0189741770736966 0
1017 2.69637152157607 0.0536284784239326 0
1018 2.69637152157607 0.125 0
1019 2.69637152157607 0.196371521576067 0
1020 2.69637152157607 0.231025822926303 0
1021 2.7310258229263 0.0189741770736966 0
1022 2.7310258229263 0.0536284784239326 0
1023 2.7310258229263 0.125 0
1024 2.7310258229263 0.196371521576067 0
1025 2.7310258229263 0.231025822926303 0
1026 2.5189741770737 0.268974177073697 0
1027 2.5189741770737 0.303628478423933 0
1028 2.5189741770737 0.375 0
1029 2.5189741770737 0.446371521576067 0
1030 2.5189741770737 0.481025822926303 0
1031 2.55362847842393 0.268974177073697 0
1032 2.55362847842393 0.303628478423933 0
1033 2.55362847842393 0.375 0
1034 2.55362847842393 0.446371521576067 0
1035 2.55362847842393 0.481025822926303 0
1036 2.625 0.268974177073697 0
1037 2.625 0.303628478423933 0
1038 2.625 0.375 0
1039 2.625 0.446371521576067 0
1040 2.625 0.481025822926303 0
1041 2.69637152157607 0.268974177073697 0
1042 2.69637152157607 0.303628478423933 0
1043 2.69637152157607 0.375 0
1044 2.69637152157607 0.446371521576067 0
1045 2.69637152157607 0.481025822926303 0
1046 2.7310258229263 0.268974177073697 0
1047 2.7310258229263 0.303628478423933 0
1048 2.7310258229263 0.375 0
1049 2.7310258229263 0.446371521576067 0
1050 2.7310258229263 0.481025822926303 0
1051 2.5189741770737 0.518974177073697 0
1052 2.5189741770737 0.553628478423933 0
1053 2.5189741770737 0.625 0
1054 2.5189741770737 0.696371521576067 0
1055 2.5189741770737 0.731025822926303 0
1056 2.55362847842393 0.518974177073697 0
1057 2.55362847842393 0.553628478423933 0
1058 2.55362847842393 0.625 0
1059 2.55362847842393 0.696371521576067 0
1060 2.55362847842393 0.731025822926303 0
1061 2.625 0.518974177073697 0
1062 2.625 0.553628478423933 0
1063 2.625 0.625 0
1064 2.625 0.696371521576067 0
1065 2.625 0.731025822926303 0
1066 2.69637152157607 0.518974177073697 0
1067 2.69637152157607 0.553628478423933 0
1068 2.69637152157607 0.625 0
1069 2.69637152157607 0.696371521576067 0
1070 2.69637152157607 0.731025822926303 0
1071 2.7310258229263 0.518974177073697 0
1072 2.7310258229263 0.553628478423933 0
1073 2.7310258229263 0.625 0
1074 2.7310258229263 0.696371521576067 0
1075 2.7310258229263 0.731025822926303 0
1076 2.5189741770737 0.768974177073697 0
1077 2.5189741770737 0.803628478423933 0
1078 2.5189741770737 0.875 0
1079 2.5189741770737 0.946371521576067 0
1080 2.5189741770737 0.981025822926303 0
1081 2.55362847842393 0.768974177073697 0
1082 2.55362847842393 0.803628478423933 0
1083 2.55362847842393 0.875 0
1084 2.55362847842393 0.946371521576067 0
1085 2.55362847842393 0.981025822926303 0
1086 2.625 0.768974177073697 0
1087 2.625 0.803628478423933 0
1088 2.625 0.875 0
1089 2.625 0.946371521576067 0
1090 2.625 0.981025822926303 0
1091 2.69637152157607 0.768974177073697 0
1092 2.69637152157607 0.803628478423933 0
1093 2.69637152157607 0.875 0
1094 2.69637152157607 0.946371521576067 0
1095 2.69637152157607 0.981025822926303 0
1096 2.7310258229263 0.768974177073697 0
1097 2.7310258229263 0.803628478423933 0
1098 2.7310258229263 0.875 0
1099 2.7310258229263 0.946371521576067 0
1100 2.7310258229263 0.981025822926303 0
1101 2.7689741770737 0.0189741770736966 0
1102 2.7689741770737 0.0536284784239326 0
1103 2.7689741770737 0.125 0
1104 2.7689741770737 0.196371521576067 0
1105 2.7689741770737 0.231025822926303 0
1106 2.80362847842393 0.0189741770736966 0
1107 2.80362847842393 0.0536284784239326 0
1108 2.80362847842393 0.125 0
1109 2.80362847842393 0.196371521576067 0
1110 2.80362847842393 0.231025822926303 0
1111 2.875 0.0189741770736966 0
1112 2.875 0.0536284784239326 0
1113 2.875 0.125 0
1114 2.875 0.196371521576067 0
1115 2.875 0.231025822926303 0
1116 2.94637152157607 0.0189741770736966 0
1117 2.94637152157607 0.0536284784239326 0
1118 2.94637152157607 0.125 0
1119 2.94637152157607 0.196371521576067 0
1120 2.94637152157607 0.231025822926303 0
1121 2.9810258229263 0.0189741770736966 0
1122 2.9810258229263 0.0536284784239326 0
1123 2.9810258229263 0.125 0
1124 2.9810258229263 0.196371521576067 0
1125 2.9810258229263 0.231025822926303 0
1126 2.7689741770737 0.268974177073697 0
1127 2.7689741770737 0.303628478423933 0
1128 2.7689741770737 0.375 0
1129 2.7689741770737 0.446371521576067 0
1130 2.7689741770737 0.481025822926303 0
1131 2.80362847842393 0.268974177073697 0
1132 2.80362847842393 0.303628478423933 0
1133 2.80362847842393 0.375 0
1134 2.80362847842393 0.446371521576067 0
1135 2.80362847842393 0.481025822926303 0
1136 2.875 0.268974177073697 0
1137 2.875 0.303628478423933 0
1138 2.875 0.375 0
1139 2.875 0.446371521576067 0
1140 2.875 0.481025822926303 0
1141 2.94637152157607 0.268974177073697 0
1142 2.94637152157607 0.303628478423933 0
1143 2.94637152157607 0.375 0
1144 2.94637152157607 0.446371521576067 0
1145 2.94637152157607 0.481025822926303 0
1146 2.9810258229263 0.268974177073697 0
1147 2.9810258229263 0.303628478423933 0
1148 2.9810258229263 0.375 0
1149 2.9810258229263 0.446371521576067 0
1150 2.9810258229263 0.481025822926303 0
1151 2.7689741770737 0.518974177073697 0
1152 2.7689741770737 0.553628478423933 0
1153 2.7689741770737 0.625 0
1154 2.7689741770737 0.696371521576067 0
1155 2.7689741770737 0.731025822926303 0
1156 2.80362847842393 0.518974177073697 0
1157 2.80362847842393 0.553628478423933 0
1158 2.80362847842393 0.625 0
1159 2.80362847842393 0.696371521576067 0
1160 2.80362847842393 0.731025822926303 0
1161 2.875 0.518974177073697 0
1162 2.875 0.553628478423933 0
1163 2.875 0.625 0
1164 2.875 0.696371521576067 0
1165 2.875 0.731025822926303 0
1166 2.94637152157607 0.518974177073697 0
1167 2.94637152157607 0.553628478423933 0
1168 2.94637152157607 0.625 0
1169 2.94637152157607 0.696371521576067 0
1170 2.94637152157607 0.731025822926303 0
1171 2.9810258229263 0.518974177073697 0
1172 2.9810258229263 0.553628478423933 0
1173 2.9810258229263 0.625 0
1174 2.9810258229263 0.696371521576067 0
1175 2.9810258229263 0.731025822926303 0
1176 2.7689741770737 0.768974177073697 0
1177 2.7689741770737 0.803628478423933 0
1178 2.7689741770737 0.875 0
1179 2.7689741770737 0.946371521576067 0
1180 2.7689741770737 0.981025822926303 0
1181 2.80362847842393 0.768974177073697 0
1182 2.80362847842393 0.803628478423933 0
1183 2.80362847842393 0.875 0
1184 2.80362847842393 0.946371521576067 0
1185 2.80362847842393 0.981025822926303 0
1186 2.875 0.768974177073697 0
1187 2.875 0.803628478423933 0
1188 2.875 0.875 0
1189 2.875 0.946371521576067 0
1190 2.875 0.981025822926303 0
1191 2.94637152157607 0.768974177073697 0
1192 2.94637152157607 0.803628478423933 0
1193 2.94637152157607 0.875 0
1194 2.94637152157607 0.946371521576067 0
1195 2.94637152157607 0.981025822926303 0
1196 2.9810258229263 0.768974177073697 0
1197 2.9810258229263 0.803628478423933 0
1198 2.9810258229263 0.875 0
1199 2.9810258229263 0.946371521576067 0
1200 2.9810258229263 0.981025822926303 0
1201 3.0189741770737 0.0189741770736966 0
1202 3.0189741770737 0.0536284784239326 0
1203 3.0189741770737 0.125 0
1204 3.0189741770737 0.196371521576067 0
1205 3.0189741770737 0.231025822926303 0
1206 3.05362847842393 0.0189741770736966 0
1207 3.05362847842393 0.0536284784239326 0
1208 3.05362847842393 0.125 0
1209 3.05362847842393 0.196371521576067 0
1210 3.05362847842393 0.231025822926303 0
1211 3.125 0.0189741770736966 0
1212 3.125 0.0536284784239326 0
1213 3.125 0.125 0
1214 3.125 0.196371521576067 0
1215 3.125 0.231025822926303 0
1216 3.19637152157607 0.0189741770736966 0
1217 3.19637152157607 0.0536284784239326 0
1218 3.19637152157607 0.125 0
1219 3.19637152157607 0.196371521576067 0
1220 3.19637152157607 0.231025822926303 0
1221 3.2310258229263 0.0189741770736966 0
1222 3.2310258229263 0.0536284784239326 0
1223 3.2310258229263 0.125 0
1224 3.2310258229263 0.196371521576067 0
1225 3.2310258229263 0.231025822926303 0
1226 3.0189741770737 0.268974177073697 0
1227 3.0189741770737 0.303628478423933 0
1228 3.0189741770737 0.375 0
1229 3.0189741770737 0.446371521576067 0
1230 3.0189741770737 0.481025822926303 0
1231 3.05362847842393 0.268974177073697 0
1232 3.05362847842393 0.303628478423933 0
1233 3.05362847842393 0.375 0
1234 3.05362847842393 0.446371521576067 0
1235 3.05362847842393 0.481025822926303 0
1236 3.125 0.268974177073697 0
1237 3.125 0.303628478423933 0
1238 3.125 0.375 0
1239 3.125 0.446371521576067 0
1240 3.125 0.481025822926303 0
1241 3.19637152157607 0.268974177073697 0
1242 3.19637152157607 0.303628478423933 0
1243 3.19637152157607 0.375 0
1244 3.19637152157607 0.446371521576067 0
1245 3.19637152157607 0.481025822926303 0
1246 3.2310258229263 0.268974177073697 0
1247 3.2310258229263 0.303628478423933 0
1248 3.2310258229263 0.375 0
1249 3.2310258229263 0.446371521576067 0
1250 3.2310258229263 0.481025822926303 0
1251 3.0189741770737 0.518974177073697 0
1252 3.0189741770737 0.553628478423933 0
1253 3.0189741770737 0.625 0
1254 3.0189741770737 0.696371521576067 0
1255 3.0189741770737 0.731025822926303 0
1256 3.05362847842393 0.518974177073697 0
1257 3.05362847842393 0.553628478423933 0
1258 3.05362847842393 0.625 0
1259 3.05362847842393 0.696371521576067 0
1260 3.05362847842393 0.731025822926303 0
1261 3.125 0.518974177073697 0
1262 3.125 0.553628478423933 0
1263 3.125 0.625 0
1264 3.125 0.696371521576067 0
1265 3.125 0.731025822926303 0
1266 3.19637152157607 0.518974177073697 0
1267 3.19637152157607 0.553628478423933 0
1268 3.19637152157607 0.625 0
1269 3.19637152157607 0.696371521576067 0
1270 3.19637152157607 0.731025822926303 0
1271 3.2310258229263 0.518974177073697 0
1272 3.2310258229263 0.553628478423933 0
1273 3.2310258229263 0.625 0
1274 3.2310258229263 0.696371521576067 0
1275 3.2310258229263 0.731025822926303 0
1276 3.0189741770737 0.768974177073697 0
1277 3.0189741770737 0.803628478423933 0
1278 3.0189741770737 0.875 0
1279 3.0189741770737 0.946371521576067 0
1280 3.0189741770737 0.981025822926303 0
1281 3.05362847842393 0.768974177073697 0
1282 3.05362847842393 0.803628478423933 0
1283 3.05362847842393 0.875 0
1284 3.05362847842393 0.946371521576067 0
1285 3.05362847842393 0.981025822926303 0
1286 3.125 0.768974177073697 0
1287 3.125 0.803628478423933 0
1288 3.125 0.875 0
1289 3.125 0.946371521576067 0
1290 3.125 0.981025822926303 0
1291 3.19637152157607 0.768974177073697 0
1292 3.19637152157607 0.803628478423933 0
1293 3.19637152157607 0.875 0
1294 3.19637152157607 0.946371521576067 0
1295 3.19637152157607 0.981025822926303 0
1296 3.2310258229263 0.768974177073697 0
1297 3.2310258229263 0.803628478423933 0
1298 3.2310258229263 0.875 0
1299 3.2310258229263 0.946371521576067 0
1300 3.2310258229263 0.981025822926303 0
1301 3.2689741770737 0.0189741770736966 0
1302 3.2689741770737 0.0536284784239326 0
1303 3.2689741770737 0.125 0
1304 3.2689741770737 0.196371521576067 0
1305 3.2689741770737 0.231025822926303 0
1306 3.30362847842393 0.0189741770736966 0
1307 3.30362847842393 0.0536284784239326 0
1308 3.30362847842393 0.125 0
1309 3.30362847842393 0.196371521576067 0
1310 3.30362847842393 0.231025822926303 0
1311 3.375 0.0189741770736966 0
1312 3.375 0.0536284784239326 0
1313 3.375 0.125 0
1314 3.375 0.196371521576067 0
1315 3.375 0.231025822926303 0
1316 3.44637152157607 0.0189741770736966 0
1317 3.44637152157607 0.0536284784239326 0
1318 3.44637152157607 0.125 0
1319 3.44637152157607 0.196371521576067 0
1320 3.44637152157607 0.231025822926303 0
1321 3.4810258229263 0.0189741770736966 0
1322 3.4810258229263 0.0536284784239326 0
1323 3.4810258229263 0.125 0
1324 3.4810258229263 0.196371521576067 0
1325 3.4810258229263 0.231025822926303 0
1326 3.2689741770737 0.268974177073697 0
1327 3.2689741770737 0.303628478423933 0
1328 3.2689741770737 0.375 0
1329 3.2689741770737 0.446371521576067 0
1330 3.2689741770737 0.481025822926303 0
1331 3.30362847842393 0.268974177073697 0
1332 3.30362847842393 0.303628478423933 0
1333 3.30362847842393 0.375 0
1334 3.30362847842393 0.446371521576067 0
1335 3.30362847842393 0.481025822926303 0
1336 3.375 0.268974177073697 0
1337 3.375 0.303628478423933 0
1338 3.375 0.375 0
1339 3.375 0.446371521576067 0
1340 3.375 0.481025822926303 0
1341 3.44637152157607 0.268974177073697 0
1342 3.44637152157607 0.303628478423933 0
1343 3.44637152157607 0.375 0
1344 3.44637152157607 0.446371521576067 0
1345 3.44637152157607 0.481025822926303 0
1346 3.4810258229263 0.268974177073697 0
1347 3.4810258229263 0.303628478423933 0
1348 3.4810258229263 0.375 0
1349 3.4810258229263 0.446371521576067 0
1350 3.4810258229263 0.481025822926303 0
1351 3.2689741770737 0.518974177073697 0
1352 3.2689741770737 0.553628478423933 0
1353 3.2689741770737 0.625 0
1354 3.2689741770737 0.696371521576067 0
1355 3.2689741770737 0.731025822926303 0
1356 3.30362847842393 0.518974177073697 0
1357 3.30362847842393 0.553628478423933 0
1358 3.30362847842393 0.625 0
1359 3.30362847842393 0.696371521576067 0
1360 3.30362847842393 0.731025822926303 0
1361 3.375 0.518974177073697 0
1362 3.375 0.553628478423933 0
1363 3.375 0.625 0
1364 3.375 0.696371521576067 0
1365 3.375 0.731025822926303 0
1366 3.44637152157607 0.518974177073697 0
1367 3.44637152157607 0.553628478423933 0
1368 3.44637152157607 0.625 0
1369 3.44637152157607 0.696371521576067 0
1370 3.44637152157607 0.731025822926303 0
1371 3.4810258229263 0.518974177073697 0
1372 3.4810258229263 0.553628478423933 0
1373 3.4810258229263 0.625 0
1374 3.4810258229263 0.696371521576067 0
1375 3.4810258229263 0.731025822926303 0
1376 3.2689741770737 0.768974177073697 0
1377 3.2689741770737 0.803628478423933 0
1378 3.2689741770737 0.875 0
1379 3.2689741770737 0.946371521576067 0
1380 3.2689741770737 0.981025822926303 0
1381 3.30362847842393 0.768974177073697 0
1382 3.30362847842393 0.803628478423933 0
1383 3.30362847842393 0.875 0
1384 3.30362847842393 0.946371521576067 0
1385 3.30362847842393 0.981025822926303 0
1386 3.375 0.768974177073697 0
1387 3.375 0.803628478423933 0
1388 3.375 0.875 0
1389 3.375 0.946371521576067 0
1390 3.375 0.981025822926303 0
1391 3.44637152157607 0.768974177073697 0
1392 3.44637152157607 0.803628478423933 0
1393 3.44637152157607 0.875 0
1394 3.44637152157607 0.946371521576067 0
1395 3.44637152157607 0.981025822926303 0
1396 3.4810258229263 0.768974177073697 0
1397 3.4810258229263 0.803628478423933 0
1398 3.4810258229263 0.875 0
1399 3.4810258229263 0.946371521576067 0
1400 3.4810258229263 0.981025822926303 0
1401 3.5189741770737 0.0189741770736966 0
1402 3.5189741770737 0.0536284784239326 0
1403 3.5189741770737 0.125 0
1404 3.5189741770737 0.196371521576067 0
1405 3.5189741770737 0.231025822926303 0
1406 3.55362847842393 0.0189741770736966 0
1407 3.55362847842393 0.0536284784239326 0
1408 3.55362847842393 0.125 0
1409 3.55362847842393 0.196371521576067 0
1410 3.55362847842393 0.231025822926303 0
1411 3.625 0.0189741770736966 0
1412 3.625 0.0536284784239326 0
1413 3.625 0.125 0
1414 3.625 0.196371521576067 0
1415 3.625 0.231025822926303 0
1416 3.69637152157607 0.0189741770736966 0
1417 3.69637152157607 0.0536284784239326 0
1418 3.69637152157607 0.125 0
1419 3.69637152157607 0.196371521576067 0
1420 3.69637152157607 0.231025822926303 0
1421 3.7310258229263 0.0189741770736966 0
1422 3.7310258229263 0.0536284784239326 0
1423 3.7310258229263 0.125 0
1424 3.7310258229263 0.196371521576067 0
1425 3.7310258229263 0.231025822926303 0
1426 3.5189741770737 0.268974177073697 0
1427 3.5189741770737 0.303628478423933 0
1428 3.5189741770737 0.375 0
1429 3.5189741770737 0.446371521576067 0
1430 3.5189741770737 0.481025822926303 0
1431 3.55362847842393 0.268974177073697 0
1432 3.55362847842393 0.303628478423933 0
1433 3.55362847842393 0.375 0
1434 3.55362847842393 0.446371521576067 0
1435 3.55362847842393 0.481025822926303 0
1436 3.625 0.268974177073697 0
1437 3.625 0.303628478423933 0
1438 3.625 0.375 0
1439 3.625 0.446371521576067 0
1440 3.625 0.481025822926303 0
1441 3.69637152157607 0.268974177073697 0
1442 3.69637152157607 0.303628478423933 0
1443 3.69637152157607 0.375 0
1444 3.69637152157607 0.446371521576067 0
1445 3.69637152157607 0.481025822926303 0
1446 3.7310258229263 0.268974177073697 0
1447 3.7310258229263 0.303628478423933 0
1448 3.7310258229263 0.375 0
1449 3.7310258229263 0.446371521576067 0
1450 3.7310258229263 0.481025822926303 0
1451 3.5189741770737 0.518974177073697 0
1452 3.5189741770737 0.553628478423933 0
1453 3.5189741770737 0.625 0
1454 3.5189741770737 0.696371521576067 0
1455 3.5189741770737 0.731025822926303 0
1456 3.55362847842393 0.518974177073697 0
1457 3.55362847842393 0.553628478423933 0
1458 3.55362847842393 0.625 0
1459 3.55362847842393 0.696371521576067 0
1460 3.55362847842393 0.731025822926303 0
1461 3.625 0.518974177073697 0
1462 3.625 0.553628478423933 0
1463 3.625 0.625 0
1464 3.625 0.696371521576067 0
1465 3.625 0.731025822926303 0
1466 3.69637152157607 0.518974177073697 0
1467 3.69637152157607 0.553628478423933 0
1468 3.69637152157607 0.625 0
1469 3.69637152157607 0.696371521576067 0
1470 3.69637152157607 0.731025822926303 0
1471 3.7310258229263 0.518974177073697 0
1472 3.7310258229263 0.553628478423933 0
1473 3.7310258229263 0.625 0
1474 3.7310258229263 0.696371521576067 0
1475 3.7310258229263 0.731025822926303 0
1476 3.5189741770737 0.768974177073697 0
1477 3.5189741770737 0.803628478423933 0
1478 3.5189741770737 0.875 0
1479 3.5189741770737 0.946371521576067 0
1480 3.5189741770737 0.981025822926303 0
1481 3.55362847842393 0.768974177073697 0
1482 3.55362847842393 0.803628478423933 0
1483 3.55362847842393 0.875 0
1484 3.55362847842393 0.946371521576067 0
1485 3.55362847842393 0.981025822926303 0
1486 3.625 0.768974177073697 0
1487 3.625 0.803628478423933 0
1488 3.625 0.875 0
1489 3.625 0.946371521576067 0
1490 3.625 0.981025822926303 0
1491 3.69637152157607 0.768974177073697 0
1492 3.69637152157607 0.803628478423933 0
1493 3.69637152157607 0.875 0
1494 3.69637152157607 0.946371521576067 0
1495 3.69637152157607 0.981025822926303 0
1496 3.7310258229263 0.768974177073697 0
1497 3.7310258229263 0.803628478423933 0
1498 3.7310258229263 0.875 0
1499 3.7310258229263 0.946371521576067 0
1500 3.7310258229263 0.981025822926303 0
1501 3.7689741770737 0.0189741770736966 0
1502 3.7689741770737 0.0536284784239326 0
1503 3.7689741770737 0.125 0
1504 3.7689741770737 0.196371521576067 0
1505 3.7689741770737 0.231025822926303 0
1506 3.80362847842393 0.0189741770736966 0
1507 3.80362847842393 0.0536284784239326 0
1508 3.80362847842393 0.125 0
1509 3.80362847842393 0.196371521576067 0
1510 3.80362847842393 0.231025822926303 0
1511 3.875 0.0189741770736966 0
1512 3.875 0.0536284784239326 0
1513 3.875 0.125 0
1514 3.875 0.196371521576067 0
1515 3.875 0.231025822926303 0
1516 3.94637152157607 0.0189741770736966 0
1517 3.94637152157607 0.0536284784239326 0
1518 3.94637152157607 0.125 0
1519 3.94637152157607 0.196371521576067 0
1520 3.94637152157607 0.231025822926303 0
1521 3.9810258229263 0.0189741770736966 0
1522 3.9810258229263 0.0536284784239326 0
1523 3.9810258229263 0.125 0
1524 3.9810258229263 0.196371521576067 0
1525 3.9810258229263 0.231025822926303 0
1526 3.7689741770737 0.268974177073697 0
1527 3.7689741770737 0.303628478423933 0
1528 3.7689741770737 0.375 0
1529 3.7689741770737 0.446371521576067 0
1530 3.7689741770737 0.481025822926303 0
1531 3.80362847842393 0.268974177073697 0
1532 3.80362847842393 0.303628478423933 0
1533 3.80362847842393 0.375 0
1534 3.80362847842393 0.446371521576067 0
1535 3.80362847842393 0.481025822926303 0
1536 3.875 0.268974177073697 0
1537 3.875 0.303628478423933 0
1538 3.875 0.375 0
1539 3.875 0.446371521576067 0
1540 3.875 0.481025822926303 0
1541 3.94637152157607 0.268974177073697 0
1542 3.94637152157607 0.303628478423933 0
1543 3.94637152157607 0.375 0
1544 3.94637152157607 0.446371521576067 0
1545 3.94637152157607 0.481025822926303 0
1546 3.9810258229263 0.268974177073697 0
1547 3.9810258229263 0.303628478423933 0
1548 3.9810258229263 0.375 0
1549 3.9810258229263 0.446371521576067 0
1550 3.9810258229263 0.481025822926303 0
1551 3.7689741770737 0.518974177073697 0
1552 3.7689741770737 0.553628478423933 0
1553 3.7689741770737 0.625 0
1554 3.7689741770737 0.696371521576067 0
1555 3.7689741770737 0.731025822926303 0
1556 3.80362847842393 0.518974177073697 0
1557 3.80362847842393 0.553628478423933 0
1558 3.80362847842393 0.625 0
1559 3.80362847842393 0.696371521576067 0
1560 3.80362847842393 0.731025822926303 0
1561 3.875 0.518974177073697 0
1562 3.875 0.553628478423933 0
1563 3.875 0.625 0
1564 3.875 0.696371521576067 0
1565 3.875 0.731025822926303 0
1566 3.94637152157607 0.518974177073697 0
1567 3.94637152157607 0.553628478423933 0
1568 3.94637152157607 0.625 0
1569 3.94637152157607 0.696371521576067 0
1570 3.94637152157607 0.731025822926303 0
1571 3.9810258229263 0.518974177073697 0
1572 3.9810258229263 0.553628478423933 0
1573 3.9810258229263 0.625 0
1574 3.9810258229263 0.696371521576067 0
1575 3.9810258229263 0.731025822926303 0
1576 3.7689741770737 0.768974177073697 0
1577 3.7689741770737 0.803628478423933 0
1578 3.7689741770737 0.875 0
1579 3.7689741770737 0.946371521576067 0
1580 3.7689741770737 0.981025822926303 0
1581 3.80362847842393 0.768974177073697 0
1582 3.80362847842393 0.803628478423933 0
1583 3.80362847842393 0.875 0
1584 3.80362847842393 0.946371521576067 0
1585 3.80362847842393 0.981025822926303 0
1586 3.875 0.768974177073697 0
1587 3.875 0.803628478423933 0
1588 3.875 0.875 0
1589 3.875 0.946371521576067 0
1590 3.875 0.981025822926303 0
1591 3.94637152157607 0.768974177073697 0
1592 3.94637152157607 0.803628478423933 0
1593 3.94637152157607 0.875 0
1594 3.94637152157607 0.946371521576067 0
1595 3.94637152157607 0.981025822926303 0
1596 3.9810258229263 0.768974177073697 0
1597 3.9810258229263 0.803628478423933 0
1598 3.9810258229263 0.875 0
1599 3.9810258229263 0.946371521576067 0
1600 3.9810258229263 0.981025822926303 0
1601 4.0189741770737 0.0189741770736966 0
1602 4.0189741770737 0.0536284784239326 0
1603 4.0189741770737 0.125 0
1604 4.0189741770737 0.196371521576067 0
1605 4.0189741770737 0.231025822926303 0
1606 4.05362847842393 0.0189741770736966 0
1607 4.05362847842393 0.0536284784239326 0
1608 4.05362847842393 0.125 0
1609 4.05362847842393 0.196371521576067 0
1610 4.05362847842393 0.231025822926303 0
1611 4.125 0.0189741770736966 0
1612 4.125 0.0536284784239326 0
1613 4.125 0.125 0
1614 4.125 0.196371521576067 0
1615 4.125 0.231025822926303 0
1616 4.19637152157607 0.0189741770736966 0
1617 4.19637152157607 0.0536284784239326 0
1618 4.19637152157607 0.125 0
1619 4.19637152157607 0.196371521576067 0
1620 4.19637152157607 0.231025822926303 0
1621 4.2310258229263 0.0189741770736966 0
1622 4.2310258229263 0.0536284784239326 0
1623 4.2310258229263 0.125 0
1624 4.2310258229263 0.196371521576067 0
1625 4.2310258229263 0.231025822926303 0
1626 4.0189741770737 0.268974177073697 0
1627 4.0189741770737 0.303628478423933 0
1628 4.0189741770737 0.375 0
1629 4.0189741770737 0.446371521576067 0
1630 4.0189741770737 0.481025822926303 0
1631 4.05362847842393 0.268974177073697 0
1632 4.05362847842393 0.303628478423933 0
1633 4.05362847842393 0.375 0
1634 4.05362847842393 0.446371521576067 0
1635 4.05362847842393 0.481025822926303 0
1636 4.125 0.268974177073697 0
1637 4.125 0.303628478423933 0
1638 4.125 0.375 0
1639 4.125 0.446371521576067 0
1640 4.125 0.481025822926303 0
1641 4.19637152157607 0.268974177073697 0
1642 4.19637152157607 0.303628478423933 0
1643 4.19637152157607 0.375 0
1644 4.19637152157607 0.446371521576067 0
1645 4.19637152157607 0.481025822926303 0
1646 4.2310258229263 0.268974177073697 0
1647 4.2310258229263 0.303628478423933 0
1648 4.2310258229263 0.375 0
1649 4.2310258229263 0.446371521576067 0
1650 4.2310258229263 0.481025822926303 0
1651 4.0189741770737 0.518974177073697 0
1652 4.0189741770737 0.553628478423933 0
1653 4.0189741770737 0.625 0
1654 4.0189741770737 0.696371521576067 0
1655 4.0189741770737 0.731025822926303 0
1656 4.05362847842393 0.518974177073697 0
1657 4.05362847842393 0.553628478423933 0
1658 4.05362847842393 0.625 0
1659 4.05362847842393 0.696371521576067 0
1660 4.05362847842393 0.731025822926303 0
1661 4.125 0.518974177073697 0
1662 4.125 0.553628478423933 0
1663 4.125 0.625 0
1664 4.125 0.696371521576067 0
1665 4.125 0.731025822926303 0
1666 4.19637152157607 0.518974177073697 0
1667 4.19637152157607 0.553628478423933 0
1668 4.19637152157607 0.625 0
1669 4.19637152157607 0.696371521576067 0
1670 4.19637152157607 0.731025822926303 0
1671 4.2310258229263 0.518974177073697 0
1672 4.2310258229263 0.553628478423933 0
1673 4.2310258229263 0.625 0
1674 4.2310258229263 0.696371521576067 0
1675 4.2310258229263 0.731025822926303 0
1676 4.0189741770737 0.768974177073697 0
1677 4.0189741770737 0.803628478423933 0
1678 4.0189741770737 0.875 0
1679 4.0189741770737 0.946371521576067 0
1680 4.0189741770737 0.981025822926303 0
1681 4.05362847842393 0.768974177073697 0
1682 4.05362847842393 0.803628478423933 0
1683 4.05362847842393 0.875 0
1684 4.05362847842393 0.946371521576067 0
1685 4.05362847842393 0.981025822926303 0
1686 4.125 0.768974177073697 0
1687 4.125 0.803628478423933 0
1688 4.125 0.875 0
1689 4.125 0.946371521576067 0
1690 4.125 0.981025822926303 0
1691 4.19637152157607 0.768974177073697 0
1692 4.19637152157607 0.803628478423933 0
1693 4.19637152157607 0.875 0
1694 4.19637152157607 0.946371521576067 0
1695 4.19637152157607 0.981025822926303 0
1696 4.2310258229263 0.768974177073697 0
1697 4.2310258229263 0.803628478423933 0
1698 4.2310258229263 0.875 0
1699 4.2310258229263 0.946371521576067 0
1700 4.2310258229263 0.981025822926303 0
1701 4.2689741770737 0.0189741770736966 0
1702 4.2689741770737 0.0536284784239326 0
1703 4.2689741770737 0.125 0
1704 4.2689741770737 0.196371521576067 0
1705 4.2689741770737 0.231025822926303 0
1706 4.30362847842393 0.0189741770736966 0
1707 4.30362847842393 0.0536284784239326 0
1708 4.30362847842393 0.125 0
1709 4.30362847842393 0.196371521576067 0
1710 4.30362847842393 0.231025822926303 0
1711 4.375 0.0189741770736966 0
1712 4.375 0.0536284784239326 0
1713 4.375 0.125 0
1714 4.375 0.196371521576067 0
1715 4.375 0.231025822926303 0
1716 4.44637152157607 0.0189741770736966 0
1717 4.44637152157607 0.0536284784239326 0
1718 4.44637152157607 0.125 0
1719 4.44637152157607 0.196371521576067 0
1720 4.44637152157607 0.231025822926303 0
1721 4.4810258229263 0.0189741770736966 0
1722 4.4810258229263 0.0536284784239326 0
1723 4.4810258229263 0.125 0
1724 4.4810258229263 0.196371521576067 0
1725 4.4810258229263 0.231025822926303 0
1726 4.2689741770737 0.268974177073697 0
1727 4.2689741770737 0.303628478423933 0
1728 4.2689741770737 0.375 0
1729 4.2689741770737 0.446371521576067 0
1730 4.2689741770737 0.481025822926303 0
1731 4.30362847842393 0.268974177073697 0
1732 4.30362847842393 0.303628478423933 0
1733 4.30362847842393 0.375 0
1734 4.30362847842393 0.446371521576067 0
1735 4.30362847842393 0.481025822926303 0
1736 4.375 0.268974177073697 0
1737 4.375 0.303628478423933 0
1738 4.375 0.375 0
1739 4.375 0.446371521576067 0
1740 4.375 0.481025822926303 0
1741 4.44637152157607 0.268974177073697 0
1742 4.44637152157607 0.303628478423933 0
1743 4.44637152157607 0.375 0
1744 4.44637152157607 0.446371521576067 0
1745 4.44637152157607 0.481025822926303 0
1746 4.4810258229263 0.268974177073697 0
1747 4.4810258229263 0.303628478423933 0
1748 4.4810258229263 0.375 0
1749 4.4810258229263 0.446371521576067 0
1750 4.4810258229263 0.481025822926303 0
1751 4.2689741770737 0.518974177073697 0
1752 4.2689741770737 0.553628478423933 0
1753 4.2689741770737 0.625 0
1754 4.2689741770737 0.696371521576067 0
1755 4.2689741770737 0.731025822926303 0
1756 4.30362847842393 0.518974177073697 0
1757 4.30362847842393 0.553628478423933 0
1758 4.30362847842393 0.625 0
1759 4.30362847842393 0.696371521576067 0
1760 4.30362847842393 0.731025822926303 0
1761 4.375 0.518974177073697 0
1762 4.375 0.553628478423933 0
1763 4.375 0.625 0
1764 4.375 0.696371521576067 0
1765 4.375 0.731025822926303 0
1766 4.44637152157607 0.518974177073697 0
1767 4.44637152157607 0.553628478423933 0
1768 4.44637152157607 0.625 0
1769 4.44637152157607 0.696371521576067 0
1770 4.44637152157607 0.731025822926303 0
1771 4.4810258229263 0.518974177073697 0
1772 4.4810258229263 0.553628478423933 0
1773 4.4810258229263 0.625 0
1774 4.4810258229263 0.696371521576067 0
1775 4.4810258229263 0.731025822926303 0
1776 4.2689741770737 0.768974177073697 0
1777 4.2689741770737 0.803628478423933 0
1778 4.2689741770737 0.875 0
1779 4.2689741770737 0.946371521576067 0
1780 4.2689741770737 0.981025822926303 0
1781 4.30362847842393 0.768974177073697 0
1782 4.30362847842393 0.803628478423933 0
1783 4.30362847842393 0.875 0
1784 4.30362847842393 0.946371521576067 0
1785 4.30362847842393 0.981025822926303 0
1786 4.375 0.768974177073697 0
1787 4.375 0.803628478423933 0
1788 4.375 0.875 0
1789 4.375 0.946371521576067 0
1790 4.375 0.981025822926303 0
1791 4.44637152157607 0.768974177073697 0
1792 4.44637152157607 0.803628478423933 0
1793 4.44637152157607 0.875 0
1794 4.44637152157607 0.946371521576067 0
1795 4.44637152157607 0.981025822926303 0
1796 4.4810258229263 0.768974177073697 0
1797 4.4810258229263 0.803628478423933 0
1798 4.4810258229263 0.875 0
1799 4.4810258229263 0.946371521576067 0
1800 4.4810258229263 0.981025822926303 0
1801 4.5189741770737 0.0189741770736966 0
1802 4.5189741770737 0.0536284784239326 0
1803 4.5189741770737 0.125 0
1804 4.5189741770737 0.196371521576067 0
1805 4.5189741770737 0.231025822926303 0
1806 4.55362847842393 0.0189741770736966 0
1807 4.55362847842393 0.0536284784239326 0
1808 4.55362847842393 0.125 0
1809 4.55362847842393 0.196371521576067 0
1810 4.55362847842393 0.231025822926303 0
1811 4.625 0.0189741770736966 0
1812 4.625 0.0536284784239326 0
1813 4.625 0.125 0
1814 4.625 0.196371521576067 0
1815 4.625 0.231025822926303 0
1816 4.69637152157607 0.0189741770736966 0
1817 4.69637152157607 0.0536284784239326 0
1818 4.69637152157607 0.125 0
1819 4.69637152157607 0.196371521576067 0
1820 4.69637152157607 0.231025822926303 0
1821 4.7310258229263 0.0189741770736966 0
1822 4.7310258229263 0.0536284784239326 0
1823 4.7310258229263 0.125 0
1824 4.7310258229263 0.196371521576067 0
1825 4.7310258229263 0.231025822926303 0
1826 4.5189741770737 0.268974177073697 0
1827 4.5189741770737 0.303628478423933 0
1828 4.5189741770737 0.375 0
1829 4.5189741770737 0.446371521576067 0
1830 4.5189741770737 0.481025822926303 0
1831 4.55362847842393 0.268974177073697 0
1832 4.55362847842393 0.303628478423933 0
1833 4.55362847842393 0.375 0
1834 4.55362847842393 0.446371521576067 0
1835 4.55362847842393 0.481025822926303 0
1836 4.625 0.268974177073697 0
1837 4.625 0.303628478423933 0
1838 4.625 0.375 0
1839 4.625 0.446371521576067 0
1840 4.625 0.481025822926303 0
1841 4.69637152157607 0.268974177073697 0
1842 4.69637152157607 0.303628478423933 0
1843 4.69637152157607 0.375 0
1844 4.69637152157607 0.446371521576067 0
1845 4.69637152157607 0.481025822926303 0
1846 4.7310258229263 0.268974177073697 0
1847 4.7310258229263 0.303628478423933 0
1848 4.7310258229263 0.375 0
1849 4.7310258229263 0.446371521576067 0
1850 4.7310258229263 0.481025822926303 0
1851 4.5189741770737 0.518974177073697 0
1852 4.5189741770737 0.553628478423933 0
1853 4.5189741770737 0.625 0
1854 4.5189741770737 0.696371521576067 0
1855 4.5189741770737 0.731025822926303 0
1856 4.55362847842393 0.518974177073697 0
1857 4.55362847842393 0.553628478423933 0
1858 4.55362847842393 0.625 0
1859 4.55362847842393 0.696371521576067 0
1860 4.55362847842393 0.731025822926303 0
1861 4.625 0.518974177073697 0
1862 4.625 0.553628478423933 0
1863 4.625 0.625 0
1864 4.625 0.696371521576067 0
1865 4.625 0.731025822926303 0
1866 4.69637152157607 0.518974177073697 0
1867 4.69637152157607 0.553628478423933 0
1868 4.69637152157607 0.625 0
1869 4.69637152157607 0.696371521576067 0
1870 4.69637152157607 0.731025822926303 0
1871 4.7310258229263 0.518974177073697 0
1872 4.7310258229263 0.553628478423933 0
1873 4.7310258229263 0.625 0
1874 4.7310258229263 0.696371521576067 0
1875 4.7310258229263 0.731025822926303 0
1876 4.5189741770737 0.768974177073697 0
1877 4.5189741770737 0.803628478423933 0
1878 4.5189741770737 0.875 0
1879 4.5189741770737 0.946371521576067 0
1880 4.5189741770737 0.981025822926303 0
1881 4.55362847842393 0.768974177073697 0
1882 4.55362847842393 0.803628478423933 0
1883 4.55362847842393 0.875 0
1884 4.55362847842393 0.946371521576067 0
1885 4.55362847842393 0.981025822926303 0
1886 4.625 0.768974177073697 0
1887 4.625 0.803628478423933 0
1888 4.625 0.875 0
1889 4.625 0.946371521576067 0
1890 4.625 0.981025822926303 0
1891 4.69637152157607 0.768974177073697 0
1892 4.69637152157607 0.803628478423933 0
1893 4.69637152157607 0.875 0
1894 4.69637152157607 0.946371521576067 0
1895 4.69637152157607 0.981025822926303 0
1896 4.7310258229263 0.768974177073697 0
1897 4.7310258229263 0.803628478423933 0
1898 4.7310258229263 0.875 0
1899 4.7310258229263 0.946371521576067 0
1900 4.7310258229263 0.981025822926303 0
1901 4.7689741770737 0.0189741770736966 0
1902 4.7689741770737 0.0536284784239326 0
1903 4.7689741770737 0.125 0
1904 4.7689741770737 0.196371521576067 0
1905 4.7689741770737 0.231025822926303 0
1906 4.80362847842393 0.0189741770736966 0
1907 4.80362847842393 0.0536284784239326 0
1908 4.80362847842393 0.125 0
1909 4.80362847842393 0.196371521576067 0
1910 4.80362847842393 0.231025822926303 0
1911 4.875 0.0189741770736966 0
1912 4.875 0.0536284784239326 0
1913 4.875 0.125 0
1914 4.875 0.196371521576067 0
1915 4.875 0.231025822926303 0
1916 4.94637152157607 0.0189741770736966 0
1917 4.94637152157607 0.0536284784239326 0
1918 4.94637152157607 0.125 0
1919 4.94637152157607 0.196371521576067 0
1920 4.94637152157607 0.231025822926303 0
1921 4.9810258229263 0.0189741770736966 0
1922 4.9810258229263 0.0536284784239326 0
1923 4.9810258229263 0.125 0
1924 4.9810258229263 0.196371521576067 0
1925 4.9810258229263 0.231025822926303 0
1926 4.7689741770737 0.268974177073697 0
1927 4.7689741770737 0.303628478423933 0
1928 4.7689741770737 0.375 0
1929 4.7689741770737 0.446371521576067 0
1930 4.7689741770737 0.481025822926303 0
1931 4.80362847842393 0.268974177073697 0
1932 4.80362847842393 0.303628478423933 0
1933 4.80362847842393 0.375 0
1934 4.80362847842393 0.446371521576067 0
1935 4.80362847842393 0.481025822926303 0
1936 4.875 0.268974177073697 0
1937 4.875 0.303628478423933 0
1938 4.875 0.375 0
1939 4.875 0.446371521576067 0
1940 4.875 0.481025822926303 0
1941 4.94637152157607 0.268974177073697 0
1942 4.94637152157607 0.303628478423933 0
1943 4.94637152157607 0.375 0
1944 4.94637152157607 0.446371521576067 0
1945 4.94637152157607 0.481025822926303 0
1946 4.9810258229263 0.268974177073697 0
1947 4.9810258229263 0.303628478423933 0
1948 4.9810258229263 0.375 0
1949 4.9810258229263 0.446371521576067 0
1950 4.9810258229263 0.481025822926303 0
1951 4.7689741770737 0.518974177073697 0
1952 4.7689741770737 0.553628478423933 0
1953 4.7689741770737 0.625 0
1954 4.7689741770737 0.696371521576067 0
1955 4.7689741770737 0.731025822926303 0
1956 4.80362847842393 0.518974177073697 0
1957 4.80362847842393 0.553628478423933 0
1958 4.80362847842393 0.625 0
1959 4.80362847842393 0.696371521576067 0
1960 4.80362847842393 0.731025822926303 0
1961 4.875 0.518974177073697 0
1962 4.875 0.553628478423933 0
1963 4.875 0.625 0
1964 4.875 0.696371521576067 0
1965 4.875 0.731025822926303 0
1966 4.94637152157607 0.518974177073697 0
1967 4.94637152157607 0.553628478423933 0
1968 4.94637152157607 0.625 0
1969 4.94637152157607 0.696371521576067 0
1970 4.94637152157607 0.731025822926303 0
1971 4.9810258229263 0.518974177073697 0
1972 4.9810258229263 0.553628478423933 0
1973 4.9810258229263 0.625 0
1974 4.9810258229263 0.696371521576067 0
1975 4.9810258229263 0.731025822926303 0
1976 4.7689741770737 0.768974177073697 0
1977 4.7689741770737 0.803628478423933 0
1978 4.7689741770737 0.875 0
1979 4.7689741770737 0.946371521576067 0
1980 4.7689741770737 0.981025822926303 0
1981 4.80362847842393 0.768974177073697 0
1982 4.80362847842393 0.803628478423933 0
1983 4.80362847842393 0.875 0
1984 4.80362847842393 0.946371521576067 0
1985 4.80362847842393 0.981025822926303 0
1986 4.875 0.768974177073697 0
1987 4.875 0.803628478423933 0
1988 4.875 0.875 0
1989 4.875 0.946371521576067 0
1990 4.875 0.981025822926303 0
1991 4.94637152157607 0.768974177073697 0
1992 4.94637152157607 0.803628478423933 0
1993 4.94637152157607 0.875 0
1994 4.94637152157607 0.946371521576067 0
1995 4.94637152157607 0.981025822926303 0
1996 4.9810258229263 0.768974177073697 0
1997 4.9810258229263 0.803628478423933 0
1998 4.9810258229263 0.875 0
1999 4.9810258229263 0.946371521576067 0
2000 4.9810258229263 0.981025822926303 0
