1 0 0 0
2 5 0 0
3 5 1 0
4 0 1 0
5 0.25 0 0
6 0.5 0 0
7 0.75 0 0
8 1 0 0
9 1.25 0 0
10 1.5 0 0
11 1.75 0 0
12 2 0 0
13 2.25 0 0
14 2.5 0 0
15 2.75 0 0
16 3 0 0
17 3.25 0 0
18 3.5 0 0
19 3.75 0 0
20 4 0 0
21 4.25 0 0
22 4.5 0 0
23 4.75 0 0
24 0.125 0 0
25 0.375 0 0
26 0.625 0 0
27 0.875 0 0
28 1.125 0 0
29 1.375 0 0
30 1.625 0 0
31 1.875 0 0
32 2.125 0 0
33 2.375 0 0
34 2.625 0 0
35 2.875 0 0
36 3.125 0 0
37 3.375 0 0
38 3.625 0 0
39 3.875 0 0
40 4.125 0 0
41 4.375 0 0
42 4.625 0 0
43 4.875 0 0
44 5 0.25 0
45 5 0.5 0
46 5 0.75 0
47 5 0.125 0
48 5 0.375 0
49 5 0.625 0
50 5 0.875 0
51 4.75 1 0
52 4.5 1 0
53 4.25 1 0
54 4 1 0
55 3.75 1 0
56 3.5 1 0
57 3.25 1 0
58 3 1 0
59 2.75 1 0
60 2.5 1 0
61 2.25 1 0
62 2 1 0
63 1.75 1 0
64 1.5 1 0
65 1.25 1 0
66 1 1 0
67 0.75 1 0
68 0.5 1 0
69 0.25 1 0
70 4.875 1 0
71 4.625 1 0
72 4.375 1 0
73 4.125 1 0
74 3.875 1 0
75 3.625 1 0
76 3.375 1 0
77 3.125 1 0
78 2.875 1 0
79 2.625 1 0
80 2.375 1 0
81 2.125 1 0
82 1.875 1 0
83 1.625 1 0
84 1.375 1 0
85 1.125 1 0
86 0.875 1 0
87 0.625 1 0
88 0.375 1 0
89 0.125 1 0
90 0 0.75 0
91 0 0.5 0
92 0 0.25 0
93 0 0.875 0
94 0 0.625 0
95 0 0.375 0
96 0 0.125 0
97 0.25 0.25 0
98 0.25 0.5 0
99 0.25 0.75 0
100 0.5 0.25 0
101 0.5 0.5 0
102 0.5 0.75 0
103 0.75 0.25 0
104 0.75 0.5 0
105 0.75 0.75 0
106 1 0.25 0
107 1 0.5 0
108 1 0.75 0
109 1.25 0.25 0
110 1.25 0.5 0
111 1.25 0.75 0
112 1.5 0.25 0
113 1.5 0.5 0
114 1.5 0.75 0
115 1.75 0.25 0
116 1.75 0.5 0
117 1.75 0.75 0
118 2 0.25 0
119 2 0.5 0
120 2 0.75 0
121 2.25 0.25 0
122 2.25 0.5 0
123 2.25 0.75 0
124 2.5 0.25 0
125 2.5 0.5 0
126 2.5 0.75 0
127 2.75 0.25 0
128 2.75 0.5 0
129 2.75 0.75 0
130 3 0.25 0
131 3 0.5 0
132 3 0.75 0
133 3.25 0.25 0
134 3.25 0.5 0
135 3.25 0.75 0
136 3.5 0.25 0
137 3.5 0.5 0
138 3.5 0.75 0
139 3.75 0.25 0
140 3.75 0.5 0
141 3.75 0.75 0
142 4 0.25 0
143 4 0.5 0
144 4 0.75 0
145 4.25 0.25 0
146 4.25 0.5 0
147 4.25 0.75 0
148 4.5 0.25 0
149 4.5 0.5 0
150 4.5 0.75 0
151 4.75 0.25 0
152 4.75 0.5 0
153 4.75 0.75 0
154 0.25 0.125 0
155 0.125 0.25 0
156 0.125 0.125 0
157 0.25 0.375 0
158 0.125 0.5 0
159 0.125 0.375 0
160 0.25 0.625 0
161 0.125 0.75 0
162 0.125 0.625 0
163 0.25 0.875 0
164 0.125 0.875 0
165 0.5 0.125 0
166 0.375 0.25 0
167 0.375 0.125 0
168 0.5 0.375 0
169 0.375 0.5 0
170 0.375 0.375 0
171 0.5 0.625 0
172 0.375 0.75 0
173 0.375 0.625 0
174 0.5 0.875 0
175 0.375 0.875 0
176 0.75 0.125 0
177 0.625 0.25 0
178 0.625 0.125 0
179 0.75 0.375 0
180 0.625 0.5 0
181 0.625 0.375 0
182 0.75 0.625 0
183 0.625 0.75 0
184 0.625 0.625 0
185 0.75 0.875 0
186 0.625 0.875 0
187 1 0.125 0
188 0.875 0.25 0
189 0.875 0.125 0
190 1 0.375 0
191 0.875 0.5 0
192 0.875 0.375 0
193 1 0.625 0
194 0.875 0.75 0
195 0.875 0.625 0
196 1 0.875 0
197 0.875 0.875 0
198 1.25 0.125 0
199 1.125 0.25 0
200 1.125 0.125 0
201 1.25 0.375 0
202 1.125 0.5 0
203 1.125 0.375 0
204 1.25 0.625 0
205 1.125 0.75 0
206 1.125 0.625 0
207 1.25 0.875 0
208 1.125 0.875 0
209 1.5 0.125 0
210 1.375 0.25 0
211 1.375 0.125 0
212 1.5 0.375 0
213 1.375 0.5 0
214 1.375 0.375 0
215 1.5 0.625 0
216 1.375 0.75 0
217 1.375 0.625 0
218 1.5 0.875 0
219 1.375 0.875 0
220 1.75 0.125 0
221 1.625 0.25 0
222 1.625 0.125 0
223 1.75 0.375 0
224 1.625 0.5 0
225 1.625 0.375 0
226 1.75 0.625 0
227 1.625 0.75 0
228 1.625 0.625 0
229 1.75 0.875 0
230 1.625 0.875 0
231 2 0.125 0
232 1.875 0.25 0
233 1.875 0.125 0
234 2 0.375 0
235 1.875 0.5 0
236 1.875 0.375 0
237 2 0.625 0
238 1.875 0.75 0
239 1.875 0.625 0
240 2 0.875 0
241 1.875 0.875 0
242 2.25 0.125 0
243 2.125 0.25 0
244 2.125 0.125 0
245 2.25 0.375 0
246 2.125 0.5 0
247 2.125 0.375 0
248 2.25 0.625 0
249 2.125 0.75 0
250 2.125 0.625 0
251 2.25 0.875 0
252 2.125 0.875 0
253 2.5 0.125 0
254 2.375 0.25 0
255 2.375 0.125 0
256 2.5 0.375 0
257 2.375 0.5 0
258 2.375 0.375 0
259 2.5 0.625 0
260 2.375 0.75 0
261 2.375 0.625 0
262 2.5 0.875 0
263 2.375 0.875 0
264 2.75 0.125 0
265 2.625 0.25 0
266 2.625 0.125 0
267 2.75 0.375 0
268 2.625 0.5 0
269 2.625 0.375 0
270 2.75 0.625 0
271 2.625 0.75 0
272 2.625 0.625 0
273 2.75 0.875 0
274 2.625 0.875 0
275 3 0.125 0
276 2.875 0.25 0
277 2.875 0.125 0
278 3 0.375 0
279 2.875 0.5 0
280 2.875 0.375 0
281 3 0.625 0
282 2.875 0.75 0
283 2.875 0.625 0
284 3 0.875 0
285 2.875 0.875 0
286 3.25 0.125 0
287 3.125 0.25 0
288 3.125 0.125 0
289 3.25 0.375 0
290 3.125 0.5 0
291 3.125 0.375 0
292 3.25 0.625 0
293 3.125 0.75 0
294 3.125 0.625 0
295 3.25 0.875 0
296 3.125 0.875 0
297 3.5 0.125 0
298 3.375 0.25 0
299 3.375 0.125 0
300 3.5 0.375 0
301 3.375 0.5 0
302 3.375 0.375 0
303 3.5 0.625 0
304 3.375 0.75 0
305 3.375 0.625 0
306 3.5 0.875 0
307 3.375 0.875 0
308 3.75 0.125 0
309 3.625 0.25 0
310 3.625 0.125 0
311 3.75 0.375 0
312 3.625 0.5 0
313 3.625 0.375 0
314 3.75 0.625 0
315 3.625 0.75 0
316 3.625 0.625 0
317 3.75 0.875 0
318 3.625 0.875 0
319 4 0.125 0
320 3.875 0.25 0
321 3.875 0.125 0
322 4 0.375 0
323 3.875 0.5 0
324 3.875 0.375 0
325 4 0.625 0
326 3.875 0.75 0
327 3.875 0.625 0
328 4 0.875 0
329 3.875 0.875 0
330 4.25 0.125 0
331 4.125 0.25 0
332 4.125 0.125 0
333 4.25 0.375 0
334 4.125 0.5 0
335 4.125 0.375 0
336 4.25 0.625 0
337 4.125 0.75 0
338 4.125 0.625 0
339 4.25 0.875 0
340 4.125 0.875 0
341 4.5 0.125 0
342 4.375 0.25 0
343 4.375 0.125 0
344 4.5 0.375 0
345 4.375 0.5 0
346 4.375 0.375 0
347 4.5 0.625 0
348 4.375 0.75 0
349 4.375 0.625 0
350 4.5 0.875 0
351 4.375 0.875 0
352 4.75 0.125 0
353 4.625 0.25 0
354 4.625 0.125 0
355 4.75 0.375 0
356 4.625 0.5 0
357 4.625 0.375 0
358 4.75 0.625 0
359 4.625 0.75 0
360 4.625 0.625 0
361 4.75 0.875 0
362 4.625 0.875 0
363 4.875 0.25 0
364 4.875 0.125 0
365 4.875 0.5 0
366 4.875 0.375 0
367 4.875 0.75 0
368 4.875 0.625 0
369 4.875 0.875 0
