1 0 0 0
2 5 0 0
3 5 1 0
4 0 1 0
5 0.25 0 0
6 0.5 0 0
7 0.75 0 0
8 1 0 0
9 1.25 0 0
10 1.5 0 0
11 1.75 0 0
12 2 0 0
13 2.25 0 0
14 2.5 0 0
15 2.75 0 0
16 3 0 0
17 3.25 0 0
18 3.5 0 0
19 3.75 0 0
20 4 0 0
21 4.25 0 0
22 4.5 0 0
23 4.75 0 0
24 0.0416666666666667 0 0
25 0.0833333333333333 0 0
26 0.125 0 0
27 0.166666666666667 0 0
28 0.208333333333333 0 0
29 0.291666666666667 0 0
30 0.333333333333333 0 0
31 0.375 0 0
32 0.416666666666667 0 0
33 0.458333333333333 0 0
34 0.541666666666667 0 0
35 0.583333333333333 0 0
36 0.625 0 0
37 0.666666666666667 0 0
38 0.708333333333334 0 0
39 0.791666666666667 0 0
40 0.833333333333333 0 0
41 0.875 0 0
42 0.916666666666667 0 0
43 0.958333333333333 0 0
44 1.04166666666667 0 0
45 1.08333333333333 0 0
46 1.125 0 0
47 1.16666666666667 0 0
48 1.20833333333333 0 0
49 1.29166666666667 0 0
50 1.33333333333333 0 0
51 1.375 0 0
52 1.41666666666667 0 0
53 1.45833333333333 0 0
54 1.54166666666667 0 0
55 1.58333333333333 0 0
56 1.625 0 0
57 1.66666666666667 0 0
58 1.70833333333333 0 0
59 1.79166666666667 0 0
60 1.83333333333333 0 0
61 1.875 0 0
62 1.91666666666667 0 0
63 1.95833333333333 0 0
64 2.04166666666667 0 0
65 2.08333333333333 0 0
66 2.125 0 0
67 2.16666666666667 0 0
68 2.20833333333333 0 0
69 2.29166666666667 0 0
70 2.33333333333333 0 0
71 2.375 0 0
72 2.41666666666667 0 0
73 2.45833333333333 0 0
74 2.54166666666667 0 0
75 2.58333333333333 0 0
76 2.625 0 0
77 2.66666666666667 0 0
78 2.70833333333333 0 0
79 2.79166666666667 0 0
80 2.83333333333333 0 0
81 2.875 0 0
82 2.91666666666667 0 0
83 2.95833333333333 0 0
84 3.04166666666667 0 0
85 3.08333333333333 0 0
86 3.125 0 0
87 3.16666666666667 0 0
88 3.20833333333333 0 0
89 3.29166666666667 0 0
90 3.33333333333333 0 0
91 3.375 0 0
92 3.41666666666667 0 0
93 3.45833333333333 0 0
94 3.54166666666667 0 0
95 3.58333333333333 0 0
96 3.625 0 0
97 3.66666666666667 0 0
98 3.70833333333333 0 0
99 3.79166666666667 0 0
100 3.83333333333333 0 0
101 3.875 0 0
102 3.91666666666667 0 0
103 3.95833333333333 0 0
104 4.04166666666667 0 0
105 4.08333333333333 0 0
106 4.125 0 0
107 4.16666666666667 0 0
108 4.20833333333333 0 0
109 4.29166666666667 0 0
110 4.33333333333333 0 0
111 4.375 0 0
112 4.41666666666667 0 0
113 4.45833333333333 0 0
114 4.54166666666667 0 0
115 4.58333333333333 0 0
116 4.625 0 0
117 4.66666666666667 0 0
118 4.70833333333333 0 0
119 4.79166666666667 0 0
120 4.83333333333333 0 0
121 4.875 0 0
122 4.91666666666667 0 0
123 4.95833333333333 0 0
124 5 0.25 0
125 5 0.5 0
126 5 0.75 0
127 5 0.0416666666666667 0
128 5 0.0833333333333333 0
129 5 0.125 0
130 5 0.166666666666667 0
131 5 0.208333333333333 0
132 5 0.291666666666667 0
133 5 0.333333333333333 0
134 5 0.375 0
135 5 0.416666666666667 0
136 5 0.458333333333333 0
137 5 0.541666666666667 0
138 5 0.583333333333333 0
139 5 0.625 0
140 5 0.666666666666667 0
141 5 0.708333333333333 0
142 5 0.791666666666667 0
143 5 0.833333333333333 0
144 5 0.875 0
145 5 0.916666666666667 0
146 5 0.958333333333333 0
147 4.75 1 0
148 4.5 1 0
149 4.25 1 0
150 4 1 0
151 3.75 1 0
152 3.5 1 0
153 3.25 1 0
154 3 1 0
155 2.75 1 0
156 2.5 1 0
157 2.25 1 0
158 2 1 0
159 1.75 1 0
160 1.5 1 0
161 1.25 1 0
162 1 1 0
163 0.75 1 0
164 0.5 1 0
165 0.25 1 0
166 4.95833333333333 1 0
167 4.91666666666667 1 0
168 4.875 1 0
169 4.83333333333333 1 0
170 4.79166666666667 1 0
171 4.70833333333333 1 0
172 4.66666666666667 1 0
173 4.625 1 0
174 4.58333333333333 1 0
175 4.54166666666667 1 0
176 4.45833333333333 1 0
177 4.41666666666667 1 0
178 4.375 1 0
179 4.33333333333333 1 0
180 4.29166666666667 1 0
181 4.20833333333333 1 0
182 4.16666666666667 1 0
183 4.125 1 0
184 4.08333333333333 1 0
185 4.04166666666667 1 0
186 3.95833333333333 1 0
187 3.91666666666667 1 0
188 3.875 1 0
189 3.83333333333333 1 0
190 3.79166666666667 1 0
191 3.70833333333333 1 0
192 3.66666666666667 1 0
193 3.625 1 0
194 3.58333333333333 1 0
195 3.54166666666667 1 0
196 3.45833333333333 1 0
197 3.41666666666667 1 0
198 3.375 1 0
199 3.33333333333333 1 0
200 3.29166666666667 1 0
201 3.20833333333333 1 0
202 3.16666666666667 1 0
203 3.125 1 0
204 3.08333333333333 1 0
205 3.04166666666667 1 0
206 2.95833333333333 1 0
207 2.91666666666667 1 0
208 2.875 1 0
209 2.83333333333333 1 0
210 2.79166666666667 1 0
211 2.70833333333333 1 0
212 2.66666666666667 1 0
213 2.625 1 0
214 2.58333333333333 1 0
215 2.54166666666667 1 0
216 2.45833333333333 1 0
217 2.41666666666667 1 0
218 2.375 1 0
219 2.33333333333333 1 0
220 2.29166666666667 1 0
221 2.20833333333333 1 0
222 2.16666666666667 1 0
223 2.125 1 0
224 2.08333333333333 1 0
225 2.04166666666667 1 0
226 1.95833333333333 1 0
227 1.91666666666667 1 0
228 1.875 1 0
229 1.83333333333333 1 0
230 1.79166666666667 1 0
231 1.70833333333333 1 0
232 1.66666666666667 1 0
233 1.625 1 0
234 1.58333333333333 1 0
235 1.54166666666666 1 0
236 1.45833333333333 1 0
237 1.41666666666667 1 0
238 1.375 1 0
239 1.33333333333333 1 0
240 1.29166666666667 1 0
241 1.20833333333333 1 0
242 1.16666666666667 1 0
243 1.125 1 0
244 1.08333333333333 1 0
245 1.04166666666667 1 0
246 0.958333333333333 1 0
247 0.916666666666666 1 0
248 0.874999999999999 1 0
249 0.833333333333332 1 0
250 0.791666666666665 1 0
251 0.708333333333333 1 0
252 0.666666666666666 1 0
253 0.624999999999999 1 0
254 0.583333333333332 1 0
255 0.541666666666665 1 0
256 0.458333333333333 1 0
257 0.416666666666666 1 0
258 0.374999999999999 1 0
259 0.333333333333332 1 0
260 0.291666666666665 1 0
261 0.208333333333333 1 0
262 0.166666666666666 1 0
263 0.124999999999999 1 0
264 0.0833333333333321 1 0
265 0.0416666666666652 1 0
266 0 0.75 0
267 0 0.5 0
268 0 0.25 0
269 0 0.958333333333333 0
270 0 0.916666666666667 0
271 0 0.875 0
272 0 0.833333333333333 0
273 0 0.791666666666667 0
274 0 0.708333333333333 0
275 0 0.666666666666667 0
276 0 0.625 0
277 0 0.583333333333333 0
278 0 0.541666666666667 0
279 0 0.458333333333333 0
280 0 0.416666666666667 0
281 0 0.375 0
282 0 0.333333333333333 0
283 0 0.291666666666667 0
284 0 0.208333333333333 0
285 0 0.166666666666667 0
286 0 0.125 0
287 0 0.0833333333333335 0
288 0 0.0416666666666669 0
289 0.25 0.25 0
290 0.25 0.5 0
291 0.25 0.75 0
292 0.5 0.25 0
293 0.5 0.5 0
294 0.5 0.75 0
295 0.75 0.25 0
296 0.75 0.5 0
297 0.75 0.75 0
298 1 0.25 0
299 1 0.5 0
300 1 0.75 0
301 1.25 0.25 0
302 1.25 0.5 0
303 1.25 0.75 0
304 1.5 0.25 0
305 1.5 0.5 0
306 1.5 0.75 0
307 1.75 0.25 0
308 1.75 0.5 0
309 1.75 0.75 0
310 2 0.25 0
311 2 0.5 0
312 2 0.75 0
313 2.25 0.25 0
314 2.25 0.5 0
315 2.25 0.75 0
316 2.5 0.25 0
317 2.5 0.5 0
318 2.5 0.75 0
319 2.75 0.25 0
320 2.75 0.5 0
321 2.75 0.75 0
322 3 0.25 0
323 3 0.5 0
324 3 0.75 0
325 3.25 0.25 0
326 3.25 0.5 0
327 3.25 0.75 0
328 3.5 0.25 0
329 3.5 0.5 0
330 3.5 0.75 0
331 3.75 0.25 0
332 3.75 0.5 0
333 3.75 0.75 0
334 4 0.25 0
335 4 0.5 0
336 4 0.75 0
337 4.25 0.25 0
338 4.25 0.5 0
339 4.25 0.75 0
340 4.5 0.25 0
341 4.5 0.5 0
342 4.5 0.75 0
343 4.75 0.25 0
344 4.75 0.5 0
345 4.75 0.75 0
346 0.25 0.0416666666666667 0
347 0.25 0.0833333333333333 0
348 0.25 0.125 0
349 0.25 0.166666666666667 0
350 0.25 0.208333333333333 0
351 0.208333333333334 0.25 0
352 0.166666666666666 0.25 0
353 0.125 0.25 0
354 0.0833333333333335 0.25 0
355 0.0416666666666665 0.25 0
356 0.0416666666666666 0.0416666666666668 0
357 0.208333333333333 0.0416666666666667 0
358 0.208333333333334 0.208333333333333 0
359 0.0416666666666665 0.208333333333333 0
360 0.0833333333333333 0.0416666666666668 0
361 0.125 0.0416666666666668 0
362 0.166666666666667 0.0416666666666667 0
363 0.208333333333333 0.0833333333333333 0
364 0.208333333333333 0.125 0
365 0.208333333333333 0.166666666666667 0
366 0.166666666666666 0.208333333333333 0
367 0.125 0.208333333333333 0
368 0.0833333333333335 0.208333333333333 0
369 0.0416666666666666 0.166666666666667 0
370 0.0416666666666666 0.125 0
371 0.0416666666666666 0.0833333333333334 0
372 0.0833333333333334 0.0833333333333334 0
373 0.166666666666667 0.0833333333333334 0
374 0.166666666666667 0.166666666666667 0
375 0.0833333333333334 0.166666666666667 0
376 0.125 0.0833333333333334 0
377 0.166666666666667 0.125 0
378 0.125 0.166666666666667 0
379 0.0833333333333334 0.125 0
380 0.125 0.125 0
381 0.25 0.291666666666667 0
382 0.25 0.333333333333333 0
383 0.25 0.375 0
384 0.25 0.416666666666667 0
385 0.25 0.458333333333333 0
386 0.208333333333334 0.5 0
387 0.166666666666666 0.5 0
388 0.125 0.5 0
389 0.0833333333333335 0.5 0
390 0.0416666666666665 0.5 0
391 0.0416666666666665 0.291666666666667 0
392 0.208333333333334 0.291666666666667 0
393 0.208333333333334 0.458333333333333 0
394 0.0416666666666665 0.458333333333333 0
395 0.0833333333333335 0.291666666666667 0
396 0.125 0.291666666666667 0
397 0.166666666666666 0.291666666666667 0
398 0.208333333333334 0.333333333333333 0
399 0.208333333333334 0.375 0
400 0.208333333333334 0.416666666666667 0
401 0.166666666666666 0.458333333333333 0
402 0.125 0.458333333333333 0
403 0.0833333333333335 0.458333333333333 0
404 0.0416666666666665 0.416666666666667 0
405 0.0416666666666665 0.375 0
406 0.0416666666666665 0.333333333333333 0
407 0.0833333333333335 0.333333333333333 0
408 0.166666666666666 0.333333333333333 0
409 0.166666666666666 0.416666666666667 0
410 0.0833333333333335 0.416666666666667 0
411 0.125 0.333333333333333 0
412 0.166666666666666 0.375 0
413 0.125 0.416666666666667 0
414 0.0833333333333335 0.375 0
415 0.125 0.375 0
416 0.25 0.541666666666667 0
417 0.25 0.583333333333333 0
418 0.25 0.625 0
419 0.25 0.666666666666667 0
420 0.25 0.708333333333333 0
421 0.208333333333334 0.75 0
422 0.166666666666666 0.75 0
423 0.125 0.75 0
424 0.0833333333333335 0.75 0
425 0.0416666666666665 0.75 0
426 0.0416666666666665 0.541666666666667 0
427 0.208333333333334 0.541666666666667 0
428 0.208333333333334 0.708333333333333 0
429 0.0416666666666665 0.708333333333333 0
430 0.0833333333333335 0.541666666666667 0
431 0.125 0.541666666666667 0
432 0.166666666666666 0.541666666666667 0
433 0.208333333333334 0.583333333333333 0
434 0.208333333333334 0.625 0
435 0.208333333333334 0.666666666666667 0
436 0.166666666666666 0.708333333333333 0
437 0.125 0.708333333333333 0
438 0.0833333333333335 0.708333333333333 0
439 0.0416666666666665 0.666666666666667 0
440 0.0416666666666665 0.625 0
441 0.0416666666666665 0.583333333333333 0
442 0.0833333333333335 0.583333333333333 0
443 0.166666666666666 0.583333333333333 0
444 0.166666666666666 0.666666666666667 0
445 0.0833333333333335 0.666666666666667 0
446 0.125 0.583333333333333 0
447 0.166666666666666 0.625 0
448 0.125 0.666666666666667 0
449 0.0833333333333335 0.625 0
450 0.125 0.625 0
451 0.25 0.791666666666667 0
452 0.25 0.833333333333333 0
453 0.25 0.875 0
454 0.25 0.916666666666667 0
455 0.25 0.958333333333333 0
456 0.0416666666666663 0.791666666666667 0
457 0.208333333333333 0.791666666666667 0
458 0.208333333333333 0.958333333333333 0
459 0.0416666666666654 0.958333333333333 0
460 0.0833333333333332 0.791666666666667 0
461 0.125 0.791666666666667 0
462 0.166666666666666 0.791666666666667 0
463 0.208333333333333 0.833333333333333 0
464 0.208333333333333 0.875 0
465 0.208333333333333 0.916666666666667 0
466 0.166666666666666 0.958333333333333 0
467 0.124999999999999 0.958333333333333 0
468 0.0833333333333324 0.958333333333333 0
469 0.0416666666666656 0.916666666666667 0
470 0.0416666666666659 0.875 0
471 0.0416666666666661 0.833333333333333 0
472 0.083333333333333 0.833333333333333 0
473 0.166666666666666 0.833333333333333 0
474 0.166666666666666 0.916666666666667 0
475 0.0833333333333326 0.916666666666667 0
476 0.125 0.833333333333333 0
477 0.166666666666666 0.875 0
478 0.124999999999999 0.916666666666667 0
479 0.0833333333333328 0.875 0
480 0.125 0.875 0
481 0.5 0.0416666666666667 0
482 0.5 0.0833333333333333 0
483 0.5 0.125 0
484 0.5 0.166666666666667 0
485 0.5 0.208333333333333 0
486 0.458333333333333 0.25 0
487 0.416666666666667 0.25 0
488 0.375 0.25 0
489 0.333333333333333 0.25 0
490 0.291666666666667 0.25 0
491 0.291666666666667 0.0416666666666667 0
492 0.458333333333333 0.0416666666666667 0
493 0.458333333333333 0.208333333333333 0
494 0.291666666666667 0.208333333333333 0
495 0.333333333333333 0.0416666666666667 0
496 0.375 0.0416666666666667 0
497 0.416666666666667 0.0416666666666667 0
498 0.458333333333333 0.0833333333333333 0
499 0.458333333333333 0.125 0
500 0.458333333333333 0.166666666666667 0
501 0.416666666666667 0.208333333333333 0
502 0.375 0.208333333333333 0
503 0.333333333333333 0.208333333333333 0
504 0.291666666666667 0.166666666666667 0
505 0.291666666666667 0.125 0
506 0.291666666666667 0.0833333333333333 0
507 0.333333333333333 0.0833333333333333 0
508 0.416666666666667 0.0833333333333333 0
509 0.416666666666667 0.166666666666667 0
510 0.333333333333333 0.166666666666667 0
511 0.375 0.0833333333333333 0
512 0.416666666666667 0.125 0
513 0.375 0.166666666666667 0
514 0.333333333333333 0.125 0
515 0.375 0.125 0
516 0.5 0.291666666666667 0
517 0.5 0.333333333333333 0
518 0.5 0.375 0
519 0.5 0.416666666666667 0
520 0.5 0.458333333333333 0
521 0.458333333333333 0.5 0
522 0.416666666666667 0.5 0
523 0.375 0.5 0
524 0.333333333333333 0.5 0
525 0.291666666666667 0.5 0
526 0.291666666666667 0.291666666666667 0
527 0.458333333333333 0.291666666666667 0
528 0.458333333333333 0.458333333333333 0
529 0.291666666666667 0.458333333333333 0
530 0.333333333333333 0.291666666666667 0
531 0.375 0.291666666666667 0
532 0.416666666666667 0.291666666666667 0
533 0.458333333333333 0.333333333333333 0
534 0.458333333333333 0.375 0
535 0.458333333333333 0.416666666666667 0
536 0.416666666666667 0.458333333333333 0
537 0.375 0.458333333333333 0
538 0.333333333333333 0.458333333333333 0
539 0.291666666666667 0.416666666666667 0
540 0.291666666666667 0.375 0
541 0.291666666666667 0.333333333333333 0
542 0.333333333333333 0.333333333333333 0
543 0.416666666666667 0.333333333333333 0
544 0.416666666666667 0.416666666666667 0
545 0.333333333333333 0.416666666666667 0
546 0.375 0.333333333333333 0
547 0.416666666666667 0.375 0
548 0.375 0.416666666666667 0
549 0.333333333333333 0.375 0
550 0.375 0.375 0
551 0.5 0.541666666666667 0
552 0.5 0.583333333333333 0
553 0.5 0.625 0
554 0.5 0.666666666666667 0
555 0.5 0.708333333333333 0
556 0.458333333333333 0.75 0
557 0.416666666666667 0.75 0
558 0.375 0.75 0
559 0.333333333333333 0.75 0
560 0.291666666666667 0.75 0
561 0.291666666666667 0.541666666666667 0
562 0.458333333333333 0.541666666666667 0
563 0.458333333333333 0.708333333333333 0
564 0.291666666666667 0.708333333333333 0
565 0.333333333333333 0.541666666666667 0
566 0.375 0.541666666666667 0
567 0.416666666666667 0.541666666666667 0
568 0.458333333333333 0.583333333333333 0
569 0.458333333333333 0.625 0
570 0.458333333333333 0.666666666666667 0
571 0.416666666666667 0.708333333333333 0
572 0.375 0.708333333333333 0
573 0.333333333333333 0.708333333333333 0
574 0.291666666666667 0.666666666666667 0
575 0.291666666666667 0.625 0
576 0.291666666666667 0.583333333333333 0
577 0.333333333333333 0.583333333333333 0
578 0.416666666666667 0.583333333333333 0
579 0.416666666666667 0.666666666666667 0
580 0.333333333333333 0.666666666666667 0
581 0.375 0.583333333333333 0
582 0.416666666666667 0.625 0
583 0.375 0.666666666666667 0
584 0.333333333333333 0.625 0
585 0.375 0.625 0
586 0.5 0.791666666666667 0
587 0.5 0.833333333333333 0
588 0.5 0.875 0
589 0.5 0.916666666666667 0
590 0.5 0.958333333333333 0
591 0.291666666666666 0.791666666666667 0
592 0.458333333333333 0.791666666666667 0
593 0.458333333333333 0.958333333333333 0
594 0.291666666666665 0.958333333333333 0
595 0.333333333333333 0.791666666666666 0
596 0.375 0.791666666666667 0
597 0.416666666666666 0.791666666666667 0
598 0.458333333333333 0.833333333333333 0
599 0.458333333333333 0.875 0
600 0.458333333333333 0.916666666666667 0
601 0.416666666666666 0.958333333333333 0
602 0.374999999999999 0.958333333333333 0
603 0.333333333333332 0.958333333333333 0
604 0.291666666666666 0.916666666666667 0
605 0.291666666666666 0.875 0
606 0.291666666666666 0.833333333333333 0
607 0.333333333333333 0.833333333333333 0
608 0.416666666666666 0.833333333333333 0
609 0.416666666666666 0.916666666666667 0
610 0.333333333333333 0.916666666666667 0
611 0.375 0.833333333333333 0
612 0.416666666666666 0.875 0
613 0.374999999999999 0.916666666666667 0
614 0.333333333333333 0.875 0
615 0.375 0.875 0
616 0.75 0.0416666666666667 0
617 0.75 0.0833333333333333 0
618 0.75 0.125 0
619 0.75 0.166666666666667 0
620 0.75 0.208333333333333 0
621 0.708333333333333 0.25 0
622 0.666666666666667 0.25 0
623 0.625 0.25 0
624 0.583333333333333 0.25 0
625 0.541666666666667 0.25 0
626 0.541666666666667 0.0416666666666667 0
627 0.708333333333334 0.0416666666666667 0
628 0.708333333333333 0.208333333333333 0
629 0.541666666666667 0.208333333333333 0
630 0.583333333333333 0.0416666666666667 0
631 0.625 0.0416666666666667 0
632 0.666666666666667 0.0416666666666667 0
633 0.708333333333333 0.0833333333333333 0
634 0.708333333333333 0.125 0
635 0.708333333333333 0.166666666666667 0
636 0.666666666666667 0.208333333333333 0
637 0.625 0.208333333333333 0
638 0.583333333333333 0.208333333333333 0
639 0.541666666666667 0.166666666666667 0
640 0.541666666666667 0.125 0
641 0.541666666666667 0.0833333333333333 0
642 0.583333333333333 0.0833333333333333 0
643 0.666666666666667 0.0833333333333333 0
644 0.666666666666667 0.166666666666667 0
645 0.583333333333333 0.166666666666667 0
646 0.625 0.0833333333333333 0
647 0.666666666666667 0.125 0
648 0.625 0.166666666666667 0
649 0.583333333333333 0.125 0
650 0.625 0.125 0
651 0.75 0.291666666666667 0
652 0.75 0.333333333333333 0
653 0.75 0.375 0
654 0.75 0.416666666666667 0
655 0.75 0.458333333333333 0
656 0.708333333333333 0.5 0
657 0.666666666666667 0.5 0
658 0.625 0.5 0
659 0.583333333333333 0.5 0
660 0.541666666666667 0.5 0
661 0.541666666666667 0.291666666666667 0
662 0.708333333333333 0.291666666666667 0
663 0.708333333333333 0.458333333333333 0
664 0.541666666666667 0.458333333333333 0
665 0.583333333333333 0.291666666666667 0
666 0.625 0.291666666666667 0
667 0.666666666666667 0.291666666666667 0
668 0.708333333333333 0.333333333333333 0
669 0.708333333333333 0.375 0
670 0.708333333333333 0.416666666666667 0
671 0.666666666666667 0.458333333333333 0
672 0.625 0.458333333333333 0
673 0.583333333333333 0.458333333333333 0
674 0.541666666666667 0.416666666666667 0
675 0.541666666666667 0.375 0
676 0.541666666666667 0.333333333333333 0
677 0.583333333333333 0.333333333333333 0
678 0.666666666666667 0.333333333333333 0
679 0.666666666666667 0.416666666666667 0
680 0.583333333333333 0.416666666666667 0
681 0.625 0.333333333333333 0
682 0.666666666666667 0.375 0
683 0.625 0.416666666666667 0
684 0.583333333333333 0.375 0
685 0.625 0.375 0
686 0.75 0.541666666666667 0
687 0.75 0.583333333333333 0
688 0.75 0.625 0
689 0.75 0.666666666666667 0
690 0.75 0.708333333333333 0
691 0.708333333333333 0.75 0
692 0.666666666666667 0.75 0
693 0.625 0.75 0
694 0.583333333333333 0.75 0
695 0.541666666666667 0.75 0
696 0.541666666666667 0.541666666666667 0
697 0.708333333333333 0.541666666666667 0
698 0.708333333333333 0.708333333333333 0
699 0.541666666666667 0.708333333333333 0
700 0.583333333333333 0.541666666666667 0
701 0.625 0.541666666666667 0
702 0.666666666666667 0.541666666666667 0
703 0.708333333333333 0.583333333333333 0
704 0.708333333333333 0.625 0
705 0.708333333333333 0.666666666666667 0
706 0.666666666666667 0.708333333333333 0
707 0.625 0.708333333333333 0
708 0.583333333333333 0.708333333333333 0
709 0.541666666666667 0.666666666666667 0
710 0.541666666666667 0.625 0
711 0.541666666666667 0.583333333333333 0
712 0.583333333333333 0.583333333333333 0
713 0.666666666666667 0.583333333333333 0
714 0.666666666666667 0.666666666666667 0
715 0.583333333333333 0.666666666666667 0
716 0.625 0.583333333333333 0
717 0.666666666666667 0.625 0
718 0.625 0.666666666666667 0
719 0.583333333333333 0.625 0
720 0.625 0.625 0
721 0.75 0.791666666666667 0
722 0.75 0.833333333333333 0
723 0.75 0.875 0
724 0.75 0.916666666666667 0
725 0.75 0.958333333333333 0
726 0.541666666666666 0.791666666666667 0
727 0.708333333333333 0.791666666666667 0
728 0.708333333333333 0.958333333333333 0
729 0.541666666666665 0.958333333333333 0
730 0.583333333333333 0.791666666666666 0
731 0.625 0.791666666666667 0
732 0.666666666666666 0.791666666666667 0
733 0.708333333333333 0.833333333333333 0
734 0.708333333333333 0.875 0
735 0.708333333333333 0.916666666666667 0
736 0.666666666666666 0.958333333333333 0
737 0.624999999999999 0.958333333333333 0
738 0.583333333333332 0.958333333333333 0
739 0.541666666666666 0.916666666666667 0
740 0.541666666666666 0.875 0
741 0.541666666666666 0.833333333333333 0
742 0.583333333333333 0.833333333333333 0
743 0.666666666666666 0.833333333333333 0
744 0.666666666666666 0.916666666666667 0
745 0.583333333333332 0.916666666666667 0
746 0.625 0.833333333333333 0
747 0.666666666666666 0.875 0
748 0.624999999999999 0.916666666666667 0
749 0.583333333333333 0.875 0
750 0.625 0.875 0
751 1 0.0416666666666667 0
752 1 0.0833333333333333 0
753 1 0.125 0
754 1 0.166666666666667 0
755 1 0.208333333333333 0
756 0.958333333333333 0.25 0
757 0.916666666666667 0.25 0
758 0.875 0.25 0
759 0.833333333333333 0.25 0
760 0.791666666666667 0.25 0
761 0.791666666666667 0.0416666666666667 0
762 0.958333333333333 0.0416666666666667 0
763 0.958333333333334 0.208333333333333 0
764 0.791666666666667 0.208333333333333 0
765 0.833333333333333 0.0416666666666667 0
766 0.875 0.0416666666666667 0
767 0.916666666666666 0.0416666666666667 0
768 0.958333333333333 0.0833333333333333 0
769 0.958333333333333 0.125 0
770 0.958333333333333 0.166666666666667 0
771 0.916666666666667 0.208333333333333 0
772 0.875 0.208333333333333 0
773 0.833333333333333 0.208333333333333 0
774 0.791666666666667 0.166666666666667 0
775 0.791666666666667 0.125 0
776 0.791666666666667 0.0833333333333333 0
777 0.833333333333333 0.0833333333333333 0
778 0.916666666666667 0.0833333333333333 0
779 0.916666666666667 0.166666666666667 0
780 0.833333333333333 0.166666666666667 0
781 0.875 0.0833333333333333 0
782 0.916666666666667 0.125 0
783 0.875 0.166666666666667 0
784 0.833333333333333 0.125 0
785 0.875 0.125 0
786 1 0.291666666666667 0
787 1 0.333333333333333 0
788 1 0.375 0
789 1 0.416666666666667 0
790 1 0.458333333333333 0
791 0.958333333333333 0.5 0
792 0.916666666666667 0.5 0
793 0.875 0.5 0
794 0.833333333333333 0.5 0
795 0.791666666666667 0.5 0
796 0.791666666666667 0.291666666666667 0
797 0.958333333333333 0.291666666666667 0
798 0.958333333333333 0.458333333333333 0
799 0.791666666666667 0.458333333333333 0
800 0.833333333333333 0.291666666666667 0
801 0.875 0.291666666666667 0
802 0.916666666666667 0.291666666666667 0
803 0.958333333333333 0.333333333333333 0
804 0.958333333333333 0.375 0
805 0.958333333333333 0.416666666666667 0
806 0.916666666666667 0.458333333333333 0
807 0.875 0.458333333333333 0
808 0.833333333333333 0.458333333333333 0
809 0.791666666666667 0.416666666666667 0
810 0.791666666666667 0.375 0
811 0.791666666666667 0.333333333333333 0
812 0.833333333333333 0.333333333333333 0
813 0.916666666666667 0.333333333333333 0
814 0.916666666666667 0.416666666666667 0
815 0.833333333333333 0.416666666666667 0
816 0.875 0.333333333333333 0
817 0.916666666666667 0.375 0
818 0.875 0.416666666666667 0
819 0.833333333333333 0.375 0
820 0.875 0.375 0
821 1 0.541666666666667 0
822 1 0.583333333333333 0
823 1 0.625 0
824 1 0.666666666666667 0
825 1 0.708333333333333 0
826 0.958333333333333 0.75 0
827 0.916666666666667 0.75 0
828 0.875 0.75 0
829 0.833333333333333 0.75 0
830 0.791666666666667 0.75 0
831 0.791666666666667 0.541666666666667 0
832 0.958333333333333 0.541666666666667 0
833 0.958333333333334 0.708333333333333 0
834 0.791666666666667 0.708333333333333 0
835 0.833333333333333 0.541666666666667 0
836 0.875 0.541666666666667 0
837 0.916666666666667 0.541666666666667 0
838 0.958333333333333 0.583333333333333 0
839 0.958333333333333 0.625 0
840 0.958333333333333 0.666666666666667 0
841 0.916666666666667 0.708333333333333 0
842 0.875 0.708333333333333 0
843 0.833333333333333 0.708333333333333 0
844 0.791666666666667 0.666666666666667 0
845 0.791666666666667 0.625 0
846 0.791666666666667 0.583333333333333 0
847 0.833333333333333 0.583333333333333 0
848 0.916666666666667 0.583333333333333 0
849 0.916666666666667 0.666666666666667 0
850 0.833333333333333 0.666666666666667 0
851 0.875 0.583333333333333 0
852 0.916666666666667 0.625 0
853 0.875 0.666666666666667 0
854 0.833333333333333 0.625 0
855 0.875 0.625 0
856 1 0.791666666666667 0
857 1 0.833333333333333 0
858 1 0.875 0
859 1 0.916666666666667 0
860 1 0.958333333333333 0
861 0.791666666666667 0.791666666666667 0
862 0.958333333333333 0.791666666666667 0
863 0.958333333333333 0.958333333333333 0
864 0.791666666666665 0.958333333333333 0
865 0.833333333333333 0.791666666666666 0
866 0.875 0.791666666666667 0
867 0.916666666666667 0.791666666666667 0
868 0.958333333333333 0.833333333333333 0
869 0.958333333333333 0.875 0
870 0.958333333333333 0.916666666666667 0
871 0.916666666666666 0.958333333333333 0
872 0.874999999999999 0.958333333333333 0
873 0.833333333333332 0.958333333333333 0
874 0.791666666666666 0.916666666666667 0
875 0.791666666666666 0.875 0
876 0.791666666666666 0.833333333333333 0
877 0.833333333333333 0.833333333333333 0
878 0.916666666666667 0.833333333333333 0
879 0.916666666666666 0.916666666666667 0
880 0.833333333333332 0.916666666666667 0
881 0.875 0.833333333333333 0
882 0.916666666666666 0.875 0
883 0.874999999999999 0.916666666666667 0
884 0.833333333333333 0.875 0
885 0.875 0.875 0
886 1.25 0.0416666666666667 0
887 1.25 0.0833333333333333 0
888 1.25 0.125 0
889 1.25 0.166666666666667 0
890 1.25 0.208333333333333 0
891 1.20833333333333 0.25 0
892 1.16666666666667 0.25 0
893 1.125 0.25 0
894 1.08333333333333 0.25 0
895 1.04166666666667 0.25 0
896 1.04166666666667 0.0416666666666667 0
897 1.20833333333333 0.0416666666666667 0
898 1.20833333333333 0.208333333333333 0
899 1.04166666666667 0.208333333333333 0
900 1.08333333333333 0.0416666666666667 0
901 1.125 0.0416666666666667 0
902 1.16666666666667 0.0416666666666667 0
903 1.20833333333333 0.0833333333333333 0
904 1.20833333333333 0.125 0
905 1.20833333333333 0.166666666666667 0
906 1.16666666666667 0.208333333333333 0
907 1.125 0.208333333333333 0
908 1.08333333333333 0.208333333333333 0
909 1.04166666666667 0.166666666666667 0
910 1.04166666666667 0.125 0
911 1.04166666666667 0.0833333333333333 0
912 1.08333333333333 0.0833333333333333 0
913 1.16666666666667 0.0833333333333333 0
914 1.16666666666667 0.166666666666667 0
915 1.08333333333333 0.166666666666667 0
916 1.125 0.0833333333333333 0
917 1.16666666666667 0.125 0
918 1.125 0.166666666666667 0
919 1.08333333333333 0.125 0
920 1.125 0.125 0
921 1.25 0.291666666666667 0
922 1.25 0.333333333333333 0
923 1.25 0.375 0
924 1.25 0.416666666666667 0
925 1.25 0.458333333333333 0
926 1.20833333333333 0.5 0
927 1.16666666666667 0.5 0
928 1.125 0.5 0
929 1.08333333333333 0.5 0
930 1.04166666666667 0.5 0
931 1.04166666666667 0.291666666666667 0
932 1.20833333333333 0.291666666666667 0
933 1.20833333333333 0.458333333333333 0
934 1.04166666666667 0.458333333333333 0
935 1.08333333333333 0.291666666666667 0
936 1.125 0.291666666666667 0
937 1.16666666666667 0.291666666666667 0
938 1.20833333333333 0.333333333333333 0
939 1.20833333333333 0.375 0
940 1.20833333333333 0.416666666666667 0
941 1.16666666666667 0.458333333333333 0
942 1.125 0.458333333333333 0
943 1.08333333333333 0.458333333333333 0
944 1.04166666666667 0.416666666666667 0
945 1.04166666666667 0.375 0
946 1.04166666666667 0.333333333333333 0
947 1.08333333333333 0.333333333333333 0
948 1.16666666666667 0.333333333333333 0
949 1.16666666666667 0.416666666666667 0
950 1.08333333333333 0.416666666666667 0
951 1.125 0.333333333333333 0
952 1.16666666666667 0.375 0
953 1.125 0.416666666666667 0
954 1.08333333333333 0.375 0
955 1.125 0.375 0
956 1.25 0.541666666666667 0
957 1.25 0.583333333333333 0
958 1.25 0.625 0
959 1.25 0.666666666666667 0
960 1.25 0.708333333333333 0
961 1.20833333333333 0.75 0
962 1.16666666666667 0.75 0
963 1.125 0.75 0
964 1.08333333333333 0.75 0
965 1.04166666666667 0.75 0
966 1.04166666666667 0.541666666666667 0
967 1.20833333333333 0.541666666666667 0
968 1.20833333333333 0.708333333333333 0
969 1.04166666666667 0.708333333333333 0
970 1.08333333333333 0.541666666666667 0
971 1.125 0.541666666666667 0
972 1.16666666666667 0.541666666666667 0
973 1.20833333333333 0.583333333333333 0
974 1.20833333333333 0.625 0
975 1.20833333333333 0.666666666666667 0
976 1.16666666666667 0.708333333333333 0
977 1.125 0.708333333333333 0
978 1.08333333333333 0.708333333333333 0
979 1.04166666666667 0.666666666666667 0
980 1.04166666666667 0.625 0
981 1.04166666666667 0.583333333333333 0
982 1.08333333333333 0.583333333333333 0
983 1.16666666666667 0.583333333333333 0
984 1.16666666666667 0.666666666666667 0
985 1.08333333333333 0.666666666666667 0
986 1.125 0.583333333333333 0
987 1.16666666666667 0.625 0
988 1.125 0.666666666666667 0
989 1.08333333333333 0.625 0
990 1.125 0.625 0
991 1.25 0.791666666666667 0
992 1.25 0.833333333333333 0
993 1.25 0.875 0
994 1.25 0.916666666666667 0
995 1.25 0.958333333333333 0
996 1.04166666666667 0.791666666666667 0
997 1.20833333333333 0.791666666666667 0
998 1.20833333333333 0.958333333333333 0
999 1.04166666666667 0.958333333333333 0
1000 1.08333333333333 0.791666666666666 0
1001 1.125 0.791666666666667 0
1002 1.16666666666667 0.791666666666667 0
1003 1.20833333333333 0.833333333333333 0
1004 1.20833333333333 0.875 0
1005 1.20833333333333 0.916666666666667 0
1006 1.16666666666667 0.958333333333333 0
1007 1.125 0.958333333333333 0
1008 1.08333333333333 0.958333333333333 0
1009 1.04166666666667 0.916666666666667 0
1010 1.04166666666667 0.875 0
1011 1.04166666666667 0.833333333333333 0
1012 1.08333333333333 0.833333333333333 0
1013 1.16666666666667 0.833333333333333 0
1014 1.16666666666667 0.916666666666667 0
1015 1.08333333333333 0.916666666666667 0
1016 1.125 0.833333333333333 0
1017 1.16666666666667 0.875 0
1018 1.125 0.916666666666667 0
1019 1.08333333333333 0.875 0
1020 1.125 0.875 0
1021 1.5 0.0416666666666667 0
1022 1.5 0.0833333333333333 0
1023 1.5 0.125 0
1024 1.5 0.166666666666667 0
1025 1.5 0.208333333333333 0
1026 1.45833333333333 0.25 0
1027 1.41666666666667 0.25 0
1028 1.375 0.25 0
1029 1.33333333333333 0.25 0
1030 1.29166666666667 0.25 0
1031 1.29166666666667 0.0416666666666667 0
1032 1.45833333333333 0.0416666666666667 0
1033 1.45833333333333 0.208333333333333 0
1034 1.29166666666667 0.208333333333333 0
1035 1.33333333333333 0.0416666666666667 0
1036 1.375 0.0416666666666667 0
1037 1.41666666666667 0.0416666666666667 0
1038 1.45833333333333 0.0833333333333333 0
1039 1.45833333333333 0.125 0
1040 1.45833333333333 0.166666666666667 0
1041 1.41666666666667 0.208333333333333 0
1042 1.375 0.208333333333333 0
1043 1.33333333333333 0.208333333333333 0
1044 1.29166666666667 0.166666666666667 0
1045 1.29166666666667 0.125 0
1046 1.29166666666667 0.0833333333333333 0
1047 1.33333333333333 0.0833333333333333 0
1048 1.41666666666667 0.0833333333333333 0
1049 1.41666666666667 0.166666666666667 0
1050 1.33333333333333 0.166666666666667 0
1051 1.375 0.0833333333333333 0
1052 1.41666666666667 0.125 0
1053 1.375 0.166666666666667 0
1054 1.33333333333333 0.125 0
1055 1.375 0.125 0
1056 1.5 0.291666666666667 0
1057 1.5 0.333333333333333 0
1058 1.5 0.375 0
1059 1.5 0.416666666666667 0
1060 1.5 0.458333333333333 0
1061 1.45833333333333 0.5 0
1062 1.41666666666667 0.5 0
1063 1.375 0.5 0
1064 1.33333333333333 0.5 0
1065 1.29166666666667 0.5 0
1066 1.29166666666667 0.291666666666667 0
1067 1.45833333333333 0.291666666666667 0
1068 1.45833333333333 0.458333333333333 0
1069 1.29166666666667 0.458333333333333 0
1070 1.33333333333333 0.291666666666667 0
1071 1.375 0.291666666666667 0
1072 1.41666666666667 0.291666666666667 0
1073 1.45833333333333 0.333333333333333 0
1074 1.45833333333333 0.375 0
1075 1.45833333333333 0.416666666666667 0
1076 1.41666666666667 0.458333333333333 0
1077 1.375 0.458333333333333 0
1078 1.33333333333333 0.458333333333333 0
1079 1.29166666666667 0.416666666666667 0
1080 1.29166666666667 0.375 0
1081 1.29166666666667 0.333333333333333 0
1082 1.33333333333333 0.333333333333333 0
1083 1.41666666666667 0.333333333333333 0
1084 1.41666666666667 0.416666666666667 0
1085 1.33333333333333 0.416666666666667 0
1086 1.375 0.333333333333333 0
1087 1.41666666666667 0.375 0
1088 1.375 0.416666666666667 0
1089 1.33333333333333 0.375 0
1090 1.375 0.375 0
1091 1.5 0.541666666666667 0
1092 1.5 0.583333333333333 0
1093 1.5 0.625 0
1094 1.5 0.666666666666667 0
1095 1.5 0.708333333333333 0
1096 1.45833333333333 0.75 0
1097 1.41666666666667 0.75 0
1098 1.375 0.75 0
1099 1.33333333333333 0.75 0
1100 1.29166666666667 0.75 0
1101 1.29166666666667 0.541666666666667 0
1102 1.45833333333333 0.541666666666667 0
1103 1.45833333333333 0.708333333333333 0
1104 1.29166666666667 0.708333333333333 0
1105 1.33333333333333 0.541666666666667 0
1106 1.375 0.541666666666667 0
1107 1.41666666666667 0.541666666666667 0
1108 1.45833333333333 0.583333333333333 0
1109 1.45833333333333 0.625 0
1110 1.45833333333333 0.666666666666667 0
1111 1.41666666666667 0.708333333333333 0
1112 1.375 0.708333333333333 0
1113 1.33333333333333 0.708333333333333 0
1114 1.29166666666667 0.666666666666667 0
1115 1.29166666666667 0.625 0
1116 1.29166666666667 0.583333333333333 0
1117 1.33333333333333 0.583333333333333 0
1118 1.41666666666667 0.583333333333333 0
1119 1.41666666666667 0.666666666666667 0
1120 1.33333333333333 0.666666666666667 0
1121 1.375 0.583333333333333 0
1122 1.41666666666667 0.625 0
1123 1.375 0.666666666666667 0
1124 1.33333333333333 0.625 0
1125 1.375 0.625 0
1126 1.5 0.791666666666667 0
1127 1.5 0.833333333333333 0
1128 1.5 0.875 0
1129 1.5 0.916666666666667 0
1130 1.5 0.958333333333333 0
1131 1.29166666666667 0.791666666666667 0
1132 1.45833333333333 0.791666666666667 0
1133 1.45833333333333 0.958333333333333 0
1134 1.29166666666667 0.958333333333333 0
1135 1.33333333333333 0.791666666666666 0
1136 1.375 0.791666666666667 0
1137 1.41666666666667 0.791666666666667 0
1138 1.45833333333333 0.833333333333333 0
1139 1.45833333333333 0.875 0
1140 1.45833333333333 0.916666666666667 0
1141 1.41666666666667 0.958333333333333 0
1142 1.375 0.958333333333333 0
1143 1.33333333333333 0.958333333333333 0
1144 1.29166666666667 0.916666666666667 0
1145 1.29166666666667 0.875 0
1146 1.29166666666667 0.833333333333333 0
1147 1.33333333333333 0.833333333333333 0
1148 1.41666666666667 0.833333333333333 0
1149 1.41666666666667 0.916666666666667 0
1150 1.33333333333333 0.916666666666667 0
1151 1.375 0.833333333333333 0
1152 1.41666666666667 0.875 0
1153 1.375 0.916666666666667 0
1154 1.33333333333333 0.875 0
1155 1.375 0.875 0
1156 1.75 0.0416666666666667 0
1157 1.75 0.0833333333333333 0
1158 1.75 0.125 0
1159 1.75 0.166666666666667 0
1160 1.75 0.208333333333333 0
1161 1.70833333333333 0.25 0
1162 1.66666666666667 0.25 0
1163 1.625 0.25 0
1164 1.58333333333333 0.25 0
1165 1.54166666666667 0.25 0
1166 1.54166666666667 0.0416666666666667 0
1167 1.70833333333333 0.0416666666666667 0
1168 1.70833333333333 0.208333333333333 0
1169 1.54166666666667 0.208333333333333 0
1170 1.58333333333333 0.0416666666666667 0
1171 1.625 0.0416666666666667 0
1172 1.66666666666667 0.0416666666666667 0
1173 1.70833333333333 0.0833333333333333 0
1174 1.70833333333333 0.125 0
1175 1.70833333333333 0.166666666666667 0
1176 1.66666666666667 0.208333333333333 0
1177 1.625 0.208333333333333 0
1178 1.58333333333333 0.208333333333333 0
1179 1.54166666666667 0.166666666666667 0
1180 1.54166666666667 0.125 0
1181 1.54166666666667 0.0833333333333333 0
1182 1.58333333333333 0.0833333333333333 0
1183 1.66666666666667 0.0833333333333333 0
1184 1.66666666666667 0.166666666666667 0
1185 1.58333333333333 0.166666666666667 0
1186 1.625 0.0833333333333333 0
1187 1.66666666666667 0.125 0
1188 1.625 0.166666666666667 0
1189 1.58333333333333 0.125 0
1190 1.625 0.125 0
1191 1.75 0.291666666666667 0
1192 1.75 0.333333333333333 0
1193 1.75 0.375 0
1194 1.75 0.416666666666667 0
1195 1.75 0.458333333333333 0
1196 1.70833333333333 0.5 0
1197 1.66666666666667 0.5 0
1198 1.625 0.5 0
1199 1.58333333333333 0.5 0
1200 1.54166666666667 0.5 0
1201 1.54166666666667 0.291666666666667 0
1202 1.70833333333333 0.291666666666667 0
1203 1.70833333333333 0.458333333333333 0
1204 1.54166666666667 0.458333333333333 0
1205 1.58333333333333 0.291666666666667 0
1206 1.625 0.291666666666667 0
1207 1.66666666666667 0.291666666666667 0
1208 1.70833333333333 0.333333333333333 0
1209 1.70833333333333 0.375 0
1210 1.70833333333333 0.416666666666667 0
1211 1.66666666666667 0.458333333333333 0
1212 1.625 0.458333333333333 0
1213 1.58333333333333 0.458333333333333 0
1214 1.54166666666667 0.416666666666667 0
1215 1.54166666666667 0.375 0
1216 1.54166666666667 0.333333333333333 0
1217 1.58333333333333 0.333333333333333 0
1218 1.66666666666667 0.333333333333333 0
1219 1.66666666666667 0.416666666666667 0
1220 1.58333333333333 0.416666666666667 0
1221 1.625 0.333333333333333 0
1222 1.66666666666667 0.375 0
1223 1.625 0.416666666666667 0
1224 1.58333333333333 0.375 0
1225 1.625 0.375 0
1226 1.75 0.541666666666667 0
1227 1.75 0.583333333333333 0
1228 1.75 0.625 0
1229 1.75 0.666666666666667 0
1230 1.75 0.708333333333333 0
1231 1.70833333333333 0.75 0
1232 1.66666666666667 0.75 0
1233 1.625 0.75 0
1234 1.58333333333333 0.75 0
1235 1.54166666666667 0.75 0
1236 1.54166666666667 0.541666666666667 0
1237 1.70833333333333 0.541666666666667 0
1238 1.70833333333333 0.708333333333333 0
1239 1.54166666666667 0.708333333333333 0
1240 1.58333333333333 0.541666666666667 0
1241 1.625 0.541666666666667 0
1242 1.66666666666667 0.541666666666667 0
1243 1.70833333333333 0.583333333333333 0
1244 1.70833333333333 0.625 0
1245 1.70833333333333 0.666666666666667 0
1246 1.66666666666667 0.708333333333333 0
1247 1.625 0.708333333333333 0
1248 1.58333333333333 0.708333333333333 0
1249 1.54166666666667 0.666666666666667 0
1250 1.54166666666667 0.625 0
1251 1.54166666666667 0.583333333333333 0
1252 1.58333333333333 0.583333333333333 0
1253 1.66666666666667 0.583333333333333 0
1254 1.66666666666667 0.666666666666667 0
1255 1.58333333333333 0.666666666666667 0
1256 1.625 0.583333333333333 0
1257 1.66666666666667 0.625 0
1258 1.625 0.666666666666667 0
1259 1.58333333333333 0.625 0
1260 1.625 0.625 0
1261 1.75 0.791666666666667 0
1262 1.75 0.833333333333333 0
1263 1.75 0.875 0
1264 1.75 0.916666666666667 0
1265 1.75 0.958333333333333 0
1266 1.54166666666667 0.791666666666667 0
1267 1.70833333333333 0.791666666666667 0
1268 1.70833333333333 0.958333333333333 0
1269 1.54166666666666 0.958333333333333 0
1270 1.58333333333333 0.791666666666666 0
1271 1.625 0.791666666666667 0
1272 1.66666666666667 0.791666666666667 0
1273 1.70833333333333 0.833333333333333 0
1274 1.70833333333333 0.875 0
1275 1.70833333333333 0.916666666666667 0
1276 1.66666666666667 0.958333333333333 0
1277 1.625 0.958333333333333 0
1278 1.58333333333333 0.958333333333333 0
1279 1.54166666666667 0.916666666666667 0
1280 1.54166666666667 0.875 0
1281 1.54166666666667 0.833333333333333 0
1282 1.58333333333333 0.833333333333333 0
1283 1.66666666666667 0.833333333333333 0
1284 1.66666666666667 0.916666666666667 0
1285 1.58333333333333 0.916666666666667 0
1286 1.625 0.833333333333333 0
1287 1.66666666666667 0.875 0
1288 1.625 0.916666666666667 0
1289 1.58333333333333 0.875 0
1290 1.625 0.875 0
1291 2 0.0416666666666667 0
1292 2 0.0833333333333333 0
1293 2 0.125 0
1294 2 0.166666666666667 0
1295 2 0.208333333333333 0
1296 1.95833333333333 0.25 0
1297 1.91666666666667 0.25 0
1298 1.875 0.25 0
1299 1.83333333333333 0.25 0
1300 1.79166666666667 0.25 0
1301 1.79166666666667 0.0416666666666667 0
1302 1.95833333333333 0.0416666666666667 0
1303 1.95833333333333 0.208333333333333 0
1304 1.79166666666667 0.208333333333333 0
1305 1.83333333333333 0.0416666666666667 0
1306 1.875 0.0416666666666667 0
1307 1.91666666666667 0.0416666666666667 0
1308 1.95833333333333 0.0833333333333333 0
1309 1.95833333333333 0.125 0
1310 1.95833333333333 0.166666666666667 0
1311 1.91666666666667 0.208333333333333 0
1312 1.875 0.208333333333333 0
1313 1.83333333333333 0.208333333333333 0
1314 1.79166666666667 0.166666666666667 0
1315 1.79166666666667 0.125 0
1316 1.79166666666667 0.0833333333333333 0
1317 1.83333333333333 0.0833333333333333 0
1318 1.91666666666667 0.0833333333333333 0
1319 1.91666666666667 0.166666666666667 0
1320 1.83333333333333 0.166666666666667 0
1321 1.875 0.0833333333333333 0
1322 1.91666666666667 0.125 0
1323 1.875 0.166666666666667 0
1324 1.83333333333333 0.125 0
1325 1.875 0.125 0
1326 2 0.291666666666667 0
1327 2 0.333333333333333 0
1328 2 0.375 0
1329 2 0.416666666666667 0
1330 2 0.458333333333333 0
1331 1.95833333333333 0.5 0
1332 1.91666666666667 0.5 0
1333 1.875 0.5 0
1334 1.83333333333333 0.5 0
1335 1.79166666666667 0.5 0
1336 1.79166666666667 0.291666666666667 0
1337 1.95833333333333 0.291666666666667 0
1338 1.95833333333333 0.458333333333333 0
1339 1.79166666666667 0.458333333333333 0
1340 1.83333333333333 0.291666666666667 0
1341 1.875 0.291666666666667 0
1342 1.91666666666667 0.291666666666667 0
1343 1.95833333333333 0.333333333333333 0
1344 1.95833333333333 0.375 0
1345 1.95833333333333 0.416666666666667 0
1346 1.91666666666667 0.458333333333333 0
1347 1.875 0.458333333333333 0
1348 1.83333333333333 0.458333333333333 0
1349 1.79166666666667 0.416666666666667 0
1350 1.79166666666667 0.375 0
1351 1.79166666666667 0.333333333333333 0
1352 1.83333333333333 0.333333333333333 0
1353 1.91666666666667 0.333333333333333 0
1354 1.91666666666667 0.416666666666667 0
1355 1.83333333333333 0.416666666666667 0
1356 1.875 0.333333333333333 0
1357 1.91666666666667 0.375 0
1358 1.875 0.416666666666667 0
1359 1.83333333333333 0.375 0
1360 1.875 0.375 0
1361 2 0.541666666666667 0
1362 2 0.583333333333333 0
1363 2 0.625 0
1364 2 0.666666666666667 0
1365 2 0.708333333333333 0
1366 1.95833333333333 0.75 0
1367 1.91666666666667 0.75 0
1368 1.875 0.75 0
1369 1.83333333333333 0.75 0
1370 1.79166666666667 0.75 0
1371 1.79166666666667 0.541666666666667 0
1372 1.95833333333333 0.541666666666667 0
1373 1.95833333333333 0.708333333333333 0
1374 1.79166666666667 0.708333333333333 0
1375 1.83333333333333 0.541666666666667 0
1376 1.875 0.541666666666667 0
1377 1.91666666666667 0.541666666666667 0
1378 1.95833333333333 0.583333333333333 0
1379 1.95833333333333 0.625 0
1380 1.95833333333333 0.666666666666667 0
1381 1.91666666666667 0.708333333333333 0
1382 1.875 0.708333333333333 0
1383 1.83333333333333 0.708333333333333 0
1384 1.79166666666667 0.666666666666667 0
1385 1.79166666666667 0.625 0
1386 1.79166666666667 0.583333333333333 0
1387 1.83333333333333 0.583333333333333 0
1388 1.91666666666667 0.583333333333333 0
1389 1.91666666666667 0.666666666666667 0
1390 1.83333333333333 0.666666666666667 0
1391 1.875 0.583333333333333 0
1392 1.91666666666667 0.625 0
1393 1.875 0.666666666666667 0
1394 1.83333333333333 0.625 0
1395 1.875 0.625 0
1396 2 0.791666666666667 0
1397 2 0.833333333333333 0
1398 2 0.875 0
1399 2 0.916666666666667 0
1400 2 0.958333333333333 0
1401 1.79166666666667 0.791666666666667 0
1402 1.95833333333333 0.791666666666667 0
1403 1.95833333333333 0.958333333333333 0
1404 1.79166666666667 0.958333333333333 0
1405 1.83333333333333 0.791666666666666 0
1406 1.875 0.791666666666667 0
1407 1.91666666666667 0.791666666666667 0
1408 1.95833333333333 0.833333333333333 0
1409 1.95833333333333 0.875 0
1410 1.95833333333333 0.916666666666667 0
1411 1.91666666666667 0.958333333333333 0
1412 1.875 0.958333333333333 0
1413 1.83333333333333 0.958333333333333 0
1414 1.79166666666667 0.916666666666667 0
1415 1.79166666666667 0.875 0
1416 1.79166666666667 0.833333333333333 0
1417 1.83333333333333 0.833333333333333 0
1418 1.91666666666667 0.833333333333333 0
1419 1.91666666666667 0.916666666666667 0
1420 1.83333333333333 0.916666666666667 0
1421 1.875 0.833333333333333 0
1422 1.91666666666667 0.875 0
1423 1.875 0.916666666666667 0
1424 1.83333333333333 0.875 0
1425 1.875 0.875 0
1426 2.25 0.0416666666666667 0
1427 2.25 0.0833333333333333 0
1428 2.25 0.125 0
1429 2.25 0.166666666666667 0
1430 2.25 0.208333333333333 0
1431 2.20833333333333 0.25 0
1432 2.16666666666667 0.25 0
1433 2.125 0.25 0
1434 2.08333333333333 0.25 0
1435 2.04166666666667 0.25 0
1436 2.04166666666667 0.0416666666666667 0
1437 2.20833333333333 0.0416666666666667 0
1438 2.20833333333333 0.208333333333333 0
1439 2.04166666666667 0.208333333333333 0
1440 2.08333333333333 0.0416666666666667 0
1441 2.125 0.0416666666666667 0
1442 2.16666666666667 0.0416666666666667 0
1443 2.20833333333333 0.0833333333333333 0
1444 2.20833333333333 0.125 0
1445 2.20833333333333 0.166666666666667 0
1446 2.16666666666667 0.208333333333333 0
1447 2.125 0.208333333333333 0
1448 2.08333333333333 0.208333333333333 0
1449 2.04166666666667 0.166666666666667 0
1450 2.04166666666667 0.125 0
1451 2.04166666666667 0.0833333333333333 0
1452 2.08333333333333 0.0833333333333333 0
1453 2.16666666666667 0.0833333333333333 0
1454 2.16666666666667 0.166666666666667 0
1455 2.08333333333333 0.166666666666667 0
1456 2.125 0.0833333333333333 0
1457 2.16666666666667 0.125 0
1458 2.125 0.166666666666667 0
1459 2.08333333333333 0.125 0
1460 2.125 0.125 0
1461 2.25 0.291666666666667 0
1462 2.25 0.333333333333333 0
1463 2.25 0.375 0
1464 2.25 0.416666666666667 0
1465 2.25 0.458333333333333 0
1466 2.20833333333333 0.5 0
1467 2.16666666666667 0.5 0
1468 2.125 0.5 0
1469 2.08333333333333 0.5 0
1470 2.04166666666667 0.5 0
1471 2.04166666666667 0.291666666666667 0
1472 2.20833333333333 0.291666666666667 0
1473 2.20833333333333 0.458333333333333 0
1474 2.04166666666667 0.458333333333333 0
1475 2.08333333333333 0.291666666666667 0
1476 2.125 0.291666666666667 0
1477 2.16666666666667 0.291666666666667 0
1478 2.20833333333333 0.333333333333333 0
1479 2.20833333333333 0.375 0
1480 2.20833333333333 0.416666666666667 0
1481 2.16666666666667 0.458333333333333 0
1482 2.125 0.458333333333333 0
1483 2.08333333333333 0.458333333333333 0
1484 2.04166666666667 0.416666666666667 0
1485 2.04166666666667 0.375 0
1486 2.04166666666667 0.333333333333333 0
1487 2.08333333333333 0.333333333333333 0
1488 2.16666666666667 0.333333333333333 0
1489 2.16666666666667 0.416666666666667 0
1490 2.08333333333333 0.416666666666667 0
1491 2.125 0.333333333333333 0
1492 2.16666666666667 0.375 0
1493 2.125 0.416666666666667 0
1494 2.08333333333333 0.375 0
1495 2.125 0.375 0
1496 2.25 0.541666666666667 0
1497 2.25 0.583333333333333 0
1498 2.25 0.625 0
1499 2.25 0.666666666666667 0
1500 2.25 0.708333333333333 0
1501 2.20833333333333 0.75 0
1502 2.16666666666667 0.75 0
1503 2.125 0.75 0
1504 2.08333333333333 0.75 0
1505 2.04166666666667 0.75 0
1506 2.04166666666667 0.541666666666667 0
1507 2.20833333333333 0.541666666666667 0
1508 2.20833333333333 0.708333333333333 0
1509 2.04166666666667 0.708333333333333 0
1510 2.08333333333333 0.541666666666667 0
1511 2.125 0.541666666666667 0
1512 2.16666666666667 0.541666666666667 0
1513 2.20833333333333 0.583333333333333 0
1514 2.20833333333333 0.625 0
1515 2.20833333333333 0.666666666666667 0
1516 2.16666666666667 0.708333333333333 0
1517 2.125 0.708333333333333 0
1518 2.08333333333333 0.708333333333333 0
1519 2.04166666666667 0.666666666666667 0
1520 2.04166666666667 0.625 0
1521 2.04166666666667 0.583333333333333 0
1522 2.08333333333333 0.583333333333333 0
1523 2.16666666666667 0.583333333333333 0
1524 2.16666666666667 0.666666666666667 0
1525 2.08333333333333 0.666666666666667 0
1526 2.125 0.583333333333333 0
1527 2.16666666666667 0.625 0
1528 2.125 0.666666666666667 0
1529 2.08333333333333 0.625 0
1530 2.125 0.625 0
1531 2.25 0.791666666666667 0
1532 2.25 0.833333333333333 0
1533 2.25 0.875 0
1534 2.25 0.916666666666667 0
1535 2.25 0.958333333333333 0
1536 2.04166666666667 0.791666666666667 0
1537 2.20833333333333 0.791666666666667 0
1538 2.20833333333333 0.958333333333333 0
1539 2.04166666666667 0.958333333333333 0
1540 2.08333333333333 0.791666666666666 0
1541 2.125 0.791666666666667 0
1542 2.16666666666667 0.791666666666667 0
1543 2.20833333333333 0.833333333333333 0
1544 2.20833333333333 0.875 0
1545 2.20833333333333 0.916666666666667 0
1546 2.16666666666667 0.958333333333333 0
1547 2.125 0.958333333333333 0
1548 2.08333333333333 0.958333333333333 0
1549 2.04166666666667 0.916666666666667 0
1550 2.04166666666667 0.875 0
1551 2.04166666666667 0.833333333333333 0
1552 2.08333333333333 0.833333333333333 0
1553 2.16666666666667 0.833333333333333 0
1554 2.16666666666667 0.916666666666667 0
1555 2.08333333333333 0.916666666666667 0
1556 2.125 0.833333333333333 0
1557 2.16666666666667 0.875 0
1558 2.125 0.916666666666667 0
1559 2.08333333333333 0.875 0
1560 2.125 0.875 0
1561 2.5 0.0416666666666667 0
1562 2.5 0.0833333333333333 0
1563 2.5 0.125 0
1564 2.5 0.166666666666667 0
1565 2.5 0.208333333333333 0
1566 2.45833333333333 0.25 0
1567 2.41666666666667 0.25 0
1568 2.375 0.25 0
1569 2.33333333333333 0.25 0
1570 2.29166666666667 0.25 0
1571 2.29166666666667 0.0416666666666667 0
1572 2.45833333333333 0.0416666666666667 0
1573 2.45833333333333 0.208333333333333 0
1574 2.29166666666667 0.208333333333333 0
1575 2.33333333333333 0.0416666666666667 0
1576 2.375 0.0416666666666667 0
1577 2.41666666666667 0.0416666666666667 0
1578 2.45833333333333 0.0833333333333333 0
1579 2.45833333333333 0.125 0
1580 2.45833333333333 0.166666666666667 0
1581 2.41666666666667 0.208333333333333 0
1582 2.375 0.208333333333333 0
1583 2.33333333333333 0.208333333333333 0
1584 2.29166666666667 0.166666666666667 0
1585 2.29166666666667 0.125 0
1586 2.29166666666667 0.0833333333333333 0
1587 2.33333333333333 0.0833333333333333 0
1588 2.41666666666667 0.0833333333333333 0
1589 2.41666666666667 0.166666666666667 0
1590 2.33333333333333 0.166666666666667 0
1591 2.375 0.0833333333333333 0
1592 2.41666666666667 0.125 0
1593 2.375 0.166666666666667 0
1594 2.33333333333333 0.125 0
1595 2.375 0.125 0
1596 2.5 0.291666666666667 0
1597 2.5 0.333333333333333 0
1598 2.5 0.375 0
1599 2.5 0.416666666666667 0
1600 2.5 0.458333333333333 0
1601 2.45833333333333 0.5 0
1602 2.41666666666667 0.5 0
1603 2.375 0.5 0
1604 2.33333333333333 0.5 0
1605 2.29166666666667 0.5 0
1606 2.29166666666667 0.291666666666667 0
1607 2.45833333333333 0.291666666666667 0
1608 2.45833333333333 0.458333333333333 0
1609 2.29166666666667 0.458333333333333 0
1610 2.33333333333333 0.291666666666667 0
1611 2.375 0.291666666666667 0
1612 2.41666666666667 0.291666666666667 0
1613 2.45833333333333 0.333333333333333 0
1614 2.45833333333333 0.375 0
1615 2.45833333333333 0.416666666666667 0
1616 2.41666666666667 0.458333333333333 0
1617 2.375 0.458333333333333 0
1618 2.33333333333333 0.458333333333333 0
1619 2.29166666666667 0.416666666666667 0
1620 2.29166666666667 0.375 0
1621 2.29166666666667 0.333333333333333 0
1622 2.33333333333333 0.333333333333333 0
1623 2.41666666666667 0.333333333333333 0
1624 2.41666666666667 0.416666666666667 0
1625 2.33333333333333 0.416666666666667 0
1626 2.375 0.333333333333333 0
1627 2.41666666666667 0.375 0
1628 2.375 0.416666666666667 0
1629 2.33333333333333 0.375 0
1630 2.375 0.375 0
1631 2.5 0.541666666666667 0
1632 2.5 0.583333333333333 0
1633 2.5 0.625 0
1634 2.5 0.666666666666667 0
1635 2.5 0.708333333333333 0
1636 2.45833333333333 0.75 0
1637 2.41666666666667 0.75 0
1638 2.375 0.75 0
1639 2.33333333333333 0.75 0
1640 2.29166666666667 0.75 0
1641 2.29166666666667 0.541666666666667 0
1642 2.45833333333333 0.541666666666667 0
1643 2.45833333333333 0.708333333333333 0
1644 2.29166666666667 0.708333333333333 0
1645 2.33333333333333 0.541666666666667 0
1646 2.375 0.541666666666667 0
1647 2.41666666666667 0.541666666666667 0
1648 2.45833333333333 0.583333333333333 0
1649 2.45833333333333 0.625 0
1650 2.45833333333333 0.666666666666667 0
1651 2.41666666666667 0.708333333333333 0
1652 2.375 0.708333333333333 0
1653 2.33333333333333 0.708333333333333 0
1654 2.29166666666667 0.666666666666667 0
1655 2.29166666666667 0.625 0
1656 2.29166666666667 0.583333333333333 0
1657 2.33333333333333 0.583333333333333 0
1658 2.41666666666667 0.583333333333333 0
1659 2.41666666666667 0.666666666666667 0
1660 2.33333333333333 0.666666666666667 0
1661 2.375 0.583333333333333 0
1662 2.41666666666667 0.625 0
1663 2.375 0.666666666666667 0
1664 2.33333333333333 0.625 0
1665 2.375 0.625 0
1666 2.5 0.791666666666667 0
1667 2.5 0.833333333333333 0
1668 2.5 0.875 0
1669 2.5 0.916666666666667 0
1670 2.5 0.958333333333333 0
1671 2.29166666666667 0.791666666666667 0
1672 2.45833333333333 0.791666666666667 0
1673 2.45833333333333 0.958333333333333 0
1674 2.29166666666667 0.958333333333333 0
1675 2.33333333333333 0.791666666666666 0
1676 2.375 0.791666666666667 0
1677 2.41666666666667 0.791666666666667 0
1678 2.45833333333333 0.833333333333333 0
1679 2.45833333333333 0.875 0
1680 2.45833333333333 0.916666666666667 0
1681 2.41666666666667 0.958333333333333 0
1682 2.375 0.958333333333333 0
1683 2.33333333333333 0.958333333333333 0
1684 2.29166666666667 0.916666666666667 0
1685 2.29166666666667 0.875 0
1686 2.29166666666667 0.833333333333333 0
1687 2.33333333333333 0.833333333333333 0
1688 2.41666666666667 0.833333333333333 0
1689 2.41666666666667 0.916666666666667 0
1690 2.33333333333333 0.916666666666667 0
1691 2.375 0.833333333333333 0
1692 2.41666666666667 0.875 0
1693 2.375 0.916666666666667 0
1694 2.33333333333333 0.875 0
1695 2.375 0.875 0
1696 2.75 0.0416666666666667 0
1697 2.75 0.0833333333333333 0
1698 2.75 0.125 0
1699 2.75 0.166666666666667 0
1700 2.75 0.208333333333333 0
1701 2.70833333333333 0.25 0
1702 2.66666666666667 0.25 0
1703 2.625 0.25 0
1704 2.58333333333333 0.25 0
1705 2.54166666666667 0.25 0
1706 2.54166666666667 0.0416666666666667 0
1707 2.70833333333333 0.0416666666666667 0
1708 2.70833333333333 0.208333333333333 0
1709 2.54166666666667 0.208333333333333 0
1710 2.58333333333333 0.0416666666666667 0
1711 2.625 0.0416666666666667 0
1712 2.66666666666667 0.0416666666666667 0
1713 2.70833333333333 0.0833333333333333 0
1714 2.70833333333333 0.125 0
1715 2.70833333333333 0.166666666666667 0
1716 2.66666666666667 0.208333333333333 0
1717 2.625 0.208333333333333 0
1718 2.58333333333333 0.208333333333333 0
1719 2.54166666666667 0.166666666666667 0
1720 2.54166666666667 0.125 0
1721 2.54166666666667 0.0833333333333333 0
1722 2.58333333333333 0.0833333333333333 0
1723 2.66666666666667 0.0833333333333333 0
1724 2.66666666666667 0.166666666666667 0
1725 2.58333333333333 0.166666666666667 0
1726 2.625 0.0833333333333333 0
1727 2.66666666666667 0.125 0
1728 2.625 0.166666666666667 0
1729 2.58333333333333 0.125 0
1730 2.625 0.125 0
1731 2.75 0.291666666666667 0
1732 2.75 0.333333333333333 0
1733 2.75 0.375 0
1734 2.75 0.416666666666667 0
1735 2.75 0.458333333333333 0
1736 2.70833333333333 0.5 0
1737 2.66666666666667 0.5 0
1738 2.625 0.5 0
1739 2.58333333333333 0.5 0
1740 2.54166666666667 0.5 0
1741 2.54166666666667 0.291666666666667 0
1742 2.70833333333333 0.291666666666667 0
1743 2.70833333333333 0.458333333333333 0
1744 2.54166666666667 0.458333333333333 0
1745 2.58333333333333 0.291666666666667 0
1746 2.625 0.291666666666667 0
1747 2.66666666666667 0.291666666666667 0
1748 2.70833333333333 0.333333333333333 0
1749 2.70833333333333 0.375 0
1750 2.70833333333333 0.416666666666667 0
1751 2.66666666666667 0.458333333333333 0
1752 2.625 0.458333333333333 0
1753 2.58333333333333 0.458333333333333 0
1754 2.54166666666667 0.416666666666667 0
1755 2.54166666666667 0.375 0
1756 2.54166666666667 0.333333333333333 0
1757 2.58333333333333 0.333333333333333 0
1758 2.66666666666667 0.333333333333333 0
1759 2.66666666666667 0.416666666666667 0
1760 2.58333333333333 0.416666666666667 0
1761 2.625 0.333333333333333 0
1762 2.66666666666667 0.375 0
1763 2.625 0.416666666666667 0
1764 2.58333333333333 0.375 0
1765 2.625 0.375 0
1766 2.75 0.541666666666667 0
1767 2.75 0.583333333333333 0
1768 2.75 0.625 0
1769 2.75 0.666666666666667 0
1770 2.75 0.708333333333333 0
1771 2.70833333333333 0.75 0
1772 2.66666666666667 0.75 0
1773 2.625 0.75 0
1774 2.58333333333333 0.75 0
1775 2.54166666666667 0.75 0
1776 2.54166666666667 0.541666666666667 0
1777 2.70833333333333 0.541666666666667 0
1778 2.70833333333333 0.708333333333333 0
1779 2.54166666666667 0.708333333333333 0
1780 2.58333333333333 0.541666666666667 0
1781 2.625 0.541666666666667 0
1782 2.66666666666667 0.541666666666667 0
1783 2.70833333333333 0.583333333333333 0
1784 2.70833333333333 0.625 0
1785 2.70833333333333 0.666666666666667 0
1786 2.66666666666667 0.708333333333333 0
1787 2.625 0.708333333333333 0
1788 2.58333333333333 0.708333333333333 0
1789 2.54166666666667 0.666666666666667 0
1790 2.54166666666667 0.625 0
1791 2.54166666666667 0.583333333333333 0
1792 2.58333333333333 0.583333333333333 0
1793 2.66666666666667 0.583333333333333 0
1794 2.66666666666667 0.666666666666667 0
1795 2.58333333333333 0.666666666666667 0
1796 2.625 0.583333333333333 0
1797 2.66666666666667 0.625 0
1798 2.625 0.666666666666667 0
1799 2.58333333333333 0.625 0
1800 2.625 0.625 0
1801 2.75 0.791666666666667 0
1802 2.75 0.833333333333333 0
1803 2.75 0.875 0
1804 2.75 0.916666666666667 0
1805 2.75 0.958333333333333 0
1806 2.54166666666667 0.791666666666667 0
1807 2.70833333333333 0.791666666666667 0
1808 2.70833333333333 0.958333333333333 0
1809 2.54166666666667 0.958333333333333 0
1810 2.58333333333333 0.791666666666666 0
1811 2.625 0.791666666666667 0
1812 2.66666666666667 0.791666666666667 0
1813 2.70833333333333 0.833333333333333 0
1814 2.70833333333333 0.875 0
1815 2.70833333333333 0.916666666666667 0
1816 2.66666666666667 0.958333333333333 0
1817 2.625 0.958333333333333 0
1818 2.58333333333333 0.958333333333333 0
1819 2.54166666666667 0.916666666666667 0
1820 2.54166666666667 0.875 0
1821 2.54166666666667 0.833333333333333 0
1822 2.58333333333333 0.833333333333333 0
1823 2.66666666666667 0.833333333333333 0
1824 2.66666666666667 0.916666666666667 0
1825 2.58333333333333 0.916666666666667 0
1826 2.625 0.833333333333333 0
1827 2.66666666666667 0.875 0
1828 2.625 0.916666666666667 0
1829 2.58333333333333 0.875 0
1830 2.625 0.875 0
1831 3 0.0416666666666667 0
1832 3 0.0833333333333333 0
1833 3 0.125 0
1834 3 0.166666666666667 0
1835 3 0.208333333333333 0
1836 2.95833333333333 0.25 0
1837 2.91666666666667 0.25 0
1838 2.875 0.25 0
1839 2.83333333333333 0.25 0
1840 2.79166666666667 0.25 0
1841 2.79166666666667 0.0416666666666667 0
1842 2.95833333333333 0.0416666666666667 0
1843 2.95833333333333 0.208333333333333 0
1844 2.79166666666667 0.208333333333333 0
1845 2.83333333333333 0.0416666666666667 0
1846 2.875 0.0416666666666667 0
1847 2.91666666666667 0.0416666666666667 0
1848 2.95833333333333 0.0833333333333333 0
1849 2.95833333333333 0.125 0
1850 2.95833333333333 0.166666666666667 0
1851 2.91666666666667 0.208333333333333 0
1852 2.875 0.208333333333333 0
1853 2.83333333333333 0.208333333333333 0
1854 2.79166666666667 0.166666666666667 0
1855 2.79166666666667 0.125 0
1856 2.79166666666667 0.0833333333333333 0
1857 2.83333333333333 0.0833333333333333 0
1858 2.91666666666667 0.0833333333333333 0
1859 2.91666666666667 0.166666666666667 0
1860 2.83333333333333 0.166666666666667 0
1861 2.875 0.0833333333333333 0
1862 2.91666666666667 0.125 0
1863 2.875 0.166666666666667 0
1864 2.83333333333333 0.125 0
1865 2.875 0.125 0
1866 3 0.291666666666667 0
1867 3 0.333333333333333 0
1868 3 0.375 0
1869 3 0.416666666666667 0
1870 3 0.458333333333333 0
1871 2.95833333333333 0.5 0
1872 2.91666666666667 0.5 0
1873 2.875 0.5 0
1874 2.83333333333333 0.5 0
1875 2.79166666666667 0.5 0
1876 2.79166666666667 0.291666666666667 0
1877 2.95833333333333 0.291666666666667 0
1878 2.95833333333333 0.458333333333333 0
1879 2.79166666666667 0.458333333333333 0
1880 2.83333333333333 0.291666666666667 0
1881 2.875 0.291666666666667 0
1882 2.91666666666667 0.291666666666667 0
1883 2.95833333333333 0.333333333333333 0
1884 2.95833333333333 0.375 0
1885 2.95833333333333 0.416666666666667 0
1886 2.91666666666667 0.458333333333333 0
1887 2.875 0.458333333333333 0
1888 2.83333333333333 0.458333333333333 0
1889 2.79166666666667 0.416666666666667 0
1890 2.79166666666667 0.375 0
1891 2.79166666666667 0.333333333333333 0
1892 2.83333333333333 0.333333333333333 0
1893 2.91666666666667 0.333333333333333 0
1894 2.91666666666667 0.416666666666667 0
1895 2.83333333333333 0.416666666666667 0
1896 2.875 0.333333333333333 0
1897 2.91666666666667 0.375 0
1898 2.875 0.416666666666667 0
1899 2.83333333333333 0.375 0
1900 2.875 0.375 0
1901 3 0.541666666666667 0
1902 3 0.583333333333333 0
1903 3 0.625 0
1904 3 0.666666666666667 0
1905 3 0.708333333333333 0
1906 2.95833333333333 0.75 0
1907 2.91666666666667 0.75 0
1908 2.875 0.75 0
1909 2.83333333333333 0.75 0
1910 2.79166666666667 0.75 0
1911 2.79166666666667 0.541666666666667 0
1912 2.95833333333333 0.541666666666667 0
1913 2.95833333333333 0.708333333333333 0
1914 2.79166666666667 0.708333333333333 0
1915 2.83333333333333 0.541666666666667 0
1916 2.875 0.541666666666667 0
1917 2.91666666666667 0.541666666666667 0
1918 2.95833333333333 0.583333333333333 0
1919 2.95833333333333 0.625 0
1920 2.95833333333333 0.666666666666667 0
1921 2.91666666666667 0.708333333333333 0
1922 2.875 0.708333333333333 0
1923 2.83333333333333 0.708333333333333 0
1924 2.79166666666667 0.666666666666667 0
1925 2.79166666666667 0.625 0
1926 2.79166666666667 0.583333333333333 0
1927 2.83333333333333 0.583333333333333 0
1928 2.91666666666667 0.583333333333333 0
1929 2.91666666666667 0.666666666666667 0
1930 2.83333333333333 0.666666666666667 0
1931 2.875 0.583333333333333 0
1932 2.91666666666667 0.625 0
1933 2.875 0.666666666666667 0
1934 2.83333333333333 0.625 0
1935 2.875 0.625 0
1936 3 0.791666666666667 0
1937 3 0.833333333333333 0
1938 3 0.875 0
1939 3 0.916666666666667 0
1940 3 0.958333333333333 0
1941 2.79166666666667 0.791666666666667 0
1942 2.95833333333333 0.791666666666667 0
1943 2.95833333333333 0.958333333333333 0
1944 2.79166666666667 0.958333333333333 0
1945 2.83333333333333 0.791666666666666 0
1946 2.875 0.791666666666667 0
1947 2.91666666666667 0.791666666666667 0
1948 2.95833333333333 0.833333333333333 0
1949 2.95833333333333 0.875 0
1950 2.95833333333333 0.916666666666667 0
1951 2.91666666666667 0.958333333333333 0
1952 2.875 0.958333333333333 0
1953 2.83333333333333 0.958333333333333 0
1954 2.79166666666667 0.916666666666667 0
1955 2.79166666666667 0.875 0
1956 2.79166666666667 0.833333333333333 0
1957 2.83333333333333 0.833333333333333 0
1958 2.91666666666667 0.833333333333333 0
1959 2.91666666666667 0.916666666666667 0
1960 2.83333333333333 0.916666666666667 0
1961 2.875 0.833333333333333 0
1962 2.91666666666667 0.875 0
1963 2.875 0.916666666666667 0
1964 2.83333333333333 0.875 0
1965 2.875 0.875 0
1966 3.25 0.0416666666666667 0
1967 3.25 0.0833333333333333 0
1968 3.25 0.125 0
1969 3.25 0.166666666666667 0
1970 3.25 0.208333333333333 0
1971 3.20833333333333 0.25 0
1972 3.16666666666667 0.25 0
1973 3.125 0.25 0
1974 3.08333333333333 0.25 0
1975 3.04166666666667 0.25 0
1976 3.04166666666667 0.0416666666666667 0
1977 3.20833333333333 0.0416666666666667 0
1978 3.20833333333333 0.208333333333333 0
1979 3.04166666666667 0.208333333333333 0
1980 3.08333333333333 0.0416666666666667 0
1981 3.125 0.0416666666666667 0
1982 3.16666666666667 0.0416666666666667 0
1983 3.20833333333333 0.0833333333333333 0
1984 3.20833333333333 0.125 0
1985 3.20833333333333 0.166666666666667 0
1986 3.16666666666667 0.208333333333333 0
1987 3.125 0.208333333333333 0
1988 3.08333333333333 0.208333333333333 0
1989 3.04166666666667 0.166666666666667 0
1990 3.04166666666667 0.125 0
1991 3.04166666666667 0.0833333333333333 0
1992 3.08333333333333 0.0833333333333333 0
1993 3.16666666666667 0.0833333333333333 0
1994 3.16666666666667 0.166666666666667 0
1995 3.08333333333333 0.166666666666667 0
1996 3.125 0.0833333333333333 0
1997 3.16666666666667 0.125 0
1998 3.125 0.166666666666667 0
1999 3.08333333333333 0.125 0
2000 3.125 0.125 0
2001 3.25 0.291666666666667 0
2002 3.25 0.333333333333333 0
2003 3.25 0.375 0
2004 3.25 0.416666666666667 0
2005 3.25 0.458333333333333 0
2006 3.20833333333333 0.5 0
2007 3.16666666666667 0.5 0
2008 3.125 0.5 0
2009 3.08333333333333 0.5 0
2010 3.04166666666667 0.5 0
2011 3.04166666666667 0.291666666666667 0
2012 3.20833333333333 0.291666666666667 0
2013 3.20833333333333 0.458333333333333 0
2014 3.04166666666667 0.458333333333333 0
2015 3.08333333333333 0.291666666666667 0
2016 3.125 0.291666666666667 0
2017 3.16666666666667 0.291666666666667 0
2018 3.20833333333333 0.333333333333333 0
2019 3.20833333333333 0.375 0
2020 3.20833333333333 0.416666666666667 0
2021 3.16666666666667 0.458333333333333 0
2022 3.125 0.458333333333333 0
2023 3.08333333333333 0.458333333333333 0
2024 3.04166666666667 0.416666666666667 0
2025 3.04166666666667 0.375 0
2026 3.04166666666667 0.333333333333333 0
2027 3.08333333333333 0.333333333333333 0
2028 3.16666666666667 0.333333333333333 0
2029 3.16666666666667 0.416666666666667 0
2030 3.08333333333333 0.416666666666667 0
2031 3.125 0.333333333333333 0
2032 3.16666666666667 0.375 0
2033 3.125 0.416666666666667 0
2034 3.08333333333333 0.375 0
2035 3.125 0.375 0
2036 3.25 0.541666666666667 0
2037 3.25 0.583333333333333 0
2038 3.25 0.625 0
2039 3.25 0.666666666666667 0
2040 3.25 0.708333333333333 0
2041 3.20833333333333 0.75 0
2042 3.16666666666667 0.75 0
2043 3.125 0.75 0
2044 3.08333333333333 0.75 0
2045 3.04166666666667 0.75 0
2046 3.04166666666667 0.541666666666667 0
2047 3.20833333333333 0.541666666666667 0
2048 3.20833333333333 0.708333333333333 0
2049 3.04166666666667 0.708333333333333 0
2050 3.08333333333333 0.541666666666667 0
2051 3.125 0.541666666666667 0
2052 3.16666666666667 0.541666666666667 0
2053 3.20833333333333 0.583333333333333 0
2054 3.20833333333333 0.625 0
2055 3.20833333333333 0.666666666666667 0
2056 3.16666666666667 0.708333333333333 0
2057 3.125 0.708333333333333 0
2058 3.08333333333333 0.708333333333333 0
2059 3.04166666666667 0.666666666666667 0
2060 3.04166666666667 0.625 0
2061 3.04166666666667 0.583333333333333 0
2062 3.08333333333333 0.583333333333333 0
2063 3.16666666666667 0.583333333333333 0
2064 3.16666666666667 0.666666666666667 0
2065 3.08333333333333 0.666666666666667 0
2066 3.125 0.583333333333333 0
2067 3.16666666666667 0.625 0
2068 3.125 0.666666666666667 0
2069 3.08333333333333 0.625 0
2070 3.125 0.625 0
2071 3.25 0.791666666666667 0
2072 3.25 0.833333333333333 0
2073 3.25 0.875 0
2074 3.25 0.916666666666667 0
2075 3.25 0.958333333333333 0
2076 3.04166666666667 0.791666666666667 0
2077 3.20833333333333 0.791666666666667 0
2078 3.20833333333333 0.958333333333333 0
2079 3.04166666666667 0.958333333333333 0
2080 3.08333333333333 0.791666666666666 0
2081 3.125 0.791666666666667 0
2082 3.16666666666667 0.791666666666667 0
2083 3.20833333333333 0.833333333333333 0
2084 3.20833333333333 0.875 0
2085 3.20833333333333 0.916666666666667 0
2086 3.16666666666667 0.958333333333333 0
2087 3.125 0.958333333333333 0
2088 3.08333333333333 0.958333333333333 0
2089 3.04166666666667 0.916666666666667 0
2090 3.04166666666667 0.875 0
2091 3.04166666666667 0.833333333333333 0
2092 3.08333333333333 0.833333333333333 0
2093 3.16666666666667 0.833333333333333 0
2094 3.16666666666667 0.916666666666667 0
2095 3.08333333333333 0.916666666666667 0
2096 3.125 0.833333333333333 0
2097 3.16666666666667 0.875 0
2098 3.125 0.916666666666667 0
2099 3.08333333333333 0.875 0
2100 3.125 0.875 0
2101 3.5 0.0416666666666667 0
2102 3.5 0.0833333333333333 0
2103 3.5 0.125 0
2104 3.5 0.166666666666667 0
2105 3.5 0.208333333333333 0
2106 3.45833333333333 0.25 0
2107 3.41666666666667 0.25 0
2108 3.375 0.25 0
2109 3.33333333333333 0.25 0
2110 3.29166666666667 0.25 0
2111 3.29166666666667 0.0416666666666667 0
2112 3.45833333333333 0.0416666666666667 0
2113 3.45833333333333 0.208333333333333 0
2114 3.29166666666667 0.208333333333333 0
2115 3.33333333333333 0.0416666666666667 0
2116 3.375 0.0416666666666667 0
2117 3.41666666666667 0.0416666666666667 0
2118 3.45833333333333 0.0833333333333333 0
2119 3.45833333333333 0.125 0
2120 3.45833333333333 0.166666666666667 0
2121 3.41666666666667 0.208333333333333 0
2122 3.375 0.208333333333333 0
2123 3.33333333333333 0.208333333333333 0
2124 3.29166666666667 0.166666666666667 0
2125 3.29166666666667 0.125 0
2126 3.29166666666667 0.0833333333333333 0
2127 3.33333333333333 0.0833333333333333 0
2128 3.41666666666667 0.0833333333333333 0
2129 3.41666666666667 0.166666666666667 0
2130 3.33333333333333 0.166666666666667 0
2131 3.375 0.0833333333333333 0
2132 3.41666666666667 0.125 0
2133 3.375 0.166666666666667 0
2134 3.33333333333333 0.125 0
2135 3.375 0.125 0
2136 3.5 0.291666666666667 0
2137 3.5 0.333333333333333 0
2138 3.5 0.375 0
2139 3.5 0.416666666666667 0
2140 3.5 0.458333333333333 0
2141 3.45833333333333 0.5 0
2142 3.41666666666667 0.5 0
2143 3.375 0.5 0
2144 3.33333333333333 0.5 0
2145 3.29166666666667 0.5 0
2146 3.29166666666667 0.291666666666667 0
2147 3.45833333333333 0.291666666666667 0
2148 3.45833333333333 0.458333333333333 0
2149 3.29166666666667 0.458333333333333 0
2150 3.33333333333333 0.291666666666667 0
2151 3.375 0.291666666666667 0
2152 3.41666666666667 0.291666666666667 0
2153 3.45833333333333 0.333333333333333 0
2154 3.45833333333333 0.375 0
2155 3.45833333333333 0.416666666666667 0
2156 3.41666666666667 0.458333333333333 0
2157 3.375 0.458333333333333 0
2158 3.33333333333333 0.458333333333333 0
2159 3.29166666666667 0.416666666666667 0
2160 3.29166666666667 0.375 0
2161 3.29166666666667 0.333333333333333 0
2162 3.33333333333333 0.333333333333333 0
2163 3.41666666666667 0.333333333333333 0
2164 3.41666666666667 0.416666666666667 0
2165 3.33333333333333 0.416666666666667 0
2166 3.375 0.333333333333333 0
2167 3.41666666666667 0.375 0
2168 3.375 0.416666666666667 0
2169 3.33333333333333 0.375 0
2170 3.375 0.375 0
2171 3.5 0.541666666666667 0
2172 3.5 0.583333333333333 0
2173 3.5 0.625 0
2174 3.5 0.666666666666667 0
2175 3.5 0.708333333333333 0
2176 3.45833333333333 0.75 0
2177 3.41666666666667 0.75 0
2178 3.375 0.75 0
2179 3.33333333333333 0.75 0
2180 3.29166666666667 0.75 0
2181 3.29166666666667 0.541666666666667 0
2182 3.45833333333333 0.541666666666667 0
2183 3.45833333333333 0.708333333333333 0
2184 3.29166666666667 0.708333333333333 0
2185 3.33333333333333 0.541666666666667 0
2186 3.375 0.541666666666667 0
2187 3.41666666666667 0.541666666666667 0
2188 3.45833333333333 0.583333333333333 0
2189 3.45833333333333 0.625 0
2190 3.45833333333333 0.666666666666667 0
2191 3.41666666666667 0.708333333333333 0
2192 3.375 0.708333333333333 0
2193 3.33333333333333 0.708333333333333 0
2194 3.29166666666667 0.666666666666667 0
2195 3.29166666666667 0.625 0
2196 3.29166666666667 0.583333333333333 0
2197 3.33333333333333 0.583333333333333 0
2198 3.41666666666667 0.583333333333333 0
2199 3.41666666666667 0.666666666666667 0
2200 3.33333333333333 0.666666666666667 0
2201 3.375 0.583333333333333 0
2202 3.41666666666667 0.625 0
2203 3.375 0.666666666666667 0
2204 3.33333333333333 0.625 0
2205 3.375 0.625 0
2206 3.5 0.791666666666667 0
2207 3.5 0.833333333333333 0
2208 3.5 0.875 0
2209 3.5 0.916666666666667 0
2210 3.5 0.958333333333333 0
2211 3.29166666666667 0.791666666666667 0
2212 3.45833333333333 0.791666666666667 0
2213 3.45833333333333 0.958333333333333 0
2214 3.29166666666667 0.958333333333333 0
2215 3.33333333333333 0.791666666666666 0
2216 3.375 0.791666666666667 0
2217 3.41666666666667 0.791666666666667 0
2218 3.45833333333333 0.833333333333333 0
2219 3.45833333333333 0.875 0
2220 3.45833333333333 0.916666666666667 0
2221 3.41666666666667 0.958333333333333 0
2222 3.375 0.958333333333333 0
2223 3.33333333333333 0.958333333333333 0
2224 3.29166666666667 0.916666666666667 0
2225 3.29166666666667 0.875 0
2226 3.29166666666667 0.833333333333333 0
2227 3.33333333333333 0.833333333333333 0
2228 3.41666666666667 0.833333333333333 0
2229 3.41666666666667 0.916666666666667 0
2230 3.33333333333333 0.916666666666667 0
2231 3.375 0.833333333333333 0
2232 3.41666666666667 0.875 0
2233 3.375 0.916666666666667 0
2234 3.33333333333333 0.875 0
2235 3.375 0.875 0
2236 3.75 0.0416666666666667 0
2237 3.75 0.0833333333333333 0
2238 3.75 0.125 0
2239 3.75 0.166666666666667 0
2240 3.75 0.208333333333333 0
2241 3.70833333333333 0.25 0
2242 3.66666666666667 0.25 0
2243 3.625 0.25 0
2244 3.58333333333333 0.25 0
2245 3.54166666666667 0.25 0
2246 3.54166666666667 0.0416666666666667 0
2247 3.70833333333333 0.0416666666666667 0
2248 3.70833333333333 0.208333333333333 0
2249 3.54166666666667 0.208333333333333 0
2250 3.58333333333333 0.0416666666666667 0
2251 3.625 0.0416666666666667 0
2252 3.66666666666667 0.0416666666666667 0
2253 3.70833333333333 0.0833333333333333 0
2254 3.70833333333333 0.125 0
2255 3.70833333333333 0.166666666666667 0
2256 3.66666666666667 0.208333333333333 0
2257 3.625 0.208333333333333 0
2258 3.58333333333333 0.208333333333333 0
2259 3.54166666666667 0.166666666666667 0
2260 3.54166666666667 0.125 0
2261 3.54166666666667 0.0833333333333333 0
2262 3.58333333333333 0.0833333333333333 0
2263 3.66666666666667 0.0833333333333333 0
2264 3.66666666666667 0.166666666666667 0
2265 3.58333333333333 0.166666666666667 0
2266 3.625 0.0833333333333333 0
2267 3.66666666666667 0.125 0
2268 3.625 0.166666666666667 0
2269 3.58333333333333 0.125 0
2270 3.625 0.125 0
2271 3.75 0.291666666666667 0
2272 3.75 0.333333333333333 0
2273 3.75 0.375 0
2274 3.75 0.416666666666667 0
2275 3.75 0.458333333333333 0
2276 3.70833333333333 0.5 0
2277 3.66666666666667 0.5 0
2278 3.625 0.5 0
2279 3.58333333333333 0.5 0
2280 3.54166666666667 0.5 0
2281 3.54166666666667 0.291666666666667 0
2282 3.70833333333333 0.291666666666667 0
2283 3.70833333333333 0.458333333333333 0
2284 3.54166666666667 0.458333333333333 0
2285 3.58333333333333 0.291666666666667 0
2286 3.625 0.291666666666667 0
2287 3.66666666666667 0.291666666666667 0
2288 3.70833333333333 0.333333333333333 0
2289 3.70833333333333 0.375 0
2290 3.70833333333333 0.416666666666667 0
2291 3.66666666666667 0.458333333333333 0
2292 3.625 0.458333333333333 0
2293 3.58333333333333 0.458333333333333 0
2294 3.54166666666667 0.416666666666667 0
2295 3.54166666666667 0.375 0
2296 3.54166666666667 0.333333333333333 0
2297 3.58333333333333 0.333333333333333 0
2298 3.66666666666667 0.333333333333333 0
2299 3.66666666666667 0.416666666666667 0
2300 3.58333333333333 0.416666666666667 0
2301 3.625 0.333333333333333 0
2302 3.66666666666667 0.375 0
2303 3.625 0.416666666666667 0
2304 3.58333333333333 0.375 0
2305 3.625 0.375 0
2306 3.75 0.541666666666667 0
2307 3.75 0.583333333333333 0
2308 3.75 0.625 0
2309 3.75 0.666666666666667 0
2310 3.75 0.708333333333333 0
2311 3.70833333333333 0.75 0
2312 3.66666666666667 0.75 0
2313 3.625 0.75 0
2314 3.58333333333333 0.75 0
2315 3.54166666666667 0.75 0
2316 3.54166666666667 0.541666666666667 0
2317 3.70833333333333 0.541666666666667 0
2318 3.70833333333333 0.708333333333333 0
2319 3.54166666666667 0.708333333333333 0
2320 3.58333333333333 0.541666666666667 0
2321 3.625 0.541666666666667 0
2322 3.66666666666667 0.541666666666667 0
2323 3.70833333333333 0.583333333333333 0
2324 3.70833333333333 0.625 0
2325 3.70833333333333 0.666666666666667 0
2326 3.66666666666667 0.708333333333333 0
2327 3.625 0.708333333333333 0
2328 3.58333333333333 0.708333333333333 0
2329 3.54166666666667 0.666666666666667 0
2330 3.54166666666667 0.625 0
2331 3.54166666666667 0.583333333333333 0
2332 3.58333333333333 0.583333333333333 0
2333 3.66666666666667 0.583333333333333 0
2334 3.66666666666667 0.666666666666667 0
2335 3.58333333333333 0.666666666666667 0
2336 3.625 0.583333333333333 0
2337 3.66666666666667 0.625 0
2338 3.625 0.666666666666667 0
2339 3.58333333333333 0.625 0
2340 3.625 0.625 0
2341 3.75 0.791666666666667 0
2342 3.75 0.833333333333333 0
2343 3.75 0.875 0
2344 3.75 0.916666666666667 0
2345 3.75 0.958333333333333 0
2346 3.54166666666667 0.791666666666667 0
2347 3.70833333333333 0.791666666666667 0
2348 3.70833333333333 0.958333333333333 0
2349 3.54166666666667 0.958333333333333 0
2350 3.58333333333333 0.791666666666666 0
2351 3.625 0.791666666666667 0
2352 3.66666666666667 0.791666666666667 0
2353 3.70833333333333 0.833333333333333 0
2354 3.70833333333333 0.875 0
2355 3.70833333333333 0.916666666666667 0
2356 3.66666666666667 0.958333333333333 0
2357 3.625 0.958333333333333 0
2358 3.58333333333333 0.958333333333333 0
2359 3.54166666666667 0.916666666666667 0
2360 3.54166666666667 0.875 0
2361 3.54166666666667 0.833333333333333 0
2362 3.58333333333333 0.833333333333333 0
2363 3.66666666666667 0.833333333333333 0
2364 3.66666666666667 0.916666666666667 0
2365 3.58333333333333 0.916666666666667 0
2366 3.625 0.833333333333333 0
2367 3.66666666666667 0.875 0
2368 3.625 0.916666666666667 0
2369 3.58333333333333 0.875 0
2370 3.625 0.875 0
2371 4 0.0416666666666667 0
2372 4 0.0833333333333333 0
2373 4 0.125 0
2374 4 0.166666666666667 0
2375 4 0.208333333333333 0
2376 3.95833333333333 0.25 0
2377 3.91666666666667 0.25 0
2378 3.875 0.25 0
2379 3.83333333333333 0.25 0
2380 3.79166666666667 0.25 0
2381 3.79166666666667 0.0416666666666667 0
2382 3.95833333333333 0.0416666666666667 0
2383 3.95833333333333 0.208333333333333 0
2384 3.79166666666667 0.208333333333333 0
2385 3.83333333333333 0.0416666666666667 0
2386 3.875 0.0416666666666667 0
2387 3.91666666666667 0.0416666666666667 0
2388 3.95833333333333 0.0833333333333333 0
2389 3.95833333333333 0.125 0
2390 3.95833333333333 0.166666666666667 0
2391 3.91666666666667 0.208333333333333 0
2392 3.875 0.208333333333333 0
2393 3.83333333333333 0.208333333333333 0
2394 3.79166666666667 0.166666666666667 0
2395 3.79166666666667 0.125 0
2396 3.79166666666667 0.0833333333333333 0
2397 3.83333333333333 0.0833333333333333 0
2398 3.91666666666667 0.0833333333333333 0
2399 3.91666666666667 0.166666666666667 0
2400 3.83333333333333 0.166666666666667 0
2401 3.875 0.0833333333333333 0
2402 3.91666666666667 0.125 0
2403 3.875 0.166666666666667 0
2404 3.83333333333333 0.125 0
2405 3.875 0.125 0
2406 4 0.291666666666667 0
2407 4 0.333333333333333 0
2408 4 0.375 0
2409 4 0.416666666666667 0
2410 4 0.458333333333333 0
2411 3.95833333333333 0.5 0
2412 3.91666666666667 0.5 0
2413 3.875 0.5 0
2414 3.83333333333333 0.5 0
2415 3.79166666666667 0.5 0
2416 3.79166666666667 0.291666666666667 0
2417 3.95833333333333 0.291666666666667 0
2418 3.95833333333333 0.458333333333333 0
2419 3.79166666666667 0.458333333333333 0
2420 3.83333333333333 0.291666666666667 0
2421 3.875 0.291666666666667 0
2422 3.91666666666667 0.291666666666667 0
2423 3.95833333333333 0.333333333333333 0
2424 3.95833333333333 0.375 0
2425 3.95833333333333 0.416666666666667 0
2426 3.91666666666667 0.458333333333333 0
2427 3.875 0.458333333333333 0
2428 3.83333333333333 0.458333333333333 0
2429 3.79166666666667 0.416666666666667 0
2430 3.79166666666667 0.375 0
2431 3.79166666666667 0.333333333333333 0
2432 3.83333333333333 0.333333333333333 0
2433 3.91666666666667 0.333333333333333 0
2434 3.91666666666667 0.416666666666667 0
2435 3.83333333333333 0.416666666666667 0
2436 3.875 0.333333333333333 0
2437 3.91666666666667 0.375 0
2438 3.875 0.416666666666667 0
2439 3.83333333333333 0.375 0
2440 3.875 0.375 0
2441 4 0.541666666666667 0
2442 4 0.583333333333333 0
2443 4 0.625 0
2444 4 0.666666666666667 0
2445 4 0.708333333333333 0
2446 3.95833333333333 0.75 0
2447 3.91666666666667 0.75 0
2448 3.875 0.75 0
2449 3.83333333333333 0.75 0
2450 3.79166666666667 0.75 0
2451 3.79166666666667 0.541666666666667 0
2452 3.95833333333333 0.541666666666667 0
2453 3.95833333333333 0.708333333333333 0
2454 3.79166666666667 0.708333333333333 0
2455 3.83333333333333 0.541666666666667 0
2456 3.875 0.541666666666667 0
2457 3.91666666666667 0.541666666666667 0
2458 3.95833333333333 0.583333333333333 0
2459 3.95833333333333 0.625 0
2460 3.95833333333333 0.666666666666667 0
2461 3.91666666666667 0.708333333333333 0
2462 3.875 0.708333333333333 0
2463 3.83333333333333 0.708333333333333 0
2464 3.79166666666667 0.666666666666667 0
2465 3.79166666666667 0.625 0
2466 3.79166666666667 0.583333333333333 0
2467 3.83333333333333 0.583333333333333 0
2468 3.91666666666667 0.583333333333333 0
2469 3.91666666666667 0.666666666666667 0
2470 3.83333333333333 0.666666666666667 0
2471 3.875 0.583333333333333 0
2472 3.91666666666667 0.625 0
2473 3.875 0.666666666666667 0
2474 3.83333333333333 0.625 0
2475 3.875 0.625 0
2476 4 0.791666666666667 0
2477 4 0.833333333333333 0
2478 4 0.875 0
2479 4 0.916666666666667 0
2480 4 0.958333333333333 0
2481 3.79166666666667 0.791666666666667 0
2482 3.95833333333333 0.791666666666667 0
2483 3.95833333333333 0.958333333333333 0
2484 3.79166666666667 0.958333333333333 0
2485 3.83333333333333 0.791666666666666 0
2486 3.875 0.791666666666667 0
2487 3.91666666666667 0.791666666666667 0
2488 3.95833333333333 0.833333333333333 0
2489 3.95833333333333 0.875 0
2490 3.95833333333333 0.916666666666667 0
2491 3.91666666666667 0.958333333333333 0
2492 3.875 0.958333333333333 0
2493 3.83333333333333 0.958333333333333 0
2494 3.79166666666667 0.916666666666667 0
2495 3.79166666666667 0.875 0
2496 3.79166666666667 0.833333333333333 0
2497 3.83333333333333 0.833333333333333 0
2498 3.91666666666667 0.833333333333333 0
2499 3.91666666666667 0.916666666666667 0
2500 3.83333333333333 0.916666666666667 0
2501 3.875 0.833333333333333 0
2502 3.91666666666667 0.875 0
2503 3.875 0.916666666666667 0
2504 3.83333333333333 0.875 0
2505 3.875 0.875 0
2506 4.25 0.0416666666666667 0
2507 4.25 0.0833333333333333 0
2508 4.25 0.125 0
2509 4.25 0.166666666666667 0
2510 4.25 0.208333333333333 0
2511 4.20833333333333 0.25 0
2512 4.16666666666667 0.25 0
2513 4.125 0.25 0
2514 4.08333333333333 0.25 0
2515 4.04166666666667 0.25 0
2516 4.04166666666667 0.0416666666666667 0
2517 4.20833333333334 0.0416666666666667 0
2518 4.20833333333333 0.208333333333333 0
2519 4.04166666666667 0.208333333333333 0
2520 4.08333333333333 0.0416666666666667 0
2521 4.125 0.0416666666666667 0
2522 4.16666666666667 0.0416666666666667 0
2523 4.20833333333333 0.0833333333333333 0
2524 4.20833333333333 0.125 0
2525 4.20833333333333 0.166666666666667 0
2526 4.16666666666667 0.208333333333333 0
2527 4.125 0.208333333333333 0
2528 4.08333333333333 0.208333333333333 0
2529 4.04166666666667 0.166666666666667 0
2530 4.04166666666667 0.125 0
2531 4.04166666666667 0.0833333333333333 0
2532 4.08333333333333 0.0833333333333333 0
2533 4.16666666666667 0.0833333333333333 0
2534 4.16666666666667 0.166666666666667 0
2535 4.08333333333333 0.166666666666667 0
2536 4.125 0.0833333333333333 0
2537 4.16666666666667 0.125 0
2538 4.125 0.166666666666667 0
2539 4.08333333333333 0.125 0
2540 4.125 0.125 0
2541 4.25 0.291666666666667 0
2542 4.25 0.333333333333333 0
2543 4.25 0.375 0
2544 4.25 0.416666666666667 0
2545 4.25 0.458333333333333 0
2546 4.20833333333333 0.5 0
2547 4.16666666666667 0.5 0
2548 4.125 0.5 0
2549 4.08333333333333 0.5 0
2550 4.04166666666667 0.5 0
2551 4.04166666666667 0.291666666666667 0
2552 4.20833333333333 0.291666666666667 0
2553 4.20833333333333 0.458333333333333 0
2554 4.04166666666667 0.458333333333333 0
2555 4.08333333333333 0.291666666666667 0
2556 4.125 0.291666666666667 0
2557 4.16666666666667 0.291666666666667 0
2558 4.20833333333333 0.333333333333333 0
2559 4.20833333333333 0.375 0
2560 4.20833333333333 0.416666666666667 0
2561 4.16666666666667 0.458333333333333 0
2562 4.125 0.458333333333333 0
2563 4.08333333333333 0.458333333333333 0
2564 4.04166666666667 0.416666666666667 0
2565 4.04166666666667 0.375 0
2566 4.04166666666667 0.333333333333333 0
2567 4.08333333333333 0.333333333333333 0
2568 4.16666666666667 0.333333333333333 0
2569 4.16666666666667 0.416666666666667 0
2570 4.08333333333333 0.416666666666667 0
2571 4.125 0.333333333333333 0
2572 4.16666666666667 0.375 0
2573 4.125 0.416666666666667 0
2574 4.08333333333333 0.375 0
2575 4.125 0.375 0
2576 4.25 0.541666666666667 0
2577 4.25 0.583333333333333 0
2578 4.25 0.625 0
2579 4.25 0.666666666666667 0
2580 4.25 0.708333333333333 0
2581 4.20833333333333 0.75 0
2582 4.16666666666667 0.75 0
2583 4.125 0.75 0
2584 4.08333333333333 0.75 0
2585 4.04166666666667 0.75 0
2586 4.04166666666667 0.541666666666667 0
2587 4.20833333333333 0.541666666666667 0
2588 4.20833333333333 0.708333333333333 0
2589 4.04166666666667 0.708333333333333 0
2590 4.08333333333333 0.541666666666667 0
2591 4.125 0.541666666666667 0
2592 4.16666666666667 0.541666666666667 0
2593 4.20833333333333 0.583333333333333 0
2594 4.20833333333333 0.625 0
2595 4.20833333333333 0.666666666666667 0
2596 4.16666666666667 0.708333333333333 0
2597 4.125 0.708333333333333 0
2598 4.08333333333333 0.708333333333333 0
2599 4.04166666666667 0.666666666666667 0
2600 4.04166666666667 0.625 0
2601 4.04166666666667 0.583333333333333 0
2602 4.08333333333333 0.583333333333333 0
2603 4.16666666666667 0.583333333333333 0
2604 4.16666666666667 0.666666666666667 0
2605 4.08333333333333 0.666666666666667 0
2606 4.125 0.583333333333333 0
2607 4.16666666666667 0.625 0
2608 4.125 0.666666666666667 0
2609 4.08333333333333 0.625 0
2610 4.125 0.625 0
2611 4.25 0.791666666666667 0
2612 4.25 0.833333333333333 0
2613 4.25 0.875 0
2614 4.25 0.916666666666667 0
2615 4.25 0.958333333333333 0
2616 4.04166666666667 0.791666666666667 0
2617 4.20833333333333 0.791666666666667 0
2618 4.20833333333333 0.958333333333333 0
2619 4.04166666666667 0.958333333333333 0
2620 4.08333333333333 0.791666666666666 0
2621 4.125 0.791666666666667 0
2622 4.16666666666667 0.791666666666667 0
2623 4.20833333333333 0.833333333333333 0
2624 4.20833333333333 0.875 0
2625 4.20833333333333 0.916666666666667 0
2626 4.16666666666667 0.958333333333333 0
2627 4.125 0.958333333333333 0
2628 4.08333333333333 0.958333333333333 0
2629 4.04166666666667 0.916666666666667 0
2630 4.04166666666667 0.875 0
2631 4.04166666666667 0.833333333333333 0
2632 4.08333333333333 0.833333333333333 0
2633 4.16666666666667 0.833333333333333 0
2634 4.16666666666667 0.916666666666667 0
2635 4.08333333333333 0.916666666666667 0
2636 4.125 0.833333333333333 0
2637 4.16666666666667 0.875 0
2638 4.125 0.916666666666667 0
2639 4.08333333333333 0.875 0
2640 4.125 0.875 0
2641 4.5 0.0416666666666667 0
2642 4.5 0.0833333333333333 0
2643 4.5 0.125 0
2644 4.5 0.166666666666667 0
2645 4.5 0.208333333333333 0
2646 4.45833333333333 0.25 0
2647 4.41666666666667 0.25 0
2648 4.375 0.25 0
2649 4.33333333333333 0.25 0
2650 4.29166666666667 0.25 0
2651 4.29166666666667 0.0416666666666667 0
2652 4.45833333333333 0.0416666666666667 0
2653 4.45833333333333 0.208333333333333 0
2654 4.29166666666667 0.208333333333333 0
2655 4.33333333333333 0.0416666666666667 0
2656 4.375 0.0416666666666667 0
2657 4.41666666666667 0.0416666666666667 0
2658 4.45833333333333 0.0833333333333333 0
2659 4.45833333333333 0.125 0
2660 4.45833333333333 0.166666666666667 0
2661 4.41666666666667 0.208333333333333 0
2662 4.375 0.208333333333333 0
2663 4.33333333333333 0.208333333333333 0
2664 4.29166666666667 0.166666666666667 0
2665 4.29166666666667 0.125 0
2666 4.29166666666667 0.0833333333333333 0
2667 4.33333333333333 0.0833333333333333 0
2668 4.41666666666667 0.0833333333333333 0
2669 4.41666666666667 0.166666666666667 0
2670 4.33333333333333 0.166666666666667 0
2671 4.375 0.0833333333333333 0
2672 4.41666666666667 0.125 0
2673 4.375 0.166666666666667 0
2674 4.33333333333333 0.125 0
2675 4.375 0.125 0
2676 4.5 0.291666666666667 0
2677 4.5 0.333333333333333 0
2678 4.5 0.375 0
2679 4.5 0.416666666666667 0
2680 4.5 0.458333333333333 0
2681 4.45833333333333 0.5 0
2682 4.41666666666667 0.5 0
2683 4.375 0.5 0
2684 4.33333333333333 0.5 0
2685 4.29166666666667 0.5 0
2686 4.29166666666667 0.291666666666667 0
2687 4.45833333333333 0.291666666666667 0
2688 4.45833333333333 0.458333333333333 0
2689 4.29166666666667 0.458333333333333 0
2690 4.33333333333333 0.291666666666667 0
2691 4.375 0.291666666666667 0
2692 4.41666666666667 0.291666666666667 0
2693 4.45833333333333 0.333333333333333 0
2694 4.45833333333333 0.375 0
2695 4.45833333333333 0.416666666666667 0
2696 4.41666666666667 0.458333333333333 0
2697 4.375 0.458333333333333 0
2698 4.33333333333333 0.458333333333333 0
2699 4.29166666666667 0.416666666666667 0
2700 4.29166666666667 0.375 0
2701 4.29166666666667 0.333333333333333 0
2702 4.33333333333333 0.333333333333333 0
2703 4.41666666666667 0.333333333333333 0
2704 4.41666666666667 0.416666666666667 0
2705 4.33333333333333 0.416666666666667 0
2706 4.375 0.333333333333333 0
2707 4.41666666666667 0.375 0
2708 4.375 0.416666666666667 0
2709 4.33333333333333 0.375 0
2710 4.375 0.375 0
2711 4.5 0.541666666666667 0
2712 4.5 0.583333333333333 0
2713 4.5 0.625 0
2714 4.5 0.666666666666667 0
2715 4.5 0.708333333333333 0
2716 4.45833333333333 0.75 0
2717 4.41666666666667 0.75 0
2718 4.375 0.75 0
2719 4.33333333333333 0.75 0
2720 4.29166666666667 0.75 0
2721 4.29166666666667 0.541666666666667 0
2722 4.45833333333333 0.541666666666667 0
2723 4.45833333333333 0.708333333333333 0
2724 4.29166666666667 0.708333333333333 0
2725 4.33333333333333 0.541666666666667 0
2726 4.375 0.541666666666667 0
2727 4.41666666666667 0.541666666666667 0
2728 4.45833333333333 0.583333333333333 0
2729 4.45833333333333 0.625 0
2730 4.45833333333333 0.666666666666667 0
2731 4.41666666666667 0.708333333333333 0
2732 4.375 0.708333333333333 0
2733 4.33333333333333 0.708333333333333 0
2734 4.29166666666667 0.666666666666667 0
2735 4.29166666666667 0.625 0
2736 4.29166666666667 0.583333333333333 0
2737 4.33333333333333 0.583333333333333 0
2738 4.41666666666667 0.583333333333333 0
2739 4.41666666666667 0.666666666666667 0
2740 4.33333333333333 0.666666666666667 0
2741 4.375 0.583333333333333 0
2742 4.41666666666667 0.625 0
2743 4.375 0.666666666666667 0
2744 4.33333333333333 0.625 0
2745 4.375 0.625 0
2746 4.5 0.791666666666667 0
2747 4.5 0.833333333333333 0
2748 4.5 0.875 0
2749 4.5 0.916666666666667 0
2750 4.5 0.958333333333333 0
2751 4.29166666666667 0.791666666666667 0
2752 4.45833333333333 0.791666666666667 0
2753 4.45833333333333 0.958333333333333 0
2754 4.29166666666667 0.958333333333333 0
2755 4.33333333333333 0.791666666666666 0
2756 4.375 0.791666666666667 0
2757 4.41666666666667 0.791666666666667 0
2758 4.45833333333333 0.833333333333333 0
2759 4.45833333333333 0.875 0
2760 4.45833333333333 0.916666666666667 0
2761 4.41666666666667 0.958333333333333 0
2762 4.375 0.958333333333333 0
2763 4.33333333333333 0.958333333333333 0
2764 4.29166666666667 0.916666666666667 0
2765 4.29166666666667 0.875 0
2766 4.29166666666667 0.833333333333333 0
2767 4.33333333333333 0.833333333333333 0
2768 4.41666666666667 0.833333333333333 0
2769 4.41666666666667 0.916666666666667 0
2770 4.33333333333333 0.916666666666667 0
2771 4.375 0.833333333333333 0
2772 4.41666666666667 0.875 0
2773 4.375 0.916666666666667 0
2774 4.33333333333333 0.875 0
2775 4.375 0.875 0
2776 4.75 0.0416666666666667 0
2777 4.75 0.0833333333333333 0
2778 4.75 0.125 0
2779 4.75 0.166666666666667 0
2780 4.75 0.208333333333333 0
2781 4.70833333333333 0.25 0
2782 4.66666666666667 0.25 0
2783 4.625 0.25 0
2784 4.58333333333333 0.25 0
2785 4.54166666666667 0.25 0
2786 4.54166666666667 0.0416666666666667 0
2787 4.70833333333333 0.0416666666666667 0
2788 4.70833333333333 0.208333333333333 0
2789 4.54166666666667 0.208333333333333 0
2790 4.58333333333333 0.0416666666666667 0
2791 4.625 0.0416666666666667 0
2792 4.66666666666667 0.0416666666666667 0
2793 4.70833333333333 0.0833333333333333 0
2794 4.70833333333333 0.125 0
2795 4.70833333333333 0.166666666666667 0
2796 4.66666666666667 0.208333333333333 0
2797 4.625 0.208333333333333 0
2798 4.58333333333333 0.208333333333333 0
2799 4.54166666666667 0.166666666666667 0
2800 4.54166666666667 0.125 0
2801 4.54166666666667 0.0833333333333333 0
2802 4.58333333333333 0.0833333333333333 0
2803 4.66666666666667 0.0833333333333333 0
2804 4.66666666666667 0.166666666666667 0
2805 4.58333333333333 0.166666666666667 0
2806 4.625 0.0833333333333333 0
2807 4.66666666666667 0.125 0
2808 4.625 0.166666666666667 0
2809 4.58333333333333 0.125 0
2810 4.625 0.125 0
2811 4.75 0.291666666666667 0
2812 4.75 0.333333333333333 0
2813 4.75 0.375 0
2814 4.75 0.416666666666667 0
2815 4.75 0.458333333333333 0
2816 4.70833333333333 0.5 0
2817 4.66666666666667 0.5 0
2818 4.625 0.5 0
2819 4.58333333333333 0.5 0
2820 4.54166666666667 0.5 0
2821 4.54166666666667 0.291666666666667 0
2822 4.70833333333333 0.291666666666667 0
2823 4.70833333333333 0.458333333333333 0
2824 4.54166666666667 0.458333333333333 0
2825 4.58333333333333 0.291666666666667 0
2826 4.625 0.291666666666667 0
2827 4.66666666666667 0.291666666666667 0
2828 4.70833333333333 0.333333333333333 0
2829 4.70833333333333 0.375 0
2830 4.70833333333333 0.416666666666667 0
2831 4.66666666666667 0.458333333333333 0
2832 4.625 0.458333333333333 0
2833 4.58333333333333 0.458333333333333 0
2834 4.54166666666667 0.416666666666667 0
2835 4.54166666666667 0.375 0
2836 4.54166666666667 0.333333333333333 0
2837 4.58333333333333 0.333333333333333 0
2838 4.66666666666667 0.333333333333333 0
2839 4.66666666666667 0.416666666666667 0
2840 4.58333333333333 0.416666666666667 0
2841 4.625 0.333333333333333 0
2842 4.66666666666667 0.375 0
2843 4.625 0.416666666666667 0
2844 4.58333333333333 0.375 0
2845 4.625 0.375 0
2846 4.75 0.541666666666667 0
2847 4.75 0.583333333333333 0
2848 4.75 0.625 0
2849 4.75 0.666666666666667 0
2850 4.75 0.708333333333333 0
2851 4.70833333333333 0.75 0
2852 4.66666666666667 0.75 0
2853 4.625 0.75 0
2854 4.58333333333333 0.75 0
2855 4.54166666666667 0.75 0
2856 4.54166666666667 0.541666666666667 0
2857 4.70833333333333 0.541666666666667 0
2858 4.70833333333333 0.708333333333333 0
2859 4.54166666666667 0.708333333333333 0
2860 4.58333333333333 0.541666666666667 0
2861 4.625 0.541666666666667 0
2862 4.66666666666667 0.541666666666667 0
2863 4.70833333333333 0.583333333333333 0
2864 4.70833333333333 0.625 0
2865 4.70833333333333 0.666666666666667 0
2866 4.66666666666667 0.708333333333333 0
2867 4.625 0.708333333333333 0
2868 4.58333333333333 0.708333333333333 0
2869 4.54166666666667 0.666666666666667 0
2870 4.54166666666667 0.625 0
2871 4.54166666666667 0.583333333333333 0
2872 4.58333333333333 0.583333333333333 0
2873 4.66666666666667 0.583333333333333 0
2874 4.66666666666667 0.666666666666667 0
2875 4.58333333333333 0.666666666666667 0
2876 4.625 0.583333333333333 0
2877 4.66666666666667 0.625 0
2878 4.625 0.666666666666667 0
2879 4.58333333333333 0.625 0
2880 4.625 0.625 0
2881 4.75 0.791666666666667 0
2882 4.75 0.833333333333333 0
2883 4.75 0.875 0
2884 4.75 0.916666666666667 0
2885 4.75 0.958333333333333 0
2886 4.54166666666667 0.791666666666667 0
2887 4.70833333333333 0.791666666666667 0
2888 4.70833333333333 0.958333333333333 0
2889 4.54166666666667 0.958333333333333 0
2890 4.58333333333333 0.791666666666666 0
2891 4.625 0.791666666666667 0
2892 4.66666666666667 0.791666666666667 0
2893 4.70833333333333 0.833333333333333 0
2894 4.70833333333333 0.875 0
2895 4.70833333333333 0.916666666666667 0
2896 4.66666666666667 0.958333333333333 0
2897 4.625 0.958333333333333 0
2898 4.58333333333333 0.958333333333333 0
2899 4.54166666666667 0.916666666666667 0
2900 4.54166666666667 0.875 0
2901 4.54166666666667 0.833333333333333 0
2902 4.58333333333333 0.833333333333333 0
2903 4.66666666666667 0.833333333333333 0
2904 4.66666666666667 0.916666666666667 0
2905 4.58333333333333 0.916666666666667 0
2906 4.625 0.833333333333333 0
2907 4.66666666666667 0.875 0
2908 4.625 0.916666666666667 0
2909 4.58333333333333 0.875 0
2910 4.625 0.875 0
2911 4.95833333333333 0.25 0
2912 4.91666666666667 0.25 0
2913 4.875 0.25 0
2914 4.83333333333333 0.25 0
2915 4.79166666666667 0.25 0
2916 4.79166666666667 0.0416666666666667 0
2917 4.95833333333333 0.0416666666666667 0
2918 4.95833333333333 0.208333333333333 0
2919 4.79166666666667 0.208333333333333 0
2920 4.83333333333333 0.0416666666666667 0
2921 4.875 0.0416666666666667 0
2922 4.91666666666667 0.0416666666666667 0
2923 4.95833333333334 0.0833333333333333 0
2924 4.95833333333333 0.125 0
2925 4.95833333333333 0.166666666666667 0
2926 4.91666666666667 0.208333333333333 0
2927 4.875 0.208333333333333 0
2928 4.83333333333333 0.208333333333333 0
2929 4.79166666666667 0.166666666666667 0
2930 4.79166666666667 0.125 0
2931 4.79166666666667 0.0833333333333333 0
2932 4.83333333333333 0.0833333333333333 0
2933 4.91666666666667 0.0833333333333333 0
2934 4.91666666666667 0.166666666666667 0
2935 4.83333333333333 0.166666666666667 0
2936 4.875 0.0833333333333333 0
2937 4.91666666666667 0.125 0
2938 4.875 0.166666666666667 0
2939 4.83333333333333 0.125 0
2940 4.875 0.125 0
2941 4.95833333333333 0.5 0
2942 4.91666666666667 0.5 0
2943 4.875 0.5 0
2944 4.83333333333333 0.5 0
2945 4.79166666666667 0.5 0
2946 4.79166666666667 0.291666666666667 0
2947 4.95833333333333 0.291666666666667 0
2948 4.95833333333333 0.458333333333333 0
2949 4.79166666666667 0.458333333333333 0
2950 4.83333333333333 0.291666666666667 0
2951 4.875 0.291666666666667 0
2952 4.91666666666667 0.291666666666667 0
2953 4.95833333333333 0.333333333333333 0
2954 4.95833333333333 0.375 0
2955 4.95833333333333 0.416666666666667 0
2956 4.91666666666667 0.458333333333333 0
2957 4.875 0.458333333333333 0
2958 4.83333333333333 0.458333333333333 0
2959 4.79166666666667 0.416666666666667 0
2960 4.79166666666667 0.375 0
2961 4.79166666666667 0.333333333333333 0
2962 4.83333333333333 0.333333333333333 0
2963 4.91666666666667 0.333333333333333 0
2964 4.91666666666667 0.416666666666667 0
2965 4.83333333333333 0.416666666666667 0
2966 4.875 0.333333333333333 0
2967 4.91666666666667 0.375 0
2968 4.875 0.416666666666667 0
2969 4.83333333333333 0.375 0
2970 4.875 0.375 0
2971 4.95833333333333 0.75 0
2972 4.91666666666667 0.75 0
2973 4.875 0.75 0
2974 4.83333333333333 0.75 0
2975 4.79166666666667 0.75 0
2976 4.79166666666667 0.541666666666667 0
2977 4.95833333333333 0.541666666666667 0
2978 4.95833333333333 0.708333333333333 0
2979 4.79166666666667 0.708333333333333 0
2980 4.83333333333333 0.541666666666667 0
2981 4.875 0.541666666666667 0
2982 4.91666666666667 0.541666666666667 0
2983 4.95833333333333 0.583333333333333 0
2984 4.95833333333333 0.625 0
2985 4.95833333333333 0.666666666666667 0
2986 4.91666666666667 0.708333333333333 0
2987 4.875 0.708333333333333 0
2988 4.83333333333333 0.708333333333333 0
2989 4.79166666666667 0.666666666666667 0
2990 4.79166666666667 0.625 0
2991 4.79166666666667 0.583333333333333 0
2992 4.83333333333333 0.583333333333333 0
2993 4.91666666666667 0.583333333333333 0
2994 4.91666666666667 0.666666666666667 0
2995 4.83333333333333 0.666666666666667 0
2996 4.875 0.583333333333333 0
2997 4.91666666666667 0.625 0
2998 4.875 0.666666666666667 0
2999 4.83333333333333 0.625 0
3000 4.875 0.625 0
3001 4.79166666666667 0.791666666666667 0
3002 4.95833333333333 0.791666666666667 0
3003 4.95833333333333 0.958333333333333 0
3004 4.79166666666667 0.958333333333333 0
3005 4.83333333333333 0.791666666666666 0
3006 4.875 0.791666666666667 0
3007 4.91666666666667 0.791666666666667 0
3008 4.95833333333333 0.833333333333333 0
3009 4.95833333333333 0.875 0
3010 4.95833333333333 0.916666666666667 0
3011 4.91666666666667 0.958333333333333 0
3012 4.875 0.958333333333333 0
3013 4.83333333333333 0.958333333333333 0
3014 4.79166666666667 0.916666666666666 0
3015 4.79166666666667 0.875 0
3016 4.79166666666667 0.833333333333333 0
3017 4.83333333333333 0.833333333333333 0
3018 4.91666666666667 0.833333333333333 0
3019 4.91666666666667 0.916666666666667 0
3020 4.83333333333333 0.916666666666667 0
3021 4.875 0.833333333333333 0
3022 4.91666666666667 0.875 0
3023 4.875 0.916666666666667 0
3024 4.83333333333333 0.875 0
3025 4.875 0.875 0
