1 5 562 264
5 6 560 562
562 560 265 561
264 562 561 263
263 561 565 262
561 265 563 565
565 563 266 564
262 565 564 261
261 564 568 260
564 266 566 568
568 566 267 567
260 568 567 259
259 567 571 258
567 267 569 571
571 569 268 570
258 571 570 257
257 570 574 256
570 268 572 574
574 572 269 573
256 574 573 255
255 573 576 254
573 269 575 576
576 575 252 253
254 576 253 4
6 7 579 560
7 8 577 579
579 577 270 578
560 579 578 265
265 578 582 563
578 270 580 582
582 580 271 581
563 582 581 266
266 581 585 566
581 271 583 585
585 583 272 584
566 585 584 267
267 584 588 569
584 272 586 588
588 586 273 587
569 588 587 268
268 587 591 572
587 273 589 591
591 589 274 590
572 591 590 269
269 590 593 575
590 274 592 593
593 592 250 251
575 593 251 252
8 9 596 577
9 10 594 596
596 594 275 595
577 596 595 270
270 595 599 580
595 275 597 599
599 597 276 598
580 599 598 271
271 598 602 583
598 276 600 602
602 600 277 601
583 602 601 272
272 601 605 586
601 277 603 605
605 603 278 604
586 605 604 273
273 604 608 589
604 278 606 608
608 606 279 607
589 608 607 274
274 607 610 592
607 279 609 610
610 609 248 249
592 610 249 250
10 11 613 594
11 12 611 613
613 611 280 612
594 613 612 275
275 612 616 597
612 280 614 616
616 614 281 615
597 616 615 276
276 615 619 600
615 281 617 619
619 617 282 618
600 619 618 277
277 618 622 603
618 282 620 622
622 620 283 621
603 622 621 278
278 621 625 606
621 283 623 625
625 623 284 624
606 625 624 279
279 624 627 609
624 284 626 627
627 626 246 247
609 627 247 248
12 13 630 611
13 14 628 630
630 628 285 629
611 630 629 280
280 629 633 614
629 285 631 633
633 631 286 632
614 633 632 281
281 632 636 617
632 286 634 636
636 634 287 635
617 636 635 282
282 635 639 620
635 287 637 639
639 637 288 638
620 639 638 283
283 638 642 623
638 288 640 642
642 640 289 641
623 642 641 284
284 641 644 626
641 289 643 644
644 643 244 245
626 644 245 246
14 15 647 628
15 16 645 647
647 645 290 646
628 647 646 285
285 646 650 631
646 290 648 650
650 648 291 649
631 650 649 286
286 649 653 634
649 291 651 653
653 651 292 652
634 653 652 287
287 652 656 637
652 292 654 656
656 654 293 655
637 656 655 288
288 655 659 640
655 293 657 659
659 657 294 658
640 659 658 289
289 658 661 643
658 294 660 661
661 660 242 243
643 661 243 244
16 17 664 645
17 18 662 664
664 662 295 663
645 664 663 290
290 663 667 648
663 295 665 667
667 665 296 666
648 667 666 291
291 666 670 651
666 296 668 670
670 668 297 669
651 670 669 292
292 669 673 654
669 297 671 673
673 671 298 672
654 673 672 293
293 672 676 657
672 298 674 676
676 674 299 675
657 676 675 294
294 675 678 660
675 299 677 678
678 677 240 241
660 678 241 242
18 19 681 662
19 20 679 681
681 679 300 680
662 681 680 295
295 680 684 665
680 300 682 684
684 682 301 683
665 684 683 296
296 683 687 668
683 301 685 687
687 685 302 686
668 687 686 297
297 686 690 671
686 302 688 690
690 688 303 689
671 690 689 298
298 689 693 674
689 303 691 693
693 691 304 692
674 693 692 299
299 692 695 677
692 304 694 695
695 694 238 239
677 695 239 240
20 21 698 679
21 22 696 698
698 696 305 697
679 698 697 300
300 697 701 682
697 305 699 701
701 699 306 700
682 701 700 301
301 700 704 685
700 306 702 704
704 702 307 703
685 704 703 302
302 703 707 688
703 307 705 707
707 705 308 706
688 707 706 303
303 706 710 691
706 308 708 710
710 708 309 709
691 710 709 304
304 709 712 694
709 309 711 712
712 711 236 237
694 712 237 238
22 23 715 696
23 24 713 715
715 713 310 714
696 715 714 305
305 714 718 699
714 310 716 718
718 716 311 717
699 718 717 306
306 717 721 702
717 311 719 721
721 719 312 720
702 721 720 307
307 720 724 705
720 312 722 724
724 722 313 723
705 724 723 308
308 723 727 708
723 313 725 727
727 725 314 726
708 727 726 309
309 726 729 711
726 314 728 729
729 728 234 235
711 729 235 236
24 25 732 713
25 26 730 732
732 730 315 731
713 732 731 310
310 731 735 716
731 315 733 735
735 733 316 734
716 735 734 311
311 734 738 719
734 316 736 738
738 736 317 737
719 738 737 312
312 737 741 722
737 317 739 741
741 739 318 740
722 741 740 313
313 740 744 725
740 318 742 744
744 742 319 743
725 744 743 314
314 743 746 728
743 319 745 746
746 745 232 233
728 746 233 234
26 27 749 730
27 28 747 749
749 747 320 748
730 749 748 315
315 748 752 733
748 320 750 752
752 750 321 751
733 752 751 316
316 751 755 736
751 321 753 755
755 753 322 754
736 755 754 317
317 754 758 739
754 322 756 758
758 756 323 757
739 758 757 318
318 757 761 742
757 323 759 761
761 759 324 760
742 761 760 319
319 760 763 745
760 324 762 763
763 762 230 231
745 763 231 232
28 29 766 747
29 30 764 766
766 764 325 765
747 766 765 320
320 765 769 750
765 325 767 769
769 767 326 768
750 769 768 321
321 768 772 753
768 326 770 772
772 770 327 771
753 772 771 322
322 771 775 756
771 327 773 775
775 773 328 774
756 775 774 323
323 774 778 759
774 328 776 778
778 776 329 777
759 778 777 324
324 777 780 762
777 329 779 780
780 779 228 229
762 780 229 230
30 31 783 764
31 32 781 783
783 781 330 782
764 783 782 325
325 782 786 767
782 330 784 786
786 784 331 785
767 786 785 326
326 785 789 770
785 331 787 789
789 787 332 788
770 789 788 327
327 788 792 773
788 332 790 792
792 790 333 791
773 792 791 328
328 791 795 776
791 333 793 795
795 793 334 794
776 795 794 329
329 794 797 779
794 334 796 797
797 796 226 227
779 797 227 228
32 33 800 781
33 34 798 800
800 798 335 799
781 800 799 330
330 799 803 784
799 335 801 803
803 801 336 802
784 803 802 331
331 802 806 787
802 336 804 806
806 804 337 805
787 806 805 332
332 805 809 790
805 337 807 809
809 807 338 808
790 809 808 333
333 808 812 793
808 338 810 812
812 810 339 811
793 812 811 334
334 811 814 796
811 339 813 814
814 813 224 225
796 814 225 226
34 35 817 798
35 36 815 817
817 815 340 816
798 817 816 335
335 816 820 801
816 340 818 820
820 818 341 819
801 820 819 336
336 819 823 804
819 341 821 823
823 821 342 822
804 823 822 337
337 822 826 807
822 342 824 826
826 824 343 825
807 826 825 338
338 825 829 810
825 343 827 829
829 827 344 828
810 829 828 339
339 828 831 813
828 344 830 831
831 830 222 223
813 831 223 224
36 37 834 815
37 38 832 834
834 832 345 833
815 834 833 340
340 833 837 818
833 345 835 837
837 835 346 836
818 837 836 341
341 836 840 821
836 346 838 840
840 838 347 839
821 840 839 342
342 839 843 824
839 347 841 843
843 841 348 842
824 843 842 343
343 842 846 827
842 348 844 846
846 844 349 845
827 846 845 344
344 845 848 830
845 349 847 848
848 847 220 221
830 848 221 222
38 39 851 832
39 40 849 851
851 849 350 850
832 851 850 345
345 850 854 835
850 350 852 854
854 852 351 853
835 854 853 346
346 853 857 838
853 351 855 857
857 855 352 856
838 857 856 347
347 856 860 841
856 352 858 860
860 858 353 859
841 860 859 348
348 859 863 844
859 353 861 863
863 861 354 862
844 863 862 349
349 862 865 847
862 354 864 865
865 864 218 219
847 865 219 220
40 41 868 849
41 42 866 868
868 866 355 867
849 868 867 350
350 867 871 852
867 355 869 871
871 869 356 870
852 871 870 351
351 870 874 855
870 356 872 874
874 872 357 873
855 874 873 352
352 873 877 858
873 357 875 877
877 875 358 876
858 877 876 353
353 876 880 861
876 358 878 880
880 878 359 879
861 880 879 354
354 879 882 864
879 359 881 882
882 881 216 217
864 882 217 218
42 43 885 866
43 44 883 885
885 883 360 884
866 885 884 355
355 884 888 869
884 360 886 888
888 886 361 887
869 888 887 356
356 887 891 872
887 361 889 891
891 889 362 890
872 891 890 357
357 890 894 875
890 362 892 894
894 892 363 893
875 894 893 358
358 893 897 878
893 363 895 897
897 895 364 896
878 897 896 359
359 896 899 881
896 364 898 899
899 898 214 215
881 899 215 216
44 45 902 883
45 46 900 902
902 900 365 901
883 902 901 360
360 901 905 886
901 365 903 905
905 903 366 904
886 905 904 361
361 904 908 889
904 366 906 908
908 906 367 907
889 908 907 362
362 907 911 892
907 367 909 911
911 909 368 910
892 911 910 363
363 910 914 895
910 368 912 914
914 912 369 913
895 914 913 364
364 913 916 898
913 369 915 916
916 915 212 213
898 916 213 214
46 47 919 900
47 48 917 919
919 917 370 918
900 919 918 365
365 918 922 903
918 370 920 922
922 920 371 921
903 922 921 366
366 921 925 906
921 371 923 925
925 923 372 924
906 925 924 367
367 924 928 909
924 372 926 928
928 926 373 927
909 928 927 368
368 927 931 912
927 373 929 931
931 929 374 930
912 931 930 369
369 930 933 915
930 374 932 933
933 932 210 211
915 933 211 212
48 49 936 917
49 50 934 936
936 934 375 935
917 936 935 370
370 935 939 920
935 375 937 939
939 937 376 938
920 939 938 371
371 938 942 923
938 376 940 942
942 940 377 941
923 942 941 372
372 941 945 926
941 377 943 945
945 943 378 944
926 945 944 373
373 944 948 929
944 378 946 948
948 946 379 947
929 948 947 374
374 947 950 932
947 379 949 950
950 949 208 209
932 950 209 210
50 51 953 934
51 52 951 953
953 951 380 952
934 953 952 375
375 952 956 937
952 380 954 956
956 954 381 955
937 956 955 376
376 955 959 940
955 381 957 959
959 957 382 958
940 959 958 377
377 958 962 943
958 382 960 962
962 960 383 961
943 962 961 378
378 961 965 946
961 383 963 965
965 963 384 964
946 965 964 379
379 964 967 949
964 384 966 967
967 966 206 207
949 967 207 208
52 53 970 951
53 54 968 970
970 968 385 969
951 970 969 380
380 969 973 954
969 385 971 973
973 971 386 972
954 973 972 381
381 972 976 957
972 386 974 976
976 974 387 975
957 976 975 382
382 975 979 960
975 387 977 979
979 977 388 978
960 979 978 383
383 978 982 963
978 388 980 982
982 980 389 981
963 982 981 384
384 981 984 966
981 389 983 984
984 983 204 205
966 984 205 206
54 55 987 968
55 56 985 987
987 985 390 986
968 987 986 385
385 986 990 971
986 390 988 990
990 988 391 989
971 990 989 386
386 989 993 974
989 391 991 993
993 991 392 992
974 993 992 387
387 992 996 977
992 392 994 996
996 994 393 995
977 996 995 388
388 995 999 980
995 393 997 999
999 997 394 998
980 999 998 389
389 998 1001 983
998 394 1000 1001
1001 1000 202 203
983 1001 203 204
56 57 1004 985
57 58 1002 1004
1004 1002 395 1003
985 1004 1003 390
390 1003 1007 988
1003 395 1005 1007
1007 1005 396 1006
988 1007 1006 391
391 1006 1010 991
1006 396 1008 1010
1010 1008 397 1009
991 1010 1009 392
392 1009 1013 994
1009 397 1011 1013
1013 1011 398 1012
994 1013 1012 393
393 1012 1016 997
1012 398 1014 1016
1016 1014 399 1015
997 1016 1015 394
394 1015 1018 1000
1015 399 1017 1018
1018 1017 200 201
1000 1018 201 202
58 59 1021 1002
59 60 1019 1021
1021 1019 400 1020
1002 1021 1020 395
395 1020 1024 1005
1020 400 1022 1024
1024 1022 401 1023
1005 1024 1023 396
396 1023 1027 1008
1023 401 1025 1027
1027 1025 402 1026
1008 1027 1026 397
397 1026 1030 1011
1026 402 1028 1030
1030 1028 403 1029
1011 1030 1029 398
398 1029 1033 1014
1029 403 1031 1033
1033 1031 404 1032
1014 1033 1032 399
399 1032 1035 1017
1032 404 1034 1035
1035 1034 198 199
1017 1035 199 200
60 61 1038 1019
61 62 1036 1038
1038 1036 405 1037
1019 1038 1037 400
400 1037 1041 1022
1037 405 1039 1041
1041 1039 406 1040
1022 1041 1040 401
401 1040 1044 1025
1040 406 1042 1044
1044 1042 407 1043
1025 1044 1043 402
402 1043 1047 1028
1043 407 1045 1047
1047 1045 408 1046
1028 1047 1046 403
403 1046 1050 1031
1046 408 1048 1050
1050 1048 409 1049
1031 1050 1049 404
404 1049 1052 1034
1049 409 1051 1052
1052 1051 196 197
1034 1052 197 198
62 63 1055 1036
63 64 1053 1055
1055 1053 410 1054
1036 1055 1054 405
405 1054 1058 1039
1054 410 1056 1058
1058 1056 411 1057
1039 1058 1057 406
406 1057 1061 1042
1057 411 1059 1061
1061 1059 412 1060
1042 1061 1060 407
407 1060 1064 1045
1060 412 1062 1064
1064 1062 413 1063
1045 1064 1063 408
408 1063 1067 1048
1063 413 1065 1067
1067 1065 414 1066
1048 1067 1066 409
409 1066 1069 1051
1066 414 1068 1069
1069 1068 194 195
1051 1069 195 196
64 65 1072 1053
65 66 1070 1072
1072 1070 415 1071
1053 1072 1071 410
410 1071 1075 1056
1071 415 1073 1075
1075 1073 416 1074
1056 1075 1074 411
411 1074 1078 1059
1074 416 1076 1078
1078 1076 417 1077
1059 1078 1077 412
412 1077 1081 1062
1077 417 1079 1081
1081 1079 418 1080
1062 1081 1080 413
413 1080 1084 1065
1080 418 1082 1084
1084 1082 419 1083
1065 1084 1083 414
414 1083 1086 1068
1083 419 1085 1086
1086 1085 192 193
1068 1086 193 194
66 67 1089 1070
67 68 1087 1089
1089 1087 420 1088
1070 1089 1088 415
415 1088 1092 1073
1088 420 1090 1092
1092 1090 421 1091
1073 1092 1091 416
416 1091 1095 1076
1091 421 1093 1095
1095 1093 422 1094
1076 1095 1094 417
417 1094 1098 1079
1094 422 1096 1098
1098 1096 423 1097
1079 1098 1097 418
418 1097 1101 1082
1097 423 1099 1101
1101 1099 424 1100
1082 1101 1100 419
419 1100 1103 1085
1100 424 1102 1103
1103 1102 190 191
1085 1103 191 192
68 69 1106 1087
69 70 1104 1106
1106 1104 425 1105
1087 1106 1105 420
420 1105 1109 1090
1105 425 1107 1109
1109 1107 426 1108
1090 1109 1108 421
421 1108 1112 1093
1108 426 1110 1112
1112 1110 427 1111
1093 1112 1111 422
422 1111 1115 1096
1111 427 1113 1115
1115 1113 428 1114
1096 1115 1114 423
423 1114 1118 1099
1114 428 1116 1118
1118 1116 429 1117
1099 1118 1117 424
424 1117 1120 1102
1117 429 1119 1120
1120 1119 188 189
1102 1120 189 190
70 71 1123 1104
71 72 1121 1123
1123 1121 430 1122
1104 1123 1122 425
425 1122 1126 1107
1122 430 1124 1126
1126 1124 431 1125
1107 1126 1125 426
426 1125 1129 1110
1125 431 1127 1129
1129 1127 432 1128
1110 1129 1128 427
427 1128 1132 1113
1128 432 1130 1132
1132 1130 433 1131
1113 1132 1131 428
428 1131 1135 1116
1131 433 1133 1135
1135 1133 434 1134
1116 1135 1134 429
429 1134 1137 1119
1134 434 1136 1137
1137 1136 186 187
1119 1137 187 188
72 73 1140 1121
73 74 1138 1140
1140 1138 435 1139
1121 1140 1139 430
430 1139 1143 1124
1139 435 1141 1143
1143 1141 436 1142
1124 1143 1142 431
431 1142 1146 1127
1142 436 1144 1146
1146 1144 437 1145
1127 1146 1145 432
432 1145 1149 1130
1145 437 1147 1149
1149 1147 438 1148
1130 1149 1148 433
433 1148 1152 1133
1148 438 1150 1152
1152 1150 439 1151
1133 1152 1151 434
434 1151 1154 1136
1151 439 1153 1154
1154 1153 184 185
1136 1154 185 186
74 75 1157 1138
75 76 1155 1157
1157 1155 440 1156
1138 1157 1156 435
435 1156 1160 1141
1156 440 1158 1160
1160 1158 441 1159
1141 1160 1159 436
436 1159 1163 1144
1159 441 1161 1163
1163 1161 442 1162
1144 1163 1162 437
437 1162 1166 1147
1162 442 1164 1166
1166 1164 443 1165
1147 1166 1165 438
438 1165 1169 1150
1165 443 1167 1169
1169 1167 444 1168
1150 1169 1168 439
439 1168 1171 1153
1168 444 1170 1171
1171 1170 182 183
1153 1171 183 184
76 77 1174 1155
77 78 1172 1174
1174 1172 445 1173
1155 1174 1173 440
440 1173 1177 1158
1173 445 1175 1177
1177 1175 446 1176
1158 1177 1176 441
441 1176 1180 1161
1176 446 1178 1180
1180 1178 447 1179
1161 1180 1179 442
442 1179 1183 1164
1179 447 1181 1183
1183 1181 448 1182
1164 1183 1182 443
443 1182 1186 1167
1182 448 1184 1186
1186 1184 449 1185
1167 1186 1185 444
444 1185 1188 1170
1185 449 1187 1188
1188 1187 180 181
1170 1188 181 182
78 79 1191 1172
79 80 1189 1191
1191 1189 450 1190
1172 1191 1190 445
445 1190 1194 1175
1190 450 1192 1194
1194 1192 451 1193
1175 1194 1193 446
446 1193 1197 1178
1193 451 1195 1197
1197 1195 452 1196
1178 1197 1196 447
447 1196 1200 1181
1196 452 1198 1200
1200 1198 453 1199
1181 1200 1199 448
448 1199 1203 1184
1199 453 1201 1203
1203 1201 454 1202
1184 1203 1202 449
449 1202 1205 1187
1202 454 1204 1205
1205 1204 178 179
1187 1205 179 180
80 81 1208 1189
81 82 1206 1208
1208 1206 455 1207
1189 1208 1207 450
450 1207 1211 1192
1207 455 1209 1211
1211 1209 456 1210
1192 1211 1210 451
451 1210 1214 1195
1210 456 1212 1214
1214 1212 457 1213
1195 1214 1213 452
452 1213 1217 1198
1213 457 1215 1217
1217 1215 458 1216
1198 1217 1216 453
453 1216 1220 1201
1216 458 1218 1220
1220 1218 459 1219
1201 1220 1219 454
454 1219 1222 1204
1219 459 1221 1222
1222 1221 176 177
1204 1222 177 178
82 83 1225 1206
83 84 1223 1225
1225 1223 460 1224
1206 1225 1224 455
455 1224 1228 1209
1224 460 1226 1228
1228 1226 461 1227
1209 1228 1227 456
456 1227 1231 1212
1227 461 1229 1231
1231 1229 462 1230
1212 1231 1230 457
457 1230 1234 1215
1230 462 1232 1234
1234 1232 463 1233
1215 1234 1233 458
458 1233 1237 1218
1233 463 1235 1237
1237 1235 464 1236
1218 1237 1236 459
459 1236 1239 1221
1236 464 1238 1239
1239 1238 174 175
1221 1239 175 176
84 85 1242 1223
85 86 1240 1242
1242 1240 465 1241
1223 1242 1241 460
460 1241 1245 1226
1241 465 1243 1245
1245 1243 466 1244
1226 1245 1244 461
461 1244 1248 1229
1244 466 1246 1248
1248 1246 467 1247
1229 1248 1247 462
462 1247 1251 1232
1247 467 1249 1251
1251 1249 468 1250
1232 1251 1250 463
463 1250 1254 1235
1250 468 1252 1254
1254 1252 469 1253
1235 1254 1253 464
464 1253 1256 1238
1253 469 1255 1256
1256 1255 172 173
1238 1256 173 174
86 87 1259 1240
87 88 1257 1259
1259 1257 470 1258
1240 1259 1258 465
465 1258 1262 1243
1258 470 1260 1262
1262 1260 471 1261
1243 1262 1261 466
466 1261 1265 1246
1261 471 1263 1265
1265 1263 472 1264
1246 1265 1264 467
467 1264 1268 1249
1264 472 1266 1268
1268 1266 473 1267
1249 1268 1267 468
468 1267 1271 1252
1267 473 1269 1271
1271 1269 474 1270
1252 1271 1270 469
469 1270 1273 1255
1270 474 1272 1273
1273 1272 170 171
1255 1273 171 172
88 89 1276 1257
89 90 1274 1276
1276 1274 475 1275
1257 1276 1275 470
470 1275 1279 1260
1275 475 1277 1279
1279 1277 476 1278
1260 1279 1278 471
471 1278 1282 1263
1278 476 1280 1282
1282 1280 477 1281
1263 1282 1281 472
472 1281 1285 1266
1281 477 1283 1285
1285 1283 478 1284
1266 1285 1284 473
473 1284 1288 1269
1284 478 1286 1288
1288 1286 479 1287
1269 1288 1287 474
474 1287 1290 1272
1287 479 1289 1290
1290 1289 168 169
1272 1290 169 170
90 91 1293 1274
91 92 1291 1293
1293 1291 480 1292
1274 1293 1292 475
475 1292 1296 1277
1292 480 1294 1296
1296 1294 481 1295
1277 1296 1295 476
476 1295 1299 1280
1295 481 1297 1299
1299 1297 482 1298
1280 1299 1298 477
477 1298 1302 1283
1298 482 1300 1302
1302 1300 483 1301
1283 1302 1301 478
478 1301 1305 1286
1301 483 1303 1305
1305 1303 484 1304
1286 1305 1304 479
479 1304 1307 1289
1304 484 1306 1307
1307 1306 166 167
1289 1307 167 168
92 93 1310 1291
93 94 1308 1310
1310 1308 485 1309
1291 1310 1309 480
480 1309 1313 1294
1309 485 1311 1313
1313 1311 486 1312
1294 1313 1312 481
481 1312 1316 1297
1312 486 1314 1316
1316 1314 487 1315
1297 1316 1315 482
482 1315 1319 1300
1315 487 1317 1319
1319 1317 488 1318
1300 1319 1318 483
483 1318 1322 1303
1318 488 1320 1322
1322 1320 489 1321
1303 1322 1321 484
484 1321 1324 1306
1321 489 1323 1324
1324 1323 164 165
1306 1324 165 166
94 95 1327 1308
95 96 1325 1327
1327 1325 490 1326
1308 1327 1326 485
485 1326 1330 1311
1326 490 1328 1330
1330 1328 491 1329
1311 1330 1329 486
486 1329 1333 1314
1329 491 1331 1333
1333 1331 492 1332
1314 1333 1332 487
487 1332 1336 1317
1332 492 1334 1336
1336 1334 493 1335
1317 1336 1335 488
488 1335 1339 1320
1335 493 1337 1339
1339 1337 494 1338
1320 1339 1338 489
489 1338 1341 1323
1338 494 1340 1341
1341 1340 162 163
1323 1341 163 164
96 97 1344 1325
97 98 1342 1344
1344 1342 495 1343
1325 1344 1343 490
490 1343 1347 1328
1343 495 1345 1347
1347 1345 496 1346
1328 1347 1346 491
491 1346 1350 1331
1346 496 1348 1350
1350 1348 497 1349
1331 1350 1349 492
492 1349 1353 1334
1349 497 1351 1353
1353 1351 498 1352
1334 1353 1352 493
493 1352 1356 1337
1352 498 1354 1356
1356 1354 499 1355
1337 1356 1355 494
494 1355 1358 1340
1355 499 1357 1358
1358 1357 160 161
1340 1358 161 162
98 99 1361 1342
99 100 1359 1361
1361 1359 500 1360
1342 1361 1360 495
495 1360 1364 1345
1360 500 1362 1364
1364 1362 501 1363
1345 1364 1363 496
496 1363 1367 1348
1363 501 1365 1367
1367 1365 502 1366
1348 1367 1366 497
497 1366 1370 1351
1366 502 1368 1370
1370 1368 503 1369
1351 1370 1369 498
498 1369 1373 1354
1369 503 1371 1373
1373 1371 504 1372
1354 1373 1372 499
499 1372 1375 1357
1372 504 1374 1375
1375 1374 158 159
1357 1375 159 160
100 101 1378 1359
101 102 1376 1378
1378 1376 505 1377
1359 1378 1377 500
500 1377 1381 1362
1377 505 1379 1381
1381 1379 506 1380
1362 1381 1380 501
501 1380 1384 1365
1380 506 1382 1384
1384 1382 507 1383
1365 1384 1383 502
502 1383 1387 1368
1383 507 1385 1387
1387 1385 508 1386
1368 1387 1386 503
503 1386 1390 1371
1386 508 1388 1390
1390 1388 509 1389
1371 1390 1389 504
504 1389 1392 1374
1389 509 1391 1392
1392 1391 156 157
1374 1392 157 158
102 103 1395 1376
103 104 1393 1395
1395 1393 510 1394
1376 1395 1394 505
505 1394 1398 1379
1394 510 1396 1398
1398 1396 511 1397
1379 1398 1397 506
506 1397 1401 1382
1397 511 1399 1401
1401 1399 512 1400
1382 1401 1400 507
507 1400 1404 1385
1400 512 1402 1404
1404 1402 513 1403
1385 1404 1403 508
508 1403 1407 1388
1403 513 1405 1407
1407 1405 514 1406
1388 1407 1406 509
509 1406 1409 1391
1406 514 1408 1409
1409 1408 154 155
1391 1409 155 156
104 105 1412 1393
105 106 1410 1412
1412 1410 515 1411
1393 1412 1411 510
510 1411 1415 1396
1411 515 1413 1415
1415 1413 516 1414
1396 1415 1414 511
511 1414 1418 1399
1414 516 1416 1418
1418 1416 517 1417
1399 1418 1417 512
512 1417 1421 1402
1417 517 1419 1421
1421 1419 518 1420
1402 1421 1420 513
513 1420 1424 1405
1420 518 1422 1424
1424 1422 519 1423
1405 1424 1423 514
514 1423 1426 1408
1423 519 1425 1426
1426 1425 152 153
1408 1426 153 154
106 107 1429 1410
107 108 1427 1429
1429 1427 520 1428
1410 1429 1428 515
515 1428 1432 1413
1428 520 1430 1432
1432 1430 521 1431
1413 1432 1431 516
516 1431 1435 1416
1431 521 1433 1435
1435 1433 522 1434
1416 1435 1434 517
517 1434 1438 1419
1434 522 1436 1438
1438 1436 523 1437
1419 1438 1437 518
518 1437 1441 1422
1437 523 1439 1441
1441 1439 524 1440
1422 1441 1440 519
519 1440 1443 1425
1440 524 1442 1443
1443 1442 150 151
1425 1443 151 152
108 109 1446 1427
109 110 1444 1446
1446 1444 525 1445
1427 1446 1445 520
520 1445 1449 1430
1445 525 1447 1449
1449 1447 526 1448
1430 1449 1448 521
521 1448 1452 1433
1448 526 1450 1452
1452 1450 527 1451
1433 1452 1451 522
522 1451 1455 1436
1451 527 1453 1455
1455 1453 528 1454
1436 1455 1454 523
523 1454 1458 1439
1454 528 1456 1458
1458 1456 529 1457
1439 1458 1457 524
524 1457 1460 1442
1457 529 1459 1460
1460 1459 148 149
1442 1460 149 150
110 111 1463 1444
111 112 1461 1463
1463 1461 530 1462
1444 1463 1462 525
525 1462 1466 1447
1462 530 1464 1466
1466 1464 531 1465
1447 1466 1465 526
526 1465 1469 1450
1465 531 1467 1469
1469 1467 532 1468
1450 1469 1468 527
527 1468 1472 1453
1468 532 1470 1472
1472 1470 533 1471
1453 1472 1471 528
528 1471 1475 1456
1471 533 1473 1475
1475 1473 534 1474
1456 1475 1474 529
529 1474 1477 1459
1474 534 1476 1477
1477 1476 146 147
1459 1477 147 148
112 113 1480 1461
113 114 1478 1480
1480 1478 535 1479
1461 1480 1479 530
530 1479 1483 1464
1479 535 1481 1483
1483 1481 536 1482
1464 1483 1482 531
531 1482 1486 1467
1482 536 1484 1486
1486 1484 537 1485
1467 1486 1485 532
532 1485 1489 1470
1485 537 1487 1489
1489 1487 538 1488
1470 1489 1488 533
533 1488 1492 1473
1488 538 1490 1492
1492 1490 539 1491
1473 1492 1491 534
534 1491 1494 1476
1491 539 1493 1494
1494 1493 144 145
1476 1494 145 146
114 115 1497 1478
115 116 1495 1497
1497 1495 540 1496
1478 1497 1496 535
535 1496 1500 1481
1496 540 1498 1500
1500 1498 541 1499
1481 1500 1499 536
536 1499 1503 1484
1499 541 1501 1503
1503 1501 542 1502
1484 1503 1502 537
537 1502 1506 1487
1502 542 1504 1506
1506 1504 543 1505
1487 1506 1505 538
538 1505 1509 1490
1505 543 1507 1509
1509 1507 544 1508
1490 1509 1508 539
539 1508 1511 1493
1508 544 1510 1511
1511 1510 142 143
1493 1511 143 144
116 117 1514 1495
117 118 1512 1514
1514 1512 545 1513
1495 1514 1513 540
540 1513 1517 1498
1513 545 1515 1517
1517 1515 546 1516
1498 1517 1516 541
541 1516 1520 1501
1516 546 1518 1520
1520 1518 547 1519
1501 1520 1519 542
542 1519 1523 1504
1519 547 1521 1523
1523 1521 548 1522
1504 1523 1522 543
543 1522 1526 1507
1522 548 1524 1526
1526 1524 549 1525
1507 1526 1525 544
544 1525 1528 1510
1525 549 1527 1528
1528 1527 140 141
1510 1528 141 142
118 119 1531 1512
119 120 1529 1531
1531 1529 550 1530
1512 1531 1530 545
545 1530 1534 1515
1530 550 1532 1534
1534 1532 551 1533
1515 1534 1533 546
546 1533 1537 1518
1533 551 1535 1537
1537 1535 552 1536
1518 1537 1536 547
547 1536 1540 1521
1536 552 1538 1540
1540 1538 553 1539
1521 1540 1539 548
548 1539 1543 1524
1539 553 1541 1543
1543 1541 554 1542
1524 1543 1542 549
549 1542 1545 1527
1542 554 1544 1545
1545 1544 138 139
1527 1545 139 140
120 121 1548 1529
121 122 1546 1548
1548 1546 555 1547
1529 1548 1547 550
550 1547 1551 1532
1547 555 1549 1551
1551 1549 556 1550
1532 1551 1550 551
551 1550 1554 1535
1550 556 1552 1554
1554 1552 557 1553
1535 1554 1553 552
552 1553 1557 1538
1553 557 1555 1557
1557 1555 558 1556
1538 1557 1556 553
553 1556 1560 1541
1556 558 1558 1560
1560 1558 559 1559
1541 1560 1559 554
554 1559 1562 1544
1559 559 1561 1562
1562 1561 136 137
1544 1562 137 138
122 123 1564 1546
123 2 124 1564
1564 124 125 1563
1546 1564 1563 555
555 1563 1566 1549
1563 125 126 1566
1566 126 127 1565
1549 1566 1565 556
556 1565 1568 1552
1565 127 128 1568
1568 128 129 1567
1552 1568 1567 557
557 1567 1570 1555
1567 129 130 1570
1570 130 131 1569
1555 1570 1569 558
558 1569 1572 1558
1569 131 132 1572
1572 132 133 1571
1558 1572 1571 559
559 1571 1573 1561
1571 133 134 1573
1573 134 3 135
1561 1573 135 136
