1 1 1 1 1 5 193 180 24 25 26 250 251 252 253 254 255 190 191 192 256 260 257 261 258 262 259 263 264
2 1 1 1 180 193 194 179 255 254 253 265 266 267 268 269 270 187 188 189 271 275 272 276 273 277 274 278 279
3 1 1 1 179 194 195 178 270 269 268 280 281 282 283 284 285 184 185 186 286 290 287 291 288 292 289 293 294
4 1 1 1 178 195 117 4 285 284 283 295 296 297 175 176 177 181 182 183 298 302 299 303 300 304 301 305 306
5 1 1 1 5 6 196 193 27 28 29 307 308 309 310 311 312 252 251 250 313 317 314 318 315 319 316 320 321
6 1 1 1 193 196 197 194 312 311 310 322 323 324 325 326 327 267 266 265 328 332 329 333 330 334 331 335 336
7 1 1 1 194 197 198 195 327 326 325 337 338 339 340 341 342 282 281 280 343 347 344 348 345 349 346 350 351
8 1 1 1 195 198 116 117 342 341 340 352 353 354 172 173 174 297 296 295 355 359 356 360 357 361 358 362 363
9 1 1 1 6 7 199 196 30 31 32 364 365 366 367 368 369 309 308 307 370 374 371 375 372 376 373 377 378
10 1 1 1 196 199 200 197 369 368 367 379 380 381 382 383 384 324 323 322 385 389 386 390 387 391 388 392 393
11 1 1 1 197 200 201 198 384 383 382 394 395 396 397 398 399 339 338 337 400 404 401 405 402 406 403 407 408
12 1 1 1 198 201 115 116 399 398 397 409 410 411 169 170 171 354 353 352 412 416 413 417 414 418 415 419 420
13 1 1 1 7 8 202 199 33 34 35 421 422 423 424 425 426 366 365 364 427 431 428 432 429 433 430 434 435
14 1 1 1 199 202 203 200 426 425 424 436 437 438 439 440 441 381 380 379 442 446 443 447 444 448 445 449 450
15 1 1 1 200 203 204 201 441 440 439 451 452 453 454 455 456 396 395 394 457 461 458 462 459 463 460 464 465
16 1 1 1 201 204 114 115 456 455 454 466 467 468 166 167 168 411 410 409 469 473 470 474 471 475 472 476 477
17 1 1 1 8 9 205 202 36 37 38 478 479 480 481 482 483 423 422 421 484 488 485 489 486 490 487 491 492
18 1 1 1 202 205 206 203 483 482 481 493 494 495 496 497 498 438 437 436 499 503 500 504 501 505 502 506 507
19 1 1 1 203 206 207 204 498 497 496 508 509 510 511 512 513 453 452 451 514 518 515 519 516 520 517 521 522
20 1 1 1 204 207 113 114 513 512 511 523 524 525 163 164 165 468 467 466 526 530 527 531 528 532 529 533 534
21 1 1 1 9 10 208 205 39 40 41 535 536 537 538 539 540 480 479 478 541 545 542 546 543 547 544 548 549
22 1 1 1 205 208 209 206 540 539 538 550 551 552 553 554 555 495 494 493 556 560 557 561 558 562 559 563 564
23 1 1 1 206 209 210 207 555 554 553 565 566 567 568 569 570 510 509 508 571 575 572 576 573 577 574 578 579
24 1 1 1 207 210 112 113 570 569 568 580 581 582 160 161 162 525 524 523 583 587 584 588 585 589 586 590 591
25 1 1 1 10 11 211 208 42 43 44 592 593 594 595 596 597 537 536 535 598 602 599 603 600 604 601 605 606
26 1 1 1 208 211 212 209 597 596 595 607 608 609 610 611 612 552 551 550 613 617 614 618 615 619 616 620 621
27 1 1 1 209 212 213 210 612 611 610 622 623 624 625 626 627 567 566 565 628 632 629 633 630 634 631 635 636
28 1 1 1 210 213 111 112 627 626 625 637 638 639 157 158 159 582 581 580 640 644 641 645 642 646 643 647 648
29 1 1 1 11 12 214 211 45 46 47 649 650 651 652 653 654 594 593 592 655 659 656 660 657 661 658 662 663
30 1 1 1 211 214 215 212 654 653 652 664 665 666 667 668 669 609 608 607 670 674 671 675 672 676 673 677 678
31 1 1 1 212 215 216 213 669 668 667 679 680 681 682 683 684 624 623 622 685 689 686 690 687 691 688 692 693
32 1 1 1 213 216 110 111 684 683 682 694 695 696 154 155 156 639 638 637 697 701 698 702 699 703 700 704 705
33 1 1 1 12 13 217 214 48 49 50 706 707 708 709 710 711 651 650 649 712 716 713 717 714 718 715 719 720
34 1 1 1 214 217 218 215 711 710 709 721 722 723 724 725 726 666 665 664 727 731 728 732 729 733 730 734 735
35 1 1 1 215 218 219 216 726 725 724 736 737 738 739 740 741 681 680 679 742 746 743 747 744 748 745 749 750
36 1 1 1 216 219 109 110 741 740 739 751 752 753 151 152 153 696 695 694 754 758 755 759 756 760 757 761 762
37 1 1 1 13 14 220 217 51 52 53 763 764 765 766 767 768 708 707 706 769 773 770 774 771 775 772 776 777
38 1 1 1 217 220 221 218 768 767 766 778 779 780 781 782 783 723 722 721 784 788 785 789 786 790 787 791 792
39 1 1 1 218 221 222 219 783 782 781 793 794 795 796 797 798 738 737 736 799 803 800 804 801 805 802 806 807
40 1 1 1 219 222 108 109 798 797 796 808 809 810 148 149 150 753 752 751 811 815 812 816 813 817 814 818 819
41 1 1 1 14 15 223 220 54 55 56 820 821 822 823 824 825 765 764 763 826 830 827 831 828 832 829 833 834
42 1 1 1 220 223 224 221 825 824 823 835 836 837 838 839 840 780 779 778 841 845 842 846 843 847 844 848 849
43 1 1 1 221 224 225 222 840 839 838 850 851 852 853 854 855 795 794 793 856 860 857 861 858 862 859 863 864
44 1 1 1 222 225 107 108 855 854 853 865 866 867 145 146 147 810 809 808 868 872 869 873 870 874 871 875 876
45 1 1 1 15 16 226 223 57 58 59 877 878 879 880 881 882 822 821 820 883 887 884 888 885 889 886 890 891
46 1 1 1 223 226 227 224 882 881 880 892 893 894 895 896 897 837 836 835 898 902 899 903 900 904 901 905 906
47 1 1 1 224 227 228 225 897 896 895 907 908 909 910 911 912 852 851 850 913 917 914 918 915 919 916 920 921
48 1 1 1 225 228 106 107 912 911 910 922 923 924 142 143 144 867 866 865 925 929 926 930 927 931 928 932 933
49 1 1 1 16 17 229 226 60 61 62 934 935 936 937 938 939 879 878 877 940 944 941 945 942 946 943 947 948
50 1 1 1 226 229 230 227 939 938 937 949 950 951 952 953 954 894 893 892 955 959 956 960 957 961 958 962 963
51 1 1 1 227 230 231 228 954 953 952 964 965 966 967 968 969 909 908 907 970 974 971 975 972 976 973 977 978
52 1 1 1 228 231 105 106 969 968 967 979 980 981 139 140 141 924 923 922 982 986 983 987 984 988 985 989 990
53 1 1 1 17 18 232 229 63 64 65 991 992 993 994 995 996 936 935 934 997 1001 998 1002 999 1003 1000 1004 1005
54 1 1 1 229 232 233 230 996 995 994 1006 1007 1008 1009 1010 1011 951 950 949 1012 1016 1013 1017 1014 1018 1015 1019 1020
55 1 1 1 230 233 234 231 1011 1010 1009 1021 1022 1023 1024 1025 1026 966 965 964 1027 1031 1028 1032 1029 1033 1030 1034 1035
56 1 1 1 231 234 104 105 1026 1025 1024 1036 1037 1038 136 137 138 981 980 979 1039 1043 1040 1044 1041 1045 1042 1046 1047
57 1 1 1 18 19 235 232 66 67 68 1048 1049 1050 1051 1052 1053 993 992 991 1054 1058 1055 1059 1056 1060 1057 1061 1062
58 1 1 1 232 235 236 233 1053 1052 1051 1063 1064 1065 1066 1067 1068 1008 1007 1006 1069 1073 1070 1074 1071 1075 1072 1076 1077
59 1 1 1 233 236 237 234 1068 1067 1066 1078 1079 1080 1081 1082 1083 1023 1022 1021 1084 1088 1085 1089 1086 1090 1087 1091 1092
60 1 1 1 234 237 103 104 1083 1082 1081 1093 1094 1095 133 134 135 1038 1037 1036 1096 1100 1097 1101 1098 1102 1099 1103 1104
61 1 1 1 19 20 238 235 69 70 71 1105 1106 1107 1108 1109 1110 1050 1049 1048 1111 1115 1112 1116 1113 1117 1114 1118 1119
62 1 1 1 235 238 239 236 1110 1109 1108 1120 1121 1122 1123 1124 1125 1065 1064 1063 1126 1130 1127 1131 1128 1132 1129 1133 1134
63 1 1 1 236 239 240 237 1125 1124 1123 1135 1136 1137 1138 1139 1140 1080 1079 1078 1141 1145 1142 1146 1143 1147 1144 1148 1149
64 1 1 1 237 240 102 103 1140 1139 1138 1150 1151 1152 130 131 132 1095 1094 1093 1153 1157 1154 1158 1155 1159 1156 1160 1161
65 1 1 1 20 21 241 238 72 73 74 1162 1163 1164 1165 1166 1167 1107 1106 1105 1168 1172 1169 1173 1170 1174 1171 1175 1176
66 1 1 1 238 241 242 239 1167 1166 1165 1177 1178 1179 1180 1181 1182 1122 1121 1120 1183 1187 1184 1188 1185 1189 1186 1190 1191
67 1 1 1 239 242 243 240 1182 1181 1180 1192 1193 1194 1195 1196 1197 1137 1136 1135 1198 1202 1199 1203 1200 1204 1201 1205 1206
68 1 1 1 240 243 101 102 1197 1196 1195 1207 1208 1209 127 128 129 1152 1151 1150 1210 1214 1211 1215 1212 1216 1213 1217 1218
69 1 1 1 21 22 244 241 75 76 77 1219 1220 1221 1222 1223 1224 1164 1163 1162 1225 1229 1226 1230 1227 1231 1228 1232 1233
70 1 1 1 241 244 245 242 1224 1223 1222 1234 1235 1236 1237 1238 1239 1179 1178 1177 1240 1244 1241 1245 1242 1246 1243 1247 1248
71 1 1 1 242 245 246 243 1239 1238 1237 1249 1250 1251 1252 1253 1254 1194 1193 1192 1255 1259 1256 1260 1257 1261 1258 1262 1263
72 1 1 1 243 246 100 101 1254 1253 1252 1264 1265 1266 124 125 126 1209 1208 1207 1267 1271 1268 1272 1269 1273 1270 1274 1275
73 1 1 1 22 23 247 244 78 79 80 1276 1277 1278 1279 1280 1281 1221 1220 1219 1282 1286 1283 1287 1284 1288 1285 1289 1290
74 1 1 1 244 247 248 245 1281 1280 1279 1291 1292 1293 1294 1295 1296 1236 1235 1234 1297 1301 1298 1302 1299 1303 1300 1304 1305
75 1 1 1 245 248 249 246 1296 1295 1294 1306 1307 1308 1309 1310 1311 1251 1250 1249 1312 1316 1313 1317 1314 1318 1315 1319 1320
76 1 1 1 246 249 99 100 1311 1310 1309 1321 1322 1323 121 122 123 1266 1265 1264 1324 1328 1325 1329 1326 1330 1327 1331 1332
77 1 1 1 23 2 84 247 81 82 83 87 88 89 1333 1334 1335 1278 1277 1276 1336 1340 1337 1341 1338 1342 1339 1343 1344
78 1 1 1 247 84 85 248 1335 1334 1333 90 91 92 1345 1346 1347 1293 1292 1291 1348 1352 1349 1353 1350 1354 1351 1355 1356
79 1 1 1 248 85 86 249 1347 1346 1345 93 94 95 1357 1358 1359 1308 1307 1306 1360 1364 1361 1365 1362 1366 1363 1367 1368
80 1 1 1 249 86 3 99 1359 1358 1357 96 97 98 118 119 120 1323 1322 1321 1369 1373 1370 1374 1371 1375 1372 1376 1377
