1 0 0 0
2 5 0 0
3 5 1 0
4 0 1 0
5 0.25 0 0
6 0.5 0 0
7 0.75 0 0
8 1 0 0
9 1.25 0 0
10 1.5 0 0
11 1.75 0 0
12 2 0 0
13 2.25 0 0
14 2.5 0 0
15 2.75 0 0
16 3 0 0
17 3.25 0 0
18 3.5 0 0
19 3.75 0 0
20 4 0 0
21 4.25 0 0
22 4.5 0 0
23 4.75 0 0
24 0.0625 0 0
25 0.125 0 0
26 0.1875 0 0
27 0.3125 0 0
28 0.375 0 0
29 0.4375 0 0
30 0.5625 0 0
31 0.625 0 0
32 0.6875 0 0
33 0.8125 0 0
34 0.875 0 0
35 0.9375 0 0
36 1.0625 0 0
37 1.125 0 0
38 1.1875 0 0
39 1.3125 0 0
40 1.375 0 0
41 1.4375 0 0
42 1.5625 0 0
43 1.625 0 0
44 1.6875 0 0
45 1.8125 0 0
46 1.875 0 0
47 1.9375 0 0
48 2.0625 0 0
49 2.125 0 0
50 2.1875 0 0
51 2.3125 0 0
52 2.375 0 0
53 2.4375 0 0
54 2.5625 0 0
55 2.625 0 0
56 2.6875 0 0
57 2.8125 0 0
58 2.875 0 0
59 2.9375 0 0
60 3.0625 0 0
61 3.125 0 0
62 3.1875 0 0
63 3.3125 0 0
64 3.375 0 0
65 3.4375 0 0
66 3.5625 0 0
67 3.625 0 0
68 3.6875 0 0
69 3.8125 0 0
70 3.875 0 0
71 3.9375 0 0
72 4.0625 0 0
73 4.125 0 0
74 4.1875 0 0
75 4.3125 0 0
76 4.375 0 0
77 4.4375 0 0
78 4.5625 0 0
79 4.625 0 0
80 4.6875 0 0
81 4.8125 0 0
82 4.875 0 0
83 4.9375 0 0
84 5 0.25 0
85 5 0.5 0
86 5 0.75 0
87 5 0.0625 0
88 5 0.125 0
89 5 0.1875 0
90 5 0.3125 0
91 5 0.375 0
92 5 0.4375 0
93 5 0.5625 0
94 5 0.625 0
95 5 0.6875 0
96 5 0.8125 0
97 5 0.875 0
98 5 0.9375 0
99 4.75 1 0
100 4.5 1 0
101 4.25 1 0
102 4 1 0
103 3.75 1 0
104 3.5 1 0
105 3.25 1 0
106 3 1 0
107 2.75 1 0
108 2.5 1 0
109 2.25 1 0
110 2 1 0
111 1.75 1 0
112 1.5 1 0
113 1.25 1 0
114 1 1 0
115 0.75 1 0
116 0.5 1 0
117 0.25 1 0
118 4.9375 1 0
119 4.875 1 0
120 4.8125 1 0
121 4.6875 1 0
122 4.625 1 0
123 4.5625 1 0
124 4.4375 1 0
125 4.375 1 0
126 4.3125 1 0
127 4.1875 1 0
128 4.125 1 0
129 4.0625 1 0
130 3.9375 1 0
131 3.875 1 0
132 3.8125 1 0
133 3.6875 1 0
134 3.625 1 0
135 3.5625 1 0
136 3.4375 1 0
137 3.375 1 0
138 3.3125 1 0
139 3.1875 1 0
140 3.125 1 0
141 3.0625 1 0
142 2.9375 1 0
143 2.875 1 0
144 2.8125 1 0
145 2.6875 1 0
146 2.625 1 0
147 2.5625 1 0
148 2.4375 1 0
149 2.375 1 0
150 2.3125 1 0
151 2.1875 1 0
152 2.125 1 0
153 2.0625 1 0
154 1.9375 1 0
155 1.875 1 0
156 1.8125 1 0
157 1.6875 1 0
158 1.625 1 0
159 1.5625 1 0
160 1.4375 1 0
161 1.375 1 0
162 1.3125 1 0
163 1.1875 1 0
164 1.125 1 0
165 1.0625 1 0
166 0.9375 1 0
167 0.875 1 0
168 0.8125 1 0
169 0.6875 1 0
170 0.625 1 0
171 0.5625 1 0
172 0.4375 1 0
173 0.375 1 0
174 0.3125 1 0
175 0.1875 1 0
176 0.125 1 0
177 0.0625 1 0
178 0 0.75 0
179 0 0.5 0
180 0 0.25 0
181 0 0.9375 0
182 0 0.875 0
183 0 0.8125 0
184 0 0.6875 0
185 0 0.625 0
186 0 0.5625 0
187 0 0.4375 0
188 0 0.375 0
189 0 0.3125 0
190 0 0.1875 0
191 0 0.125 0
192 0 0.0625 0
193 0.25 0.25 0
194 0.25 0.5 0
195 0.25 0.75 0
196 0.5 0.25 0
197 0.5 0.5 0
198 0.5 0.75 0
199 0.75 0.25 0
200 0.75 0.5 0
201 0.75 0.75 0
202 1 0.25 0
203 1 0.5 0
204 1 0.75 0
205 1.25 0.25 0
206 1.25 0.5 0
207 1.25 0.75 0
208 1.5 0.25 0
209 1.5 0.5 0
210 1.5 0.75 0
211 1.75 0.25 0
212 1.75 0.5 0
213 1.75 0.75 0
214 2 0.25 0
215 2 0.5 0
216 2 0.75 0
217 2.25 0.25 0
218 2.25 0.5 0
219 2.25 0.75 0
220 2.5 0.25 0
221 2.5 0.5 0
222 2.5 0.75 0
223 2.75 0.25 0
224 2.75 0.5 0
225 2.75 0.75 0
226 3 0.25 0
227 3 0.5 0
228 3 0.75 0
229 3.25 0.25 0
230 3.25 0.5 0
231 3.25 0.75 0
232 3.5 0.25 0
233 3.5 0.5 0
234 3.5 0.75 0
235 3.75 0.25 0
236 3.75 0.5 0
237 3.75 0.75 0
238 4 0.25 0
239 4 0.5 0
240 4 0.75 0
241 4.25 0.25 0
242 4.25 0.5 0
243 4.25 0.75 0
244 4.5 0.25 0
245 4.5 0.5 0
246 4.5 0.75 0
247 4.75 0.25 0
248 4.75 0.5 0
249 4.75 0.75 0
250 0.25 0.0625 0
251 0.25 0.125 0
252 0.25 0.1875 0
253 0.1875 0.25 0
254 0.125 0.25 0
255 0.0625 0.25 0
256 0.0625 0.0625 0
257 0.1875 0.0625 0
258 0.1875 0.1875 0
259 0.0625 0.1875 0
260 0.125 0.0625 0
261 0.1875 0.125 0
262 0.125 0.1875 0
263 0.0625 0.125 0
264 0.125 0.125 0
265 0.25 0.3125 0
266 0.25 0.375 0
267 0.25 0.4375 0
268 0.1875 0.5 0
269 0.125 0.5 0
270 0.0625 0.5 0
271 0.0625 0.3125 0
272 0.1875 0.3125 0
273 0.1875 0.4375 0
274 0.0625 0.4375 0
275 0.125 0.3125 0
276 0.1875 0.375 0
277 0.125 0.4375 0
278 0.0625 0.375 0
279 0.125 0.375 0
280 0.25 0.5625 0
281 0.25 0.625 0
282 0.25 0.6875 0
283 0.1875 0.75 0
284 0.125 0.75 0
285 0.0625 0.75 0
286 0.0625 0.5625 0
287 0.1875 0.5625 0
288 0.1875 0.6875 0
289 0.0625 0.6875 0
290 0.125 0.5625 0
291 0.1875 0.625 0
292 0.125 0.6875 0
293 0.0625 0.625 0
294 0.125 0.625 0
295 0.25 0.8125 0
296 0.25 0.875 0
297 0.25 0.9375 0
298 0.0625 0.8125 0
299 0.1875 0.8125 0
300 0.1875 0.9375 0
301 0.0625 0.9375 0
302 0.125 0.8125 0
303 0.1875 0.875 0
304 0.125 0.9375 0
305 0.0625 0.875 0
306 0.125 0.875 0
307 0.5 0.0625 0
308 0.5 0.125 0
309 0.5 0.1875 0
310 0.4375 0.25 0
311 0.375 0.25 0
312 0.3125 0.25 0
313 0.3125 0.0625 0
314 0.4375 0.0625 0
315 0.4375 0.1875 0
316 0.3125 0.1875 0
317 0.375 0.0625 0
318 0.4375 0.125 0
319 0.375 0.1875 0
320 0.3125 0.125 0
321 0.375 0.125 0
322 0.5 0.3125 0
323 0.5 0.375 0
324 0.5 0.4375 0
325 0.4375 0.5 0
326 0.375 0.5 0
327 0.3125 0.5 0
328 0.3125 0.3125 0
329 0.4375 0.3125 0
330 0.4375 0.4375 0
331 0.3125 0.4375 0
332 0.375 0.3125 0
333 0.4375 0.375 0
334 0.375 0.4375 0
335 0.3125 0.375 0
336 0.375 0.375 0
337 0.5 0.5625 0
338 0.5 0.625 0
339 0.5 0.6875 0
340 0.4375 0.75 0
341 0.375 0.75 0
342 0.3125 0.75 0
343 0.3125 0.5625 0
344 0.4375 0.5625 0
345 0.4375 0.6875 0
346 0.3125 0.6875 0
347 0.375 0.5625 0
348 0.4375 0.625 0
349 0.375 0.6875 0
350 0.3125 0.625 0
351 0.375 0.625 0
352 0.5 0.8125 0
353 0.5 0.875 0
354 0.5 0.9375 0
355 0.3125 0.8125 0
356 0.4375 0.8125 0
357 0.4375 0.9375 0
358 0.3125 0.9375 0
359 0.375 0.8125 0
360 0.4375 0.875 0
361 0.375 0.9375 0
362 0.3125 0.875 0
363 0.375 0.875 0
364 0.75 0.0625 0
365 0.75 0.125 0
366 0.75 0.1875 0
367 0.6875 0.25 0
368 0.625 0.25 0
369 0.5625 0.25 0
370 0.5625 0.0625 0
371 0.6875 0.0625 0
372 0.6875 0.1875 0
373 0.5625 0.1875 0
374 0.625 0.0625 0
375 0.6875 0.125 0
376 0.625 0.1875 0
377 0.5625 0.125 0
378 0.625 0.125 0
379 0.75 0.3125 0
380 0.75 0.375 0
381 0.75 0.4375 0
382 0.6875 0.5 0
383 0.625 0.5 0
384 0.5625 0.5 0
385 0.5625 0.3125 0
386 0.6875 0.3125 0
387 0.6875 0.4375 0
388 0.5625 0.4375 0
389 0.625 0.3125 0
390 0.6875 0.375 0
391 0.625 0.4375 0
392 0.5625 0.375 0
393 0.625 0.375 0
394 0.75 0.5625 0
395 0.75 0.625 0
396 0.75 0.6875 0
397 0.6875 0.75 0
398 0.625 0.75 0
399 0.5625 0.75 0
400 0.5625 0.5625 0
401 0.6875 0.5625 0
402 0.6875 0.6875 0
403 0.5625 0.6875 0
404 0.625 0.5625 0
405 0.6875 0.625 0
406 0.625 0.6875 0
407 0.5625 0.625 0
408 0.625 0.625 0
409 0.75 0.8125 0
410 0.75 0.875 0
411 0.75 0.9375 0
412 0.5625 0.8125 0
413 0.6875 0.8125 0
414 0.6875 0.9375 0
415 0.5625 0.9375 0
416 0.625 0.8125 0
417 0.6875 0.875 0
418 0.625 0.9375 0
419 0.5625 0.875 0
420 0.625 0.875 0
421 1 0.0625 0
422 1 0.125 0
423 1 0.1875 0
424 0.9375 0.25 0
425 0.875 0.25 0
426 0.8125 0.25 0
427 0.8125 0.0625 0
428 0.9375 0.0625 0
429 0.9375 0.1875 0
430 0.8125 0.1875 0
431 0.875 0.0625 0
432 0.9375 0.125 0
433 0.875 0.1875 0
434 0.8125 0.125 0
435 0.875 0.125 0
436 1 0.3125 0
437 1 0.375 0
438 1 0.4375 0
439 0.9375 0.5 0
440 0.875 0.5 0
441 0.8125 0.5 0
442 0.8125 0.3125 0
443 0.9375 0.3125 0
444 0.9375 0.4375 0
445 0.8125 0.4375 0
446 0.875 0.3125 0
447 0.9375 0.375 0
448 0.875 0.4375 0
449 0.8125 0.375 0
450 0.875 0.375 0
451 1 0.5625 0
452 1 0.625 0
453 1 0.6875 0
454 0.9375 0.75 0
455 0.875 0.75 0
456 0.8125 0.75 0
457 0.8125 0.5625 0
458 0.9375 0.5625 0
459 0.9375 0.6875 0
460 0.8125 0.6875 0
461 0.875 0.5625 0
462 0.9375 0.625 0
463 0.875 0.6875 0
464 0.8125 0.625 0
465 0.875 0.625 0
466 1 0.8125 0
467 1 0.875 0
468 1 0.9375 0
469 0.8125 0.8125 0
470 0.9375 0.8125 0
471 0.9375 0.9375 0
472 0.8125 0.9375 0
473 0.875 0.8125 0
474 0.9375 0.875 0
475 0.875 0.9375 0
476 0.8125 0.875 0
477 0.875 0.875 0
478 1.25 0.0625 0
479 1.25 0.125 0
480 1.25 0.1875 0
481 1.1875 0.25 0
482 1.125 0.25 0
483 1.0625 0.25 0
484 1.0625 0.0625 0
485 1.1875 0.0625 0
486 1.1875 0.1875 0
487 1.0625 0.1875 0
488 1.125 0.0625 0
489 1.1875 0.125 0
490 1.125 0.1875 0
491 1.0625 0.125 0
492 1.125 0.125 0
493 1.25 0.3125 0
494 1.25 0.375 0
495 1.25 0.4375 0
496 1.1875 0.5 0
497 1.125 0.5 0
498 1.0625 0.5 0
499 1.0625 0.3125 0
500 1.1875 0.3125 0
501 1.1875 0.4375 0
502 1.0625 0.4375 0
503 1.125 0.3125 0
504 1.1875 0.375 0
505 1.125 0.4375 0
506 1.0625 0.375 0
507 1.125 0.375 0
508 1.25 0.5625 0
509 1.25 0.625 0
510 1.25 0.6875 0
511 1.1875 0.75 0
512 1.125 0.75 0
513 1.0625 0.75 0
514 1.0625 0.5625 0
515 1.1875 0.5625 0
516 1.1875 0.6875 0
517 1.0625 0.6875 0
518 1.125 0.5625 0
519 1.1875 0.625 0
520 1.125 0.6875 0
521 1.0625 0.625 0
522 1.125 0.625 0
523 1.25 0.8125 0
524 1.25 0.875 0
525 1.25 0.9375 0
526 1.0625 0.8125 0
527 1.1875 0.8125 0
528 1.1875 0.9375 0
529 1.0625 0.9375 0
530 1.125 0.8125 0
531 1.1875 0.875 0
532 1.125 0.9375 0
533 1.0625 0.875 0
534 1.125 0.875 0
535 1.5 0.0625 0
536 1.5 0.125 0
537 1.5 0.1875 0
538 1.4375 0.25 0
539 1.375 0.25 0
540 1.3125 0.25 0
541 1.3125 0.0625 0
542 1.4375 0.0625 0
543 1.4375 0.1875 0
544 1.3125 0.1875 0
545 1.375 0.0625 0
546 1.4375 0.125 0
547 1.375 0.1875 0
548 1.3125 0.125 0
549 1.375 0.125 0
550 1.5 0.3125 0
551 1.5 0.375 0
552 1.5 0.4375 0
553 1.4375 0.5 0
554 1.375 0.5 0
555 1.3125 0.5 0
556 1.3125 0.3125 0
557 1.4375 0.3125 0
558 1.4375 0.4375 0
559 1.3125 0.4375 0
560 1.375 0.3125 0
561 1.4375 0.375 0
562 1.375 0.4375 0
563 1.3125 0.375 0
564 1.375 0.375 0
565 1.5 0.5625 0
566 1.5 0.625 0
567 1.5 0.6875 0
568 1.4375 0.75 0
569 1.375 0.75 0
570 1.3125 0.75 0
571 1.3125 0.5625 0
572 1.4375 0.5625 0
573 1.4375 0.6875 0
574 1.3125 0.6875 0
575 1.375 0.5625 0
576 1.4375 0.625 0
577 1.375 0.6875 0
578 1.3125 0.625 0
579 1.375 0.625 0
580 1.5 0.8125 0
581 1.5 0.875 0
582 1.5 0.9375 0
583 1.3125 0.8125 0
584 1.4375 0.8125 0
585 1.4375 0.9375 0
586 1.3125 0.9375 0
587 1.375 0.8125 0
588 1.4375 0.875 0
589 1.375 0.9375 0
590 1.3125 0.875 0
591 1.375 0.875 0
592 1.75 0.0625 0
593 1.75 0.125 0
594 1.75 0.1875 0
595 1.6875 0.25 0
596 1.625 0.25 0
597 1.5625 0.25 0
598 1.5625 0.0625 0
599 1.6875 0.0625 0
600 1.6875 0.1875 0
601 1.5625 0.1875 0
602 1.625 0.0625 0
603 1.6875 0.125 0
604 1.625 0.1875 0
605 1.5625 0.125 0
606 1.625 0.125 0
607 1.75 0.3125 0
608 1.75 0.375 0
609 1.75 0.4375 0
610 1.6875 0.5 0
611 1.625 0.5 0
612 1.5625 0.5 0
613 1.5625 0.3125 0
614 1.6875 0.3125 0
615 1.6875 0.4375 0
616 1.5625 0.4375 0
617 1.625 0.3125 0
618 1.6875 0.375 0
619 1.625 0.4375 0
620 1.5625 0.375 0
621 1.625 0.375 0
622 1.75 0.5625 0
623 1.75 0.625 0
624 1.75 0.6875 0
625 1.6875 0.75 0
626 1.625 0.75 0
627 1.5625 0.75 0
628 1.5625 0.5625 0
629 1.6875 0.5625 0
630 1.6875 0.6875 0
631 1.5625 0.6875 0
632 1.625 0.5625 0
633 1.6875 0.625 0
634 1.625 0.6875 0
635 1.5625 0.625 0
636 1.625 0.625 0
637 1.75 0.8125 0
638 1.75 0.875 0
639 1.75 0.9375 0
640 1.5625 0.8125 0
641 1.6875 0.8125 0
642 1.6875 0.9375 0
643 1.5625 0.9375 0
644 1.625 0.8125 0
645 1.6875 0.875 0
646 1.625 0.9375 0
647 1.5625 0.875 0
648 1.625 0.875 0
649 2 0.0625 0
650 2 0.125 0
651 2 0.1875 0
652 1.9375 0.25 0
653 1.875 0.25 0
654 1.8125 0.25 0
655 1.8125 0.0625 0
656 1.9375 0.0625 0
657 1.9375 0.1875 0
658 1.8125 0.1875 0
659 1.875 0.0625 0
660 1.9375 0.125 0
661 1.875 0.1875 0
662 1.8125 0.125 0
663 1.875 0.125 0
664 2 0.3125 0
665 2 0.375 0
666 2 0.4375 0
667 1.9375 0.5 0
668 1.875 0.5 0
669 1.8125 0.5 0
670 1.8125 0.3125 0
671 1.9375 0.3125 0
672 1.9375 0.4375 0
673 1.8125 0.4375 0
674 1.875 0.3125 0
675 1.9375 0.375 0
676 1.875 0.4375 0
677 1.8125 0.375 0
678 1.875 0.375 0
679 2 0.5625 0
680 2 0.625 0
681 2 0.6875 0
682 1.9375 0.75 0
683 1.875 0.75 0
684 1.8125 0.75 0
685 1.8125 0.5625 0
686 1.9375 0.5625 0
687 1.9375 0.6875 0
688 1.8125 0.6875 0
689 1.875 0.5625 0
690 1.9375 0.625 0
691 1.875 0.6875 0
692 1.8125 0.625 0
693 1.875 0.625 0
694 2 0.8125 0
695 2 0.875 0
696 2 0.9375 0
697 1.8125 0.8125 0
698 1.9375 0.8125 0
699 1.9375 0.9375 0
700 1.8125 0.9375 0
701 1.875 0.8125 0
702 1.9375 0.875 0
703 1.875 0.9375 0
704 1.8125 0.875 0
705 1.875 0.875 0
706 2.25 0.0625 0
707 2.25 0.125 0
708 2.25 0.1875 0
709 2.1875 0.25 0
710 2.125 0.25 0
711 2.0625 0.25 0
712 2.0625 0.0625 0
713 2.1875 0.0625 0
714 2.1875 0.1875 0
715 2.0625 0.1875 0
716 2.125 0.0625 0
717 2.1875 0.125 0
718 2.125 0.1875 0
719 2.0625 0.125 0
720 2.125 0.125 0
721 2.25 0.3125 0
722 2.25 0.375 0
723 2.25 0.4375 0
724 2.1875 0.5 0
725 2.125 0.5 0
726 2.0625 0.5 0
727 2.0625 0.3125 0
728 2.1875 0.3125 0
729 2.1875 0.4375 0
730 2.0625 0.4375 0
731 2.125 0.3125 0
732 2.1875 0.375 0
733 2.125 0.4375 0
734 2.0625 0.375 0
735 2.125 0.375 0
736 2.25 0.5625 0
737 2.25 0.625 0
738 2.25 0.6875 0
739 2.1875 0.75 0
740 2.125 0.75 0
741 2.0625 0.75 0
742 2.0625 0.5625 0
743 2.1875 0.5625 0
744 2.1875 0.6875 0
745 2.0625 0.6875 0
746 2.125 0.5625 0
747 2.1875 0.625 0
748 2.125 0.6875 0
749 2.0625 0.625 0
750 2.125 0.625 0
751 2.25 0.8125 0
752 2.25 0.875 0
753 2.25 0.9375 0
754 2.0625 0.8125 0
755 2.1875 0.8125 0
756 2.1875 0.9375 0
757 2.0625 0.9375 0
758 2.125 0.8125 0
759 2.1875 0.875 0
760 2.125 0.9375 0
761 2.0625 0.875 0
762 2.125 0.875 0
763 2.5 0.0625 0
764 2.5 0.125 0
765 2.5 0.1875 0
766 2.4375 0.25 0
767 2.375 0.25 0
768 2.3125 0.25 0
769 2.3125 0.0625 0
770 2.4375 0.0625 0
771 2.4375 0.1875 0
772 2.3125 0.1875 0
773 2.375 0.0625 0
774 2.4375 0.125 0
775 2.375 0.1875 0
776 2.3125 0.125 0
777 2.375 0.125 0
778 2.5 0.3125 0
779 2.5 0.375 0
780 2.5 0.4375 0
781 2.4375 0.5 0
782 2.375 0.5 0
783 2.3125 0.5 0
784 2.3125 0.3125 0
785 2.4375 0.3125 0
786 2.4375 0.4375 0
787 2.3125 0.4375 0
788 2.375 0.3125 0
789 2.4375 0.375 0
790 2.375 0.4375 0
791 2.3125 0.375 0
792 2.375 0.375 0
793 2.5 0.5625 0
794 2.5 0.625 0
795 2.5 0.6875 0
796 2.4375 0.75 0
797 2.375 0.75 0
798 2.3125 0.75 0
799 2.3125 0.5625 0
800 2.4375 0.5625 0
801 2.4375 0.6875 0
802 2.3125 0.6875 0
803 2.375 0.5625 0
804 2.4375 0.625 0
805 2.375 0.6875 0
806 2.3125 0.625 0
807 2.375 0.625 0
808 2.5 0.8125 0
809 2.5 0.875 0
810 2.5 0.9375 0
811 2.3125 0.8125 0
812 2.4375 0.8125 0
813 2.4375 0.9375 0
814 2.3125 0.9375 0
815 2.375 0.8125 0
816 2.4375 0.875 0
817 2.375 0.9375 0
818 2.3125 0.875 0
819 2.375 0.875 0
820 2.75 0.0625 0
821 2.75 0.125 0
822 2.75 0.1875 0
823 2.6875 0.25 0
824 2.625 0.25 0
825 2.5625 0.25 0
826 2.5625 0.0625 0
827 2.6875 0.0625 0
828 2.6875 0.1875 0
829 2.5625 0.1875 0
830 2.625 0.0625 0
831 2.6875 0.125 0
832 2.625 0.1875 0
833 2.5625 0.125 0
834 2.625 0.125 0
835 2.75 0.3125 0
836 2.75 0.375 0
837 2.75 0.4375 0
838 2.6875 0.5 0
839 2.625 0.5 0
840 2.5625 0.5 0
841 2.5625 0.3125 0
842 2.6875 0.3125 0
843 2.6875 0.4375 0
844 2.5625 0.4375 0
845 2.625 0.3125 0
846 2.6875 0.375 0
847 2.625 0.4375 0
848 2.5625 0.375 0
849 2.625 0.375 0
850 2.75 0.5625 0
851 2.75 0.625 0
852 2.75 0.6875 0
853 2.6875 0.75 0
854 2.625 0.75 0
855 2.5625 0.75 0
856 2.5625 0.5625 0
857 2.6875 0.5625 0
858 2.6875 0.6875 0
859 2.5625 0.6875 0
860 2.625 0.5625 0
861 2.6875 0.625 0
862 2.625 0.6875 0
863 2.5625 0.625 0
864 2.625 0.625 0
865 2.75 0.8125 0
866 2.75 0.875 0
867 2.75 0.9375 0
868 2.5625 0.8125 0
869 2.6875 0.8125 0
870 2.6875 0.9375 0
871 2.5625 0.9375 0
872 2.625 0.8125 0
873 2.6875 0.875 0
874 2.625 0.9375 0
875 2.5625 0.875 0
876 2.625 0.875 0
877 3 0.0625 0
878 3 0.125 0
879 3 0.1875 0
880 2.9375 0.25 0
881 2.875 0.25 0
882 2.8125 0.25 0
883 2.8125 0.0625 0
884 2.9375 0.0625 0
885 2.9375 0.1875 0
886 2.8125 0.1875 0
887 2.875 0.0625 0
888 2.9375 0.125 0
889 2.875 0.1875 0
890 2.8125 0.125 0
891 2.875 0.125 0
892 3 0.3125 0
893 3 0.375 0
894 3 0.4375 0
895 2.9375 0.5 0
896 2.875 0.5 0
897 2.8125 0.5 0
898 2.8125 0.3125 0
899 2.9375 0.3125 0
900 2.9375 0.4375 0
901 2.8125 0.4375 0
902 2.875 0.3125 0
903 2.9375 0.375 0
904 2.875 0.4375 0
905 2.8125 0.375 0
906 2.875 0.375 0
907 3 0.5625 0
908 3 0.625 0
909 3 0.6875 0
910 2.9375 0.75 0
911 2.875 0.75 0
912 2.8125 0.75 0
913 2.8125 0.5625 0
914 2.9375 0.5625 0
915 2.9375 0.6875 0
916 2.8125 0.6875 0
917 2.875 0.5625 0
918 2.9375 0.625 0
919 2.875 0.6875 0
920 2.8125 0.625 0
921 2.875 0.625 0
922 3 0.8125 0
923 3 0.875 0
924 3 0.9375 0
925 2.8125 0.8125 0
926 2.9375 0.8125 0
927 2.9375 0.9375 0
928 2.8125 0.9375 0
929 2.875 0.8125 0
930 2.9375 0.875 0
931 2.875 0.9375 0
932 2.8125 0.875 0
933 2.875 0.875 0
934 3.25 0.0625 0
935 3.25 0.125 0
936 3.25 0.1875 0
937 3.1875 0.25 0
938 3.125 0.25 0
939 3.0625 0.25 0
940 3.0625 0.0625 0
941 3.1875 0.0625 0
942 3.1875 0.1875 0
943 3.0625 0.1875 0
944 3.125 0.0625 0
945 3.1875 0.125 0
946 3.125 0.1875 0
947 3.0625 0.125 0
948 3.125 0.125 0
949 3.25 0.3125 0
950 3.25 0.375 0
951 3.25 0.4375 0
952 3.1875 0.5 0
953 3.125 0.5 0
954 3.0625 0.5 0
955 3.0625 0.3125 0
956 3.1875 0.3125 0
957 3.1875 0.4375 0
958 3.0625 0.4375 0
959 3.125 0.3125 0
960 3.1875 0.375 0
961 3.125 0.4375 0
962 3.0625 0.375 0
963 3.125 0.375 0
964 3.25 0.5625 0
965 3.25 0.625 0
966 3.25 0.6875 0
967 3.1875 0.75 0
968 3.125 0.75 0
969 3.0625 0.75 0
970 3.0625 0.5625 0
971 3.1875 0.5625 0
972 3.1875 0.6875 0
973 3.0625 0.6875 0
974 3.125 0.5625 0
975 3.1875 0.625 0
976 3.125 0.6875 0
977 3.0625 0.625 0
978 3.125 0.625 0
979 3.25 0.8125 0
980 3.25 0.875 0
981 3.25 0.9375 0
982 3.0625 0.8125 0
983 3.1875 0.8125 0
984 3.1875 0.9375 0
985 3.0625 0.9375 0
986 3.125 0.8125 0
987 3.1875 0.875 0
988 3.125 0.9375 0
989 3.0625 0.875 0
990 3.125 0.875 0
991 3.5 0.0625 0
992 3.5 0.125 0
993 3.5 0.1875 0
994 3.4375 0.25 0
995 3.375 0.25 0
996 3.3125 0.25 0
997 3.3125 0.0625 0
998 3.4375 0.0625 0
999 3.4375 0.1875 0
1000 3.3125 0.1875 0
1001 3.375 0.0625 0
1002 3.4375 0.125 0
1003 3.375 0.1875 0
1004 3.3125 0.125 0
1005 3.375 0.125 0
1006 3.5 0.3125 0
1007 3.5 0.375 0
1008 3.5 0.4375 0
1009 3.4375 0.5 0
1010 3.375 0.5 0
1011 3.3125 0.5 0
1012 3.3125 0.3125 0
1013 3.4375 0.3125 0
1014 3.4375 0.4375 0
1015 3.3125 0.4375 0
1016 3.375 0.3125 0
1017 3.4375 0.375 0
1018 3.375 0.4375 0
1019 3.3125 0.375 0
1020 3.375 0.375 0
1021 3.5 0.5625 0
1022 3.5 0.625 0
1023 3.5 0.6875 0
1024 3.4375 0.75 0
1025 3.375 0.75 0
1026 3.3125 0.75 0
1027 3.3125 0.5625 0
1028 3.4375 0.5625 0
1029 3.4375 0.6875 0
1030 3.3125 0.6875 0
1031 3.375 0.5625 0
1032 3.4375 0.625 0
1033 3.375 0.6875 0
1034 3.3125 0.625 0
1035 3.375 0.625 0
1036 3.5 0.8125 0
1037 3.5 0.875 0
1038 3.5 0.9375 0
1039 3.3125 0.8125 0
1040 3.4375 0.8125 0
1041 3.4375 0.9375 0
1042 3.3125 0.9375 0
1043 3.375 0.8125 0
1044 3.4375 0.875 0
1045 3.375 0.9375 0
1046 3.3125 0.875 0
1047 3.375 0.875 0
1048 3.75 0.0625 0
1049 3.75 0.125 0
1050 3.75 0.1875 0
1051 3.6875 0.25 0
1052 3.625 0.25 0
1053 3.5625 0.25 0
1054 3.5625 0.0625 0
1055 3.6875 0.0625 0
1056 3.6875 0.1875 0
1057 3.5625 0.1875 0
1058 3.625 0.0625 0
1059 3.6875 0.125 0
1060 3.625 0.1875 0
1061 3.5625 0.125 0
1062 3.625 0.125 0
1063 3.75 0.3125 0
1064 3.75 0.375 0
1065 3.75 0.4375 0
1066 3.6875 0.5 0
1067 3.625 0.5 0
1068 3.5625 0.5 0
1069 3.5625 0.3125 0
1070 3.6875 0.3125 0
1071 3.6875 0.4375 0
1072 3.5625 0.4375 0
1073 3.625 0.3125 0
1074 3.6875 0.375 0
1075 3.625 0.4375 0
1076 3.5625 0.375 0
1077 3.625 0.375 0
1078 3.75 0.5625 0
1079 3.75 0.625 0
1080 3.75 0.6875 0
1081 3.6875 0.75 0
1082 3.625 0.75 0
1083 3.5625 0.75 0
1084 3.5625 0.5625 0
1085 3.6875 0.5625 0
1086 3.6875 0.6875 0
1087 3.5625 0.6875 0
1088 3.625 0.5625 0
1089 3.6875 0.625 0
1090 3.625 0.6875 0
1091 3.5625 0.625 0
1092 3.625 0.625 0
1093 3.75 0.8125 0
1094 3.75 0.875 0
1095 3.75 0.9375 0
1096 3.5625 0.8125 0
1097 3.6875 0.8125 0
1098 3.6875 0.9375 0
1099 3.5625 0.9375 0
1100 3.625 0.8125 0
1101 3.6875 0.875 0
1102 3.625 0.9375 0
1103 3.5625 0.875 0
1104 3.625 0.875 0
1105 4 0.0625 0
1106 4 0.125 0
1107 4 0.1875 0
1108 3.9375 0.25 0
1109 3.875 0.25 0
1110 3.8125 0.25 0
1111 3.8125 0.0625 0
1112 3.9375 0.0625 0
1113 3.9375 0.1875 0
1114 3.8125 0.1875 0
1115 3.875 0.0625 0
1116 3.9375 0.125 0
1117 3.875 0.1875 0
1118 3.8125 0.125 0
1119 3.875 0.125 0
1120 4 0.3125 0
1121 4 0.375 0
1122 4 0.4375 0
1123 3.9375 0.5 0
1124 3.875 0.5 0
1125 3.8125 0.5 0
1126 3.8125 0.3125 0
1127 3.9375 0.3125 0
1128 3.9375 0.4375 0
1129 3.8125 0.4375 0
1130 3.875 0.3125 0
1131 3.9375 0.375 0
1132 3.875 0.4375 0
1133 3.8125 0.375 0
1134 3.875 0.375 0
1135 4 0.5625 0
1136 4 0.625 0
1137 4 0.6875 0
1138 3.9375 0.75 0
1139 3.875 0.75 0
1140 3.8125 0.75 0
1141 3.8125 0.5625 0
1142 3.9375 0.5625 0
1143 3.9375 0.6875 0
1144 3.8125 0.6875 0
1145 3.875 0.5625 0
1146 3.9375 0.625 0
1147 3.875 0.6875 0
1148 3.8125 0.625 0
1149 3.875 0.625 0
1150 4 0.8125 0
1151 4 0.875 0
1152 4 0.9375 0
1153 3.8125 0.8125 0
1154 3.9375 0.8125 0
1155 3.9375 0.9375 0
1156 3.8125 0.9375 0
1157 3.875 0.8125 0
1158 3.9375 0.875 0
1159 3.875 0.9375 0
1160 3.8125 0.875 0
1161 3.875 0.875 0
1162 4.25 0.0625 0
1163 4.25 0.125 0
1164 4.25 0.1875 0
1165 4.1875 0.25 0
1166 4.125 0.25 0
1167 4.0625 0.25 0
1168 4.0625 0.0625 0
1169 4.1875 0.0625 0
1170 4.1875 0.1875 0
1171 4.0625 0.1875 0
1172 4.125 0.0625 0
1173 4.1875 0.125 0
1174 4.125 0.1875 0
1175 4.0625 0.125 0
1176 4.125 0.125 0
1177 4.25 0.3125 0
1178 4.25 0.375 0
1179 4.25 0.4375 0
1180 4.1875 0.5 0
1181 4.125 0.5 0
1182 4.0625 0.5 0
1183 4.0625 0.3125 0
1184 4.1875 0.3125 0
1185 4.1875 0.4375 0
1186 4.0625 0.4375 0
1187 4.125 0.3125 0
1188 4.1875 0.375 0
1189 4.125 0.4375 0
1190 4.0625 0.375 0
1191 4.125 0.375 0
1192 4.25 0.5625 0
1193 4.25 0.625 0
1194 4.25 0.6875 0
1195 4.1875 0.75 0
1196 4.125 0.75 0
1197 4.0625 0.75 0
1198 4.0625 0.5625 0
1199 4.1875 0.5625 0
1200 4.1875 0.6875 0
1201 4.0625 0.6875 0
1202 4.125 0.5625 0
1203 4.1875 0.625 0
1204 4.125 0.6875 0
1205 4.0625 0.625 0
1206 4.125 0.625 0
1207 4.25 0.8125 0
1208 4.25 0.875 0
1209 4.25 0.9375 0
1210 4.0625 0.8125 0
1211 4.1875 0.8125 0
1212 4.1875 0.9375 0
1213 4.0625 0.9375 0
1214 4.125 0.8125 0
1215 4.1875 0.875 0
1216 4.125 0.9375 0
1217 4.0625 0.875 0
1218 4.125 0.875 0
1219 4.5 0.0625 0
1220 4.5 0.125 0
1221 4.5 0.1875 0
1222 4.4375 0.25 0
1223 4.375 0.25 0
1224 4.3125 0.25 0
1225 4.3125 0.0625 0
1226 4.4375 0.0625 0
1227 4.4375 0.1875 0
1228 4.3125 0.1875 0
1229 4.375 0.0625 0
1230 4.4375 0.125 0
1231 4.375 0.1875 0
1232 4.3125 0.125 0
1233 4.375 0.125 0
1234 4.5 0.3125 0
1235 4.5 0.375 0
1236 4.5 0.4375 0
1237 4.4375 0.5 0
1238 4.375 0.5 0
1239 4.3125 0.5 0
1240 4.3125 0.3125 0
1241 4.4375 0.3125 0
1242 4.4375 0.4375 0
1243 4.3125 0.4375 0
1244 4.375 0.3125 0
1245 4.4375 0.375 0
1246 4.375 0.4375 0
1247 4.3125 0.375 0
1248 4.375 0.375 0
1249 4.5 0.5625 0
1250 4.5 0.625 0
1251 4.5 0.6875 0
1252 4.4375 0.75 0
1253 4.375 0.75 0
1254 4.3125 0.75 0
1255 4.3125 0.5625 0
1256 4.4375 0.5625 0
1257 4.4375 0.6875 0
1258 4.3125 0.6875 0
1259 4.375 0.5625 0
1260 4.4375 0.625 0
1261 4.375 0.6875 0
1262 4.3125 0.625 0
1263 4.375 0.625 0
1264 4.5 0.8125 0
1265 4.5 0.875 0
1266 4.5 0.9375 0
1267 4.3125 0.8125 0
1268 4.4375 0.8125 0
1269 4.4375 0.9375 0
1270 4.3125 0.9375 0
1271 4.375 0.8125 0
1272 4.4375 0.875 0
1273 4.375 0.9375 0
1274 4.3125 0.875 0
1275 4.375 0.875 0
1276 4.75 0.0625 0
1277 4.75 0.125 0
1278 4.75 0.1875 0
1279 4.6875 0.25 0
1280 4.625 0.25 0
1281 4.5625 0.25 0
1282 4.5625 0.0625 0
1283 4.6875 0.0625 0
1284 4.6875 0.1875 0
1285 4.5625 0.1875 0
1286 4.625 0.0625 0
1287 4.6875 0.125 0
1288 4.625 0.1875 0
1289 4.5625 0.125 0
1290 4.625 0.125 0
1291 4.75 0.3125 0
1292 4.75 0.375 0
1293 4.75 0.4375 0
1294 4.6875 0.5 0
1295 4.625 0.5 0
1296 4.5625 0.5 0
1297 4.5625 0.3125 0
1298 4.6875 0.3125 0
1299 4.6875 0.4375 0
1300 4.5625 0.4375 0
1301 4.625 0.3125 0
1302 4.6875 0.375 0
1303 4.625 0.4375 0
1304 4.5625 0.375 0
1305 4.625 0.375 0
1306 4.75 0.5625 0
1307 4.75 0.625 0
1308 4.75 0.6875 0
1309 4.6875 0.75 0
1310 4.625 0.75 0
1311 4.5625 0.75 0
1312 4.5625 0.5625 0
1313 4.6875 0.5625 0
1314 4.6875 0.6875 0
1315 4.5625 0.6875 0
1316 4.625 0.5625 0
1317 4.6875 0.625 0
1318 4.625 0.6875 0
1319 4.5625 0.625 0
1320 4.625 0.625 0
1321 4.75 0.8125 0
1322 4.75 0.875 0
1323 4.75 0.9375 0
1324 4.5625 0.8125 0
1325 4.6875 0.8125 0
1326 4.6875 0.9375 0
1327 4.5625 0.9375 0
1328 4.625 0.8125 0
1329 4.6875 0.875 0
1330 4.625 0.9375 0
1331 4.5625 0.875 0
1332 4.625 0.875 0
1333 4.9375 0.25 0
1334 4.875 0.25 0
1335 4.8125 0.25 0
1336 4.8125 0.0625 0
1337 4.9375 0.0625 0
1338 4.9375 0.1875 0
1339 4.8125 0.1875 0
1340 4.875 0.0625 0
1341 4.9375 0.125 0
1342 4.875 0.1875 0
1343 4.8125 0.125 0
1344 4.875 0.125 0
1345 4.9375 0.5 0
1346 4.875 0.5 0
1347 4.8125 0.5 0
1348 4.8125 0.3125 0
1349 4.9375 0.3125 0
1350 4.9375 0.4375 0
1351 4.8125 0.4375 0
1352 4.875 0.3125 0
1353 4.9375 0.375 0
1354 4.875 0.4375 0
1355 4.8125 0.375 0
1356 4.875 0.375 0
1357 4.9375 0.75 0
1358 4.875 0.75 0
1359 4.8125 0.75 0
1360 4.8125 0.5625 0
1361 4.9375 0.5625 0
1362 4.9375 0.6875 0
1363 4.8125 0.6875 0
1364 4.875 0.5625 0
1365 4.9375 0.625 0
1366 4.875 0.6875 0
1367 4.8125 0.625 0
1368 4.875 0.625 0
1369 4.8125 0.8125 0
1370 4.9375 0.8125 0
1371 4.9375 0.9375 0
1372 4.8125 0.9375 0
1373 4.875 0.8125 0
1374 4.9375 0.875 0
1375 4.875 0.9375 0
1376 4.8125 0.875 0
1377 4.875 0.875 0
