1 0 0 0
2 5 0 0
3 5 1 0
4 0 1 0
5 0.0625 0 0
6 0.125 0 0
7 0.1875 0 0
8 0.25 0 0
9 0.3125 0 0
10 0.375 0 0
11 0.4375 0 0
12 0.5 0 0
13 0.5625 0 0
14 0.625 0 0
15 0.6875 0 0
16 0.75 0 0
17 0.8125 0 0
18 0.875 0 0
19 0.9375 0 0
20 1 0 0
21 1.0625 0 0
22 1.125 0 0
23 1.1875 0 0
24 1.25 0 0
25 1.3125 0 0
26 1.375 0 0
27 1.4375 0 0
28 1.5 0 0
29 1.5625 0 0
30 1.625 0 0
31 1.6875 0 0
32 1.75 0 0
33 1.8125 0 0
34 1.875 0 0
35 1.9375 0 0
36 2 0 0
37 2.0625 0 0
38 2.125 0 0
39 2.1875 0 0
40 2.25 0 0
41 2.3125 0 0
42 2.375 0 0
43 2.4375 0 0
44 2.5 0 0
45 2.5625 0 0
46 2.625 0 0
47 2.6875 0 0
48 2.75 0 0
49 2.8125 0 0
50 2.875 0 0
51 2.9375 0 0
52 3 0 0
53 3.0625 0 0
54 3.125 0 0
55 3.1875 0 0
56 3.25 0 0
57 3.3125 0 0
58 3.375 0 0
59 3.4375 0 0
60 3.5 0 0
61 3.5625 0 0
62 3.625 0 0
63 3.6875 0 0
64 3.75 0 0
65 3.8125 0 0
66 3.875 0 0
67 3.9375 0 0
68 4 0 0
69 4.0625 0 0
70 4.125 0 0
71 4.1875 0 0
72 4.25 0 0
73 4.3125 0 0
74 4.375 0 0
75 4.4375 0 0
76 4.5 0 0
77 4.5625 0 0
78 4.625 0 0
79 4.6875 0 0
80 4.75 0 0
81 4.8125 0 0
82 4.875 0 0
83 4.9375 0 0
84 5 0.125 0
85 5 0.25 0
86 5 0.375 0
87 5 0.5 0
88 5 0.625 0
89 5 0.75 0
90 5 0.875 0
91 4.9375 1 0
92 4.875 1 0
93 4.8125 1 0
94 4.75 1 0
95 4.6875 1 0
96 4.625 1 0
97 4.5625 1 0
98 4.5 1 0
99 4.4375 1 0
100 4.375 1 0
101 4.3125 1 0
102 4.25 1 0
103 4.1875 1 0
104 4.125 1 0
105 4.0625 1 0
106 4 1 0
107 3.9375 1 0
108 3.875 1 0
109 3.8125 1 0
110 3.75 1 0
111 3.6875 1 0
112 3.625 1 0
113 3.5625 1 0
114 3.5 1 0
115 3.4375 1 0
116 3.375 1 0
117 3.3125 1 0
118 3.25 1 0
119 3.1875 1 0
120 3.125 1 0
121 3.0625 1 0
122 3 1 0
123 2.9375 1 0
124 2.875 1 0
125 2.8125 1 0
126 2.75 1 0
127 2.6875 1 0
128 2.625 1 0
129 2.5625 1 0
130 2.5 1 0
131 2.4375 1 0
132 2.375 1 0
133 2.3125 1 0
134 2.25 1 0
135 2.1875 1 0
136 2.125 1 0
137 2.0625 1 0
138 2 1 0
139 1.9375 1 0
140 1.875 1 0
141 1.8125 1 0
142 1.75 1 0
143 1.6875 1 0
144 1.625 1 0
145 1.5625 1 0
146 1.5 1 0
147 1.4375 1 0
148 1.375 1 0
149 1.3125 1 0
150 1.25 1 0
151 1.1875 1 0
152 1.125 1 0
153 1.0625 1 0
154 1 1 0
155 0.9375 1 0
156 0.875 1 0
157 0.8125 1 0
158 0.75 1 0
159 0.6875 1 0
160 0.625 1 0
161 0.5625 1 0
162 0.5 1 0
163 0.4375 1 0
164 0.375 1 0
165 0.3125 1 0
166 0.25 1 0
167 0.1875 1 0
168 0.125 1 0
169 0.0625 1 0
170 0 0.875 0
171 0 0.75 0
172 0 0.625 0
173 0 0.5 0
174 0 0.375 0
175 0 0.25 0
176 0 0.125 0
177 0.125 0.25 0
178 0.125 0.5 0
179 0.125 0.75 0
180 0.25 0.25 0
181 0.25 0.5 0
182 0.25 0.75 0
183 0.375 0.25 0
184 0.375 0.5 0
185 0.375 0.75 0
186 0.5 0.25 0
187 0.5 0.5 0
188 0.5 0.75 0
189 0.625 0.25 0
190 0.625 0.5 0
191 0.625 0.75 0
192 0.75 0.25 0
193 0.75 0.5 0
194 0.75 0.75 0
195 0.875 0.25 0
196 0.875 0.5 0
197 0.875 0.75 0
198 1 0.25 0
199 1 0.5 0
200 1 0.75 0
201 1.125 0.25 0
202 1.125 0.5 0
203 1.125 0.75 0
204 1.25 0.25 0
205 1.25 0.5 0
206 1.25 0.75 0
207 1.375 0.25 0
208 1.375 0.5 0
209 1.375 0.75 0
210 1.5 0.25 0
211 1.5 0.5 0
212 1.5 0.75 0
213 1.625 0.25 0
214 1.625 0.5 0
215 1.625 0.75 0
216 1.75 0.25 0
217 1.75 0.5 0
218 1.75 0.75 0
219 1.875 0.25 0
220 1.875 0.5 0
221 1.875 0.75 0
222 2 0.25 0
223 2 0.5 0
224 2 0.75 0
225 2.125 0.25 0
226 2.125 0.5 0
227 2.125 0.75 0
228 2.25 0.25 0
229 2.25 0.5 0
230 2.25 0.75 0
231 2.375 0.25 0
232 2.375 0.5 0
233 2.375 0.75 0
234 2.5 0.25 0
235 2.5 0.5 0
236 2.5 0.75 0
237 2.625 0.25 0
238 2.625 0.5 0
239 2.625 0.75 0
240 2.75 0.25 0
241 2.75 0.5 0
242 2.75 0.75 0
243 2.875 0.25 0
244 2.875 0.5 0
245 2.875 0.75 0
246 3 0.25 0
247 3 0.5 0
248 3 0.75 0
249 3.125 0.25 0
250 3.125 0.5 0
251 3.125 0.75 0
252 3.25 0.25 0
253 3.25 0.5 0
254 3.25 0.75 0
255 3.375 0.25 0
256 3.375 0.5 0
257 3.375 0.75 0
258 3.5 0.25 0
259 3.5 0.5 0
260 3.5 0.75 0
261 3.625 0.25 0
262 3.625 0.5 0
263 3.625 0.75 0
264 3.75 0.25 0
265 3.75 0.5 0
266 3.75 0.75 0
267 3.875 0.25 0
268 3.875 0.5 0
269 3.875 0.75 0
270 4 0.25 0
271 4 0.5 0
272 4 0.75 0
273 4.125 0.25 0
274 4.125 0.5 0
275 4.125 0.75 0
276 4.25 0.25 0
277 4.25 0.5 0
278 4.25 0.75 0
279 4.375 0.25 0
280 4.375 0.5 0
281 4.375 0.75 0
282 4.5 0.25 0
283 4.5 0.5 0
284 4.5 0.75 0
285 4.625 0.25 0
286 4.625 0.5 0
287 4.625 0.75 0
288 4.75 0.25 0
289 4.75 0.5 0
290 4.75 0.75 0
291 4.875 0.25 0
292 4.875 0.5 0
293 4.875 0.75 0
294 0.125 0.125 0
295 0.0625 0.25 0
296 0.0625 0.125 0
297 0.125 0.375 0
298 0.0625 0.5 0
299 0.0625 0.375 0
300 0.125 0.625 0
301 0.0625 0.75 0
302 0.0625 0.625 0
303 0.125 0.875 0
304 0.0625 0.875 0
305 0.25 0.125 0
306 0.1875 0.25 0
307 0.1875 0.125 0
308 0.25 0.375 0
309 0.1875 0.5 0
310 0.1875 0.375 0
311 0.25 0.625 0
312 0.1875 0.75 0
313 0.1875 0.625 0
314 0.25 0.875 0
315 0.1875 0.875 0
316 0.375 0.125 0
317 0.3125 0.25 0
318 0.3125 0.125 0
319 0.375 0.375 0
320 0.3125 0.5 0
321 0.3125 0.375 0
322 0.375 0.625 0
323 0.3125 0.75 0
324 0.3125 0.625 0
325 0.375 0.875 0
326 0.3125 0.875 0
327 0.5 0.125 0
328 0.4375 0.25 0
329 0.4375 0.125 0
330 0.5 0.375 0
331 0.4375 0.5 0
332 0.4375 0.375 0
333 0.5 0.625 0
334 0.4375 0.75 0
335 0.4375 0.625 0
336 0.5 0.875 0
337 0.4375 0.875 0
338 0.625 0.125 0
339 0.5625 0.25 0
340 0.5625 0.125 0
341 0.625 0.375 0
342 0.5625 0.5 0
343 0.5625 0.375 0
344 0.625 0.625 0
345 0.5625 0.75 0
346 0.5625 0.625 0
347 0.625 0.875 0
348 0.5625 0.875 0
349 0.75 0.125 0
350 0.6875 0.25 0
351 0.6875 0.125 0
352 0.75 0.375 0
353 0.6875 0.5 0
354 0.6875 0.375 0
355 0.75 0.625 0
356 0.6875 0.75 0
357 0.6875 0.625 0
358 0.75 0.875 0
359 0.6875 0.875 0
360 0.875 0.125 0
361 0.8125 0.25 0
362 0.8125 0.125 0
363 0.875 0.375 0
364 0.8125 0.5 0
365 0.8125 0.375 0
366 0.875 0.625 0
367 0.8125 0.75 0
368 0.8125 0.625 0
369 0.875 0.875 0
370 0.8125 0.875 0
371 1 0.125 0
372 0.9375 0.25 0
373 0.9375 0.125 0
374 1 0.375 0
375 0.9375 0.5 0
376 0.9375 0.375 0
377 1 0.625 0
378 0.9375 0.75 0
379 0.9375 0.625 0
380 1 0.875 0
381 0.9375 0.875 0
382 1.125 0.125 0
383 1.0625 0.25 0
384 1.0625 0.125 0
385 1.125 0.375 0
386 1.0625 0.5 0
387 1.0625 0.375 0
388 1.125 0.625 0
389 1.0625 0.75 0
390 1.0625 0.625 0
391 1.125 0.875 0
392 1.0625 0.875 0
393 1.25 0.125 0
394 1.1875 0.25 0
395 1.1875 0.125 0
396 1.25 0.375 0
397 1.1875 0.5 0
398 1.1875 0.375 0
399 1.25 0.625 0
400 1.1875 0.75 0
401 1.1875 0.625 0
402 1.25 0.875 0
403 1.1875 0.875 0
404 1.375 0.125 0
405 1.3125 0.25 0
406 1.3125 0.125 0
407 1.375 0.375 0
408 1.3125 0.5 0
409 1.3125 0.375 0
410 1.375 0.625 0
411 1.3125 0.75 0
412 1.3125 0.625 0
413 1.375 0.875 0
414 1.3125 0.875 0
415 1.5 0.125 0
416 1.4375 0.25 0
417 1.4375 0.125 0
418 1.5 0.375 0
419 1.4375 0.5 0
420 1.4375 0.375 0
421 1.5 0.625 0
422 1.4375 0.75 0
423 1.4375 0.625 0
424 1.5 0.875 0
425 1.4375 0.875 0
426 1.625 0.125 0
427 1.5625 0.25 0
428 1.5625 0.125 0
429 1.625 0.375 0
430 1.5625 0.5 0
431 1.5625 0.375 0
432 1.625 0.625 0
433 1.5625 0.75 0
434 1.5625 0.625 0
435 1.625 0.875 0
436 1.5625 0.875 0
437 1.75 0.125 0
438 1.6875 0.25 0
439 1.6875 0.125 0
440 1.75 0.375 0
441 1.6875 0.5 0
442 1.6875 0.375 0
443 1.75 0.625 0
444 1.6875 0.75 0
445 1.6875 0.625 0
446 1.75 0.875 0
447 1.6875 0.875 0
448 1.875 0.125 0
449 1.8125 0.25 0
450 1.8125 0.125 0
451 1.875 0.375 0
452 1.8125 0.5 0
453 1.8125 0.375 0
454 1.875 0.625 0
455 1.8125 0.75 0
456 1.8125 0.625 0
457 1.875 0.875 0
458 1.8125 0.875 0
459 2 0.125 0
460 1.9375 0.25 0
461 1.9375 0.125 0
462 2 0.375 0
463 1.9375 0.5 0
464 1.9375 0.375 0
465 2 0.625 0
466 1.9375 0.75 0
467 1.9375 0.625 0
468 2 0.875 0
469 1.9375 0.875 0
470 2.125 0.125 0
471 2.0625 0.25 0
472 2.0625 0.125 0
473 2.125 0.375 0
474 2.0625 0.5 0
475 2.0625 0.375 0
476 2.125 0.625 0
477 2.0625 0.75 0
478 2.0625 0.625 0
479 2.125 0.875 0
480 2.0625 0.875 0
481 2.25 0.125 0
482 2.1875 0.25 0
483 2.1875 0.125 0
484 2.25 0.375 0
485 2.1875 0.5 0
486 2.1875 0.375 0
487 2.25 0.625 0
488 2.1875 0.75 0
489 2.1875 0.625 0
490 2.25 0.875 0
491 2.1875 0.875 0
492 2.375 0.125 0
493 2.3125 0.25 0
494 2.3125 0.125 0
495 2.375 0.375 0
496 2.3125 0.5 0
497 2.3125 0.375 0
498 2.375 0.625 0
499 2.3125 0.75 0
500 2.3125 0.625 0
501 2.375 0.875 0
502 2.3125 0.875 0
503 2.5 0.125 0
504 2.4375 0.25 0
505 2.4375 0.125 0
506 2.5 0.375 0
507 2.4375 0.5 0
508 2.4375 0.375 0
509 2.5 0.625 0
510 2.4375 0.75 0
511 2.4375 0.625 0
512 2.5 0.875 0
513 2.4375 0.875 0
514 2.625 0.125 0
515 2.5625 0.25 0
516 2.5625 0.125 0
517 2.625 0.375 0
518 2.5625 0.5 0
519 2.5625 0.375 0
520 2.625 0.625 0
521 2.5625 0.75 0
522 2.5625 0.625 0
523 2.625 0.875 0
524 2.5625 0.875 0
525 2.75 0.125 0
526 2.6875 0.25 0
527 2.6875 0.125 0
528 2.75 0.375 0
529 2.6875 0.5 0
530 2.6875 0.375 0
531 2.75 0.625 0
532 2.6875 0.75 0
533 2.6875 0.625 0
534 2.75 0.875 0
535 2.6875 0.875 0
536 2.875 0.125 0
537 2.8125 0.25 0
538 2.8125 0.125 0
539 2.875 0.375 0
540 2.8125 0.5 0
541 2.8125 0.375 0
542 2.875 0.625 0
543 2.8125 0.75 0
544 2.8125 0.625 0
545 2.875 0.875 0
546 2.8125 0.875 0
547 3 0.125 0
548 2.9375 0.25 0
549 2.9375 0.125 0
550 3 0.375 0
551 2.9375 0.5 0
552 2.9375 0.375 0
553 3 0.625 0
554 2.9375 0.75 0
555 2.9375 0.625 0
556 3 0.875 0
557 2.9375 0.875 0
558 3.125 0.125 0
559 3.0625 0.25 0
560 3.0625 0.125 0
561 3.125 0.375 0
562 3.0625 0.5 0
563 3.0625 0.375 0
564 3.125 0.625 0
565 3.0625 0.75 0
566 3.0625 0.625 0
567 3.125 0.875 0
568 3.0625 0.875 0
569 3.25 0.125 0
570 3.1875 0.25 0
571 3.1875 0.125 0
572 3.25 0.375 0
573 3.1875 0.5 0
574 3.1875 0.375 0
575 3.25 0.625 0
576 3.1875 0.75 0
577 3.1875 0.625 0
578 3.25 0.875 0
579 3.1875 0.875 0
580 3.375 0.125 0
581 3.3125 0.25 0
582 3.3125 0.125 0
583 3.375 0.375 0
584 3.3125 0.5 0
585 3.3125 0.375 0
586 3.375 0.625 0
587 3.3125 0.75 0
588 3.3125 0.625 0
589 3.375 0.875 0
590 3.3125 0.875 0
591 3.5 0.125 0
592 3.4375 0.25 0
593 3.4375 0.125 0
594 3.5 0.375 0
595 3.4375 0.5 0
596 3.4375 0.375 0
597 3.5 0.625 0
598 3.4375 0.75 0
599 3.4375 0.625 0
600 3.5 0.875 0
601 3.4375 0.875 0
602 3.625 0.125 0
603 3.5625 0.25 0
604 3.5625 0.125 0
605 3.625 0.375 0
606 3.5625 0.5 0
607 3.5625 0.375 0
608 3.625 0.625 0
609 3.5625 0.75 0
610 3.5625 0.625 0
611 3.625 0.875 0
612 3.5625 0.875 0
613 3.75 0.125 0
614 3.6875 0.25 0
615 3.6875 0.125 0
616 3.75 0.375 0
617 3.6875 0.5 0
618 3.6875 0.375 0
619 3.75 0.625 0
620 3.6875 0.75 0
621 3.6875 0.625 0
622 3.75 0.875 0
623 3.6875 0.875 0
624 3.875 0.125 0
625 3.8125 0.25 0
626 3.8125 0.125 0
627 3.875 0.375 0
628 3.8125 0.5 0
629 3.8125 0.375 0
630 3.875 0.625 0
631 3.8125 0.75 0
632 3.8125 0.625 0
633 3.875 0.875 0
634 3.8125 0.875 0
635 4 0.125 0
636 3.9375 0.25 0
637 3.9375 0.125 0
638 4 0.375 0
639 3.9375 0.5 0
640 3.9375 0.375 0
641 4 0.625 0
642 3.9375 0.75 0
643 3.9375 0.625 0
644 4 0.875 0
645 3.9375 0.875 0
646 4.125 0.125 0
647 4.0625 0.25 0
648 4.0625 0.125 0
649 4.125 0.375 0
650 4.0625 0.5 0
651 4.0625 0.375 0
652 4.125 0.625 0
653 4.0625 0.75 0
654 4.0625 0.625 0
655 4.125 0.875 0
656 4.0625 0.875 0
657 4.25 0.125 0
658 4.1875 0.25 0
659 4.1875 0.125 0
660 4.25 0.375 0
661 4.1875 0.5 0
662 4.1875 0.375 0
663 4.25 0.625 0
664 4.1875 0.75 0
665 4.1875 0.625 0
666 4.25 0.875 0
667 4.1875 0.875 0
668 4.375 0.125 0
669 4.3125 0.25 0
670 4.3125 0.125 0
671 4.375 0.375 0
672 4.3125 0.5 0
673 4.3125 0.375 0
674 4.375 0.625 0
675 4.3125 0.75 0
676 4.3125 0.625 0
677 4.375 0.875 0
678 4.3125 0.875 0
679 4.5 0.125 0
680 4.4375 0.25 0
681 4.4375 0.125 0
682 4.5 0.375 0
683 4.4375 0.5 0
684 4.4375 0.375 0
685 4.5 0.625 0
686 4.4375 0.75 0
687 4.4375 0.625 0
688 4.5 0.875 0
689 4.4375 0.875 0
690 4.625 0.125 0
691 4.5625 0.25 0
692 4.5625 0.125 0
693 4.625 0.375 0
694 4.5625 0.5 0
695 4.5625 0.375 0
696 4.625 0.625 0
697 4.5625 0.75 0
698 4.5625 0.625 0
699 4.625 0.875 0
700 4.5625 0.875 0
701 4.75 0.125 0
702 4.6875 0.25 0
703 4.6875 0.125 0
704 4.75 0.375 0
705 4.6875 0.5 0
706 4.6875 0.375 0
707 4.75 0.625 0
708 4.6875 0.75 0
709 4.6875 0.625 0
710 4.75 0.875 0
711 4.6875 0.875 0
712 4.875 0.125 0
713 4.8125 0.25 0
714 4.8125 0.125 0
715 4.875 0.375 0
716 4.8125 0.5 0
717 4.8125 0.375 0
718 4.875 0.625 0
719 4.8125 0.75 0
720 4.8125 0.625 0
721 4.875 0.875 0
722 4.8125 0.875 0
723 4.9375 0.25 0
724 4.9375 0.125 0
725 4.9375 0.5 0
726 4.9375 0.375 0
727 4.9375 0.75 0
728 4.9375 0.625 0
729 4.9375 0.875 0
