1 0 0 0
2 5 0 0
3 5 1 0
4 0 1 0
5 0.03125 0 0
6 0.0625 0 0
7 0.09375 0 0
8 0.125 0 0
9 0.15625 0 0
10 0.1875 0 0
11 0.21875 0 0
12 0.25 0 0
13 0.28125 0 0
14 0.3125 0 0
15 0.34375 0 0
16 0.375 0 0
17 0.40625 0 0
18 0.4375 0 0
19 0.46875 0 0
20 0.5 0 0
21 0.53125 0 0
22 0.5625 0 0
23 0.59375 0 0
24 0.625 0 0
25 0.65625 0 0
26 0.6875 0 0
27 0.71875 0 0
28 0.75 0 0
29 0.78125 0 0
30 0.8125 0 0
31 0.84375 0 0
32 0.875 0 0
33 0.90625 0 0
34 0.9375 0 0
35 0.96875 0 0
36 1 0 0
37 1.03125 0 0
38 1.0625 0 0
39 1.09375 0 0
40 1.125 0 0
41 1.15625 0 0
42 1.1875 0 0
43 1.21875 0 0
44 1.25 0 0
45 1.28125 0 0
46 1.3125 0 0
47 1.34375 0 0
48 1.375 0 0
49 1.40625 0 0
50 1.4375 0 0
51 1.46875 0 0
52 1.5 0 0
53 1.53125 0 0
54 1.5625 0 0
55 1.59375 0 0
56 1.625 0 0
57 1.65625 0 0
58 1.6875 0 0
59 1.71875 0 0
60 1.75 0 0
61 1.78125 0 0
62 1.8125 0 0
63 1.84375 0 0
64 1.875 0 0
65 1.90625 0 0
66 1.9375 0 0
67 1.96875 0 0
68 2 0 0
69 2.03125 0 0
70 2.0625 0 0
71 2.09375 0 0
72 2.125 0 0
73 2.15625 0 0
74 2.1875 0 0
75 2.21875 0 0
76 2.25 0 0
77 2.28125 0 0
78 2.3125 0 0
79 2.34375 0 0
80 2.375 0 0
81 2.40625 0 0
82 2.4375 0 0
83 2.46875 0 0
84 2.5 0 0
85 2.53125 0 0
86 2.5625 0 0
87 2.59375 0 0
88 2.625 0 0
89 2.65625 0 0
90 2.6875 0 0
91 2.71875 0 0
92 2.75 0 0
93 2.78125 0 0
94 2.8125 0 0
95 2.84375 0 0
96 2.875 0 0
97 2.90625 0 0
98 2.9375 0 0
99 2.96875 0 0
100 3 0 0
101 3.03125 0 0
102 3.0625 0 0
103 3.09375 0 0
104 3.125 0 0
105 3.15625 0 0
106 3.1875 0 0
107 3.21875 0 0
108 3.25 0 0
109 3.28125 0 0
110 3.3125 0 0
111 3.34375 0 0
112 3.375 0 0
113 3.40625 0 0
114 3.4375 0 0
115 3.46875 0 0
116 3.5 0 0
117 3.53125 0 0
118 3.5625 0 0
119 3.59375 0 0
120 3.625 0 0
121 3.65625 0 0
122 3.6875 0 0
123 3.71875 0 0
124 3.75 0 0
125 3.78125 0 0
126 3.8125 0 0
127 3.84375 0 0
128 3.875 0 0
129 3.90625 0 0
130 3.9375 0 0
131 3.96875 0 0
132 4 0 0
133 4.03125 0 0
134 4.0625 0 0
135 4.09375 0 0
136 4.125 0 0
137 4.15625 0 0
138 4.1875 0 0
139 4.21875 0 0
140 4.25 0 0
141 4.28125 0 0
142 4.3125 0 0
143 4.34375 0 0
144 4.375 0 0
145 4.40625 0 0
146 4.4375 0 0
147 4.46875 0 0
148 4.5 0 0
149 4.53125 0 0
150 4.5625 0 0
151 4.59375 0 0
152 4.625 0 0
153 4.65625 0 0
154 4.6875 0 0
155 4.71875 0 0
156 4.75 0 0
157 4.78125 0 0
158 4.8125 0 0
159 4.84375 0 0
160 4.875 0 0
161 4.90625 0 0
162 4.9375 0 0
163 4.96875 0 0
164 5 0.0625 0
165 5 0.125 0
166 5 0.1875 0
167 5 0.25 0
168 5 0.3125 0
169 5 0.375 0
170 5 0.4375 0
171 5 0.5 0
172 5 0.5625 0
173 5 0.625 0
174 5 0.6875 0
175 5 0.75 0
176 5 0.8125 0
177 5 0.875 0
178 5 0.9375 0
179 4.96875 1 0
180 4.9375 1 0
181 4.90625 1 0
182 4.875 1 0
183 4.84375 1 0
184 4.8125 1 0
185 4.78125 1 0
186 4.75 1 0
187 4.71875 1 0
188 4.6875 1 0
189 4.65625 1 0
190 4.625 1 0
191 4.59375 1 0
192 4.5625 1 0
193 4.53125 1 0
194 4.5 1 0
195 4.46875 1 0
196 4.4375 1 0
197 4.40625 1 0
198 4.375 1 0
199 4.34375 1 0
200 4.3125 1 0
201 4.28125 1 0
202 4.25 1 0
203 4.21875 1 0
204 4.1875 1 0
205 4.15625 1 0
206 4.125 1 0
207 4.09375 1 0
208 4.0625 1 0
209 4.03125 1 0
210 4 1 0
211 3.96875 1 0
212 3.9375 1 0
213 3.90625 1 0
214 3.875 1 0
215 3.84375 1 0
216 3.8125 1 0
217 3.78125 1 0
218 3.75 1 0
219 3.71875 1 0
220 3.6875 1 0
221 3.65625 1 0
222 3.625 1 0
223 3.59375 1 0
224 3.5625 1 0
225 3.53125 1 0
226 3.5 1 0
227 3.46875 1 0
228 3.4375 1 0
229 3.40625 1 0
230 3.375 1 0
231 3.34375 1 0
232 3.3125 1 0
233 3.28125 1 0
234 3.25 1 0
235 3.21875 1 0
236 3.1875 1 0
237 3.15625 1 0
238 3.125 1 0
239 3.09375 1 0
240 3.0625 1 0
241 3.03125 1 0
242 3 1 0
243 2.96875 1 0
244 2.9375 1 0
245 2.90625 1 0
246 2.875 1 0
247 2.84375 1 0
248 2.8125 1 0
249 2.78125 1 0
250 2.75 1 0
251 2.71875 1 0
252 2.6875 1 0
253 2.65625 1 0
254 2.625 1 0
255 2.59375 1 0
256 2.5625 1 0
257 2.53125 1 0
258 2.5 1 0
259 2.46875 1 0
260 2.4375 1 0
261 2.40625 1 0
262 2.375 1 0
263 2.34375 1 0
264 2.3125 1 0
265 2.28125 1 0
266 2.25 1 0
267 2.21875 1 0
268 2.1875 1 0
269 2.15625 1 0
270 2.125 1 0
271 2.09375 1 0
272 2.0625 1 0
273 2.03125 1 0
274 2 1 0
275 1.96875 1 0
276 1.9375 1 0
277 1.90625 1 0
278 1.875 1 0
279 1.84375 1 0
280 1.8125 1 0
281 1.78125 1 0
282 1.75 1 0
283 1.71875 1 0
284 1.6875 1 0
285 1.65625 1 0
286 1.625 1 0
287 1.59375 1 0
288 1.5625 1 0
289 1.53125 1 0
290 1.5 1 0
291 1.46875 1 0
292 1.4375 1 0
293 1.40625 1 0
294 1.375 1 0
295 1.34375 1 0
296 1.3125 1 0
297 1.28125 1 0
298 1.25 1 0
299 1.21875 1 0
300 1.1875 1 0
301 1.15625 1 0
302 1.125 1 0
303 1.09375 1 0
304 1.0625 1 0
305 1.03125 1 0
306 1 1 0
307 0.96875 1 0
308 0.9375 1 0
309 0.90625 1 0
310 0.875 1 0
311 0.84375 1 0
312 0.8125 1 0
313 0.78125 1 0
314 0.75 1 0
315 0.71875 1 0
316 0.6875 1 0
317 0.65625 1 0
318 0.625 1 0
319 0.59375 1 0
320 0.5625 1 0
321 0.53125 1 0
322 0.5 1 0
323 0.46875 1 0
324 0.4375 1 0
325 0.40625 1 0
326 0.375 1 0
327 0.34375 1 0
328 0.3125 1 0
329 0.28125 1 0
330 0.25 1 0
331 0.21875 1 0
332 0.1875 1 0
333 0.15625 1 0
334 0.125 1 0
335 0.09375 1 0
336 0.0625 1 0
337 0.03125 1 0
338 0 0.9375 0
339 0 0.875 0
340 0 0.8125 0
341 0 0.75 0
342 0 0.6875 0
343 0 0.625 0
344 0 0.5625 0
345 0 0.5 0
346 0 0.4375 0
347 0 0.375 0
348 0 0.3125 0
349 0 0.25 0
350 0 0.1875 0
351 0 0.125 0
352 0 0.0625 0
353 0.125 0.25 0
354 0.125 0.5 0
355 0.125 0.75 0
356 0.25 0.25 0
357 0.25 0.5 0
358 0.25 0.75 0
359 0.375 0.25 0
360 0.375 0.5 0
361 0.375 0.75 0
362 0.5 0.25 0
363 0.5 0.5 0
364 0.5 0.75 0
365 0.625 0.25 0
366 0.625 0.5 0
367 0.625 0.75 0
368 0.75 0.25 0
369 0.75 0.5 0
370 0.75 0.75 0
371 0.875 0.25 0
372 0.875 0.5 0
373 0.875 0.75 0
374 1 0.25 0
375 1 0.5 0
376 1 0.75 0
377 1.125 0.25 0
378 1.125 0.5 0
379 1.125 0.75 0
380 1.25 0.25 0
381 1.25 0.5 0
382 1.25 0.75 0
383 1.375 0.25 0
384 1.375 0.5 0
385 1.375 0.75 0
386 1.5 0.25 0
387 1.5 0.5 0
388 1.5 0.75 0
389 1.625 0.25 0
390 1.625 0.5 0
391 1.625 0.75 0
392 1.75 0.25 0
393 1.75 0.5 0
394 1.75 0.75 0
395 1.875 0.25 0
396 1.875 0.5 0
397 1.875 0.75 0
398 2 0.25 0
399 2 0.5 0
400 2 0.75 0
401 2.125 0.25 0
402 2.125 0.5 0
403 2.125 0.75 0
404 2.25 0.25 0
405 2.25 0.5 0
406 2.25 0.75 0
407 2.375 0.25 0
408 2.375 0.5 0
409 2.375 0.75 0
410 2.5 0.25 0
411 2.5 0.5 0
412 2.5 0.75 0
413 2.625 0.25 0
414 2.625 0.5 0
415 2.625 0.75 0
416 2.75 0.25 0
417 2.75 0.5 0
418 2.75 0.75 0
419 2.875 0.25 0
420 2.875 0.5 0
421 2.875 0.75 0
422 3 0.25 0
423 3 0.5 0
424 3 0.75 0
425 3.125 0.25 0
426 3.125 0.5 0
427 3.125 0.75 0
428 3.25 0.25 0
429 3.25 0.5 0
430 3.25 0.75 0
431 3.375 0.25 0
432 3.375 0.5 0
433 3.375 0.75 0
434 3.5 0.25 0
435 3.5 0.5 0
436 3.5 0.75 0
437 3.625 0.25 0
438 3.625 0.5 0
439 3.625 0.75 0
440 3.75 0.25 0
441 3.75 0.5 0
442 3.75 0.75 0
443 3.875 0.25 0
444 3.875 0.5 0
445 3.875 0.75 0
446 4 0.25 0
447 4 0.5 0
448 4 0.75 0
449 4.125 0.25 0
450 4.125 0.5 0
451 4.125 0.75 0
452 4.25 0.25 0
453 4.25 0.5 0
454 4.25 0.75 0
455 4.375 0.25 0
456 4.375 0.5 0
457 4.375 0.75 0
458 4.5 0.25 0
459 4.5 0.5 0
460 4.5 0.75 0
461 4.625 0.25 0
462 4.625 0.5 0
463 4.625 0.75 0
464 4.75 0.25 0
465 4.75 0.5 0
466 4.75 0.75 0
467 4.875 0.25 0
468 4.875 0.5 0
469 4.875 0.75 0
470 0.125 0.125 0
471 0.0625 0.25 0
472 0.0625 0.125 0
473 0.125 0.375 0
474 0.0625 0.5 0
475 0.0625 0.375 0
476 0.125 0.625 0
477 0.0625 0.75 0
478 0.0625 0.625 0
479 0.125 0.875 0
480 0.0625 0.875 0
481 0.25 0.125 0
482 0.1875 0.25 0
483 0.1875 0.125 0
484 0.25 0.375 0
485 0.1875 0.5 0
486 0.1875 0.375 0
487 0.25 0.625 0
488 0.1875 0.75 0
489 0.1875 0.625 0
490 0.25 0.875 0
491 0.1875 0.875 0
492 0.375 0.125 0
493 0.3125 0.25 0
494 0.3125 0.125 0
495 0.375 0.375 0
496 0.3125 0.5 0
497 0.3125 0.375 0
498 0.375 0.625 0
499 0.3125 0.75 0
500 0.3125 0.625 0
501 0.375 0.875 0
502 0.3125 0.875 0
503 0.5 0.125 0
504 0.4375 0.25 0
505 0.4375 0.125 0
506 0.5 0.375 0
507 0.4375 0.5 0
508 0.4375 0.375 0
509 0.5 0.625 0
510 0.4375 0.75 0
511 0.4375 0.625 0
512 0.5 0.875 0
513 0.4375 0.875 0
514 0.625 0.125 0
515 0.5625 0.25 0
516 0.5625 0.125 0
517 0.625 0.375 0
518 0.5625 0.5 0
519 0.5625 0.375 0
520 0.625 0.625 0
521 0.5625 0.75 0
522 0.5625 0.625 0
523 0.625 0.875 0
524 0.5625 0.875 0
525 0.75 0.125 0
526 0.6875 0.25 0
527 0.6875 0.125 0
528 0.75 0.375 0
529 0.6875 0.5 0
530 0.6875 0.375 0
531 0.75 0.625 0
532 0.6875 0.75 0
533 0.6875 0.625 0
534 0.75 0.875 0
535 0.6875 0.875 0
536 0.875 0.125 0
537 0.8125 0.25 0
538 0.8125 0.125 0
539 0.875 0.375 0
540 0.8125 0.5 0
541 0.8125 0.375 0
542 0.875 0.625 0
543 0.8125 0.75 0
544 0.8125 0.625 0
545 0.875 0.875 0
546 0.8125 0.875 0
547 1 0.125 0
548 0.9375 0.25 0
549 0.9375 0.125 0
550 1 0.375 0
551 0.9375 0.5 0
552 0.9375 0.375 0
553 1 0.625 0
554 0.9375 0.75 0
555 0.9375 0.625 0
556 1 0.875 0
557 0.9375 0.875 0
558 1.125 0.125 0
559 1.0625 0.25 0
560 1.0625 0.125 0
561 1.125 0.375 0
562 1.0625 0.5 0
563 1.0625 0.375 0
564 1.125 0.625 0
565 1.0625 0.75 0
566 1.0625 0.625 0
567 1.125 0.875 0
568 1.0625 0.875 0
569 1.25 0.125 0
570 1.1875 0.25 0
571 1.1875 0.125 0
572 1.25 0.375 0
573 1.1875 0.5 0
574 1.1875 0.375 0
575 1.25 0.625 0
576 1.1875 0.75 0
577 1.1875 0.625 0
578 1.25 0.875 0
579 1.1875 0.875 0
580 1.375 0.125 0
581 1.3125 0.25 0
582 1.3125 0.125 0
583 1.375 0.375 0
584 1.3125 0.5 0
585 1.3125 0.375 0
586 1.375 0.625 0
587 1.3125 0.75 0
588 1.3125 0.625 0
589 1.375 0.875 0
590 1.3125 0.875 0
591 1.5 0.125 0
592 1.4375 0.25 0
593 1.4375 0.125 0
594 1.5 0.375 0
595 1.4375 0.5 0
596 1.4375 0.375 0
597 1.5 0.625 0
598 1.4375 0.75 0
599 1.4375 0.625 0
600 1.5 0.875 0
601 1.4375 0.875 0
602 1.625 0.125 0
603 1.5625 0.25 0
604 1.5625 0.125 0
605 1.625 0.375 0
606 1.5625 0.5 0
607 1.5625 0.375 0
608 1.625 0.625 0
609 1.5625 0.75 0
610 1.5625 0.625 0
611 1.625 0.875 0
612 1.5625 0.875 0
613 1.75 0.125 0
614 1.6875 0.25 0
615 1.6875 0.125 0
616 1.75 0.375 0
617 1.6875 0.5 0
618 1.6875 0.375 0
619 1.75 0.625 0
620 1.6875 0.75 0
621 1.6875 0.625 0
622 1.75 0.875 0
623 1.6875 0.875 0
624 1.875 0.125 0
625 1.8125 0.25 0
626 1.8125 0.125 0
627 1.875 0.375 0
628 1.8125 0.5 0
629 1.8125 0.375 0
630 1.875 0.625 0
631 1.8125 0.75 0
632 1.8125 0.625 0
633 1.875 0.875 0
634 1.8125 0.875 0
635 2 0.125 0
636 1.9375 0.25 0
637 1.9375 0.125 0
638 2 0.375 0
639 1.9375 0.5 0
640 1.9375 0.375 0
641 2 0.625 0
642 1.9375 0.75 0
643 1.9375 0.625 0
644 2 0.875 0
645 1.9375 0.875 0
646 2.125 0.125 0
647 2.0625 0.25 0
648 2.0625 0.125 0
649 2.125 0.375 0
650 2.0625 0.5 0
651 2.0625 0.375 0
652 2.125 0.625 0
653 2.0625 0.75 0
654 2.0625 0.625 0
655 2.125 0.875 0
656 2.0625 0.875 0
657 2.25 0.125 0
658 2.1875 0.25 0
659 2.1875 0.125 0
660 2.25 0.375 0
661 2.1875 0.5 0
662 2.1875 0.375 0
663 2.25 0.625 0
664 2.1875 0.75 0
665 2.1875 0.625 0
666 2.25 0.875 0
667 2.1875 0.875 0
668 2.375 0.125 0
669 2.3125 0.25 0
670 2.3125 0.125 0
671 2.375 0.375 0
672 2.3125 0.5 0
673 2.3125 0.375 0
674 2.375 0.625 0
675 2.3125 0.75 0
676 2.3125 0.625 0
677 2.375 0.875 0
678 2.3125 0.875 0
679 2.5 0.125 0
680 2.4375 0.25 0
681 2.4375 0.125 0
682 2.5 0.375 0
683 2.4375 0.5 0
684 2.4375 0.375 0
685 2.5 0.625 0
686 2.4375 0.75 0
687 2.4375 0.625 0
688 2.5 0.875 0
689 2.4375 0.875 0
690 2.625 0.125 0
691 2.5625 0.25 0
692 2.5625 0.125 0
693 2.625 0.375 0
694 2.5625 0.5 0
695 2.5625 0.375 0
696 2.625 0.625 0
697 2.5625 0.75 0
698 2.5625 0.625 0
699 2.625 0.875 0
700 2.5625 0.875 0
701 2.75 0.125 0
702 2.6875 0.25 0
703 2.6875 0.125 0
704 2.75 0.375 0
705 2.6875 0.5 0
706 2.6875 0.375 0
707 2.75 0.625 0
708 2.6875 0.75 0
709 2.6875 0.625 0
710 2.75 0.875 0
711 2.6875 0.875 0
712 2.875 0.125 0
713 2.8125 0.25 0
714 2.8125 0.125 0
715 2.875 0.375 0
716 2.8125 0.5 0
717 2.8125 0.375 0
718 2.875 0.625 0
719 2.8125 0.75 0
720 2.8125 0.625 0
721 2.875 0.875 0
722 2.8125 0.875 0
723 3 0.125 0
724 2.9375 0.25 0
725 2.9375 0.125 0
726 3 0.375 0
727 2.9375 0.5 0
728 2.9375 0.375 0
729 3 0.625 0
730 2.9375 0.75 0
731 2.9375 0.625 0
732 3 0.875 0
733 2.9375 0.875 0
734 3.125 0.125 0
735 3.0625 0.25 0
736 3.0625 0.125 0
737 3.125 0.375 0
738 3.0625 0.5 0
739 3.0625 0.375 0
740 3.125 0.625 0
741 3.0625 0.75 0
742 3.0625 0.625 0
743 3.125 0.875 0
744 3.0625 0.875 0
745 3.25 0.125 0
746 3.1875 0.25 0
747 3.1875 0.125 0
748 3.25 0.375 0
749 3.1875 0.5 0
750 3.1875 0.375 0
751 3.25 0.625 0
752 3.1875 0.75 0
753 3.1875 0.625 0
754 3.25 0.875 0
755 3.1875 0.875 0
756 3.375 0.125 0
757 3.3125 0.25 0
758 3.3125 0.125 0
759 3.375 0.375 0
760 3.3125 0.5 0
761 3.3125 0.375 0
762 3.375 0.625 0
763 3.3125 0.75 0
764 3.3125 0.625 0
765 3.375 0.875 0
766 3.3125 0.875 0
767 3.5 0.125 0
768 3.4375 0.25 0
769 3.4375 0.125 0
770 3.5 0.375 0
771 3.4375 0.5 0
772 3.4375 0.375 0
773 3.5 0.625 0
774 3.4375 0.75 0
775 3.4375 0.625 0
776 3.5 0.875 0
777 3.4375 0.875 0
778 3.625 0.125 0
779 3.5625 0.25 0
780 3.5625 0.125 0
781 3.625 0.375 0
782 3.5625 0.5 0
783 3.5625 0.375 0
784 3.625 0.625 0
785 3.5625 0.75 0
786 3.5625 0.625 0
787 3.625 0.875 0
788 3.5625 0.875 0
789 3.75 0.125 0
790 3.6875 0.25 0
791 3.6875 0.125 0
792 3.75 0.375 0
793 3.6875 0.5 0
794 3.6875 0.375 0
795 3.75 0.625 0
796 3.6875 0.75 0
797 3.6875 0.625 0
798 3.75 0.875 0
799 3.6875 0.875 0
800 3.875 0.125 0
801 3.8125 0.25 0
802 3.8125 0.125 0
803 3.875 0.375 0
804 3.8125 0.5 0
805 3.8125 0.375 0
806 3.875 0.625 0
807 3.8125 0.75 0
808 3.8125 0.625 0
809 3.875 0.875 0
810 3.8125 0.875 0
811 4 0.125 0
812 3.9375 0.25 0
813 3.9375 0.125 0
814 4 0.375 0
815 3.9375 0.5 0
816 3.9375 0.375 0
817 4 0.625 0
818 3.9375 0.75 0
819 3.9375 0.625 0
820 4 0.875 0
821 3.9375 0.875 0
822 4.125 0.125 0
823 4.0625 0.25 0
824 4.0625 0.125 0
825 4.125 0.375 0
826 4.0625 0.5 0
827 4.0625 0.375 0
828 4.125 0.625 0
829 4.0625 0.75 0
830 4.0625 0.625 0
831 4.125 0.875 0
832 4.0625 0.875 0
833 4.25 0.125 0
834 4.1875 0.25 0
835 4.1875 0.125 0
836 4.25 0.375 0
837 4.1875 0.5 0
838 4.1875 0.375 0
839 4.25 0.625 0
840 4.1875 0.75 0
841 4.1875 0.625 0
842 4.25 0.875 0
843 4.1875 0.875 0
844 4.375 0.125 0
845 4.3125 0.25 0
846 4.3125 0.125 0
847 4.375 0.375 0
848 4.3125 0.5 0
849 4.3125 0.375 0
850 4.375 0.625 0
851 4.3125 0.75 0
852 4.3125 0.625 0
853 4.375 0.875 0
854 4.3125 0.875 0
855 4.5 0.125 0
856 4.4375 0.25 0
857 4.4375 0.125 0
858 4.5 0.375 0
859 4.4375 0.5 0
860 4.4375 0.375 0
861 4.5 0.625 0
862 4.4375 0.75 0
863 4.4375 0.625 0
864 4.5 0.875 0
865 4.4375 0.875 0
866 4.625 0.125 0
867 4.5625 0.25 0
868 4.5625 0.125 0
869 4.625 0.375 0
870 4.5625 0.5 0
871 4.5625 0.375 0
872 4.625 0.625 0
873 4.5625 0.75 0
874 4.5625 0.625 0
875 4.625 0.875 0
876 4.5625 0.875 0
877 4.75 0.125 0
878 4.6875 0.25 0
879 4.6875 0.125 0
880 4.75 0.375 0
881 4.6875 0.5 0
882 4.6875 0.375 0
883 4.75 0.625 0
884 4.6875 0.75 0
885 4.6875 0.625 0
886 4.75 0.875 0
887 4.6875 0.875 0
888 4.875 0.125 0
889 4.8125 0.25 0
890 4.8125 0.125 0
891 4.875 0.375 0
892 4.8125 0.5 0
893 4.8125 0.375 0
894 4.875 0.625 0
895 4.8125 0.75 0
896 4.8125 0.625 0
897 4.875 0.875 0
898 4.8125 0.875 0
899 4.9375 0.25 0
900 4.9375 0.125 0
901 4.9375 0.5 0
902 4.9375 0.375 0
903 4.9375 0.75 0
904 4.9375 0.625 0
905 4.9375 0.875 0
906 0.0625 0.0625 0
907 0.03125 0.125 0
908 0.03125 0.0625 0
909 0.125 0.0625 0
910 0.09375 0.125 0
911 0.09375 0.0625 0
912 0.125 0.1875 0
913 0.09375 0.25 0
914 0.0625 0.1875 0
915 0.09375 0.1875 0
916 0.03125 0.25 0
917 0.03125 0.1875 0
918 0.0625 0.3125 0
919 0.03125 0.375 0
920 0.03125 0.3125 0
921 0.125 0.3125 0
922 0.09375 0.375 0
923 0.09375 0.3125 0
924 0.125 0.4375 0
925 0.09375 0.5 0
926 0.0625 0.4375 0
927 0.09375 0.4375 0
928 0.03125 0.5 0
929 0.03125 0.4375 0
930 0.0625 0.5625 0
931 0.03125 0.625 0
932 0.03125 0.5625 0
933 0.125 0.5625 0
934 0.09375 0.625 0
935 0.09375 0.5625 0
936 0.125 0.6875 0
937 0.09375 0.75 0
938 0.0625 0.6875 0
939 0.09375 0.6875 0
940 0.03125 0.75 0
941 0.03125 0.6875 0
942 0.0625 0.8125 0
943 0.03125 0.875 0
944 0.03125 0.8125 0
945 0.125 0.8125 0
946 0.09375 0.875 0
947 0.09375 0.8125 0
948 0.125 0.9375 0
949 0.0625 0.9375 0
950 0.09375 0.9375 0
951 0.03125 0.9375 0
952 0.1875 0.0625 0
953 0.15625 0.125 0
954 0.15625 0.0625 0
955 0.25 0.0625 0
956 0.21875 0.125 0
957 0.21875 0.0625 0
958 0.25 0.1875 0
959 0.21875 0.25 0
960 0.1875 0.1875 0
961 0.21875 0.1875 0
962 0.15625 0.25 0
963 0.15625 0.1875 0
964 0.1875 0.3125 0
965 0.15625 0.375 0
966 0.15625 0.3125 0
967 0.25 0.3125 0
968 0.21875 0.375 0
969 0.21875 0.3125 0
970 0.25 0.4375 0
971 0.21875 0.5 0
972 0.1875 0.4375 0
973 0.21875 0.4375 0
974 0.15625 0.5 0
975 0.15625 0.4375 0
976 0.1875 0.5625 0
977 0.15625 0.625 0
978 0.15625 0.5625 0
979 0.25 0.5625 0
980 0.21875 0.625 0
981 0.21875 0.5625 0
982 0.25 0.6875 0
983 0.21875 0.75 0
984 0.1875 0.6875 0
985 0.21875 0.6875 0
986 0.15625 0.75 0
987 0.15625 0.6875 0
988 0.1875 0.8125 0
989 0.15625 0.875 0
990 0.15625 0.8125 0
991 0.25 0.8125 0
992 0.21875 0.875 0
993 0.21875 0.8125 0
994 0.25 0.9375 0
995 0.1875 0.9375 0
996 0.21875 0.9375 0
997 0.15625 0.9375 0
998 0.3125 0.0625 0
999 0.28125 0.125 0
1000 0.28125 0.0625 0
1001 0.375 0.0625 0
1002 0.34375 0.125 0
1003 0.34375 0.0625 0
1004 0.375 0.1875 0
1005 0.34375 0.25 0
1006 0.3125 0.1875 0
1007 0.34375 0.1875 0
1008 0.28125 0.25 0
1009 0.28125 0.1875 0
1010 0.3125 0.3125 0
1011 0.28125 0.375 0
1012 0.28125 0.3125 0
1013 0.375 0.3125 0
1014 0.34375 0.375 0
1015 0.34375 0.3125 0
1016 0.375 0.4375 0
1017 0.34375 0.5 0
1018 0.3125 0.4375 0
1019 0.34375 0.4375 0
1020 0.28125 0.5 0
1021 0.28125 0.4375 0
1022 0.3125 0.5625 0
1023 0.28125 0.625 0
1024 0.28125 0.5625 0
1025 0.375 0.5625 0
1026 0.34375 0.625 0
1027 0.34375 0.5625 0
1028 0.375 0.6875 0
1029 0.34375 0.75 0
1030 0.3125 0.6875 0
1031 0.34375 0.6875 0
1032 0.28125 0.75 0
1033 0.28125 0.6875 0
1034 0.3125 0.8125 0
1035 0.28125 0.875 0
1036 0.28125 0.8125 0
1037 0.375 0.8125 0
1038 0.34375 0.875 0
1039 0.34375 0.8125 0
1040 0.375 0.9375 0
1041 0.3125 0.9375 0
1042 0.34375 0.9375 0
1043 0.28125 0.9375 0
1044 0.4375 0.0625 0
1045 0.40625 0.125 0
1046 0.40625 0.0625 0
1047 0.5 0.0625 0
1048 0.46875 0.125 0
1049 0.46875 0.0625 0
1050 0.5 0.1875 0
1051 0.46875 0.25 0
1052 0.4375 0.1875 0
1053 0.46875 0.1875 0
1054 0.40625 0.25 0
1055 0.40625 0.1875 0
1056 0.4375 0.3125 0
1057 0.40625 0.375 0
1058 0.40625 0.3125 0
1059 0.5 0.3125 0
1060 0.46875 0.375 0
1061 0.46875 0.3125 0
1062 0.5 0.4375 0
1063 0.46875 0.5 0
1064 0.4375 0.4375 0
1065 0.46875 0.4375 0
1066 0.40625 0.5 0
1067 0.40625 0.4375 0
1068 0.4375 0.5625 0
1069 0.40625 0.625 0
1070 0.40625 0.5625 0
1071 0.5 0.5625 0
1072 0.46875 0.625 0
1073 0.46875 0.5625 0
1074 0.5 0.6875 0
1075 0.46875 0.75 0
1076 0.4375 0.6875 0
1077 0.46875 0.6875 0
1078 0.40625 0.75 0
1079 0.40625 0.6875 0
1080 0.4375 0.8125 0
1081 0.40625 0.875 0
1082 0.40625 0.8125 0
1083 0.5 0.8125 0
1084 0.46875 0.875 0
1085 0.46875 0.8125 0
1086 0.5 0.9375 0
1087 0.4375 0.9375 0
1088 0.46875 0.9375 0
1089 0.40625 0.9375 0
1090 0.5625 0.0625 0
1091 0.53125 0.125 0
1092 0.53125 0.0625 0
1093 0.625 0.0625 0
1094 0.59375 0.125 0
1095 0.59375 0.0625 0
1096 0.625 0.1875 0
1097 0.59375 0.25 0
1098 0.5625 0.1875 0
1099 0.59375 0.1875 0
1100 0.53125 0.25 0
1101 0.53125 0.1875 0
1102 0.5625 0.3125 0
1103 0.53125 0.375 0
1104 0.53125 0.3125 0
1105 0.625 0.3125 0
1106 0.59375 0.375 0
1107 0.59375 0.3125 0
1108 0.625 0.4375 0
1109 0.59375 0.5 0
1110 0.5625 0.4375 0
1111 0.59375 0.4375 0
1112 0.53125 0.5 0
1113 0.53125 0.4375 0
1114 0.5625 0.5625 0
1115 0.53125 0.625 0
1116 0.53125 0.5625 0
1117 0.625 0.5625 0
1118 0.59375 0.625 0
1119 0.59375 0.5625 0
1120 0.625 0.6875 0
1121 0.59375 0.75 0
1122 0.5625 0.6875 0
1123 0.59375 0.6875 0
1124 0.53125 0.75 0
1125 0.53125 0.6875 0
1126 0.5625 0.8125 0
1127 0.53125 0.875 0
1128 0.53125 0.8125 0
1129 0.625 0.8125 0
1130 0.59375 0.875 0
1131 0.59375 0.8125 0
1132 0.625 0.9375 0
1133 0.5625 0.9375 0
1134 0.59375 0.9375 0
1135 0.53125 0.9375 0
1136 0.6875 0.0625 0
1137 0.65625 0.125 0
1138 0.65625 0.0625 0
1139 0.75 0.0625 0
1140 0.71875 0.125 0
1141 0.71875 0.0625 0
1142 0.75 0.1875 0
1143 0.71875 0.25 0
1144 0.6875 0.1875 0
1145 0.71875 0.1875 0
1146 0.65625 0.25 0
1147 0.65625 0.1875 0
1148 0.6875 0.3125 0
1149 0.65625 0.375 0
1150 0.65625 0.3125 0
1151 0.75 0.3125 0
1152 0.71875 0.375 0
1153 0.71875 0.3125 0
1154 0.75 0.4375 0
1155 0.71875 0.5 0
1156 0.6875 0.4375 0
1157 0.71875 0.4375 0
1158 0.65625 0.5 0
1159 0.65625 0.4375 0
1160 0.6875 0.5625 0
1161 0.65625 0.625 0
1162 0.65625 0.5625 0
1163 0.75 0.5625 0
1164 0.71875 0.625 0
1165 0.71875 0.5625 0
1166 0.75 0.6875 0
1167 0.71875 0.75 0
1168 0.6875 0.6875 0
1169 0.71875 0.6875 0
1170 0.65625 0.75 0
1171 0.65625 0.6875 0
1172 0.6875 0.8125 0
1173 0.65625 0.875 0
1174 0.65625 0.8125 0
1175 0.75 0.8125 0
1176 0.71875 0.875 0
1177 0.71875 0.8125 0
1178 0.75 0.9375 0
1179 0.6875 0.9375 0
1180 0.71875 0.9375 0
1181 0.65625 0.9375 0
1182 0.8125 0.0625 0
1183 0.78125 0.125 0
1184 0.78125 0.0625 0
1185 0.875 0.0625 0
1186 0.84375 0.125 0
1187 0.84375 0.0625 0
1188 0.875 0.1875 0
1189 0.84375 0.25 0
1190 0.8125 0.1875 0
1191 0.84375 0.1875 0
1192 0.78125 0.25 0
1193 0.78125 0.1875 0
1194 0.8125 0.3125 0
1195 0.78125 0.375 0
1196 0.78125 0.3125 0
1197 0.875 0.3125 0
1198 0.84375 0.375 0
1199 0.84375 0.3125 0
1200 0.875 0.4375 0
1201 0.84375 0.5 0
1202 0.8125 0.4375 0
1203 0.84375 0.4375 0
1204 0.78125 0.5 0
1205 0.78125 0.4375 0
1206 0.8125 0.5625 0
1207 0.78125 0.625 0
1208 0.78125 0.5625 0
1209 0.875 0.5625 0
1210 0.84375 0.625 0
1211 0.84375 0.5625 0
1212 0.875 0.6875 0
1213 0.84375 0.75 0
1214 0.8125 0.6875 0
1215 0.84375 0.6875 0
1216 0.78125 0.75 0
1217 0.78125 0.6875 0
1218 0.8125 0.8125 0
1219 0.78125 0.875 0
1220 0.78125 0.8125 0
1221 0.875 0.8125 0
1222 0.84375 0.875 0
1223 0.84375 0.8125 0
1224 0.875 0.9375 0
1225 0.8125 0.9375 0
1226 0.84375 0.9375 0
1227 0.78125 0.9375 0
1228 0.9375 0.0625 0
1229 0.90625 0.125 0
1230 0.90625 0.0625 0
1231 1 0.0625 0
1232 0.96875 0.125 0
1233 0.96875 0.0625 0
1234 1 0.1875 0
1235 0.96875 0.25 0
1236 0.9375 0.1875 0
1237 0.96875 0.1875 0
1238 0.90625 0.25 0
1239 0.90625 0.1875 0
1240 0.9375 0.3125 0
1241 0.90625 0.375 0
1242 0.90625 0.3125 0
1243 1 0.3125 0
1244 0.96875 0.375 0
1245 0.96875 0.3125 0
1246 1 0.4375 0
1247 0.96875 0.5 0
1248 0.9375 0.4375 0
1249 0.96875 0.4375 0
1250 0.90625 0.5 0
1251 0.90625 0.4375 0
1252 0.9375 0.5625 0
1253 0.90625 0.625 0
1254 0.90625 0.5625 0
1255 1 0.5625 0
1256 0.96875 0.625 0
1257 0.96875 0.5625 0
1258 1 0.6875 0
1259 0.96875 0.75 0
1260 0.9375 0.6875 0
1261 0.96875 0.6875 0
1262 0.90625 0.75 0
1263 0.90625 0.6875 0
1264 0.9375 0.8125 0
1265 0.90625 0.875 0
1266 0.90625 0.8125 0
1267 1 0.8125 0
1268 0.96875 0.875 0
1269 0.96875 0.8125 0
1270 1 0.9375 0
1271 0.9375 0.9375 0
1272 0.96875 0.9375 0
1273 0.90625 0.9375 0
1274 1.0625 0.0625 0
1275 1.03125 0.125 0
1276 1.03125 0.0625 0
1277 1.125 0.0625 0
1278 1.09375 0.125 0
1279 1.09375 0.0625 0
1280 1.125 0.1875 0
1281 1.09375 0.25 0
1282 1.0625 0.1875 0
1283 1.09375 0.1875 0
1284 1.03125 0.25 0
1285 1.03125 0.1875 0
1286 1.0625 0.3125 0
1287 1.03125 0.375 0
1288 1.03125 0.3125 0
1289 1.125 0.3125 0
1290 1.09375 0.375 0
1291 1.09375 0.3125 0
1292 1.125 0.4375 0
1293 1.09375 0.5 0
1294 1.0625 0.4375 0
1295 1.09375 0.4375 0
1296 1.03125 0.5 0
1297 1.03125 0.4375 0
1298 1.0625 0.5625 0
1299 1.03125 0.625 0
1300 1.03125 0.5625 0
1301 1.125 0.5625 0
1302 1.09375 0.625 0
1303 1.09375 0.5625 0
1304 1.125 0.6875 0
1305 1.09375 0.75 0
1306 1.0625 0.6875 0
1307 1.09375 0.6875 0
1308 1.03125 0.75 0
1309 1.03125 0.6875 0
1310 1.0625 0.8125 0
1311 1.03125 0.875 0
1312 1.03125 0.8125 0
1313 1.125 0.8125 0
1314 1.09375 0.875 0
1315 1.09375 0.8125 0
1316 1.125 0.9375 0
1317 1.0625 0.9375 0
1318 1.09375 0.9375 0
1319 1.03125 0.9375 0
1320 1.1875 0.0625 0
1321 1.15625 0.125 0
1322 1.15625 0.0625 0
1323 1.25 0.0625 0
1324 1.21875 0.125 0
1325 1.21875 0.0625 0
1326 1.25 0.1875 0
1327 1.21875 0.25 0
1328 1.1875 0.1875 0
1329 1.21875 0.1875 0
1330 1.15625 0.25 0
1331 1.15625 0.1875 0
1332 1.1875 0.3125 0
1333 1.15625 0.375 0
1334 1.15625 0.3125 0
1335 1.25 0.3125 0
1336 1.21875 0.375 0
1337 1.21875 0.3125 0
1338 1.25 0.4375 0
1339 1.21875 0.5 0
1340 1.1875 0.4375 0
1341 1.21875 0.4375 0
1342 1.15625 0.5 0
1343 1.15625 0.4375 0
1344 1.1875 0.5625 0
1345 1.15625 0.625 0
1346 1.15625 0.5625 0
1347 1.25 0.5625 0
1348 1.21875 0.625 0
1349 1.21875 0.5625 0
1350 1.25 0.6875 0
1351 1.21875 0.75 0
1352 1.1875 0.6875 0
1353 1.21875 0.6875 0
1354 1.15625 0.75 0
1355 1.15625 0.6875 0
1356 1.1875 0.8125 0
1357 1.15625 0.875 0
1358 1.15625 0.8125 0
1359 1.25 0.8125 0
1360 1.21875 0.875 0
1361 1.21875 0.8125 0
1362 1.25 0.9375 0
1363 1.1875 0.9375 0
1364 1.21875 0.9375 0
1365 1.15625 0.9375 0
1366 1.3125 0.0625 0
1367 1.28125 0.125 0
1368 1.28125 0.0625 0
1369 1.375 0.0625 0
1370 1.34375 0.125 0
1371 1.34375 0.0625 0
1372 1.375 0.1875 0
1373 1.34375 0.25 0
1374 1.3125 0.1875 0
1375 1.34375 0.1875 0
1376 1.28125 0.25 0
1377 1.28125 0.1875 0
1378 1.3125 0.3125 0
1379 1.28125 0.375 0
1380 1.28125 0.3125 0
1381 1.375 0.3125 0
1382 1.34375 0.375 0
1383 1.34375 0.3125 0
1384 1.375 0.4375 0
1385 1.34375 0.5 0
1386 1.3125 0.4375 0
1387 1.34375 0.4375 0
1388 1.28125 0.5 0
1389 1.28125 0.4375 0
1390 1.3125 0.5625 0
1391 1.28125 0.625 0
1392 1.28125 0.5625 0
1393 1.375 0.5625 0
1394 1.34375 0.625 0
1395 1.34375 0.5625 0
1396 1.375 0.6875 0
1397 1.34375 0.75 0
1398 1.3125 0.6875 0
1399 1.34375 0.6875 0
1400 1.28125 0.75 0
1401 1.28125 0.6875 0
1402 1.3125 0.8125 0
1403 1.28125 0.875 0
1404 1.28125 0.8125 0
1405 1.375 0.8125 0
1406 1.34375 0.875 0
1407 1.34375 0.8125 0
1408 1.375 0.9375 0
1409 1.3125 0.9375 0
1410 1.34375 0.9375 0
1411 1.28125 0.9375 0
1412 1.4375 0.0625 0
1413 1.40625 0.125 0
1414 1.40625 0.0625 0
1415 1.5 0.0625 0
1416 1.46875 0.125 0
1417 1.46875 0.0625 0
1418 1.5 0.1875 0
1419 1.46875 0.25 0
1420 1.4375 0.1875 0
1421 1.46875 0.1875 0
1422 1.40625 0.25 0
1423 1.40625 0.1875 0
1424 1.4375 0.3125 0
1425 1.40625 0.375 0
1426 1.40625 0.3125 0
1427 1.5 0.3125 0
1428 1.46875 0.375 0
1429 1.46875 0.3125 0
1430 1.5 0.4375 0
1431 1.46875 0.5 0
1432 1.4375 0.4375 0
1433 1.46875 0.4375 0
1434 1.40625 0.5 0
1435 1.40625 0.4375 0
1436 1.4375 0.5625 0
1437 1.40625 0.625 0
1438 1.40625 0.5625 0
1439 1.5 0.5625 0
1440 1.46875 0.625 0
1441 1.46875 0.5625 0
1442 1.5 0.6875 0
1443 1.46875 0.75 0
1444 1.4375 0.6875 0
1445 1.46875 0.6875 0
1446 1.40625 0.75 0
1447 1.40625 0.6875 0
1448 1.4375 0.8125 0
1449 1.40625 0.875 0
1450 1.40625 0.8125 0
1451 1.5 0.8125 0
1452 1.46875 0.875 0
1453 1.46875 0.8125 0
1454 1.5 0.9375 0
1455 1.4375 0.9375 0
1456 1.46875 0.9375 0
1457 1.40625 0.9375 0
1458 1.5625 0.0625 0
1459 1.53125 0.125 0
1460 1.53125 0.0625 0
1461 1.625 0.0625 0
1462 1.59375 0.125 0
1463 1.59375 0.0625 0
1464 1.625 0.1875 0
1465 1.59375 0.25 0
1466 1.5625 0.1875 0
1467 1.59375 0.1875 0
1468 1.53125 0.25 0
1469 1.53125 0.1875 0
1470 1.5625 0.3125 0
1471 1.53125 0.375 0
1472 1.53125 0.3125 0
1473 1.625 0.3125 0
1474 1.59375 0.375 0
1475 1.59375 0.3125 0
1476 1.625 0.4375 0
1477 1.59375 0.5 0
1478 1.5625 0.4375 0
1479 1.59375 0.4375 0
1480 1.53125 0.5 0
1481 1.53125 0.4375 0
1482 1.5625 0.5625 0
1483 1.53125 0.625 0
1484 1.53125 0.5625 0
1485 1.625 0.5625 0
1486 1.59375 0.625 0
1487 1.59375 0.5625 0
1488 1.625 0.6875 0
1489 1.59375 0.75 0
1490 1.5625 0.6875 0
1491 1.59375 0.6875 0
1492 1.53125 0.75 0
1493 1.53125 0.6875 0
1494 1.5625 0.8125 0
1495 1.53125 0.875 0
1496 1.53125 0.8125 0
1497 1.625 0.8125 0
1498 1.59375 0.875 0
1499 1.59375 0.8125 0
1500 1.625 0.9375 0
1501 1.5625 0.9375 0
1502 1.59375 0.9375 0
1503 1.53125 0.9375 0
1504 1.6875 0.0625 0
1505 1.65625 0.125 0
1506 1.65625 0.0625 0
1507 1.75 0.0625 0
1508 1.71875 0.125 0
1509 1.71875 0.0625 0
1510 1.75 0.1875 0
1511 1.71875 0.25 0
1512 1.6875 0.1875 0
1513 1.71875 0.1875 0
1514 1.65625 0.25 0
1515 1.65625 0.1875 0
1516 1.6875 0.3125 0
1517 1.65625 0.375 0
1518 1.65625 0.3125 0
1519 1.75 0.3125 0
1520 1.71875 0.375 0
1521 1.71875 0.3125 0
1522 1.75 0.4375 0
1523 1.71875 0.5 0
1524 1.6875 0.4375 0
1525 1.71875 0.4375 0
1526 1.65625 0.5 0
1527 1.65625 0.4375 0
1528 1.6875 0.5625 0
1529 1.65625 0.625 0
1530 1.65625 0.5625 0
1531 1.75 0.5625 0
1532 1.71875 0.625 0
1533 1.71875 0.5625 0
1534 1.75 0.6875 0
1535 1.71875 0.75 0
1536 1.6875 0.6875 0
1537 1.71875 0.6875 0
1538 1.65625 0.75 0
1539 1.65625 0.6875 0
1540 1.6875 0.8125 0
1541 1.65625 0.875 0
1542 1.65625 0.8125 0
1543 1.75 0.8125 0
1544 1.71875 0.875 0
1545 1.71875 0.8125 0
1546 1.75 0.9375 0
1547 1.6875 0.9375 0
1548 1.71875 0.9375 0
1549 1.65625 0.9375 0
1550 1.8125 0.0625 0
1551 1.78125 0.125 0
1552 1.78125 0.0625 0
1553 1.875 0.0625 0
1554 1.84375 0.125 0
1555 1.84375 0.0625 0
1556 1.875 0.1875 0
1557 1.84375 0.25 0
1558 1.8125 0.1875 0
1559 1.84375 0.1875 0
1560 1.78125 0.25 0
1561 1.78125 0.1875 0
1562 1.8125 0.3125 0
1563 1.78125 0.375 0
1564 1.78125 0.3125 0
1565 1.875 0.3125 0
1566 1.84375 0.375 0
1567 1.84375 0.3125 0
1568 1.875 0.4375 0
1569 1.84375 0.5 0
1570 1.8125 0.4375 0
1571 1.84375 0.4375 0
1572 1.78125 0.5 0
1573 1.78125 0.4375 0
1574 1.8125 0.5625 0
1575 1.78125 0.625 0
1576 1.78125 0.5625 0
1577 1.875 0.5625 0
1578 1.84375 0.625 0
1579 1.84375 0.5625 0
1580 1.875 0.6875 0
1581 1.84375 0.75 0
1582 1.8125 0.6875 0
1583 1.84375 0.6875 0
1584 1.78125 0.75 0
1585 1.78125 0.6875 0
1586 1.8125 0.8125 0
1587 1.78125 0.875 0
1588 1.78125 0.8125 0
1589 1.875 0.8125 0
1590 1.84375 0.875 0
1591 1.84375 0.8125 0
1592 1.875 0.9375 0
1593 1.8125 0.9375 0
1594 1.84375 0.9375 0
1595 1.78125 0.9375 0
1596 1.9375 0.0625 0
1597 1.90625 0.125 0
1598 1.90625 0.0625 0
1599 2 0.0625 0
1600 1.96875 0.125 0
1601 1.96875 0.0625 0
1602 2 0.1875 0
1603 1.96875 0.25 0
1604 1.9375 0.1875 0
1605 1.96875 0.1875 0
1606 1.90625 0.25 0
1607 1.90625 0.1875 0
1608 1.9375 0.3125 0
1609 1.90625 0.375 0
1610 1.90625 0.3125 0
1611 2 0.3125 0
1612 1.96875 0.375 0
1613 1.96875 0.3125 0
1614 2 0.4375 0
1615 1.96875 0.5 0
1616 1.9375 0.4375 0
1617 1.96875 0.4375 0
1618 1.90625 0.5 0
1619 1.90625 0.4375 0
1620 1.9375 0.5625 0
1621 1.90625 0.625 0
1622 1.90625 0.5625 0
1623 2 0.5625 0
1624 1.96875 0.625 0
1625 1.96875 0.5625 0
1626 2 0.6875 0
1627 1.96875 0.75 0
1628 1.9375 0.6875 0
1629 1.96875 0.6875 0
1630 1.90625 0.75 0
1631 1.90625 0.6875 0
1632 1.9375 0.8125 0
1633 1.90625 0.875 0
1634 1.90625 0.8125 0
1635 2 0.8125 0
1636 1.96875 0.875 0
1637 1.96875 0.8125 0
1638 2 0.9375 0
1639 1.9375 0.9375 0
1640 1.96875 0.9375 0
1641 1.90625 0.9375 0
1642 2.0625 0.0625 0
1643 2.03125 0.125 0
1644 2.03125 0.0625 0
1645 2.125 0.0625 0
1646 2.09375 0.125 0
1647 2.09375 0.0625 0
1648 2.125 0.1875 0
1649 2.09375 0.25 0
1650 2.0625 0.1875 0
1651 2.09375 0.1875 0
1652 2.03125 0.25 0
1653 2.03125 0.1875 0
1654 2.0625 0.3125 0
1655 2.03125 0.375 0
1656 2.03125 0.3125 0
1657 2.125 0.3125 0
1658 2.09375 0.375 0
1659 2.09375 0.3125 0
1660 2.125 0.4375 0
1661 2.09375 0.5 0
1662 2.0625 0.4375 0
1663 2.09375 0.4375 0
1664 2.03125 0.5 0
1665 2.03125 0.4375 0
1666 2.0625 0.5625 0
1667 2.03125 0.625 0
1668 2.03125 0.5625 0
1669 2.125 0.5625 0
1670 2.09375 0.625 0
1671 2.09375 0.5625 0
1672 2.125 0.6875 0
1673 2.09375 0.75 0
1674 2.0625 0.6875 0
1675 2.09375 0.6875 0
1676 2.03125 0.75 0
1677 2.03125 0.6875 0
1678 2.0625 0.8125 0
1679 2.03125 0.875 0
1680 2.03125 0.8125 0
1681 2.125 0.8125 0
1682 2.09375 0.875 0
1683 2.09375 0.8125 0
1684 2.125 0.9375 0
1685 2.0625 0.9375 0
1686 2.09375 0.9375 0
1687 2.03125 0.9375 0
1688 2.1875 0.0625 0
1689 2.15625 0.125 0
1690 2.15625 0.0625 0
1691 2.25 0.0625 0
1692 2.21875 0.125 0
1693 2.21875 0.0625 0
1694 2.25 0.1875 0
1695 2.21875 0.25 0
1696 2.1875 0.1875 0
1697 2.21875 0.1875 0
1698 2.15625 0.25 0
1699 2.15625 0.1875 0
1700 2.1875 0.3125 0
1701 2.15625 0.375 0
1702 2.15625 0.3125 0
1703 2.25 0.3125 0
1704 2.21875 0.375 0
1705 2.21875 0.3125 0
1706 2.25 0.4375 0
1707 2.21875 0.5 0
1708 2.1875 0.4375 0
1709 2.21875 0.4375 0
1710 2.15625 0.5 0
1711 2.15625 0.4375 0
1712 2.1875 0.5625 0
1713 2.15625 0.625 0
1714 2.15625 0.5625 0
1715 2.25 0.5625 0
1716 2.21875 0.625 0
1717 2.21875 0.5625 0
1718 2.25 0.6875 0
1719 2.21875 0.75 0
1720 2.1875 0.6875 0
1721 2.21875 0.6875 0
1722 2.15625 0.75 0
1723 2.15625 0.6875 0
1724 2.1875 0.8125 0
1725 2.15625 0.875 0
1726 2.15625 0.8125 0
1727 2.25 0.8125 0
1728 2.21875 0.875 0
1729 2.21875 0.8125 0
1730 2.25 0.9375 0
1731 2.1875 0.9375 0
1732 2.21875 0.9375 0
1733 2.15625 0.9375 0
1734 2.3125 0.0625 0
1735 2.28125 0.125 0
1736 2.28125 0.0625 0
1737 2.375 0.0625 0
1738 2.34375 0.125 0
1739 2.34375 0.0625 0
1740 2.375 0.1875 0
1741 2.34375 0.25 0
1742 2.3125 0.1875 0
1743 2.34375 0.1875 0
1744 2.28125 0.25 0
1745 2.28125 0.1875 0
1746 2.3125 0.3125 0
1747 2.28125 0.375 0
1748 2.28125 0.3125 0
1749 2.375 0.3125 0
1750 2.34375 0.375 0
1751 2.34375 0.3125 0
1752 2.375 0.4375 0
1753 2.34375 0.5 0
1754 2.3125 0.4375 0
1755 2.34375 0.4375 0
1756 2.28125 0.5 0
1757 2.28125 0.4375 0
1758 2.3125 0.5625 0
1759 2.28125 0.625 0
1760 2.28125 0.5625 0
1761 2.375 0.5625 0
1762 2.34375 0.625 0
1763 2.34375 0.5625 0
1764 2.375 0.6875 0
1765 2.34375 0.75 0
1766 2.3125 0.6875 0
1767 2.34375 0.6875 0
1768 2.28125 0.75 0
1769 2.28125 0.6875 0
1770 2.3125 0.8125 0
1771 2.28125 0.875 0
1772 2.28125 0.8125 0
1773 2.375 0.8125 0
1774 2.34375 0.875 0
1775 2.34375 0.8125 0
1776 2.375 0.9375 0
1777 2.3125 0.9375 0
1778 2.34375 0.9375 0
1779 2.28125 0.9375 0
1780 2.4375 0.0625 0
1781 2.40625 0.125 0
1782 2.40625 0.0625 0
1783 2.5 0.0625 0
1784 2.46875 0.125 0
1785 2.46875 0.0625 0
1786 2.5 0.1875 0
1787 2.46875 0.25 0
1788 2.4375 0.1875 0
1789 2.46875 0.1875 0
1790 2.40625 0.25 0
1791 2.40625 0.1875 0
1792 2.4375 0.3125 0
1793 2.40625 0.375 0
1794 2.40625 0.3125 0
1795 2.5 0.3125 0
1796 2.46875 0.375 0
1797 2.46875 0.3125 0
1798 2.5 0.4375 0
1799 2.46875 0.5 0
1800 2.4375 0.4375 0
1801 2.46875 0.4375 0
1802 2.40625 0.5 0
1803 2.40625 0.4375 0
1804 2.4375 0.5625 0
1805 2.40625 0.625 0
1806 2.40625 0.5625 0
1807 2.5 0.5625 0
1808 2.46875 0.625 0
1809 2.46875 0.5625 0
1810 2.5 0.6875 0
1811 2.46875 0.75 0
1812 2.4375 0.6875 0
1813 2.46875 0.6875 0
1814 2.40625 0.75 0
1815 2.40625 0.6875 0
1816 2.4375 0.8125 0
1817 2.40625 0.875 0
1818 2.40625 0.8125 0
1819 2.5 0.8125 0
1820 2.46875 0.875 0
1821 2.46875 0.8125 0
1822 2.5 0.9375 0
1823 2.4375 0.9375 0
1824 2.46875 0.9375 0
1825 2.40625 0.9375 0
1826 2.5625 0.0625 0
1827 2.53125 0.125 0
1828 2.53125 0.0625 0
1829 2.625 0.0625 0
1830 2.59375 0.125 0
1831 2.59375 0.0625 0
1832 2.625 0.1875 0
1833 2.59375 0.25 0
1834 2.5625 0.1875 0
1835 2.59375 0.1875 0
1836 2.53125 0.25 0
1837 2.53125 0.1875 0
1838 2.5625 0.3125 0
1839 2.53125 0.375 0
1840 2.53125 0.3125 0
1841 2.625 0.3125 0
1842 2.59375 0.375 0
1843 2.59375 0.3125 0
1844 2.625 0.4375 0
1845 2.59375 0.5 0
1846 2.5625 0.4375 0
1847 2.59375 0.4375 0
1848 2.53125 0.5 0
1849 2.53125 0.4375 0
1850 2.5625 0.5625 0
1851 2.53125 0.625 0
1852 2.53125 0.5625 0
1853 2.625 0.5625 0
1854 2.59375 0.625 0
1855 2.59375 0.5625 0
1856 2.625 0.6875 0
1857 2.59375 0.75 0
1858 2.5625 0.6875 0
1859 2.59375 0.6875 0
1860 2.53125 0.75 0
1861 2.53125 0.6875 0
1862 2.5625 0.8125 0
1863 2.53125 0.875 0
1864 2.53125 0.8125 0
1865 2.625 0.8125 0
1866 2.59375 0.875 0
1867 2.59375 0.8125 0
1868 2.625 0.9375 0
1869 2.5625 0.9375 0
1870 2.59375 0.9375 0
1871 2.53125 0.9375 0
1872 2.6875 0.0625 0
1873 2.65625 0.125 0
1874 2.65625 0.0625 0
1875 2.75 0.0625 0
1876 2.71875 0.125 0
1877 2.71875 0.0625 0
1878 2.75 0.1875 0
1879 2.71875 0.25 0
1880 2.6875 0.1875 0
1881 2.71875 0.1875 0
1882 2.65625 0.25 0
1883 2.65625 0.1875 0
1884 2.6875 0.3125 0
1885 2.65625 0.375 0
1886 2.65625 0.3125 0
1887 2.75 0.3125 0
1888 2.71875 0.375 0
1889 2.71875 0.3125 0
1890 2.75 0.4375 0
1891 2.71875 0.5 0
1892 2.6875 0.4375 0
1893 2.71875 0.4375 0
1894 2.65625 0.5 0
1895 2.65625 0.4375 0
1896 2.6875 0.5625 0
1897 2.65625 0.625 0
1898 2.65625 0.5625 0
1899 2.75 0.5625 0
1900 2.71875 0.625 0
1901 2.71875 0.5625 0
1902 2.75 0.6875 0
1903 2.71875 0.75 0
1904 2.6875 0.6875 0
1905 2.71875 0.6875 0
1906 2.65625 0.75 0
1907 2.65625 0.6875 0
1908 2.6875 0.8125 0
1909 2.65625 0.875 0
1910 2.65625 0.8125 0
1911 2.75 0.8125 0
1912 2.71875 0.875 0
1913 2.71875 0.8125 0
1914 2.75 0.9375 0
1915 2.6875 0.9375 0
1916 2.71875 0.9375 0
1917 2.65625 0.9375 0
1918 2.8125 0.0625 0
1919 2.78125 0.125 0
1920 2.78125 0.0625 0
1921 2.875 0.0625 0
1922 2.84375 0.125 0
1923 2.84375 0.0625 0
1924 2.875 0.1875 0
1925 2.84375 0.25 0
1926 2.8125 0.1875 0
1927 2.84375 0.1875 0
1928 2.78125 0.25 0
1929 2.78125 0.1875 0
1930 2.8125 0.3125 0
1931 2.78125 0.375 0
1932 2.78125 0.3125 0
1933 2.875 0.3125 0
1934 2.84375 0.375 0
1935 2.84375 0.3125 0
1936 2.875 0.4375 0
1937 2.84375 0.5 0
1938 2.8125 0.4375 0
1939 2.84375 0.4375 0
1940 2.78125 0.5 0
1941 2.78125 0.4375 0
1942 2.8125 0.5625 0
1943 2.78125 0.625 0
1944 2.78125 0.5625 0
1945 2.875 0.5625 0
1946 2.84375 0.625 0
1947 2.84375 0.5625 0
1948 2.875 0.6875 0
1949 2.84375 0.75 0
1950 2.8125 0.6875 0
1951 2.84375 0.6875 0
1952 2.78125 0.75 0
1953 2.78125 0.6875 0
1954 2.8125 0.8125 0
1955 2.78125 0.875 0
1956 2.78125 0.8125 0
1957 2.875 0.8125 0
1958 2.84375 0.875 0
1959 2.84375 0.8125 0
1960 2.875 0.9375 0
1961 2.8125 0.9375 0
1962 2.84375 0.9375 0
1963 2.78125 0.9375 0
1964 2.9375 0.0625 0
1965 2.90625 0.125 0
1966 2.90625 0.0625 0
1967 3 0.0625 0
1968 2.96875 0.125 0
1969 2.96875 0.0625 0
1970 3 0.1875 0
1971 2.96875 0.25 0
1972 2.9375 0.1875 0
1973 2.96875 0.1875 0
1974 2.90625 0.25 0
1975 2.90625 0.1875 0
1976 2.9375 0.3125 0
1977 2.90625 0.375 0
1978 2.90625 0.3125 0
1979 3 0.3125 0
1980 2.96875 0.375 0
1981 2.96875 0.3125 0
1982 3 0.4375 0
1983 2.96875 0.5 0
1984 2.9375 0.4375 0
1985 2.96875 0.4375 0
1986 2.90625 0.5 0
1987 2.90625 0.4375 0
1988 2.9375 0.5625 0
1989 2.90625 0.625 0
1990 2.90625 0.5625 0
1991 3 0.5625 0
1992 2.96875 0.625 0
1993 2.96875 0.5625 0
1994 3 0.6875 0
1995 2.96875 0.75 0
1996 2.9375 0.6875 0
1997 2.96875 0.6875 0
1998 2.90625 0.75 0
1999 2.90625 0.6875 0
2000 2.9375 0.8125 0
2001 2.90625 0.875 0
2002 2.90625 0.8125 0
2003 3 0.8125 0
2004 2.96875 0.875 0
2005 2.96875 0.8125 0
2006 3 0.9375 0
2007 2.9375 0.9375 0
2008 2.96875 0.9375 0
2009 2.90625 0.9375 0
2010 3.0625 0.0625 0
2011 3.03125 0.125 0
2012 3.03125 0.0625 0
2013 3.125 0.0625 0
2014 3.09375 0.125 0
2015 3.09375 0.0625 0
2016 3.125 0.1875 0
2017 3.09375 0.25 0
2018 3.0625 0.1875 0
2019 3.09375 0.1875 0
2020 3.03125 0.25 0
2021 3.03125 0.1875 0
2022 3.0625 0.3125 0
2023 3.03125 0.375 0
2024 3.03125 0.3125 0
2025 3.125 0.3125 0
2026 3.09375 0.375 0
2027 3.09375 0.3125 0
2028 3.125 0.4375 0
2029 3.09375 0.5 0
2030 3.0625 0.4375 0
2031 3.09375 0.4375 0
2032 3.03125 0.5 0
2033 3.03125 0.4375 0
2034 3.0625 0.5625 0
2035 3.03125 0.625 0
2036 3.03125 0.5625 0
2037 3.125 0.5625 0
2038 3.09375 0.625 0
2039 3.09375 0.5625 0
2040 3.125 0.6875 0
2041 3.09375 0.75 0
2042 3.0625 0.6875 0
2043 3.09375 0.6875 0
2044 3.03125 0.75 0
2045 3.03125 0.6875 0
2046 3.0625 0.8125 0
2047 3.03125 0.875 0
2048 3.03125 0.8125 0
2049 3.125 0.8125 0
2050 3.09375 0.875 0
2051 3.09375 0.8125 0
2052 3.125 0.9375 0
2053 3.0625 0.9375 0
2054 3.09375 0.9375 0
2055 3.03125 0.9375 0
2056 3.1875 0.0625 0
2057 3.15625 0.125 0
2058 3.15625 0.0625 0
2059 3.25 0.0625 0
2060 3.21875 0.125 0
2061 3.21875 0.0625 0
2062 3.25 0.1875 0
2063 3.21875 0.25 0
2064 3.1875 0.1875 0
2065 3.21875 0.1875 0
2066 3.15625 0.25 0
2067 3.15625 0.1875 0
2068 3.1875 0.3125 0
2069 3.15625 0.375 0
2070 3.15625 0.3125 0
2071 3.25 0.3125 0
2072 3.21875 0.375 0
2073 3.21875 0.3125 0
2074 3.25 0.4375 0
2075 3.21875 0.5 0
2076 3.1875 0.4375 0
2077 3.21875 0.4375 0
2078 3.15625 0.5 0
2079 3.15625 0.4375 0
2080 3.1875 0.5625 0
2081 3.15625 0.625 0
2082 3.15625 0.5625 0
2083 3.25 0.5625 0
2084 3.21875 0.625 0
2085 3.21875 0.5625 0
2086 3.25 0.6875 0
2087 3.21875 0.75 0
2088 3.1875 0.6875 0
2089 3.21875 0.6875 0
2090 3.15625 0.75 0
2091 3.15625 0.6875 0
2092 3.1875 0.8125 0
2093 3.15625 0.875 0
2094 3.15625 0.8125 0
2095 3.25 0.8125 0
2096 3.21875 0.875 0
2097 3.21875 0.8125 0
2098 3.25 0.9375 0
2099 3.1875 0.9375 0
2100 3.21875 0.9375 0
2101 3.15625 0.9375 0
2102 3.3125 0.0625 0
2103 3.28125 0.125 0
2104 3.28125 0.0625 0
2105 3.375 0.0625 0
2106 3.34375 0.125 0
2107 3.34375 0.0625 0
2108 3.375 0.1875 0
2109 3.34375 0.25 0
2110 3.3125 0.1875 0
2111 3.34375 0.1875 0
2112 3.28125 0.25 0
2113 3.28125 0.1875 0
2114 3.3125 0.3125 0
2115 3.28125 0.375 0
2116 3.28125 0.3125 0
2117 3.375 0.3125 0
2118 3.34375 0.375 0
2119 3.34375 0.3125 0
2120 3.375 0.4375 0
2121 3.34375 0.5 0
2122 3.3125 0.4375 0
2123 3.34375 0.4375 0
2124 3.28125 0.5 0
2125 3.28125 0.4375 0
2126 3.3125 0.5625 0
2127 3.28125 0.625 0
2128 3.28125 0.5625 0
2129 3.375 0.5625 0
2130 3.34375 0.625 0
2131 3.34375 0.5625 0
2132 3.375 0.6875 0
2133 3.34375 0.75 0
2134 3.3125 0.6875 0
2135 3.34375 0.6875 0
2136 3.28125 0.75 0
2137 3.28125 0.6875 0
2138 3.3125 0.8125 0
2139 3.28125 0.875 0
2140 3.28125 0.8125 0
2141 3.375 0.8125 0
2142 3.34375 0.875 0
2143 3.34375 0.8125 0
2144 3.375 0.9375 0
2145 3.3125 0.9375 0
2146 3.34375 0.9375 0
2147 3.28125 0.9375 0
2148 3.4375 0.0625 0
2149 3.40625 0.125 0
2150 3.40625 0.0625 0
2151 3.5 0.0625 0
2152 3.46875 0.125 0
2153 3.46875 0.0625 0
2154 3.5 0.1875 0
2155 3.46875 0.25 0
2156 3.4375 0.1875 0
2157 3.46875 0.1875 0
2158 3.40625 0.25 0
2159 3.40625 0.1875 0
2160 3.4375 0.3125 0
2161 3.40625 0.375 0
2162 3.40625 0.3125 0
2163 3.5 0.3125 0
2164 3.46875 0.375 0
2165 3.46875 0.3125 0
2166 3.5 0.4375 0
2167 3.46875 0.5 0
2168 3.4375 0.4375 0
2169 3.46875 0.4375 0
2170 3.40625 0.5 0
2171 3.40625 0.4375 0
2172 3.4375 0.5625 0
2173 3.40625 0.625 0
2174 3.40625 0.5625 0
2175 3.5 0.5625 0
2176 3.46875 0.625 0
2177 3.46875 0.5625 0
2178 3.5 0.6875 0
2179 3.46875 0.75 0
2180 3.4375 0.6875 0
2181 3.46875 0.6875 0
2182 3.40625 0.75 0
2183 3.40625 0.6875 0
2184 3.4375 0.8125 0
2185 3.40625 0.875 0
2186 3.40625 0.8125 0
2187 3.5 0.8125 0
2188 3.46875 0.875 0
2189 3.46875 0.8125 0
2190 3.5 0.9375 0
2191 3.4375 0.9375 0
2192 3.46875 0.9375 0
2193 3.40625 0.9375 0
2194 3.5625 0.0625 0
2195 3.53125 0.125 0
2196 3.53125 0.0625 0
2197 3.625 0.0625 0
2198 3.59375 0.125 0
2199 3.59375 0.0625 0
2200 3.625 0.1875 0
2201 3.59375 0.25 0
2202 3.5625 0.1875 0
2203 3.59375 0.1875 0
2204 3.53125 0.25 0
2205 3.53125 0.1875 0
2206 3.5625 0.3125 0
2207 3.53125 0.375 0
2208 3.53125 0.3125 0
2209 3.625 0.3125 0
2210 3.59375 0.375 0
2211 3.59375 0.3125 0
2212 3.625 0.4375 0
2213 3.59375 0.5 0
2214 3.5625 0.4375 0
2215 3.59375 0.4375 0
2216 3.53125 0.5 0
2217 3.53125 0.4375 0
2218 3.5625 0.5625 0
2219 3.53125 0.625 0
2220 3.53125 0.5625 0
2221 3.625 0.5625 0
2222 3.59375 0.625 0
2223 3.59375 0.5625 0
2224 3.625 0.6875 0
2225 3.59375 0.75 0
2226 3.5625 0.6875 0
2227 3.59375 0.6875 0
2228 3.53125 0.75 0
2229 3.53125 0.6875 0
2230 3.5625 0.8125 0
2231 3.53125 0.875 0
2232 3.53125 0.8125 0
2233 3.625 0.8125 0
2234 3.59375 0.875 0
2235 3.59375 0.8125 0
2236 3.625 0.9375 0
2237 3.5625 0.9375 0
2238 3.59375 0.9375 0
2239 3.53125 0.9375 0
2240 3.6875 0.0625 0
2241 3.65625 0.125 0
2242 3.65625 0.0625 0
2243 3.75 0.0625 0
2244 3.71875 0.125 0
2245 3.71875 0.0625 0
2246 3.75 0.1875 0
2247 3.71875 0.25 0
2248 3.6875 0.1875 0
2249 3.71875 0.1875 0
2250 3.65625 0.25 0
2251 3.65625 0.1875 0
2252 3.6875 0.3125 0
2253 3.65625 0.375 0
2254 3.65625 0.3125 0
2255 3.75 0.3125 0
2256 3.71875 0.375 0
2257 3.71875 0.3125 0
2258 3.75 0.4375 0
2259 3.71875 0.5 0
2260 3.6875 0.4375 0
2261 3.71875 0.4375 0
2262 3.65625 0.5 0
2263 3.65625 0.4375 0
2264 3.6875 0.5625 0
2265 3.65625 0.625 0
2266 3.65625 0.5625 0
2267 3.75 0.5625 0
2268 3.71875 0.625 0
2269 3.71875 0.5625 0
2270 3.75 0.6875 0
2271 3.71875 0.75 0
2272 3.6875 0.6875 0
2273 3.71875 0.6875 0
2274 3.65625 0.75 0
2275 3.65625 0.6875 0
2276 3.6875 0.8125 0
2277 3.65625 0.875 0
2278 3.65625 0.8125 0
2279 3.75 0.8125 0
2280 3.71875 0.875 0
2281 3.71875 0.8125 0
2282 3.75 0.9375 0
2283 3.6875 0.9375 0
2284 3.71875 0.9375 0
2285 3.65625 0.9375 0
2286 3.8125 0.0625 0
2287 3.78125 0.125 0
2288 3.78125 0.0625 0
2289 3.875 0.0625 0
2290 3.84375 0.125 0
2291 3.84375 0.0625 0
2292 3.875 0.1875 0
2293 3.84375 0.25 0
2294 3.8125 0.1875 0
2295 3.84375 0.1875 0
2296 3.78125 0.25 0
2297 3.78125 0.1875 0
2298 3.8125 0.3125 0
2299 3.78125 0.375 0
2300 3.78125 0.3125 0
2301 3.875 0.3125 0
2302 3.84375 0.375 0
2303 3.84375 0.3125 0
2304 3.875 0.4375 0
2305 3.84375 0.5 0
2306 3.8125 0.4375 0
2307 3.84375 0.4375 0
2308 3.78125 0.5 0
2309 3.78125 0.4375 0
2310 3.8125 0.5625 0
2311 3.78125 0.625 0
2312 3.78125 0.5625 0
2313 3.875 0.5625 0
2314 3.84375 0.625 0
2315 3.84375 0.5625 0
2316 3.875 0.6875 0
2317 3.84375 0.75 0
2318 3.8125 0.6875 0
2319 3.84375 0.6875 0
2320 3.78125 0.75 0
2321 3.78125 0.6875 0
2322 3.8125 0.8125 0
2323 3.78125 0.875 0
2324 3.78125 0.8125 0
2325 3.875 0.8125 0
2326 3.84375 0.875 0
2327 3.84375 0.8125 0
2328 3.875 0.9375 0
2329 3.8125 0.9375 0
2330 3.84375 0.9375 0
2331 3.78125 0.9375 0
2332 3.9375 0.0625 0
2333 3.90625 0.125 0
2334 3.90625 0.0625 0
2335 4 0.0625 0
2336 3.96875 0.125 0
2337 3.96875 0.0625 0
2338 4 0.1875 0
2339 3.96875 0.25 0
2340 3.9375 0.1875 0
2341 3.96875 0.1875 0
2342 3.90625 0.25 0
2343 3.90625 0.1875 0
2344 3.9375 0.3125 0
2345 3.90625 0.375 0
2346 3.90625 0.3125 0
2347 4 0.3125 0
2348 3.96875 0.375 0
2349 3.96875 0.3125 0
2350 4 0.4375 0
2351 3.96875 0.5 0
2352 3.9375 0.4375 0
2353 3.96875 0.4375 0
2354 3.90625 0.5 0
2355 3.90625 0.4375 0
2356 3.9375 0.5625 0
2357 3.90625 0.625 0
2358 3.90625 0.5625 0
2359 4 0.5625 0
2360 3.96875 0.625 0
2361 3.96875 0.5625 0
2362 4 0.6875 0
2363 3.96875 0.75 0
2364 3.9375 0.6875 0
2365 3.96875 0.6875 0
2366 3.90625 0.75 0
2367 3.90625 0.6875 0
2368 3.9375 0.8125 0
2369 3.90625 0.875 0
2370 3.90625 0.8125 0
2371 4 0.8125 0
2372 3.96875 0.875 0
2373 3.96875 0.8125 0
2374 4 0.9375 0
2375 3.9375 0.9375 0
2376 3.96875 0.9375 0
2377 3.90625 0.9375 0
2378 4.0625 0.0625 0
2379 4.03125 0.125 0
2380 4.03125 0.0625 0
2381 4.125 0.0625 0
2382 4.09375 0.125 0
2383 4.09375 0.0625 0
2384 4.125 0.1875 0
2385 4.09375 0.25 0
2386 4.0625 0.1875 0
2387 4.09375 0.1875 0
2388 4.03125 0.25 0
2389 4.03125 0.1875 0
2390 4.0625 0.3125 0
2391 4.03125 0.375 0
2392 4.03125 0.3125 0
2393 4.125 0.3125 0
2394 4.09375 0.375 0
2395 4.09375 0.3125 0
2396 4.125 0.4375 0
2397 4.09375 0.5 0
2398 4.0625 0.4375 0
2399 4.09375 0.4375 0
2400 4.03125 0.5 0
2401 4.03125 0.4375 0
2402 4.0625 0.5625 0
2403 4.03125 0.625 0
2404 4.03125 0.5625 0
2405 4.125 0.5625 0
2406 4.09375 0.625 0
2407 4.09375 0.5625 0
2408 4.125 0.6875 0
2409 4.09375 0.75 0
2410 4.0625 0.6875 0
2411 4.09375 0.6875 0
2412 4.03125 0.75 0
2413 4.03125 0.6875 0
2414 4.0625 0.8125 0
2415 4.03125 0.875 0
2416 4.03125 0.8125 0
2417 4.125 0.8125 0
2418 4.09375 0.875 0
2419 4.09375 0.8125 0
2420 4.125 0.9375 0
2421 4.0625 0.9375 0
2422 4.09375 0.9375 0
2423 4.03125 0.9375 0
2424 4.1875 0.0625 0
2425 4.15625 0.125 0
2426 4.15625 0.0625 0
2427 4.25 0.0625 0
2428 4.21875 0.125 0
2429 4.21875 0.0625 0
2430 4.25 0.1875 0
2431 4.21875 0.25 0
2432 4.1875 0.1875 0
2433 4.21875 0.1875 0
2434 4.15625 0.25 0
2435 4.15625 0.1875 0
2436 4.1875 0.3125 0
2437 4.15625 0.375 0
2438 4.15625 0.3125 0
2439 4.25 0.3125 0
2440 4.21875 0.375 0
2441 4.21875 0.3125 0
2442 4.25 0.4375 0
2443 4.21875 0.5 0
2444 4.1875 0.4375 0
2445 4.21875 0.4375 0
2446 4.15625 0.5 0
2447 4.15625 0.4375 0
2448 4.1875 0.5625 0
2449 4.15625 0.625 0
2450 4.15625 0.5625 0
2451 4.25 0.5625 0
2452 4.21875 0.625 0
2453 4.21875 0.5625 0
2454 4.25 0.6875 0
2455 4.21875 0.75 0
2456 4.1875 0.6875 0
2457 4.21875 0.6875 0
2458 4.15625 0.75 0
2459 4.15625 0.6875 0
2460 4.1875 0.8125 0
2461 4.15625 0.875 0
2462 4.15625 0.8125 0
2463 4.25 0.8125 0
2464 4.21875 0.875 0
2465 4.21875 0.8125 0
2466 4.25 0.9375 0
2467 4.1875 0.9375 0
2468 4.21875 0.9375 0
2469 4.15625 0.9375 0
2470 4.3125 0.0625 0
2471 4.28125 0.125 0
2472 4.28125 0.0625 0
2473 4.375 0.0625 0
2474 4.34375 0.125 0
2475 4.34375 0.0625 0
2476 4.375 0.1875 0
2477 4.34375 0.25 0
2478 4.3125 0.1875 0
2479 4.34375 0.1875 0
2480 4.28125 0.25 0
2481 4.28125 0.1875 0
2482 4.3125 0.3125 0
2483 4.28125 0.375 0
2484 4.28125 0.3125 0
2485 4.375 0.3125 0
2486 4.34375 0.375 0
2487 4.34375 0.3125 0
2488 4.375 0.4375 0
2489 4.34375 0.5 0
2490 4.3125 0.4375 0
2491 4.34375 0.4375 0
2492 4.28125 0.5 0
2493 4.28125 0.4375 0
2494 4.3125 0.5625 0
2495 4.28125 0.625 0
2496 4.28125 0.5625 0
2497 4.375 0.5625 0
2498 4.34375 0.625 0
2499 4.34375 0.5625 0
2500 4.375 0.6875 0
2501 4.34375 0.75 0
2502 4.3125 0.6875 0
2503 4.34375 0.6875 0
2504 4.28125 0.75 0
2505 4.28125 0.6875 0
2506 4.3125 0.8125 0
2507 4.28125 0.875 0
2508 4.28125 0.8125 0
2509 4.375 0.8125 0
2510 4.34375 0.875 0
2511 4.34375 0.8125 0
2512 4.375 0.9375 0
2513 4.3125 0.9375 0
2514 4.34375 0.9375 0
2515 4.28125 0.9375 0
2516 4.4375 0.0625 0
2517 4.40625 0.125 0
2518 4.40625 0.0625 0
2519 4.5 0.0625 0
2520 4.46875 0.125 0
2521 4.46875 0.0625 0
2522 4.5 0.1875 0
2523 4.46875 0.25 0
2524 4.4375 0.1875 0
2525 4.46875 0.1875 0
2526 4.40625 0.25 0
2527 4.40625 0.1875 0
2528 4.4375 0.3125 0
2529 4.40625 0.375 0
2530 4.40625 0.3125 0
2531 4.5 0.3125 0
2532 4.46875 0.375 0
2533 4.46875 0.3125 0
2534 4.5 0.4375 0
2535 4.46875 0.5 0
2536 4.4375 0.4375 0
2537 4.46875 0.4375 0
2538 4.40625 0.5 0
2539 4.40625 0.4375 0
2540 4.4375 0.5625 0
2541 4.40625 0.625 0
2542 4.40625 0.5625 0
2543 4.5 0.5625 0
2544 4.46875 0.625 0
2545 4.46875 0.5625 0
2546 4.5 0.6875 0
2547 4.46875 0.75 0
2548 4.4375 0.6875 0
2549 4.46875 0.6875 0
2550 4.40625 0.75 0
2551 4.40625 0.6875 0
2552 4.4375 0.8125 0
2553 4.40625 0.875 0
2554 4.40625 0.8125 0
2555 4.5 0.8125 0
2556 4.46875 0.875 0
2557 4.46875 0.8125 0
2558 4.5 0.9375 0
2559 4.4375 0.9375 0
2560 4.46875 0.9375 0
2561 4.40625 0.9375 0
2562 4.5625 0.0625 0
2563 4.53125 0.125 0
2564 4.53125 0.0625 0
2565 4.625 0.0625 0
2566 4.59375 0.125 0
2567 4.59375 0.0625 0
2568 4.625 0.1875 0
2569 4.59375 0.25 0
2570 4.5625 0.1875 0
2571 4.59375 0.1875 0
2572 4.53125 0.25 0
2573 4.53125 0.1875 0
2574 4.5625 0.3125 0
2575 4.53125 0.375 0
2576 4.53125 0.3125 0
2577 4.625 0.3125 0
2578 4.59375 0.375 0
2579 4.59375 0.3125 0
2580 4.625 0.4375 0
2581 4.59375 0.5 0
2582 4.5625 0.4375 0
2583 4.59375 0.4375 0
2584 4.53125 0.5 0
2585 4.53125 0.4375 0
2586 4.5625 0.5625 0
2587 4.53125 0.625 0
2588 4.53125 0.5625 0
2589 4.625 0.5625 0
2590 4.59375 0.625 0
2591 4.59375 0.5625 0
2592 4.625 0.6875 0
2593 4.59375 0.75 0
2594 4.5625 0.6875 0
2595 4.59375 0.6875 0
2596 4.53125 0.75 0
2597 4.53125 0.6875 0
2598 4.5625 0.8125 0
2599 4.53125 0.875 0
2600 4.53125 0.8125 0
2601 4.625 0.8125 0
2602 4.59375 0.875 0
2603 4.59375 0.8125 0
2604 4.625 0.9375 0
2605 4.5625 0.9375 0
2606 4.59375 0.9375 0
2607 4.53125 0.9375 0
2608 4.6875 0.0625 0
2609 4.65625 0.125 0
2610 4.65625 0.0625 0
2611 4.75 0.0625 0
2612 4.71875 0.125 0
2613 4.71875 0.0625 0
2614 4.75 0.1875 0
2615 4.71875 0.25 0
2616 4.6875 0.1875 0
2617 4.71875 0.1875 0
2618 4.65625 0.25 0
2619 4.65625 0.1875 0
2620 4.6875 0.3125 0
2621 4.65625 0.375 0
2622 4.65625 0.3125 0
2623 4.75 0.3125 0
2624 4.71875 0.375 0
2625 4.71875 0.3125 0
2626 4.75 0.4375 0
2627 4.71875 0.5 0
2628 4.6875 0.4375 0
2629 4.71875 0.4375 0
2630 4.65625 0.5 0
2631 4.65625 0.4375 0
2632 4.6875 0.5625 0
2633 4.65625 0.625 0
2634 4.65625 0.5625 0
2635 4.75 0.5625 0
2636 4.71875 0.625 0
2637 4.71875 0.5625 0
2638 4.75 0.6875 0
2639 4.71875 0.75 0
2640 4.6875 0.6875 0
2641 4.71875 0.6875 0
2642 4.65625 0.75 0
2643 4.65625 0.6875 0
2644 4.6875 0.8125 0
2645 4.65625 0.875 0
2646 4.65625 0.8125 0
2647 4.75 0.8125 0
2648 4.71875 0.875 0
2649 4.71875 0.8125 0
2650 4.75 0.9375 0
2651 4.6875 0.9375 0
2652 4.71875 0.9375 0
2653 4.65625 0.9375 0
2654 4.8125 0.0625 0
2655 4.78125 0.125 0
2656 4.78125 0.0625 0
2657 4.875 0.0625 0
2658 4.84375 0.125 0
2659 4.84375 0.0625 0
2660 4.875 0.1875 0
2661 4.84375 0.25 0
2662 4.8125 0.1875 0
2663 4.84375 0.1875 0
2664 4.78125 0.25 0
2665 4.78125 0.1875 0
2666 4.8125 0.3125 0
2667 4.78125 0.375 0
2668 4.78125 0.3125 0
2669 4.875 0.3125 0
2670 4.84375 0.375 0
2671 4.84375 0.3125 0
2672 4.875 0.4375 0
2673 4.84375 0.5 0
2674 4.8125 0.4375 0
2675 4.84375 0.4375 0
2676 4.78125 0.5 0
2677 4.78125 0.4375 0
2678 4.8125 0.5625 0
2679 4.78125 0.625 0
2680 4.78125 0.5625 0
2681 4.875 0.5625 0
2682 4.84375 0.625 0
2683 4.84375 0.5625 0
2684 4.875 0.6875 0
2685 4.84375 0.75 0
2686 4.8125 0.6875 0
2687 4.84375 0.6875 0
2688 4.78125 0.75 0
2689 4.78125 0.6875 0
2690 4.8125 0.8125 0
2691 4.78125 0.875 0
2692 4.78125 0.8125 0
2693 4.875 0.8125 0
2694 4.84375 0.875 0
2695 4.84375 0.8125 0
2696 4.875 0.9375 0
2697 4.8125 0.9375 0
2698 4.84375 0.9375 0
2699 4.78125 0.9375 0
2700 4.9375 0.0625 0
2701 4.90625 0.125 0
2702 4.90625 0.0625 0
2703 4.96875 0.125 0
2704 4.96875 0.0625 0
2705 4.96875 0.25 0
2706 4.9375 0.1875 0
2707 4.96875 0.1875 0
2708 4.90625 0.25 0
2709 4.90625 0.1875 0
2710 4.9375 0.3125 0
2711 4.90625 0.375 0
2712 4.90625 0.3125 0
2713 4.96875 0.375 0
2714 4.96875 0.3125 0
2715 4.96875 0.5 0
2716 4.9375 0.4375 0
2717 4.96875 0.4375 0
2718 4.90625 0.5 0
2719 4.90625 0.4375 0
2720 4.9375 0.5625 0
2721 4.90625 0.625 0
2722 4.90625 0.5625 0
2723 4.96875 0.625 0
2724 4.96875 0.5625 0
2725 4.96875 0.75 0
2726 4.9375 0.6875 0
2727 4.96875 0.6875 0
2728 4.90625 0.75 0
2729 4.90625 0.6875 0
2730 4.9375 0.8125 0
2731 4.90625 0.875 0
2732 4.90625 0.8125 0
2733 4.96875 0.875 0
2734 4.96875 0.8125 0
2735 4.9375 0.9375 0
2736 4.96875 0.9375 0
2737 4.90625 0.9375 0
