1 0 0 0
2 5 0 0
3 5 1 0
4 0 1 0
5 0.125 0 0
6 0.25 0 0
7 0.375 0 0
8 0.5 0 0
9 0.625 0 0
10 0.75 0 0
11 0.875 0 0
12 1 0 0
13 1.125 0 0
14 1.25 0 0
15 1.375 0 0
16 1.5 0 0
17 1.625 0 0
18 1.75 0 0
19 1.875 0 0
20 2 0 0
21 2.125 0 0
22 2.25 0 0
23 2.375 0 0
24 2.5 0 0
25 2.625 0 0
26 2.75 0 0
27 2.875 0 0
28 3 0 0
29 3.125 0 0
30 3.25 0 0
31 3.375 0 0
32 3.5 0 0
33 3.625 0 0
34 3.75 0 0
35 3.875 0 0
36 4 0 0
37 4.125 0 0
38 4.25 0 0
39 4.375 0 0
40 4.5 0 0
41 4.625 0 0
42 4.75 0 0
43 4.875 0 0
44 5 0.25 0
45 5 0.5 0
46 5 0.75 0
47 4.875 1 0
48 4.75 1 0
49 4.625 1 0
50 4.5 1 0
51 4.375 1 0
52 4.25 1 0
53 4.125 1 0
54 4 1 0
55 3.875 1 0
56 3.75 1 0
57 3.625 1 0
58 3.5 1 0
59 3.375 1 0
60 3.25 1 0
61 3.125 1 0
62 3 1 0
63 2.875 1 0
64 2.75 1 0
65 2.625 1 0
66 2.5 1 0
67 2.375 1 0
68 2.25 1 0
69 2.125 1 0
70 2 1 0
71 1.875 1 0
72 1.75 1 0
73 1.625 1 0
74 1.5 1 0
75 1.375 1 0
76 1.25 1 0
77 1.125 1 0
78 1 1 0
79 0.875 1 0
80 0.75 1 0
81 0.625 1 0
82 0.5 1 0
83 0.375 1 0
84 0.25 1 0
85 0.125 1 0
86 0 0.75 0
87 0 0.5 0
88 0 0.25 0
89 0.125 0.25 0
90 0.125 0.5 0
91 0.125 0.75 0
92 0.25 0.25 0
93 0.25 0.5 0
94 0.25 0.75 0
95 0.375 0.25 0
96 0.375 0.5 0
97 0.375 0.75 0
98 0.5 0.25 0
99 0.5 0.5 0
100 0.5 0.75 0
101 0.625 0.25 0
102 0.625 0.5 0
103 0.625 0.75 0
104 0.75 0.25 0
105 0.75 0.5 0
106 0.75 0.75 0
107 0.875 0.25 0
108 0.875 0.5 0
109 0.875 0.75 0
110 1 0.25 0
111 1 0.5 0
112 1 0.75 0
113 1.125 0.25 0
114 1.125 0.5 0
115 1.125 0.75 0
116 1.25 0.25 0
117 1.25 0.5 0
118 1.25 0.75 0
119 1.375 0.25 0
120 1.375 0.5 0
121 1.375 0.75 0
122 1.5 0.25 0
123 1.5 0.5 0
124 1.5 0.75 0
125 1.625 0.25 0
126 1.625 0.5 0
127 1.625 0.75 0
128 1.75 0.25 0
129 1.75 0.5 0
130 1.75 0.75 0
131 1.875 0.25 0
132 1.875 0.5 0
133 1.875 0.75 0
134 2 0.25 0
135 2 0.5 0
136 2 0.75 0
137 2.125 0.25 0
138 2.125 0.5 0
139 2.125 0.75 0
140 2.25 0.25 0
141 2.25 0.5 0
142 2.25 0.75 0
143 2.375 0.25 0
144 2.375 0.5 0
145 2.375 0.75 0
146 2.5 0.25 0
147 2.5 0.5 0
148 2.5 0.75 0
149 2.625 0.25 0
150 2.625 0.5 0
151 2.625 0.75 0
152 2.75 0.25 0
153 2.75 0.5 0
154 2.75 0.75 0
155 2.875 0.25 0
156 2.875 0.5 0
157 2.875 0.75 0
158 3 0.25 0
159 3 0.5 0
160 3 0.75 0
161 3.125 0.25 0
162 3.125 0.5 0
163 3.125 0.75 0
164 3.25 0.25 0
165 3.25 0.5 0
166 3.25 0.75 0
167 3.375 0.25 0
168 3.375 0.5 0
169 3.375 0.75 0
170 3.5 0.25 0
171 3.5 0.5 0
172 3.5 0.75 0
173 3.625 0.25 0
174 3.625 0.5 0
175 3.625 0.75 0
176 3.75 0.25 0
177 3.75 0.5 0
178 3.75 0.75 0
179 3.875 0.25 0
180 3.875 0.5 0
181 3.875 0.75 0
182 4 0.25 0
183 4 0.5 0
184 4 0.75 0
185 4.125 0.25 0
186 4.125 0.5 0
187 4.125 0.75 0
188 4.25 0.25 0
189 4.25 0.5 0
190 4.25 0.75 0
191 4.375 0.25 0
192 4.375 0.5 0
193 4.375 0.75 0
194 4.5 0.25 0
195 4.5 0.5 0
196 4.5 0.75 0
197 4.625 0.25 0
198 4.625 0.5 0
199 4.625 0.75 0
200 4.75 0.25 0
201 4.75 0.5 0
202 4.75 0.75 0
203 4.875 0.25 0
204 4.875 0.5 0
205 4.875 0.75 0
