1 1 1 1 1 5 540 448 44 45 46 47 754 755 756 757 758 759 760 761 477 478 479 480 762 766 767 763 768 769 764 770 771 765 772 773 774 775 776 777
2 1 1 1 5 6 538 540 48 49 50 51 778 779 780 781 782 783 784 785 757 756 755 754 786 790 791 787 792 793 788 794 795 789 796 797 798 799 800 801
3 1 1 1 540 538 481 539 785 784 783 782 802 803 804 805 806 807 808 809 810 811 812 813 814 818 819 815 820 821 816 822 823 817 824 825 826 827 828 829
4 1 1 1 448 540 539 447 761 760 759 758 813 812 811 810 830 831 832 833 473 474 475 476 834 838 839 835 840 841 836 842 843 837 844 845 846 847 848 849
5 1 1 1 447 539 543 446 833 832 831 830 850 851 852 853 854 855 856 857 469 470 471 472 858 862 863 859 864 865 860 866 867 861 868 869 870 871 872 873
6 1 1 1 539 481 541 543 809 808 807 806 874 875 876 877 878 879 880 881 853 852 851 850 882 886 887 883 888 889 884 890 891 885 892 893 894 895 896 897
7 1 1 1 543 541 482 542 881 880 879 878 898 899 900 901 902 903 904 905 906 907 908 909 910 914 915 911 916 917 912 918 919 913 920 921 922 923 924 925
8 1 1 1 446 543 542 445 857 856 855 854 909 908 907 906 926 927 928 929 465 466 467 468 930 934 935 931 936 937 932 938 939 933 940 941 942 943 944 945
9 1 1 1 445 542 546 444 929 928 927 926 946 947 948 949 950 951 952 953 461 462 463 464 954 958 959 955 960 961 956 962 963 957 964 965 966 967 968 969
10 1 1 1 542 482 544 546 905 904 903 902 970 971 972 973 974 975 976 977 949 948 947 946 978 982 983 979 984 985 980 986 987 981 988 989 990 991 992 993
11 1 1 1 546 544 483 545 977 976 975 974 994 995 996 997 998 999 1000 1001 1002 1003 1004 1005 1006 1010 1011 1007 1012 1013 1008 1014 1015 1009 1016 1017 1018 1019 1020 1021
12 1 1 1 444 546 545 443 953 952 951 950 1005 1004 1003 1002 1022 1023 1024 1025 457 458 459 460 1026 1030 1031 1027 1032 1033 1028 1034 1035 1029 1036 1037 1038 1039 1040 1041
13 1 1 1 443 545 548 442 1025 1024 1023 1022 1042 1043 1044 1045 1046 1047 1048 1049 453 454 455 456 1050 1054 1055 1051 1056 1057 1052 1058 1059 1053 1060 1061 1062 1063 1064 1065
14 1 1 1 545 483 547 548 1001 1000 999 998 1066 1067 1068 1069 1070 1071 1072 1073 1045 1044 1043 1042 1074 1078 1079 1075 1080 1081 1076 1082 1083 1077 1084 1085 1086 1087 1088 1089
15 1 1 1 548 547 280 281 1073 1072 1071 1070 1090 1091 1092 1093 434 435 436 437 1094 1095 1096 1097 1098 1102 1103 1099 1104 1105 1100 1106 1107 1101 1108 1109 1110 1111 1112 1113
16 1 1 1 442 548 281 4 1049 1048 1047 1046 1097 1096 1095 1094 438 439 440 441 449 450 451 452 1114 1118 1119 1115 1120 1121 1116 1122 1123 1117 1124 1125 1126 1127 1128 1129
17 1 1 1 6 7 551 538 52 53 54 55 1130 1131 1132 1133 1134 1135 1136 1137 781 780 779 778 1138 1142 1143 1139 1144 1145 1140 1146 1147 1141 1148 1149 1150 1151 1152 1153
18 1 1 1 7 8 549 551 56 57 58 59 1154 1155 1156 1157 1158 1159 1160 1161 1133 1132 1131 1130 1162 1166 1167 1163 1168 1169 1164 1170 1171 1165 1172 1173 1174 1175 1176 1177
19 1 1 1 551 549 484 550 1161 1160 1159 1158 1178 1179 1180 1181 1182 1183 1184 1185 1186 1187 1188 1189 1190 1194 1195 1191 1196 1197 1192 1198 1199 1193 1200 1201 1202 1203 1204 1205
20 1 1 1 538 551 550 481 1137 1136 1135 1134 1189 1188 1187 1186 1206 1207 1208 1209 805 804 803 802 1210 1214 1215 1211 1216 1217 1212 1218 1219 1213 1220 1221 1222 1223 1224 1225
21 1 1 1 481 550 554 541 1209 1208 1207 1206 1226 1227 1228 1229 1230 1231 1232 1233 877 876 875 874 1234 1238 1239 1235 1240 1241 1236 1242 1243 1237 1244 1245 1246 1247 1248 1249
22 1 1 1 550 484 552 554 1185 1184 1183 1182 1250 1251 1252 1253 1254 1255 1256 1257 1229 1228 1227 1226 1258 1262 1263 1259 1264 1265 1260 1266 1267 1261 1268 1269 1270 1271 1272 1273
23 1 1 1 554 552 485 553 1257 1256 1255 1254 1274 1275 1276 1277 1278 1279 1280 1281 1282 1283 1284 1285 1286 1290 1291 1287 1292 1293 1288 1294 1295 1289 1296 1297 1298 1299 1300 1301
24 1 1 1 541 554 553 482 1233 1232 1231 1230 1285 1284 1283 1282 1302 1303 1304 1305 901 900 899 898 1306 1310 1311 1307 1312 1313 1308 1314 1315 1309 1316 1317 1318 1319 1320 1321
25 1 1 1 482 553 557 544 1305 1304 1303 1302 1322 1323 1324 1325 1326 1327 1328 1329 973 972 971 970 1330 1334 1335 1331 1336 1337 1332 1338 1339 1333 1340 1341 1342 1343 1344 1345
26 1 1 1 553 485 555 557 1281 1280 1279 1278 1346 1347 1348 1349 1350 1351 1352 1353 1325 1324 1323 1322 1354 1358 1359 1355 1360 1361 1356 1362 1363 1357 1364 1365 1366 1367 1368 1369
27 1 1 1 557 555 486 556 1353 1352 1351 1350 1370 1371 1372 1373 1374 1375 1376 1377 1378 1379 1380 1381 1382 1386 1387 1383 1388 1389 1384 1390 1391 1385 1392 1393 1394 1395 1396 1397
28 1 1 1 544 557 556 483 1329 1328 1327 1326 1381 1380 1379 1378 1398 1399 1400 1401 997 996 995 994 1402 1406 1407 1403 1408 1409 1404 1410 1411 1405 1412 1413 1414 1415 1416 1417
29 1 1 1 483 556 559 547 1401 1400 1399 1398 1418 1419 1420 1421 1422 1423 1424 1425 1069 1068 1067 1066 1426 1430 1431 1427 1432 1433 1428 1434 1435 1429 1436 1437 1438 1439 1440 1441
30 1 1 1 556 486 558 559 1377 1376 1375 1374 1442 1443 1444 1445 1446 1447 1448 1449 1421 1420 1419 1418 1450 1454 1455 1451 1456 1457 1452 1458 1459 1453 1460 1461 1462 1463 1464 1465
31 1 1 1 559 558 278 279 1449 1448 1447 1446 1466 1467 1468 1469 426 427 428 429 1470 1471 1472 1473 1474 1478 1479 1475 1480 1481 1476 1482 1483 1477 1484 1485 1486 1487 1488 1489
32 1 1 1 547 559 279 280 1425 1424 1423 1422 1473 1472 1471 1470 430 431 432 433 1093 1092 1091 1090 1490 1494 1495 1491 1496 1497 1492 1498 1499 1493 1500 1501 1502 1503 1504 1505
33 1 1 1 8 9 562 549 60 61 62 63 1506 1507 1508 1509 1510 1511 1512 1513 1157 1156 1155 1154 1514 1518 1519 1515 1520 1521 1516 1522 1523 1517 1524 1525 1526 1527 1528 1529
34 1 1 1 9 10 560 562 64 65 66 67 1530 1531 1532 1533 1534 1535 1536 1537 1509 1508 1507 1506 1538 1542 1543 1539 1544 1545 1540 1546 1547 1541 1548 1549 1550 1551 1552 1553
35 1 1 1 562 560 487 561 1537 1536 1535 1534 1554 1555 1556 1557 1558 1559 1560 1561 1562 1563 1564 1565 1566 1570 1571 1567 1572 1573 1568 1574 1575 1569 1576 1577 1578 1579 1580 1581
36 1 1 1 549 562 561 484 1513 1512 1511 1510 1565 1564 1563 1562 1582 1583 1584 1585 1181 1180 1179 1178 1586 1590 1591 1587 1592 1593 1588 1594 1595 1589 1596 1597 1598 1599 1600 1601
37 1 1 1 484 561 565 552 1585 1584 1583 1582 1602 1603 1604 1605 1606 1607 1608 1609 1253 1252 1251 1250 1610 1614 1615 1611 1616 1617 1612 1618 1619 1613 1620 1621 1622 1623 1624 1625
38 1 1 1 561 487 563 565 1561 1560 1559 1558 1626 1627 1628 1629 1630 1631 1632 1633 1605 1604 1603 1602 1634 1638 1639 1635 1640 1641 1636 1642 1643 1637 1644 1645 1646 1647 1648 1649
39 1 1 1 565 563 488 564 1633 1632 1631 1630 1650 1651 1652 1653 1654 1655 1656 1657 1658 1659 1660 1661 1662 1666 1667 1663 1668 1669 1664 1670 1671 1665 1672 1673 1674 1675 1676 1677
40 1 1 1 552 565 564 485 1609 1608 1607 1606 1661 1660 1659 1658 1678 1679 1680 1681 1277 1276 1275 1274 1682 1686 1687 1683 1688 1689 1684 1690 1691 1685 1692 1693 1694 1695 1696 1697
41 1 1 1 485 564 568 555 1681 1680 1679 1678 1698 1699 1700 1701 1702 1703 1704 1705 1349 1348 1347 1346 1706 1710 1711 1707 1712 1713 1708 1714 1715 1709 1716 1717 1718 1719 1720 1721
42 1 1 1 564 488 566 568 1657 1656 1655 1654 1722 1723 1724 1725 1726 1727 1728 1729 1701 1700 1699 1698 1730 1734 1735 1731 1736 1737 1732 1738 1739 1733 1740 1741 1742 1743 1744 1745
43 1 1 1 568 566 489 567 1729 1728 1727 1726 1746 1747 1748 1749 1750 1751 1752 1753 1754 1755 1756 1757 1758 1762 1763 1759 1764 1765 1760 1766 1767 1761 1768 1769 1770 1771 1772 1773
44 1 1 1 555 568 567 486 1705 1704 1703 1702 1757 1756 1755 1754 1774 1775 1776 1777 1373 1372 1371 1370 1778 1782 1783 1779 1784 1785 1780 1786 1787 1781 1788 1789 1790 1791 1792 1793
45 1 1 1 486 567 570 558 1777 1776 1775 1774 1794 1795 1796 1797 1798 1799 1800 1801 1445 1444 1443 1442 1802 1806 1807 1803 1808 1809 1804 1810 1811 1805 1812 1813 1814 1815 1816 1817
46 1 1 1 567 489 569 570 1753 1752 1751 1750 1818 1819 1820 1821 1822 1823 1824 1825 1797 1796 1795 1794 1826 1830 1831 1827 1832 1833 1828 1834 1835 1829 1836 1837 1838 1839 1840 1841
47 1 1 1 570 569 276 277 1825 1824 1823 1822 1842 1843 1844 1845 418 419 420 421 1846 1847 1848 1849 1850 1854 1855 1851 1856 1857 1852 1858 1859 1853 1860 1861 1862 1863 1864 1865
48 1 1 1 558 570 277 278 1801 1800 1799 1798 1849 1848 1847 1846 422 423 424 425 1469 1468 1467 1466 1866 1870 1871 1867 1872 1873 1868 1874 1875 1869 1876 1877 1878 1879 1880 1881
49 1 1 1 10 11 573 560 68 69 70 71 1882 1883 1884 1885 1886 1887 1888 1889 1533 1532 1531 1530 1890 1894 1895 1891 1896 1897 1892 1898 1899 1893 1900 1901 1902 1903 1904 1905
50 1 1 1 11 12 571 573 72 73 74 75 1906 1907 1908 1909 1910 1911 1912 1913 1885 1884 1883 1882 1914 1918 1919 1915 1920 1921 1916 1922 1923 1917 1924 1925 1926 1927 1928 1929
51 1 1 1 573 571 490 572 1913 1912 1911 1910 1930 1931 1932 1933 1934 1935 1936 1937 1938 1939 1940 1941 1942 1946 1947 1943 1948 1949 1944 1950 1951 1945 1952 1953 1954 1955 1956 1957
52 1 1 1 560 573 572 487 1889 1888 1887 1886 1941 1940 1939 1938 1958 1959 1960 1961 1557 1556 1555 1554 1962 1966 1967 1963 1968 1969 1964 1970 1971 1965 1972 1973 1974 1975 1976 1977
53 1 1 1 487 572 576 563 1961 1960 1959 1958 1978 1979 1980 1981 1982 1983 1984 1985 1629 1628 1627 1626 1986 1990 1991 1987 1992 1993 1988 1994 1995 1989 1996 1997 1998 1999 2000 2001
54 1 1 1 572 490 574 576 1937 1936 1935 1934 2002 2003 2004 2005 2006 2007 2008 2009 1981 1980 1979 1978 2010 2014 2015 2011 2016 2017 2012 2018 2019 2013 2020 2021 2022 2023 2024 2025
55 1 1 1 576 574 491 575 2009 2008 2007 2006 2026 2027 2028 2029 2030 2031 2032 2033 2034 2035 2036 2037 2038 2042 2043 2039 2044 2045 2040 2046 2047 2041 2048 2049 2050 2051 2052 2053
56 1 1 1 563 576 575 488 1985 1984 1983 1982 2037 2036 2035 2034 2054 2055 2056 2057 1653 1652 1651 1650 2058 2062 2063 2059 2064 2065 2060 2066 2067 2061 2068 2069 2070 2071 2072 2073
57 1 1 1 488 575 579 566 2057 2056 2055 2054 2074 2075 2076 2077 2078 2079 2080 2081 1725 1724 1723 1722 2082 2086 2087 2083 2088 2089 2084 2090 2091 2085 2092 2093 2094 2095 2096 2097
58 1 1 1 575 491 577 579 2033 2032 2031 2030 2098 2099 2100 2101 2102 2103 2104 2105 2077 2076 2075 2074 2106 2110 2111 2107 2112 2113 2108 2114 2115 2109 2116 2117 2118 2119 2120 2121
59 1 1 1 579 577 492 578 2105 2104 2103 2102 2122 2123 2124 2125 2126 2127 2128 2129 2130 2131 2132 2133 2134 2138 2139 2135 2140 2141 2136 2142 2143 2137 2144 2145 2146 2147 2148 2149
60 1 1 1 566 579 578 489 2081 2080 2079 2078 2133 2132 2131 2130 2150 2151 2152 2153 1749 1748 1747 1746 2154 2158 2159 2155 2160 2161 2156 2162 2163 2157 2164 2165 2166 2167 2168 2169
61 1 1 1 489 578 581 569 2153 2152 2151 2150 2170 2171 2172 2173 2174 2175 2176 2177 1821 1820 1819 1818 2178 2182 2183 2179 2184 2185 2180 2186 2187 2181 2188 2189 2190 2191 2192 2193
62 1 1 1 578 492 580 581 2129 2128 2127 2126 2194 2195 2196 2197 2198 2199 2200 2201 2173 2172 2171 2170 2202 2206 2207 2203 2208 2209 2204 2210 2211 2205 2212 2213 2214 2215 2216 2217
63 1 1 1 581 580 274 275 2201 2200 2199 2198 2218 2219 2220 2221 410 411 412 413 2222 2223 2224 2225 2226 2230 2231 2227 2232 2233 2228 2234 2235 2229 2236 2237 2238 2239 2240 2241
64 1 1 1 569 581 275 276 2177 2176 2175 2174 2225 2224 2223 2222 414 415 416 417 1845 1844 1843 1842 2242 2246 2247 2243 2248 2249 2244 2250 2251 2245 2252 2253 2254 2255 2256 2257
65 1 1 1 12 13 584 571 76 77 78 79 2258 2259 2260 2261 2262 2263 2264 2265 1909 1908 1907 1906 2266 2270 2271 2267 2272 2273 2268 2274 2275 2269 2276 2277 2278 2279 2280 2281
66 1 1 1 13 14 582 584 80 81 82 83 2282 2283 2284 2285 2286 2287 2288 2289 2261 2260 2259 2258 2290 2294 2295 2291 2296 2297 2292 2298 2299 2293 2300 2301 2302 2303 2304 2305
67 1 1 1 584 582 493 583 2289 2288 2287 2286 2306 2307 2308 2309 2310 2311 2312 2313 2314 2315 2316 2317 2318 2322 2323 2319 2324 2325 2320 2326 2327 2321 2328 2329 2330 2331 2332 2333
68 1 1 1 571 584 583 490 2265 2264 2263 2262 2317 2316 2315 2314 2334 2335 2336 2337 1933 1932 1931 1930 2338 2342 2343 2339 2344 2345 2340 2346 2347 2341 2348 2349 2350 2351 2352 2353
69 1 1 1 490 583 587 574 2337 2336 2335 2334 2354 2355 2356 2357 2358 2359 2360 2361 2005 2004 2003 2002 2362 2366 2367 2363 2368 2369 2364 2370 2371 2365 2372 2373 2374 2375 2376 2377
70 1 1 1 583 493 585 587 2313 2312 2311 2310 2378 2379 2380 2381 2382 2383 2384 2385 2357 2356 2355 2354 2386 2390 2391 2387 2392 2393 2388 2394 2395 2389 2396 2397 2398 2399 2400 2401
71 1 1 1 587 585 494 586 2385 2384 2383 2382 2402 2403 2404 2405 2406 2407 2408 2409 2410 2411 2412 2413 2414 2418 2419 2415 2420 2421 2416 2422 2423 2417 2424 2425 2426 2427 2428 2429
72 1 1 1 574 587 586 491 2361 2360 2359 2358 2413 2412 2411 2410 2430 2431 2432 2433 2029 2028 2027 2026 2434 2438 2439 2435 2440 2441 2436 2442 2443 2437 2444 2445 2446 2447 2448 2449
73 1 1 1 491 586 590 577 2433 2432 2431 2430 2450 2451 2452 2453 2454 2455 2456 2457 2101 2100 2099 2098 2458 2462 2463 2459 2464 2465 2460 2466 2467 2461 2468 2469 2470 2471 2472 2473
74 1 1 1 586 494 588 590 2409 2408 2407 2406 2474 2475 2476 2477 2478 2479 2480 2481 2453 2452 2451 2450 2482 2486 2487 2483 2488 2489 2484 2490 2491 2485 2492 2493 2494 2495 2496 2497
75 1 1 1 590 588 495 589 2481 2480 2479 2478 2498 2499 2500 2501 2502 2503 2504 2505 2506 2507 2508 2509 2510 2514 2515 2511 2516 2517 2512 2518 2519 2513 2520 2521 2522 2523 2524 2525
76 1 1 1 577 590 589 492 2457 2456 2455 2454 2509 2508 2507 2506 2526 2527 2528 2529 2125 2124 2123 2122 2530 2534 2535 2531 2536 2537 2532 2538 2539 2533 2540 2541 2542 2543 2544 2545
77 1 1 1 492 589 592 580 2529 2528 2527 2526 2546 2547 2548 2549 2550 2551 2552 2553 2197 2196 2195 2194 2554 2558 2559 2555 2560 2561 2556 2562 2563 2557 2564 2565 2566 2567 2568 2569
78 1 1 1 589 495 591 592 2505 2504 2503 2502 2570 2571 2572 2573 2574 2575 2576 2577 2549 2548 2547 2546 2578 2582 2583 2579 2584 2585 2580 2586 2587 2581 2588 2589 2590 2591 2592 2593
79 1 1 1 592 591 272 273 2577 2576 2575 2574 2594 2595 2596 2597 402 403 404 405 2598 2599 2600 2601 2602 2606 2607 2603 2608 2609 2604 2610 2611 2605 2612 2613 2614 2615 2616 2617
80 1 1 1 580 592 273 274 2553 2552 2551 2550 2601 2600 2599 2598 406 407 408 409 2221 2220 2219 2218 2618 2622 2623 2619 2624 2625 2620 2626 2627 2621 2628 2629 2630 2631 2632 2633
81 1 1 1 14 15 595 582 84 85 86 87 2634 2635 2636 2637 2638 2639 2640 2641 2285 2284 2283 2282 2642 2646 2647 2643 2648 2649 2644 2650 2651 2645 2652 2653 2654 2655 2656 2657
82 1 1 1 15 16 593 595 88 89 90 91 2658 2659 2660 2661 2662 2663 2664 2665 2637 2636 2635 2634 2666 2670 2671 2667 2672 2673 2668 2674 2675 2669 2676 2677 2678 2679 2680 2681
83 1 1 1 595 593 496 594 2665 2664 2663 2662 2682 2683 2684 2685 2686 2687 2688 2689 2690 2691 2692 2693 2694 2698 2699 2695 2700 2701 2696 2702 2703 2697 2704 2705 2706 2707 2708 2709
84 1 1 1 582 595 594 493 2641 2640 2639 2638 2693 2692 2691 2690 2710 2711 2712 2713 2309 2308 2307 2306 2714 2718 2719 2715 2720 2721 2716 2722 2723 2717 2724 2725 2726 2727 2728 2729
85 1 1 1 493 594 598 585 2713 2712 2711 2710 2730 2731 2732 2733 2734 2735 2736 2737 2381 2380 2379 2378 2738 2742 2743 2739 2744 2745 2740 2746 2747 2741 2748 2749 2750 2751 2752 2753
86 1 1 1 594 496 596 598 2689 2688 2687 2686 2754 2755 2756 2757 2758 2759 2760 2761 2733 2732 2731 2730 2762 2766 2767 2763 2768 2769 2764 2770 2771 2765 2772 2773 2774 2775 2776 2777
87 1 1 1 598 596 497 597 2761 2760 2759 2758 2778 2779 2780 2781 2782 2783 2784 2785 2786 2787 2788 2789 2790 2794 2795 2791 2796 2797 2792 2798 2799 2793 2800 2801 2802 2803 2804 2805
88 1 1 1 585 598 597 494 2737 2736 2735 2734 2789 2788 2787 2786 2806 2807 2808 2809 2405 2404 2403 2402 2810 2814 2815 2811 2816 2817 2812 2818 2819 2813 2820 2821 2822 2823 2824 2825
89 1 1 1 494 597 601 588 2809 2808 2807 2806 2826 2827 2828 2829 2830 2831 2832 2833 2477 2476 2475 2474 2834 2838 2839 2835 2840 2841 2836 2842 2843 2837 2844 2845 2846 2847 2848 2849
90 1 1 1 597 497 599 601 2785 2784 2783 2782 2850 2851 2852 2853 2854 2855 2856 2857 2829 2828 2827 2826 2858 2862 2863 2859 2864 2865 2860 2866 2867 2861 2868 2869 2870 2871 2872 2873
91 1 1 1 601 599 498 600 2857 2856 2855 2854 2874 2875 2876 2877 2878 2879 2880 2881 2882 2883 2884 2885 2886 2890 2891 2887 2892 2893 2888 2894 2895 2889 2896 2897 2898 2899 2900 2901
92 1 1 1 588 601 600 495 2833 2832 2831 2830 2885 2884 2883 2882 2902 2903 2904 2905 2501 2500 2499 2498 2906 2910 2911 2907 2912 2913 2908 2914 2915 2909 2916 2917 2918 2919 2920 2921
93 1 1 1 495 600 603 591 2905 2904 2903 2902 2922 2923 2924 2925 2926 2927 2928 2929 2573 2572 2571 2570 2930 2934 2935 2931 2936 2937 2932 2938 2939 2933 2940 2941 2942 2943 2944 2945
94 1 1 1 600 498 602 603 2881 2880 2879 2878 2946 2947 2948 2949 2950 2951 2952 2953 2925 2924 2923 2922 2954 2958 2959 2955 2960 2961 2956 2962 2963 2957 2964 2965 2966 2967 2968 2969
95 1 1 1 603 602 270 271 2953 2952 2951 2950 2970 2971 2972 2973 394 395 396 397 2974 2975 2976 2977 2978 2982 2983 2979 2984 2985 2980 2986 2987 2981 2988 2989 2990 2991 2992 2993
96 1 1 1 591 603 271 272 2929 2928 2927 2926 2977 2976 2975 2974 398 399 400 401 2597 2596 2595 2594 2994 2998 2999 2995 3000 3001 2996 3002 3003 2997 3004 3005 3006 3007 3008 3009
97 1 1 1 16 17 606 593 92 93 94 95 3010 3011 3012 3013 3014 3015 3016 3017 2661 2660 2659 2658 3018 3022 3023 3019 3024 3025 3020 3026 3027 3021 3028 3029 3030 3031 3032 3033
98 1 1 1 17 18 604 606 96 97 98 99 3034 3035 3036 3037 3038 3039 3040 3041 3013 3012 3011 3010 3042 3046 3047 3043 3048 3049 3044 3050 3051 3045 3052 3053 3054 3055 3056 3057
99 1 1 1 606 604 499 605 3041 3040 3039 3038 3058 3059 3060 3061 3062 3063 3064 3065 3066 3067 3068 3069 3070 3074 3075 3071 3076 3077 3072 3078 3079 3073 3080 3081 3082 3083 3084 3085
100 1 1 1 593 606 605 496 3017 3016 3015 3014 3069 3068 3067 3066 3086 3087 3088 3089 2685 2684 2683 2682 3090 3094 3095 3091 3096 3097 3092 3098 3099 3093 3100 3101 3102 3103 3104 3105
101 1 1 1 496 605 609 596 3089 3088 3087 3086 3106 3107 3108 3109 3110 3111 3112 3113 2757 2756 2755 2754 3114 3118 3119 3115 3120 3121 3116 3122 3123 3117 3124 3125 3126 3127 3128 3129
102 1 1 1 605 499 607 609 3065 3064 3063 3062 3130 3131 3132 3133 3134 3135 3136 3137 3109 3108 3107 3106 3138 3142 3143 3139 3144 3145 3140 3146 3147 3141 3148 3149 3150 3151 3152 3153
103 1 1 1 609 607 500 608 3137 3136 3135 3134 3154 3155 3156 3157 3158 3159 3160 3161 3162 3163 3164 3165 3166 3170 3171 3167 3172 3173 3168 3174 3175 3169 3176 3177 3178 3179 3180 3181
104 1 1 1 596 609 608 497 3113 3112 3111 3110 3165 3164 3163 3162 3182 3183 3184 3185 2781 2780 2779 2778 3186 3190 3191 3187 3192 3193 3188 3194 3195 3189 3196 3197 3198 3199 3200 3201
105 1 1 1 497 608 612 599 3185 3184 3183 3182 3202 3203 3204 3205 3206 3207 3208 3209 2853 2852 2851 2850 3210 3214 3215 3211 3216 3217 3212 3218 3219 3213 3220 3221 3222 3223 3224 3225
106 1 1 1 608 500 610 612 3161 3160 3159 3158 3226 3227 3228 3229 3230 3231 3232 3233 3205 3204 3203 3202 3234 3238 3239 3235 3240 3241 3236 3242 3243 3237 3244 3245 3246 3247 3248 3249
107 1 1 1 612 610 501 611 3233 3232 3231 3230 3250 3251 3252 3253 3254 3255 3256 3257 3258 3259 3260 3261 3262 3266 3267 3263 3268 3269 3264 3270 3271 3265 3272 3273 3274 3275 3276 3277
108 1 1 1 599 612 611 498 3209 3208 3207 3206 3261 3260 3259 3258 3278 3279 3280 3281 2877 2876 2875 2874 3282 3286 3287 3283 3288 3289 3284 3290 3291 3285 3292 3293 3294 3295 3296 3297
109 1 1 1 498 611 614 602 3281 3280 3279 3278 3298 3299 3300 3301 3302 3303 3304 3305 2949 2948 2947 2946 3306 3310 3311 3307 3312 3313 3308 3314 3315 3309 3316 3317 3318 3319 3320 3321
110 1 1 1 611 501 613 614 3257 3256 3255 3254 3322 3323 3324 3325 3326 3327 3328 3329 3301 3300 3299 3298 3330 3334 3335 3331 3336 3337 3332 3338 3339 3333 3340 3341 3342 3343 3344 3345
111 1 1 1 614 613 268 269 3329 3328 3327 3326 3346 3347 3348 3349 386 387 388 389 3350 3351 3352 3353 3354 3358 3359 3355 3360 3361 3356 3362 3363 3357 3364 3365 3366 3367 3368 3369
112 1 1 1 602 614 269 270 3305 3304 3303 3302 3353 3352 3351 3350 390 391 392 393 2973 2972 2971 2970 3370 3374 3375 3371 3376 3377 3372 3378 3379 3373 3380 3381 3382 3383 3384 3385
113 1 1 1 18 19 617 604 100 101 102 103 3386 3387 3388 3389 3390 3391 3392 3393 3037 3036 3035 3034 3394 3398 3399 3395 3400 3401 3396 3402 3403 3397 3404 3405 3406 3407 3408 3409
114 1 1 1 19 20 615 617 104 105 106 107 3410 3411 3412 3413 3414 3415 3416 3417 3389 3388 3387 3386 3418 3422 3423 3419 3424 3425 3420 3426 3427 3421 3428 3429 3430 3431 3432 3433
115 1 1 1 617 615 502 616 3417 3416 3415 3414 3434 3435 3436 3437 3438 3439 3440 3441 3442 3443 3444 3445 3446 3450 3451 3447 3452 3453 3448 3454 3455 3449 3456 3457 3458 3459 3460 3461
116 1 1 1 604 617 616 499 3393 3392 3391 3390 3445 3444 3443 3442 3462 3463 3464 3465 3061 3060 3059 3058 3466 3470 3471 3467 3472 3473 3468 3474 3475 3469 3476 3477 3478 3479 3480 3481
117 1 1 1 499 616 620 607 3465 3464 3463 3462 3482 3483 3484 3485 3486 3487 3488 3489 3133 3132 3131 3130 3490 3494 3495 3491 3496 3497 3492 3498 3499 3493 3500 3501 3502 3503 3504 3505
118 1 1 1 616 502 618 620 3441 3440 3439 3438 3506 3507 3508 3509 3510 3511 3512 3513 3485 3484 3483 3482 3514 3518 3519 3515 3520 3521 3516 3522 3523 3517 3524 3525 3526 3527 3528 3529
119 1 1 1 620 618 503 619 3513 3512 3511 3510 3530 3531 3532 3533 3534 3535 3536 3537 3538 3539 3540 3541 3542 3546 3547 3543 3548 3549 3544 3550 3551 3545 3552 3553 3554 3555 3556 3557
120 1 1 1 607 620 619 500 3489 3488 3487 3486 3541 3540 3539 3538 3558 3559 3560 3561 3157 3156 3155 3154 3562 3566 3567 3563 3568 3569 3564 3570 3571 3565 3572 3573 3574 3575 3576 3577
121 1 1 1 500 619 623 610 3561 3560 3559 3558 3578 3579 3580 3581 3582 3583 3584 3585 3229 3228 3227 3226 3586 3590 3591 3587 3592 3593 3588 3594 3595 3589 3596 3597 3598 3599 3600 3601
122 1 1 1 619 503 621 623 3537 3536 3535 3534 3602 3603 3604 3605 3606 3607 3608 3609 3581 3580 3579 3578 3610 3614 3615 3611 3616 3617 3612 3618 3619 3613 3620 3621 3622 3623 3624 3625
123 1 1 1 623 621 504 622 3609 3608 3607 3606 3626 3627 3628 3629 3630 3631 3632 3633 3634 3635 3636 3637 3638 3642 3643 3639 3644 3645 3640 3646 3647 3641 3648 3649 3650 3651 3652 3653
124 1 1 1 610 623 622 501 3585 3584 3583 3582 3637 3636 3635 3634 3654 3655 3656 3657 3253 3252 3251 3250 3658 3662 3663 3659 3664 3665 3660 3666 3667 3661 3668 3669 3670 3671 3672 3673
125 1 1 1 501 622 625 613 3657 3656 3655 3654 3674 3675 3676 3677 3678 3679 3680 3681 3325 3324 3323 3322 3682 3686 3687 3683 3688 3689 3684 3690 3691 3685 3692 3693 3694 3695 3696 3697
126 1 1 1 622 504 624 625 3633 3632 3631 3630 3698 3699 3700 3701 3702 3703 3704 3705 3677 3676 3675 3674 3706 3710 3711 3707 3712 3713 3708 3714 3715 3709 3716 3717 3718 3719 3720 3721
127 1 1 1 625 624 266 267 3705 3704 3703 3702 3722 3723 3724 3725 378 379 380 381 3726 3727 3728 3729 3730 3734 3735 3731 3736 3737 3732 3738 3739 3733 3740 3741 3742 3743 3744 3745
128 1 1 1 613 625 267 268 3681 3680 3679 3678 3729 3728 3727 3726 382 383 384 385 3349 3348 3347 3346 3746 3750 3751 3747 3752 3753 3748 3754 3755 3749 3756 3757 3758 3759 3760 3761
129 1 1 1 20 21 628 615 108 109 110 111 3762 3763 3764 3765 3766 3767 3768 3769 3413 3412 3411 3410 3770 3774 3775 3771 3776 3777 3772 3778 3779 3773 3780 3781 3782 3783 3784 3785
130 1 1 1 21 22 626 628 112 113 114 115 3786 3787 3788 3789 3790 3791 3792 3793 3765 3764 3763 3762 3794 3798 3799 3795 3800 3801 3796 3802 3803 3797 3804 3805 3806 3807 3808 3809
131 1 1 1 628 626 505 627 3793 3792 3791 3790 3810 3811 3812 3813 3814 3815 3816 3817 3818 3819 3820 3821 3822 3826 3827 3823 3828 3829 3824 3830 3831 3825 3832 3833 3834 3835 3836 3837
132 1 1 1 615 628 627 502 3769 3768 3767 3766 3821 3820 3819 3818 3838 3839 3840 3841 3437 3436 3435 3434 3842 3846 3847 3843 3848 3849 3844 3850 3851 3845 3852 3853 3854 3855 3856 3857
133 1 1 1 502 627 631 618 3841 3840 3839 3838 3858 3859 3860 3861 3862 3863 3864 3865 3509 3508 3507 3506 3866 3870 3871 3867 3872 3873 3868 3874 3875 3869 3876 3877 3878 3879 3880 3881
134 1 1 1 627 505 629 631 3817 3816 3815 3814 3882 3883 3884 3885 3886 3887 3888 3889 3861 3860 3859 3858 3890 3894 3895 3891 3896 3897 3892 3898 3899 3893 3900 3901 3902 3903 3904 3905
135 1 1 1 631 629 506 630 3889 3888 3887 3886 3906 3907 3908 3909 3910 3911 3912 3913 3914 3915 3916 3917 3918 3922 3923 3919 3924 3925 3920 3926 3927 3921 3928 3929 3930 3931 3932 3933
136 1 1 1 618 631 630 503 3865 3864 3863 3862 3917 3916 3915 3914 3934 3935 3936 3937 3533 3532 3531 3530 3938 3942 3943 3939 3944 3945 3940 3946 3947 3941 3948 3949 3950 3951 3952 3953
137 1 1 1 503 630 634 621 3937 3936 3935 3934 3954 3955 3956 3957 3958 3959 3960 3961 3605 3604 3603 3602 3962 3966 3967 3963 3968 3969 3964 3970 3971 3965 3972 3973 3974 3975 3976 3977
138 1 1 1 630 506 632 634 3913 3912 3911 3910 3978 3979 3980 3981 3982 3983 3984 3985 3957 3956 3955 3954 3986 3990 3991 3987 3992 3993 3988 3994 3995 3989 3996 3997 3998 3999 4000 4001
139 1 1 1 634 632 507 633 3985 3984 3983 3982 4002 4003 4004 4005 4006 4007 4008 4009 4010 4011 4012 4013 4014 4018 4019 4015 4020 4021 4016 4022 4023 4017 4024 4025 4026 4027 4028 4029
140 1 1 1 621 634 633 504 3961 3960 3959 3958 4013 4012 4011 4010 4030 4031 4032 4033 3629 3628 3627 3626 4034 4038 4039 4035 4040 4041 4036 4042 4043 4037 4044 4045 4046 4047 4048 4049
141 1 1 1 504 633 636 624 4033 4032 4031 4030 4050 4051 4052 4053 4054 4055 4056 4057 3701 3700 3699 3698 4058 4062 4063 4059 4064 4065 4060 4066 4067 4061 4068 4069 4070 4071 4072 4073
142 1 1 1 633 507 635 636 4009 4008 4007 4006 4074 4075 4076 4077 4078 4079 4080 4081 4053 4052 4051 4050 4082 4086 4087 4083 4088 4089 4084 4090 4091 4085 4092 4093 4094 4095 4096 4097
143 1 1 1 636 635 264 265 4081 4080 4079 4078 4098 4099 4100 4101 370 371 372 373 4102 4103 4104 4105 4106 4110 4111 4107 4112 4113 4108 4114 4115 4109 4116 4117 4118 4119 4120 4121
144 1 1 1 624 636 265 266 4057 4056 4055 4054 4105 4104 4103 4102 374 375 376 377 3725 3724 3723 3722 4122 4126 4127 4123 4128 4129 4124 4130 4131 4125 4132 4133 4134 4135 4136 4137
145 1 1 1 22 23 639 626 116 117 118 119 4138 4139 4140 4141 4142 4143 4144 4145 3789 3788 3787 3786 4146 4150 4151 4147 4152 4153 4148 4154 4155 4149 4156 4157 4158 4159 4160 4161
146 1 1 1 23 24 637 639 120 121 122 123 4162 4163 4164 4165 4166 4167 4168 4169 4141 4140 4139 4138 4170 4174 4175 4171 4176 4177 4172 4178 4179 4173 4180 4181 4182 4183 4184 4185
147 1 1 1 639 637 508 638 4169 4168 4167 4166 4186 4187 4188 4189 4190 4191 4192 4193 4194 4195 4196 4197 4198 4202 4203 4199 4204 4205 4200 4206 4207 4201 4208 4209 4210 4211 4212 4213
148 1 1 1 626 639 638 505 4145 4144 4143 4142 4197 4196 4195 4194 4214 4215 4216 4217 3813 3812 3811 3810 4218 4222 4223 4219 4224 4225 4220 4226 4227 4221 4228 4229 4230 4231 4232 4233
149 1 1 1 505 638 642 629 4217 4216 4215 4214 4234 4235 4236 4237 4238 4239 4240 4241 3885 3884 3883 3882 4242 4246 4247 4243 4248 4249 4244 4250 4251 4245 4252 4253 4254 4255 4256 4257
150 1 1 1 638 508 640 642 4193 4192 4191 4190 4258 4259 4260 4261 4262 4263 4264 4265 4237 4236 4235 4234 4266 4270 4271 4267 4272 4273 4268 4274 4275 4269 4276 4277 4278 4279 4280 4281
151 1 1 1 642 640 509 641 4265 4264 4263 4262 4282 4283 4284 4285 4286 4287 4288 4289 4290 4291 4292 4293 4294 4298 4299 4295 4300 4301 4296 4302 4303 4297 4304 4305 4306 4307 4308 4309
152 1 1 1 629 642 641 506 4241 4240 4239 4238 4293 4292 4291 4290 4310 4311 4312 4313 3909 3908 3907 3906 4314 4318 4319 4315 4320 4321 4316 4322 4323 4317 4324 4325 4326 4327 4328 4329
153 1 1 1 506 641 645 632 4313 4312 4311 4310 4330 4331 4332 4333 4334 4335 4336 4337 3981 3980 3979 3978 4338 4342 4343 4339 4344 4345 4340 4346 4347 4341 4348 4349 4350 4351 4352 4353
154 1 1 1 641 509 643 645 4289 4288 4287 4286 4354 4355 4356 4357 4358 4359 4360 4361 4333 4332 4331 4330 4362 4366 4367 4363 4368 4369 4364 4370 4371 4365 4372 4373 4374 4375 4376 4377
155 1 1 1 645 643 510 644 4361 4360 4359 4358 4378 4379 4380 4381 4382 4383 4384 4385 4386 4387 4388 4389 4390 4394 4395 4391 4396 4397 4392 4398 4399 4393 4400 4401 4402 4403 4404 4405
156 1 1 1 632 645 644 507 4337 4336 4335 4334 4389 4388 4387 4386 4406 4407 4408 4409 4005 4004 4003 4002 4410 4414 4415 4411 4416 4417 4412 4418 4419 4413 4420 4421 4422 4423 4424 4425
157 1 1 1 507 644 647 635 4409 4408 4407 4406 4426 4427 4428 4429 4430 4431 4432 4433 4077 4076 4075 4074 4434 4438 4439 4435 4440 4441 4436 4442 4443 4437 4444 4445 4446 4447 4448 4449
158 1 1 1 644 510 646 647 4385 4384 4383 4382 4450 4451 4452 4453 4454 4455 4456 4457 4429 4428 4427 4426 4458 4462 4463 4459 4464 4465 4460 4466 4467 4461 4468 4469 4470 4471 4472 4473
159 1 1 1 647 646 262 263 4457 4456 4455 4454 4474 4475 4476 4477 362 363 364 365 4478 4479 4480 4481 4482 4486 4487 4483 4488 4489 4484 4490 4491 4485 4492 4493 4494 4495 4496 4497
160 1 1 1 635 647 263 264 4433 4432 4431 4430 4481 4480 4479 4478 366 367 368 369 4101 4100 4099 4098 4498 4502 4503 4499 4504 4505 4500 4506 4507 4501 4508 4509 4510 4511 4512 4513
161 1 1 1 24 25 650 637 124 125 126 127 4514 4515 4516 4517 4518 4519 4520 4521 4165 4164 4163 4162 4522 4526 4527 4523 4528 4529 4524 4530 4531 4525 4532 4533 4534 4535 4536 4537
162 1 1 1 25 26 648 650 128 129 130 131 4538 4539 4540 4541 4542 4543 4544 4545 4517 4516 4515 4514 4546 4550 4551 4547 4552 4553 4548 4554 4555 4549 4556 4557 4558 4559 4560 4561
163 1 1 1 650 648 511 649 4545 4544 4543 4542 4562 4563 4564 4565 4566 4567 4568 4569 4570 4571 4572 4573 4574 4578 4579 4575 4580 4581 4576 4582 4583 4577 4584 4585 4586 4587 4588 4589
164 1 1 1 637 650 649 508 4521 4520 4519 4518 4573 4572 4571 4570 4590 4591 4592 4593 4189 4188 4187 4186 4594 4598 4599 4595 4600 4601 4596 4602 4603 4597 4604 4605 4606 4607 4608 4609
165 1 1 1 508 649 653 640 4593 4592 4591 4590 4610 4611 4612 4613 4614 4615 4616 4617 4261 4260 4259 4258 4618 4622 4623 4619 4624 4625 4620 4626 4627 4621 4628 4629 4630 4631 4632 4633
166 1 1 1 649 511 651 653 4569 4568 4567 4566 4634 4635 4636 4637 4638 4639 4640 4641 4613 4612 4611 4610 4642 4646 4647 4643 4648 4649 4644 4650 4651 4645 4652 4653 4654 4655 4656 4657
167 1 1 1 653 651 512 652 4641 4640 4639 4638 4658 4659 4660 4661 4662 4663 4664 4665 4666 4667 4668 4669 4670 4674 4675 4671 4676 4677 4672 4678 4679 4673 4680 4681 4682 4683 4684 4685
168 1 1 1 640 653 652 509 4617 4616 4615 4614 4669 4668 4667 4666 4686 4687 4688 4689 4285 4284 4283 4282 4690 4694 4695 4691 4696 4697 4692 4698 4699 4693 4700 4701 4702 4703 4704 4705
169 1 1 1 509 652 656 643 4689 4688 4687 4686 4706 4707 4708 4709 4710 4711 4712 4713 4357 4356 4355 4354 4714 4718 4719 4715 4720 4721 4716 4722 4723 4717 4724 4725 4726 4727 4728 4729
170 1 1 1 652 512 654 656 4665 4664 4663 4662 4730 4731 4732 4733 4734 4735 4736 4737 4709 4708 4707 4706 4738 4742 4743 4739 4744 4745 4740 4746 4747 4741 4748 4749 4750 4751 4752 4753
171 1 1 1 656 654 513 655 4737 4736 4735 4734 4754 4755 4756 4757 4758 4759 4760 4761 4762 4763 4764 4765 4766 4770 4771 4767 4772 4773 4768 4774 4775 4769 4776 4777 4778 4779 4780 4781
172 1 1 1 643 656 655 510 4713 4712 4711 4710 4765 4764 4763 4762 4782 4783 4784 4785 4381 4380 4379 4378 4786 4790 4791 4787 4792 4793 4788 4794 4795 4789 4796 4797 4798 4799 4800 4801
173 1 1 1 510 655 658 646 4785 4784 4783 4782 4802 4803 4804 4805 4806 4807 4808 4809 4453 4452 4451 4450 4810 4814 4815 4811 4816 4817 4812 4818 4819 4813 4820 4821 4822 4823 4824 4825
174 1 1 1 655 513 657 658 4761 4760 4759 4758 4826 4827 4828 4829 4830 4831 4832 4833 4805 4804 4803 4802 4834 4838 4839 4835 4840 4841 4836 4842 4843 4837 4844 4845 4846 4847 4848 4849
175 1 1 1 658 657 260 261 4833 4832 4831 4830 4850 4851 4852 4853 354 355 356 357 4854 4855 4856 4857 4858 4862 4863 4859 4864 4865 4860 4866 4867 4861 4868 4869 4870 4871 4872 4873
176 1 1 1 646 658 261 262 4809 4808 4807 4806 4857 4856 4855 4854 358 359 360 361 4477 4476 4475 4474 4874 4878 4879 4875 4880 4881 4876 4882 4883 4877 4884 4885 4886 4887 4888 4889
177 1 1 1 26 27 661 648 132 133 134 135 4890 4891 4892 4893 4894 4895 4896 4897 4541 4540 4539 4538 4898 4902 4903 4899 4904 4905 4900 4906 4907 4901 4908 4909 4910 4911 4912 4913
178 1 1 1 27 28 659 661 136 137 138 139 4914 4915 4916 4917 4918 4919 4920 4921 4893 4892 4891 4890 4922 4926 4927 4923 4928 4929 4924 4930 4931 4925 4932 4933 4934 4935 4936 4937
179 1 1 1 661 659 514 660 4921 4920 4919 4918 4938 4939 4940 4941 4942 4943 4944 4945 4946 4947 4948 4949 4950 4954 4955 4951 4956 4957 4952 4958 4959 4953 4960 4961 4962 4963 4964 4965
180 1 1 1 648 661 660 511 4897 4896 4895 4894 4949 4948 4947 4946 4966 4967 4968 4969 4565 4564 4563 4562 4970 4974 4975 4971 4976 4977 4972 4978 4979 4973 4980 4981 4982 4983 4984 4985
181 1 1 1 511 660 664 651 4969 4968 4967 4966 4986 4987 4988 4989 4990 4991 4992 4993 4637 4636 4635 4634 4994 4998 4999 4995 5000 5001 4996 5002 5003 4997 5004 5005 5006 5007 5008 5009
182 1 1 1 660 514 662 664 4945 4944 4943 4942 5010 5011 5012 5013 5014 5015 5016 5017 4989 4988 4987 4986 5018 5022 5023 5019 5024 5025 5020 5026 5027 5021 5028 5029 5030 5031 5032 5033
183 1 1 1 664 662 515 663 5017 5016 5015 5014 5034 5035 5036 5037 5038 5039 5040 5041 5042 5043 5044 5045 5046 5050 5051 5047 5052 5053 5048 5054 5055 5049 5056 5057 5058 5059 5060 5061
184 1 1 1 651 664 663 512 4993 4992 4991 4990 5045 5044 5043 5042 5062 5063 5064 5065 4661 4660 4659 4658 5066 5070 5071 5067 5072 5073 5068 5074 5075 5069 5076 5077 5078 5079 5080 5081
185 1 1 1 512 663 667 654 5065 5064 5063 5062 5082 5083 5084 5085 5086 5087 5088 5089 4733 4732 4731 4730 5090 5094 5095 5091 5096 5097 5092 5098 5099 5093 5100 5101 5102 5103 5104 5105
186 1 1 1 663 515 665 667 5041 5040 5039 5038 5106 5107 5108 5109 5110 5111 5112 5113 5085 5084 5083 5082 5114 5118 5119 5115 5120 5121 5116 5122 5123 5117 5124 5125 5126 5127 5128 5129
187 1 1 1 667 665 516 666 5113 5112 5111 5110 5130 5131 5132 5133 5134 5135 5136 5137 5138 5139 5140 5141 5142 5146 5147 5143 5148 5149 5144 5150 5151 5145 5152 5153 5154 5155 5156 5157
188 1 1 1 654 667 666 513 5089 5088 5087 5086 5141 5140 5139 5138 5158 5159 5160 5161 4757 4756 4755 4754 5162 5166 5167 5163 5168 5169 5164 5170 5171 5165 5172 5173 5174 5175 5176 5177
189 1 1 1 513 666 669 657 5161 5160 5159 5158 5178 5179 5180 5181 5182 5183 5184 5185 4829 4828 4827 4826 5186 5190 5191 5187 5192 5193 5188 5194 5195 5189 5196 5197 5198 5199 5200 5201
190 1 1 1 666 516 668 669 5137 5136 5135 5134 5202 5203 5204 5205 5206 5207 5208 5209 5181 5180 5179 5178 5210 5214 5215 5211 5216 5217 5212 5218 5219 5213 5220 5221 5222 5223 5224 5225
191 1 1 1 669 668 258 259 5209 5208 5207 5206 5226 5227 5228 5229 346 347 348 349 5230 5231 5232 5233 5234 5238 5239 5235 5240 5241 5236 5242 5243 5237 5244 5245 5246 5247 5248 5249
192 1 1 1 657 669 259 260 5185 5184 5183 5182 5233 5232 5231 5230 350 351 352 353 4853 4852 4851 4850 5250 5254 5255 5251 5256 5257 5252 5258 5259 5253 5260 5261 5262 5263 5264 5265
193 1 1 1 28 29 672 659 140 141 142 143 5266 5267 5268 5269 5270 5271 5272 5273 4917 4916 4915 4914 5274 5278 5279 5275 5280 5281 5276 5282 5283 5277 5284 5285 5286 5287 5288 5289
194 1 1 1 29 30 670 672 144 145 146 147 5290 5291 5292 5293 5294 5295 5296 5297 5269 5268 5267 5266 5298 5302 5303 5299 5304 5305 5300 5306 5307 5301 5308 5309 5310 5311 5312 5313
195 1 1 1 672 670 517 671 5297 5296 5295 5294 5314 5315 5316 5317 5318 5319 5320 5321 5322 5323 5324 5325 5326 5330 5331 5327 5332 5333 5328 5334 5335 5329 5336 5337 5338 5339 5340 5341
196 1 1 1 659 672 671 514 5273 5272 5271 5270 5325 5324 5323 5322 5342 5343 5344 5345 4941 4940 4939 4938 5346 5350 5351 5347 5352 5353 5348 5354 5355 5349 5356 5357 5358 5359 5360 5361
197 1 1 1 514 671 675 662 5345 5344 5343 5342 5362 5363 5364 5365 5366 5367 5368 5369 5013 5012 5011 5010 5370 5374 5375 5371 5376 5377 5372 5378 5379 5373 5380 5381 5382 5383 5384 5385
198 1 1 1 671 517 673 675 5321 5320 5319 5318 5386 5387 5388 5389 5390 5391 5392 5393 5365 5364 5363 5362 5394 5398 5399 5395 5400 5401 5396 5402 5403 5397 5404 5405 5406 5407 5408 5409
199 1 1 1 675 673 518 674 5393 5392 5391 5390 5410 5411 5412 5413 5414 5415 5416 5417 5418 5419 5420 5421 5422 5426 5427 5423 5428 5429 5424 5430 5431 5425 5432 5433 5434 5435 5436 5437
200 1 1 1 662 675 674 515 5369 5368 5367 5366 5421 5420 5419 5418 5438 5439 5440 5441 5037 5036 5035 5034 5442 5446 5447 5443 5448 5449 5444 5450 5451 5445 5452 5453 5454 5455 5456 5457
201 1 1 1 515 674 678 665 5441 5440 5439 5438 5458 5459 5460 5461 5462 5463 5464 5465 5109 5108 5107 5106 5466 5470 5471 5467 5472 5473 5468 5474 5475 5469 5476 5477 5478 5479 5480 5481
202 1 1 1 674 518 676 678 5417 5416 5415 5414 5482 5483 5484 5485 5486 5487 5488 5489 5461 5460 5459 5458 5490 5494 5495 5491 5496 5497 5492 5498 5499 5493 5500 5501 5502 5503 5504 5505
203 1 1 1 678 676 519 677 5489 5488 5487 5486 5506 5507 5508 5509 5510 5511 5512 5513 5514 5515 5516 5517 5518 5522 5523 5519 5524 5525 5520 5526 5527 5521 5528 5529 5530 5531 5532 5533
204 1 1 1 665 678 677 516 5465 5464 5463 5462 5517 5516 5515 5514 5534 5535 5536 5537 5133 5132 5131 5130 5538 5542 5543 5539 5544 5545 5540 5546 5547 5541 5548 5549 5550 5551 5552 5553
205 1 1 1 516 677 680 668 5537 5536 5535 5534 5554 5555 5556 5557 5558 5559 5560 5561 5205 5204 5203 5202 5562 5566 5567 5563 5568 5569 5564 5570 5571 5565 5572 5573 5574 5575 5576 5577
206 1 1 1 677 519 679 680 5513 5512 5511 5510 5578 5579 5580 5581 5582 5583 5584 5585 5557 5556 5555 5554 5586 5590 5591 5587 5592 5593 5588 5594 5595 5589 5596 5597 5598 5599 5600 5601
207 1 1 1 680 679 256 257 5585 5584 5583 5582 5602 5603 5604 5605 338 339 340 341 5606 5607 5608 5609 5610 5614 5615 5611 5616 5617 5612 5618 5619 5613 5620 5621 5622 5623 5624 5625
208 1 1 1 668 680 257 258 5561 5560 5559 5558 5609 5608 5607 5606 342 343 344 345 5229 5228 5227 5226 5626 5630 5631 5627 5632 5633 5628 5634 5635 5629 5636 5637 5638 5639 5640 5641
209 1 1 1 30 31 683 670 148 149 150 151 5642 5643 5644 5645 5646 5647 5648 5649 5293 5292 5291 5290 5650 5654 5655 5651 5656 5657 5652 5658 5659 5653 5660 5661 5662 5663 5664 5665
210 1 1 1 31 32 681 683 152 153 154 155 5666 5667 5668 5669 5670 5671 5672 5673 5645 5644 5643 5642 5674 5678 5679 5675 5680 5681 5676 5682 5683 5677 5684 5685 5686 5687 5688 5689
211 1 1 1 683 681 520 682 5673 5672 5671 5670 5690 5691 5692 5693 5694 5695 5696 5697 5698 5699 5700 5701 5702 5706 5707 5703 5708 5709 5704 5710 5711 5705 5712 5713 5714 5715 5716 5717
212 1 1 1 670 683 682 517 5649 5648 5647 5646 5701 5700 5699 5698 5718 5719 5720 5721 5317 5316 5315 5314 5722 5726 5727 5723 5728 5729 5724 5730 5731 5725 5732 5733 5734 5735 5736 5737
213 1 1 1 517 682 686 673 5721 5720 5719 5718 5738 5739 5740 5741 5742 5743 5744 5745 5389 5388 5387 5386 5746 5750 5751 5747 5752 5753 5748 5754 5755 5749 5756 5757 5758 5759 5760 5761
214 1 1 1 682 520 684 686 5697 5696 5695 5694 5762 5763 5764 5765 5766 5767 5768 5769 5741 5740 5739 5738 5770 5774 5775 5771 5776 5777 5772 5778 5779 5773 5780 5781 5782 5783 5784 5785
215 1 1 1 686 684 521 685 5769 5768 5767 5766 5786 5787 5788 5789 5790 5791 5792 5793 5794 5795 5796 5797 5798 5802 5803 5799 5804 5805 5800 5806 5807 5801 5808 5809 5810 5811 5812 5813
216 1 1 1 673 686 685 518 5745 5744 5743 5742 5797 5796 5795 5794 5814 5815 5816 5817 5413 5412 5411 5410 5818 5822 5823 5819 5824 5825 5820 5826 5827 5821 5828 5829 5830 5831 5832 5833
217 1 1 1 518 685 689 676 5817 5816 5815 5814 5834 5835 5836 5837 5838 5839 5840 5841 5485 5484 5483 5482 5842 5846 5847 5843 5848 5849 5844 5850 5851 5845 5852 5853 5854 5855 5856 5857
218 1 1 1 685 521 687 689 5793 5792 5791 5790 5858 5859 5860 5861 5862 5863 5864 5865 5837 5836 5835 5834 5866 5870 5871 5867 5872 5873 5868 5874 5875 5869 5876 5877 5878 5879 5880 5881
219 1 1 1 689 687 522 688 5865 5864 5863 5862 5882 5883 5884 5885 5886 5887 5888 5889 5890 5891 5892 5893 5894 5898 5899 5895 5900 5901 5896 5902 5903 5897 5904 5905 5906 5907 5908 5909
220 1 1 1 676 689 688 519 5841 5840 5839 5838 5893 5892 5891 5890 5910 5911 5912 5913 5509 5508 5507 5506 5914 5918 5919 5915 5920 5921 5916 5922 5923 5917 5924 5925 5926 5927 5928 5929
221 1 1 1 519 688 691 679 5913 5912 5911 5910 5930 5931 5932 5933 5934 5935 5936 5937 5581 5580 5579 5578 5938 5942 5943 5939 5944 5945 5940 5946 5947 5941 5948 5949 5950 5951 5952 5953
222 1 1 1 688 522 690 691 5889 5888 5887 5886 5954 5955 5956 5957 5958 5959 5960 5961 5933 5932 5931 5930 5962 5966 5967 5963 5968 5969 5964 5970 5971 5965 5972 5973 5974 5975 5976 5977
223 1 1 1 691 690 254 255 5961 5960 5959 5958 5978 5979 5980 5981 330 331 332 333 5982 5983 5984 5985 5986 5990 5991 5987 5992 5993 5988 5994 5995 5989 5996 5997 5998 5999 6000 6001
224 1 1 1 679 691 255 256 5937 5936 5935 5934 5985 5984 5983 5982 334 335 336 337 5605 5604 5603 5602 6002 6006 6007 6003 6008 6009 6004 6010 6011 6005 6012 6013 6014 6015 6016 6017
225 1 1 1 32 33 694 681 156 157 158 159 6018 6019 6020 6021 6022 6023 6024 6025 5669 5668 5667 5666 6026 6030 6031 6027 6032 6033 6028 6034 6035 6029 6036 6037 6038 6039 6040 6041
226 1 1 1 33 34 692 694 160 161 162 163 6042 6043 6044 6045 6046 6047 6048 6049 6021 6020 6019 6018 6050 6054 6055 6051 6056 6057 6052 6058 6059 6053 6060 6061 6062 6063 6064 6065
227 1 1 1 694 692 523 693 6049 6048 6047 6046 6066 6067 6068 6069 6070 6071 6072 6073 6074 6075 6076 6077 6078 6082 6083 6079 6084 6085 6080 6086 6087 6081 6088 6089 6090 6091 6092 6093
228 1 1 1 681 694 693 520 6025 6024 6023 6022 6077 6076 6075 6074 6094 6095 6096 6097 5693 5692 5691 5690 6098 6102 6103 6099 6104 6105 6100 6106 6107 6101 6108 6109 6110 6111 6112 6113
229 1 1 1 520 693 697 684 6097 6096 6095 6094 6114 6115 6116 6117 6118 6119 6120 6121 5765 5764 5763 5762 6122 6126 6127 6123 6128 6129 6124 6130 6131 6125 6132 6133 6134 6135 6136 6137
230 1 1 1 693 523 695 697 6073 6072 6071 6070 6138 6139 6140 6141 6142 6143 6144 6145 6117 6116 6115 6114 6146 6150 6151 6147 6152 6153 6148 6154 6155 6149 6156 6157 6158 6159 6160 6161
231 1 1 1 697 695 524 696 6145 6144 6143 6142 6162 6163 6164 6165 6166 6167 6168 6169 6170 6171 6172 6173 6174 6178 6179 6175 6180 6181 6176 6182 6183 6177 6184 6185 6186 6187 6188 6189
232 1 1 1 684 697 696 521 6121 6120 6119 6118 6173 6172 6171 6170 6190 6191 6192 6193 5789 5788 5787 5786 6194 6198 6199 6195 6200 6201 6196 6202 6203 6197 6204 6205 6206 6207 6208 6209
233 1 1 1 521 696 700 687 6193 6192 6191 6190 6210 6211 6212 6213 6214 6215 6216 6217 5861 5860 5859 5858 6218 6222 6223 6219 6224 6225 6220 6226 6227 6221 6228 6229 6230 6231 6232 6233
234 1 1 1 696 524 698 700 6169 6168 6167 6166 6234 6235 6236 6237 6238 6239 6240 6241 6213 6212 6211 6210 6242 6246 6247 6243 6248 6249 6244 6250 6251 6245 6252 6253 6254 6255 6256 6257
235 1 1 1 700 698 525 699 6241 6240 6239 6238 6258 6259 6260 6261 6262 6263 6264 6265 6266 6267 6268 6269 6270 6274 6275 6271 6276 6277 6272 6278 6279 6273 6280 6281 6282 6283 6284 6285
236 1 1 1 687 700 699 522 6217 6216 6215 6214 6269 6268 6267 6266 6286 6287 6288 6289 5885 5884 5883 5882 6290 6294 6295 6291 6296 6297 6292 6298 6299 6293 6300 6301 6302 6303 6304 6305
237 1 1 1 522 699 702 690 6289 6288 6287 6286 6306 6307 6308 6309 6310 6311 6312 6313 5957 5956 5955 5954 6314 6318 6319 6315 6320 6321 6316 6322 6323 6317 6324 6325 6326 6327 6328 6329
238 1 1 1 699 525 701 702 6265 6264 6263 6262 6330 6331 6332 6333 6334 6335 6336 6337 6309 6308 6307 6306 6338 6342 6343 6339 6344 6345 6340 6346 6347 6341 6348 6349 6350 6351 6352 6353
239 1 1 1 702 701 252 253 6337 6336 6335 6334 6354 6355 6356 6357 322 323 324 325 6358 6359 6360 6361 6362 6366 6367 6363 6368 6369 6364 6370 6371 6365 6372 6373 6374 6375 6376 6377
240 1 1 1 690 702 253 254 6313 6312 6311 6310 6361 6360 6359 6358 326 327 328 329 5981 5980 5979 5978 6378 6382 6383 6379 6384 6385 6380 6386 6387 6381 6388 6389 6390 6391 6392 6393
241 1 1 1 34 35 705 692 164 165 166 167 6394 6395 6396 6397 6398 6399 6400 6401 6045 6044 6043 6042 6402 6406 6407 6403 6408 6409 6404 6410 6411 6405 6412 6413 6414 6415 6416 6417
242 1 1 1 35 36 703 705 168 169 170 171 6418 6419 6420 6421 6422 6423 6424 6425 6397 6396 6395 6394 6426 6430 6431 6427 6432 6433 6428 6434 6435 6429 6436 6437 6438 6439 6440 6441
243 1 1 1 705 703 526 704 6425 6424 6423 6422 6442 6443 6444 6445 6446 6447 6448 6449 6450 6451 6452 6453 6454 6458 6459 6455 6460 6461 6456 6462 6463 6457 6464 6465 6466 6467 6468 6469
244 1 1 1 692 705 704 523 6401 6400 6399 6398 6453 6452 6451 6450 6470 6471 6472 6473 6069 6068 6067 6066 6474 6478 6479 6475 6480 6481 6476 6482 6483 6477 6484 6485 6486 6487 6488 6489
245 1 1 1 523 704 708 695 6473 6472 6471 6470 6490 6491 6492 6493 6494 6495 6496 6497 6141 6140 6139 6138 6498 6502 6503 6499 6504 6505 6500 6506 6507 6501 6508 6509 6510 6511 6512 6513
246 1 1 1 704 526 706 708 6449 6448 6447 6446 6514 6515 6516 6517 6518 6519 6520 6521 6493 6492 6491 6490 6522 6526 6527 6523 6528 6529 6524 6530 6531 6525 6532 6533 6534 6535 6536 6537
247 1 1 1 708 706 527 707 6521 6520 6519 6518 6538 6539 6540 6541 6542 6543 6544 6545 6546 6547 6548 6549 6550 6554 6555 6551 6556 6557 6552 6558 6559 6553 6560 6561 6562 6563 6564 6565
248 1 1 1 695 708 707 524 6497 6496 6495 6494 6549 6548 6547 6546 6566 6567 6568 6569 6165 6164 6163 6162 6570 6574 6575 6571 6576 6577 6572 6578 6579 6573 6580 6581 6582 6583 6584 6585
249 1 1 1 524 707 711 698 6569 6568 6567 6566 6586 6587 6588 6589 6590 6591 6592 6593 6237 6236 6235 6234 6594 6598 6599 6595 6600 6601 6596 6602 6603 6597 6604 6605 6606 6607 6608 6609
250 1 1 1 707 527 709 711 6545 6544 6543 6542 6610 6611 6612 6613 6614 6615 6616 6617 6589 6588 6587 6586 6618 6622 6623 6619 6624 6625 6620 6626 6627 6621 6628 6629 6630 6631 6632 6633
251 1 1 1 711 709 528 710 6617 6616 6615 6614 6634 6635 6636 6637 6638 6639 6640 6641 6642 6643 6644 6645 6646 6650 6651 6647 6652 6653 6648 6654 6655 6649 6656 6657 6658 6659 6660 6661
252 1 1 1 698 711 710 525 6593 6592 6591 6590 6645 6644 6643 6642 6662 6663 6664 6665 6261 6260 6259 6258 6666 6670 6671 6667 6672 6673 6668 6674 6675 6669 6676 6677 6678 6679 6680 6681
253 1 1 1 525 710 713 701 6665 6664 6663 6662 6682 6683 6684 6685 6686 6687 6688 6689 6333 6332 6331 6330 6690 6694 6695 6691 6696 6697 6692 6698 6699 6693 6700 6701 6702 6703 6704 6705
254 1 1 1 710 528 712 713 6641 6640 6639 6638 6706 6707 6708 6709 6710 6711 6712 6713 6685 6684 6683 6682 6714 6718 6719 6715 6720 6721 6716 6722 6723 6717 6724 6725 6726 6727 6728 6729
255 1 1 1 713 712 250 251 6713 6712 6711 6710 6730 6731 6732 6733 314 315 316 317 6734 6735 6736 6737 6738 6742 6743 6739 6744 6745 6740 6746 6747 6741 6748 6749 6750 6751 6752 6753
256 1 1 1 701 713 251 252 6689 6688 6687 6686 6737 6736 6735 6734 318 319 320 321 6357 6356 6355 6354 6754 6758 6759 6755 6760 6761 6756 6762 6763 6757 6764 6765 6766 6767 6768 6769
257 1 1 1 36 37 716 703 172 173 174 175 6770 6771 6772 6773 6774 6775 6776 6777 6421 6420 6419 6418 6778 6782 6783 6779 6784 6785 6780 6786 6787 6781 6788 6789 6790 6791 6792 6793
258 1 1 1 37 38 714 716 176 177 178 179 6794 6795 6796 6797 6798 6799 6800 6801 6773 6772 6771 6770 6802 6806 6807 6803 6808 6809 6804 6810 6811 6805 6812 6813 6814 6815 6816 6817
259 1 1 1 716 714 529 715 6801 6800 6799 6798 6818 6819 6820 6821 6822 6823 6824 6825 6826 6827 6828 6829 6830 6834 6835 6831 6836 6837 6832 6838 6839 6833 6840 6841 6842 6843 6844 6845
260 1 1 1 703 716 715 526 6777 6776 6775 6774 6829 6828 6827 6826 6846 6847 6848 6849 6445 6444 6443 6442 6850 6854 6855 6851 6856 6857 6852 6858 6859 6853 6860 6861 6862 6863 6864 6865
261 1 1 1 526 715 719 706 6849 6848 6847 6846 6866 6867 6868 6869 6870 6871 6872 6873 6517 6516 6515 6514 6874 6878 6879 6875 6880 6881 6876 6882 6883 6877 6884 6885 6886 6887 6888 6889
262 1 1 1 715 529 717 719 6825 6824 6823 6822 6890 6891 6892 6893 6894 6895 6896 6897 6869 6868 6867 6866 6898 6902 6903 6899 6904 6905 6900 6906 6907 6901 6908 6909 6910 6911 6912 6913
263 1 1 1 719 717 530 718 6897 6896 6895 6894 6914 6915 6916 6917 6918 6919 6920 6921 6922 6923 6924 6925 6926 6930 6931 6927 6932 6933 6928 6934 6935 6929 6936 6937 6938 6939 6940 6941
264 1 1 1 706 719 718 527 6873 6872 6871 6870 6925 6924 6923 6922 6942 6943 6944 6945 6541 6540 6539 6538 6946 6950 6951 6947 6952 6953 6948 6954 6955 6949 6956 6957 6958 6959 6960 6961
265 1 1 1 527 718 722 709 6945 6944 6943 6942 6962 6963 6964 6965 6966 6967 6968 6969 6613 6612 6611 6610 6970 6974 6975 6971 6976 6977 6972 6978 6979 6973 6980 6981 6982 6983 6984 6985
266 1 1 1 718 530 720 722 6921 6920 6919 6918 6986 6987 6988 6989 6990 6991 6992 6993 6965 6964 6963 6962 6994 6998 6999 6995 7000 7001 6996 7002 7003 6997 7004 7005 7006 7007 7008 7009
267 1 1 1 722 720 531 721 6993 6992 6991 6990 7010 7011 7012 7013 7014 7015 7016 7017 7018 7019 7020 7021 7022 7026 7027 7023 7028 7029 7024 7030 7031 7025 7032 7033 7034 7035 7036 7037
268 1 1 1 709 722 721 528 6969 6968 6967 6966 7021 7020 7019 7018 7038 7039 7040 7041 6637 6636 6635 6634 7042 7046 7047 7043 7048 7049 7044 7050 7051 7045 7052 7053 7054 7055 7056 7057
269 1 1 1 528 721 724 712 7041 7040 7039 7038 7058 7059 7060 7061 7062 7063 7064 7065 6709 6708 6707 6706 7066 7070 7071 7067 7072 7073 7068 7074 7075 7069 7076 7077 7078 7079 7080 7081
270 1 1 1 721 531 723 724 7017 7016 7015 7014 7082 7083 7084 7085 7086 7087 7088 7089 7061 7060 7059 7058 7090 7094 7095 7091 7096 7097 7092 7098 7099 7093 7100 7101 7102 7103 7104 7105
271 1 1 1 724 723 248 249 7089 7088 7087 7086 7106 7107 7108 7109 306 307 308 309 7110 7111 7112 7113 7114 7118 7119 7115 7120 7121 7116 7122 7123 7117 7124 7125 7126 7127 7128 7129
272 1 1 1 712 724 249 250 7065 7064 7063 7062 7113 7112 7111 7110 310 311 312 313 6733 6732 6731 6730 7130 7134 7135 7131 7136 7137 7132 7138 7139 7133 7140 7141 7142 7143 7144 7145
273 1 1 1 38 39 727 714 180 181 182 183 7146 7147 7148 7149 7150 7151 7152 7153 6797 6796 6795 6794 7154 7158 7159 7155 7160 7161 7156 7162 7163 7157 7164 7165 7166 7167 7168 7169
274 1 1 1 39 40 725 727 184 185 186 187 7170 7171 7172 7173 7174 7175 7176 7177 7149 7148 7147 7146 7178 7182 7183 7179 7184 7185 7180 7186 7187 7181 7188 7189 7190 7191 7192 7193
275 1 1 1 727 725 532 726 7177 7176 7175 7174 7194 7195 7196 7197 7198 7199 7200 7201 7202 7203 7204 7205 7206 7210 7211 7207 7212 7213 7208 7214 7215 7209 7216 7217 7218 7219 7220 7221
276 1 1 1 714 727 726 529 7153 7152 7151 7150 7205 7204 7203 7202 7222 7223 7224 7225 6821 6820 6819 6818 7226 7230 7231 7227 7232 7233 7228 7234 7235 7229 7236 7237 7238 7239 7240 7241
277 1 1 1 529 726 730 717 7225 7224 7223 7222 7242 7243 7244 7245 7246 7247 7248 7249 6893 6892 6891 6890 7250 7254 7255 7251 7256 7257 7252 7258 7259 7253 7260 7261 7262 7263 7264 7265
278 1 1 1 726 532 728 730 7201 7200 7199 7198 7266 7267 7268 7269 7270 7271 7272 7273 7245 7244 7243 7242 7274 7278 7279 7275 7280 7281 7276 7282 7283 7277 7284 7285 7286 7287 7288 7289
279 1 1 1 730 728 533 729 7273 7272 7271 7270 7290 7291 7292 7293 7294 7295 7296 7297 7298 7299 7300 7301 7302 7306 7307 7303 7308 7309 7304 7310 7311 7305 7312 7313 7314 7315 7316 7317
280 1 1 1 717 730 729 530 7249 7248 7247 7246 7301 7300 7299 7298 7318 7319 7320 7321 6917 6916 6915 6914 7322 7326 7327 7323 7328 7329 7324 7330 7331 7325 7332 7333 7334 7335 7336 7337
281 1 1 1 530 729 733 720 7321 7320 7319 7318 7338 7339 7340 7341 7342 7343 7344 7345 6989 6988 6987 6986 7346 7350 7351 7347 7352 7353 7348 7354 7355 7349 7356 7357 7358 7359 7360 7361
282 1 1 1 729 533 731 733 7297 7296 7295 7294 7362 7363 7364 7365 7366 7367 7368 7369 7341 7340 7339 7338 7370 7374 7375 7371 7376 7377 7372 7378 7379 7373 7380 7381 7382 7383 7384 7385
283 1 1 1 733 731 534 732 7369 7368 7367 7366 7386 7387 7388 7389 7390 7391 7392 7393 7394 7395 7396 7397 7398 7402 7403 7399 7404 7405 7400 7406 7407 7401 7408 7409 7410 7411 7412 7413
284 1 1 1 720 733 732 531 7345 7344 7343 7342 7397 7396 7395 7394 7414 7415 7416 7417 7013 7012 7011 7010 7418 7422 7423 7419 7424 7425 7420 7426 7427 7421 7428 7429 7430 7431 7432 7433
285 1 1 1 531 732 735 723 7417 7416 7415 7414 7434 7435 7436 7437 7438 7439 7440 7441 7085 7084 7083 7082 7442 7446 7447 7443 7448 7449 7444 7450 7451 7445 7452 7453 7454 7455 7456 7457
286 1 1 1 732 534 734 735 7393 7392 7391 7390 7458 7459 7460 7461 7462 7463 7464 7465 7437 7436 7435 7434 7466 7470 7471 7467 7472 7473 7468 7474 7475 7469 7476 7477 7478 7479 7480 7481
287 1 1 1 735 734 246 247 7465 7464 7463 7462 7482 7483 7484 7485 298 299 300 301 7486 7487 7488 7489 7490 7494 7495 7491 7496 7497 7492 7498 7499 7493 7500 7501 7502 7503 7504 7505
288 1 1 1 723 735 247 248 7441 7440 7439 7438 7489 7488 7487 7486 302 303 304 305 7109 7108 7107 7106 7506 7510 7511 7507 7512 7513 7508 7514 7515 7509 7516 7517 7518 7519 7520 7521
289 1 1 1 40 41 738 725 188 189 190 191 7522 7523 7524 7525 7526 7527 7528 7529 7173 7172 7171 7170 7530 7534 7535 7531 7536 7537 7532 7538 7539 7533 7540 7541 7542 7543 7544 7545
290 1 1 1 41 42 736 738 192 193 194 195 7546 7547 7548 7549 7550 7551 7552 7553 7525 7524 7523 7522 7554 7558 7559 7555 7560 7561 7556 7562 7563 7557 7564 7565 7566 7567 7568 7569
291 1 1 1 738 736 535 737 7553 7552 7551 7550 7570 7571 7572 7573 7574 7575 7576 7577 7578 7579 7580 7581 7582 7586 7587 7583 7588 7589 7584 7590 7591 7585 7592 7593 7594 7595 7596 7597
292 1 1 1 725 738 737 532 7529 7528 7527 7526 7581 7580 7579 7578 7598 7599 7600 7601 7197 7196 7195 7194 7602 7606 7607 7603 7608 7609 7604 7610 7611 7605 7612 7613 7614 7615 7616 7617
293 1 1 1 532 737 741 728 7601 7600 7599 7598 7618 7619 7620 7621 7622 7623 7624 7625 7269 7268 7267 7266 7626 7630 7631 7627 7632 7633 7628 7634 7635 7629 7636 7637 7638 7639 7640 7641
294 1 1 1 737 535 739 741 7577 7576 7575 7574 7642 7643 7644 7645 7646 7647 7648 7649 7621 7620 7619 7618 7650 7654 7655 7651 7656 7657 7652 7658 7659 7653 7660 7661 7662 7663 7664 7665
295 1 1 1 741 739 536 740 7649 7648 7647 7646 7666 7667 7668 7669 7670 7671 7672 7673 7674 7675 7676 7677 7678 7682 7683 7679 7684 7685 7680 7686 7687 7681 7688 7689 7690 7691 7692 7693
296 1 1 1 728 741 740 533 7625 7624 7623 7622 7677 7676 7675 7674 7694 7695 7696 7697 7293 7292 7291 7290 7698 7702 7703 7699 7704 7705 7700 7706 7707 7701 7708 7709 7710 7711 7712 7713
297 1 1 1 533 740 744 731 7697 7696 7695 7694 7714 7715 7716 7717 7718 7719 7720 7721 7365 7364 7363 7362 7722 7726 7727 7723 7728 7729 7724 7730 7731 7725 7732 7733 7734 7735 7736 7737
298 1 1 1 740 536 742 744 7673 7672 7671 7670 7738 7739 7740 7741 7742 7743 7744 7745 7717 7716 7715 7714 7746 7750 7751 7747 7752 7753 7748 7754 7755 7749 7756 7757 7758 7759 7760 7761
299 1 1 1 744 742 537 743 7745 7744 7743 7742 7762 7763 7764 7765 7766 7767 7768 7769 7770 7771 7772 7773 7774 7778 7779 7775 7780 7781 7776 7782 7783 7777 7784 7785 7786 7787 7788 7789
300 1 1 1 731 744 743 534 7721 7720 7719 7718 7773 7772 7771 7770 7790 7791 7792 7793 7389 7388 7387 7386 7794 7798 7799 7795 7800 7801 7796 7802 7803 7797 7804 7805 7806 7807 7808 7809
301 1 1 1 534 743 746 734 7793 7792 7791 7790 7810 7811 7812 7813 7814 7815 7816 7817 7461 7460 7459 7458 7818 7822 7823 7819 7824 7825 7820 7826 7827 7821 7828 7829 7830 7831 7832 7833
302 1 1 1 743 537 745 746 7769 7768 7767 7766 7834 7835 7836 7837 7838 7839 7840 7841 7813 7812 7811 7810 7842 7846 7847 7843 7848 7849 7844 7850 7851 7845 7852 7853 7854 7855 7856 7857
303 1 1 1 746 745 244 245 7841 7840 7839 7838 7858 7859 7860 7861 290 291 292 293 7862 7863 7864 7865 7866 7870 7871 7867 7872 7873 7868 7874 7875 7869 7876 7877 7878 7879 7880 7881
304 1 1 1 734 746 245 246 7817 7816 7815 7814 7865 7864 7863 7862 294 295 296 297 7485 7484 7483 7482 7882 7886 7887 7883 7888 7889 7884 7890 7891 7885 7892 7893 7894 7895 7896 7897
305 1 1 1 42 43 748 736 196 197 198 199 7898 7899 7900 7901 7902 7903 7904 7905 7549 7548 7547 7546 7906 7910 7911 7907 7912 7913 7908 7914 7915 7909 7916 7917 7918 7919 7920 7921
306 1 1 1 43 2 204 748 200 201 202 203 211 212 213 214 7922 7923 7924 7925 7901 7900 7899 7898 7926 7930 7931 7927 7932 7933 7928 7934 7935 7929 7936 7937 7938 7939 7940 7941
307 1 1 1 748 204 205 747 7925 7924 7923 7922 215 216 217 218 7942 7943 7944 7945 7946 7947 7948 7949 7950 7954 7955 7951 7956 7957 7952 7958 7959 7953 7960 7961 7962 7963 7964 7965
308 1 1 1 736 748 747 535 7905 7904 7903 7902 7949 7948 7947 7946 7966 7967 7968 7969 7573 7572 7571 7570 7970 7974 7975 7971 7976 7977 7972 7978 7979 7973 7980 7981 7982 7983 7984 7985
309 1 1 1 535 747 750 739 7969 7968 7967 7966 7986 7987 7988 7989 7990 7991 7992 7993 7645 7644 7643 7642 7994 7998 7999 7995 8000 8001 7996 8002 8003 7997 8004 8005 8006 8007 8008 8009
310 1 1 1 747 205 206 750 7945 7944 7943 7942 219 220 221 222 8010 8011 8012 8013 7989 7988 7987 7986 8014 8018 8019 8015 8020 8021 8016 8022 8023 8017 8024 8025 8026 8027 8028 8029
311 1 1 1 750 206 207 749 8013 8012 8011 8010 223 224 225 226 8030 8031 8032 8033 8034 8035 8036 8037 8038 8042 8043 8039 8044 8045 8040 8046 8047 8041 8048 8049 8050 8051 8052 8053
312 1 1 1 739 750 749 536 7993 7992 7991 7990 8037 8036 8035 8034 8054 8055 8056 8057 7669 7668 7667 7666 8058 8062 8063 8059 8064 8065 8060 8066 8067 8061 8068 8069 8070 8071 8072 8073
313 1 1 1 536 749 752 742 8057 8056 8055 8054 8074 8075 8076 8077 8078 8079 8080 8081 7741 7740 7739 7738 8082 8086 8087 8083 8088 8089 8084 8090 8091 8085 8092 8093 8094 8095 8096 8097
314 1 1 1 749 207 208 752 8033 8032 8031 8030 227 228 229 230 8098 8099 8100 8101 8077 8076 8075 8074 8102 8106 8107 8103 8108 8109 8104 8110 8111 8105 8112 8113 8114 8115 8116 8117
315 1 1 1 752 208 209 751 8101 8100 8099 8098 231 232 233 234 8118 8119 8120 8121 8122 8123 8124 8125 8126 8130 8131 8127 8132 8133 8128 8134 8135 8129 8136 8137 8138 8139 8140 8141
316 1 1 1 742 752 751 537 8081 8080 8079 8078 8125 8124 8123 8122 8142 8143 8144 8145 7765 7764 7763 7762 8146 8150 8151 8147 8152 8153 8148 8154 8155 8149 8156 8157 8158 8159 8160 8161
317 1 1 1 537 751 753 745 8145 8144 8143 8142 8162 8163 8164 8165 8166 8167 8168 8169 7837 7836 7835 7834 8170 8174 8175 8171 8176 8177 8172 8178 8179 8173 8180 8181 8182 8183 8184 8185
318 1 1 1 751 209 210 753 8121 8120 8119 8118 235 236 237 238 8186 8187 8188 8189 8165 8164 8163 8162 8190 8194 8195 8191 8196 8197 8192 8198 8199 8193 8200 8201 8202 8203 8204 8205
319 1 1 1 753 210 3 243 8189 8188 8187 8186 239 240 241 242 282 283 284 285 8206 8207 8208 8209 8210 8214 8215 8211 8216 8217 8212 8218 8219 8213 8220 8221 8222 8223 8224 8225
320 1 1 1 745 753 243 244 8169 8168 8167 8166 8209 8208 8207 8206 286 287 288 289 7861 7860 7859 7858 8226 8230 8231 8227 8232 8233 8228 8234 8235 8229 8236 8237 8238 8239 8240 8241
